"BehaviorSpace results (NetLogo 6.1.1)"
"model.nlogo"
"fast-strong"
"06/21/2020 06:11:06:769 +0100"
"min-pxcor","max-pxcor","min-pycor","max-pycor"
"0","299","0","299"
"[run number]","initial-inf","imposed-lockdown?","death-stdev","asym-test-coverage","immunity-mean","isolate-symptomatics?","protection-strength","duration","incubation-stdev","recovery-mean","mean-iso-reduction","incubation-mean","closed-system?","sym-test-coverage","control-threshold","recovery-stdev","control-measures?","asym-infections","iso-countdown-max","p-infect-init","lockdown-threshold","travel-strictness","isolation-strictness","test-and-trace?","p-death","testtrace-threshold","death-mean","lockdown-strictness","z-contact-min","isolate-threshold","min-pxcor","min-pycor","max-pxcor","max-pycor","[step]","count susceptibles","count latents","count symptomatics","count asymptomatics","count recovereds","count deads","count.lockdown","num-contacts","dead-0-29","dead-30-59","dead-60+"
"1","0.1","true","8.21","6","365","true","70","1","0.4","20.5","1","1.6","false","100","0","6.7","true","60","14","30","0","100","100","true","2.5","0","16","90","2","0","0","0","299","299","0","89910","90","0","0","0","0","0","0","0","0","0"
"1","0.1","true","8.21","6","365","true","70","1","0.4","20.5","1","1.6","false","100","0","6.7","true","60","14","30","0","100","100","true","2.5","0","16","90","2","0","0","0","299","299","1","89597","403","0","0","0","0","71","538439","0","0","0"
"1","0.1","true","8.21","6","365","true","70","1","0.4","20.5","1","1.6","false","100","0","6.7","true","60","14","30","0","100","100","true","2.5","0","16","90","2","0","0","0","299","299","2","88730","1270","0","0","0","0","348","537805","0","0","0"
"1","0.1","true","8.21","6","365","true","70","1","0.4","20.5","1","1.6","false","100","0","6.7","true","60","14","30","0","100","100","true","2.5","0","16","90","2","0","0","0","299","299","3","87268","2730","0","2","0","0","992","535175","0","0","0"
"1","0.1","true","8.21","6","365","true","70","1","0.4","20.5","1","1.6","false","100","0","6.7","true","60","14","30","0","100","100","true","2.5","0","16","90","2","0","0","0","299","299","4","85363","4608","12","17","0","0","81255","529189","0","0","0"
"1","0.1","true","8.21","6","365","true","70","1","0.4","20.5","1","1.6","false","100","0","6.7","true","60","14","30","0","100","100","true","2.5","0","16","90","2","0","0","0","299","299","5","85349","4514","49","88","0","0","81349","5181","0","0","0"
"1","0.1","true","8.21","6","365","true","70","1","0.4","20.5","1","1.6","false","100","0","6.7","true","60","14","30","0","100","100","true","2.5","0","16","90","2","0","0","0","299","299","6","85341","4232","172","255","0","0","81462","5106","0","0","0"
"1","0.1","true","8.21","6","365","true","70","1","0.4","20.5","1","1.6","false","100","0","6.7","true","60","14","30","0","100","100","true","2.5","0","16","90","2","0","0","0","299","299","7","85338","3671","399","592","0","0","81537","5017","0","0","0"
"1","0.1","true","8.21","6","365","true","70","1","0.4","20.5","1","1.6","false","100","0","6.7","true","60","14","30","0","100","100","true","2.5","0","16","90","2","0","0","0","299","299","8","85333","2818","728","1121","0","0","81599","4969","0","0","0"
"1","0.1","true","8.21","6","365","true","70","1","0.4","20.5","1","1.6","false","100","0","6.7","true","60","14","30","0","100","100","true","2.5","0","16","90","2","0","0","0","299","299","9","85331","2042","1042","1585","0","0","81647","4927","0","0","0"
"1","0.1","true","8.21","6","365","true","70","1","0.4","20.5","1","1.6","false","100","0","6.7","true","60","14","30","0","100","100","true","2.5","0","16","90","2","0","0","0","299","299","10","85329","1322","1338","2011","0","0","81674","4890","0","0","0"
"1","0.1","true","8.21","6","365","true","70","1","0.4","20.5","1","1.6","false","100","0","6.7","true","60","14","30","0","100","100","true","2.5","0","16","90","2","0","0","0","299","299","11","85327","825","1531","2317","0","0","81687","4882","0","0","0"
"1","0.1","true","8.21","6","365","true","70","1","0.4","20.5","1","1.6","false","100","0","6.7","true","60","14","30","0","100","100","true","2.5","0","16","90","2","0","0","0","299","299","12","85327","503","1647","2523","0","0","81707","4873","0","0","0"
"1","0.1","true","8.21","6","365","true","70","1","0.4","20.5","1","1.6","false","100","0","6.7","true","60","14","30","0","100","100","true","2.5","0","16","90","2","0","0","0","299","299","13","85327","301","1726","2646","0","0","81715","4864","0","0","0"
"1","0.1","true","8.21","6","365","true","70","1","0.4","20.5","1","1.6","false","100","0","6.7","true","60","14","30","0","100","100","true","2.5","0","16","90","2","0","0","0","299","299","14","85326","191","1768","2714","0","1","81719","4861","0","0","1"
"1","0.1","true","8.21","6","365","true","70","1","0.4","20.5","1","1.6","false","100","0","6.7","true","60","14","30","0","100","100","true","2.5","0","16","90","2","0","0","0","299","299","15","85326","113","1798","2761","0","2","81729","4861","1","0","1"
"1","0.1","true","8.21","6","365","true","70","1","0.4","20.5","1","1.6","false","100","0","6.7","true","60","14","30","0","100","100","true","2.5","0","16","90","2","0","0","0","299","299","16","85326","63","1816","2793","0","2","81738","4858","1","0","1"
"1","0.1","true","8.21","6","365","true","70","1","0.4","20.5","1","1.6","false","100","0","6.7","true","60","14","30","0","100","100","true","2.5","0","16","90","2","0","0","0","299","299","17","85326","38","1827","2806","0","3","81745","4846","1","0","2"
"1","0.1","true","8.21","6","365","true","70","1","0.4","20.5","1","1.6","false","100","0","6.7","true","60","14","30","0","100","100","true","2.5","0","16","90","2","0","0","0","299","299","18","85326","22","1833","2815","0","4","81752","4845","1","0","3"
"1","0.1","true","8.21","6","365","true","70","1","0.4","20.5","1","1.6","false","100","0","6.7","true","60","14","30","0","100","100","true","2.5","0","16","90","2","0","0","0","299","299","19","85326","14","1830","2817","7","6","81753","4840","2","0","4"
"1","0.1","true","8.21","6","365","true","70","1","0.4","20.5","1","1.6","false","100","0","6.7","true","60","14","30","0","100","100","true","2.5","0","16","90","2","0","0","0","299","299","20","85326","7","1831","2802","28","6","81758","4840","2","0","4"
"1","0.1","true","8.21","6","365","true","70","1","0.4","20.5","1","1.6","false","100","0","6.7","true","60","14","30","0","100","100","true","2.5","0","16","90","2","0","0","0","299","299","21","85325","4","1809","2767","89","6","81760","4837","2","0","4"
"1","0.1","true","8.21","6","365","true","70","1","0.4","20.5","1","1.6","false","100","0","6.7","true","60","14","30","0","100","100","true","2.5","0","16","90","2","0","0","0","299","299","22","85325","3","1756","2692","217","7","81765","4835","2","0","5"
"1","0.1","true","8.21","6","365","true","70","1","0.4","20.5","1","1.6","false","100","0","6.7","true","60","14","30","0","100","100","true","2.5","0","16","90","2","0","0","0","299","299","23","85325","3","1671","2564","425","12","81766","4831","3","0","9"
"1","0.1","true","8.21","6","365","true","70","1","0.4","20.5","1","1.6","false","100","0","6.7","true","60","14","30","0","100","100","true","2.5","0","16","90","2","0","0","0","299","299","24","85325","2","1573","2420","666","14","81766","4831","3","0","11"
"1","0.1","true","8.21","6","365","true","70","1","0.4","20.5","1","1.6","false","100","0","6.7","true","60","14","30","0","100","100","true","2.5","0","16","90","2","0","0","0","299","299","25","85325","1","1482","2271","903","18","81771","4831","3","1","14"
"1","0.1","true","8.21","6","365","true","70","1","0.4","20.5","1","1.6","false","100","0","6.7","true","60","14","30","0","100","100","true","2.5","0","16","90","2","0","0","0","299","299","26","85325","1","1374","2121","1157","22","81771","4827","3","2","17"
"1","0.1","true","8.21","6","365","true","70","1","0.4","20.5","1","1.6","false","100","0","6.7","true","60","14","30","0","100","100","true","2.5","0","16","90","2","0","0","0","299","299","27","85325","0","1274","1950","1426","25","81773","4827","3","3","19"
"1","0.1","true","8.21","6","365","true","70","1","0.4","20.5","1","1.6","false","100","0","6.7","true","60","14","30","0","100","100","true","2.5","0","16","90","2","0","0","0","299","299","28","85325","0","1171","1791","1685","28","81773","4826","3","4","21"
"1","0.1","true","8.21","6","365","true","70","1","0.4","20.5","1","1.6","false","100","0","6.7","true","60","14","30","0","100","100","true","2.5","0","16","90","2","0","0","0","299","299","29","85325","0","1065","1623","1957","30","81774","4826","3","4","23"
"1","0.1","true","8.21","6","365","true","70","1","0.4","20.5","1","1.6","false","100","0","6.7","true","60","14","30","0","100","100","true","2.5","0","16","90","2","0","0","0","299","299","30","85325","0","963","1468","2211","33","81777","4826","3","5","25"
"1","0.1","true","8.21","6","365","true","70","1","0.4","20.5","1","1.6","false","100","0","6.7","true","60","14","30","0","100","100","true","2.5","0","16","90","2","0","0","0","299","299","31","85325","0","860","1314","2465","36","81781","4823","3","5","28"
"1","0.1","true","8.21","6","365","true","70","1","0.4","20.5","1","1.6","false","100","0","6.7","true","60","14","30","0","100","100","true","2.5","0","16","90","2","0","0","0","299","299","32","85325","0","767","1154","2713","41","81781","4822","3","6","32"
"1","0.1","true","8.21","6","365","true","70","1","0.4","20.5","1","1.6","false","100","0","6.7","true","60","14","30","0","100","100","true","2.5","0","16","90","2","0","0","0","299","299","33","85325","0","668","1005","2959","43","81780","4822","3","6","34"
"1","0.1","true","8.21","6","365","true","70","1","0.4","20.5","1","1.6","false","100","0","6.7","true","60","14","30","0","100","100","true","2.5","0","16","90","2","0","0","0","299","299","34","85325","0","580","856","3194","45","81780","4822","3","6","36"
"1","0.1","true","8.21","6","365","true","70","1","0.4","20.5","1","1.6","false","100","0","6.7","true","60","14","30","0","100","100","true","2.5","0","16","90","2","0","0","0","299","299","35","85325","0","497","712","3421","45","81780","4822","3","6","36"
"1","0.1","true","8.21","6","365","true","70","1","0.4","20.5","1","1.6","false","100","0","6.7","true","60","14","30","0","100","100","true","2.5","0","16","90","2","0","0","0","299","299","36","85325","0","419","588","3619","49","81780","4822","3","6","40"
"1","0.1","true","8.21","6","365","true","70","1","0.4","20.5","1","1.6","false","100","0","6.7","true","60","14","30","0","100","100","true","2.5","0","16","90","2","0","0","0","299","299","37","85325","0","340","480","3804","51","81781","4822","3","6","42"
"1","0.1","true","8.21","6","365","true","70","1","0.4","20.5","1","1.6","false","100","0","6.7","true","60","14","30","0","100","100","true","2.5","0","16","90","2","0","0","0","299","299","38","85325","0","282","386","3956","51","81781","4821","3","6","42"
"1","0.1","true","8.21","6","365","true","70","1","0.4","20.5","1","1.6","false","100","0","6.7","true","60","14","30","0","100","100","true","2.5","0","16","90","2","0","0","0","299","299","39","85325","0","227","319","4077","52","81781","4821","3","6","43"
"1","0.1","true","8.21","6","365","true","70","1","0.4","20.5","1","1.6","false","100","0","6.7","true","60","14","30","0","100","100","true","2.5","0","16","90","2","0","0","0","299","299","40","85325","0","176","248","4198","53","81781","4821","3","6","44"
"1","0.1","true","8.21","6","365","true","70","1","0.4","20.5","1","1.6","false","100","0","6.7","true","60","14","30","0","100","100","true","2.5","0","16","90","2","0","0","0","299","299","41","85325","0","134","193","4295","53","81781","4821","3","6","44"
"1","0.1","true","8.21","6","365","true","70","1","0.4","20.5","1","1.6","false","100","0","6.7","true","60","14","30","0","100","100","true","2.5","0","16","90","2","0","0","0","299","299","42","85325","0","101","137","4384","53","81781","4821","3","6","44"
"1","0.1","true","8.21","6","365","true","70","1","0.4","20.5","1","1.6","false","100","0","6.7","true","60","14","30","0","100","100","true","2.5","0","16","90","2","0","0","0","299","299","43","85325","0","79","101","4440","55","81781","4821","3","6","46"
"1","0.1","true","8.21","6","365","true","70","1","0.4","20.5","1","1.6","false","100","0","6.7","true","60","14","30","0","100","100","true","2.5","0","16","90","2","0","0","0","299","299","44","85325","0","52","80","4487","56","81781","4821","3","6","47"
"1","0.1","true","8.21","6","365","true","70","1","0.4","20.5","1","1.6","false","100","0","6.7","true","60","14","30","0","100","100","true","2.5","0","16","90","2","0","0","0","299","299","45","85325","0","39","59","4521","56","81781","4821","3","6","47"
"1","0.1","true","8.21","6","365","true","70","1","0.4","20.5","1","1.6","false","100","0","6.7","true","60","14","30","0","100","100","true","2.5","0","16","90","2","0","0","0","299","299","46","85325","0","32","41","4546","56","81781","4821","3","6","47"
"1","0.1","true","8.21","6","365","true","70","1","0.4","20.5","1","1.6","false","100","0","6.7","true","60","14","30","0","100","100","true","2.5","0","16","90","2","0","0","0","299","299","47","85325","0","26","29","4564","56","81781","4821","3","6","47"
"1","0.1","true","8.21","6","365","true","70","1","0.4","20.5","1","1.6","false","100","0","6.7","true","60","14","30","0","100","100","true","2.5","0","16","90","2","0","0","0","299","299","48","85325","0","18","23","4578","56","81781","4821","3","6","47"
"1","0.1","true","8.21","6","365","true","70","1","0.4","20.5","1","1.6","false","100","0","6.7","true","60","14","30","0","100","100","true","2.5","0","16","90","2","0","0","0","299","299","49","85325","0","13","17","4589","56","81781","4821","3","6","47"
"1","0.1","true","8.21","6","365","true","70","1","0.4","20.5","1","1.6","false","100","0","6.7","true","60","14","30","0","100","100","true","2.5","0","16","90","2","0","0","0","299","299","50","85325","0","7","6","4605","57","81781","4821","3","6","48"
"1","0.1","true","8.21","6","365","true","70","1","0.4","20.5","1","1.6","false","100","0","6.7","true","60","14","30","0","100","100","true","2.5","0","16","90","2","0","0","0","299","299","51","85325","0","6","6","4606","57","81781","4821","3","6","48"
"1","0.1","true","8.21","6","365","true","70","1","0.4","20.5","1","1.6","false","100","0","6.7","true","60","14","30","0","100","100","true","2.5","0","16","90","2","0","0","0","299","299","52","85325","0","4","5","4609","57","81781","4821","3","6","48"
"1","0.1","true","8.21","6","365","true","70","1","0.4","20.5","1","1.6","false","100","0","6.7","true","60","14","30","0","100","100","true","2.5","0","16","90","2","0","0","0","299","299","53","85325","0","3","4","4611","57","81781","4821","3","6","48"
"1","0.1","true","8.21","6","365","true","70","1","0.4","20.5","1","1.6","false","100","0","6.7","true","60","14","30","0","100","100","true","2.5","0","16","90","2","0","0","0","299","299","54","85325","0","1","3","4614","57","81781","4821","3","6","48"
"1","0.1","true","8.21","6","365","true","70","1","0.4","20.5","1","1.6","false","100","0","6.7","true","60","14","30","0","100","100","true","2.5","0","16","90","2","0","0","0","299","299","55","85325","0","0","2","4616","57","0","4821","3","6","48"
"1","0.1","true","8.21","6","365","true","70","1","0.4","20.5","1","1.6","false","100","0","6.7","true","60","14","30","0","100","100","true","2.5","0","16","90","2","0","0","0","299","299","56","85324","1","0","1","4617","57","1","537753","3","6","48"
"1","0.1","true","8.21","6","365","true","70","1","0.4","20.5","1","1.6","false","100","0","6.7","true","60","14","30","0","100","100","true","2.5","0","16","90","2","0","0","0","299","299","57","85323","2","0","0","4618","57","1","537741","3","6","48"
"1","0.1","true","8.21","6","365","true","70","1","0.4","20.5","1","1.6","false","100","0","6.7","true","60","14","30","0","100","100","true","2.5","0","16","90","2","0","0","0","299","299","58","85322","3","0","0","4618","57","1","537741","3","6","48"
"1","0.1","true","8.21","6","365","true","70","1","0.4","20.5","1","1.6","false","100","0","6.7","true","60","14","30","0","100","100","true","2.5","0","16","90","2","0","0","0","299","299","59","85317","8","0","0","4618","57","1","537741","3","6","48"
"1","0.1","true","8.21","6","365","true","70","1","0.4","20.5","1","1.6","false","100","0","6.7","true","60","14","30","0","100","100","true","2.5","0","16","90","2","0","0","0","299","299","60","85315","9","0","1","4618","57","1","537741","3","6","48"
"1","0.1","true","8.21","6","365","true","70","1","0.4","20.5","1","1.6","false","100","0","6.7","true","60","14","30","0","100","100","true","2.5","0","16","90","2","0","0","0","299","299","61","85310","14","0","1","4618","57","9","537741","3","6","48"
"1","0.1","true","8.21","6","365","true","70","1","0.4","20.5","1","1.6","false","100","0","6.7","true","60","14","30","0","100","100","true","2.5","0","16","90","2","0","0","0","299","299","62","85300","24","0","1","4618","57","9","537665","3","6","48"
"1","0.1","true","8.21","6","365","true","70","1","0.4","20.5","1","1.6","false","100","0","6.7","true","60","14","30","0","100","100","true","2.5","0","16","90","2","0","0","0","299","299","63","85293","29","1","2","4618","57","81008","537665","3","6","48"
"1","0.1","true","8.21","6","365","true","70","1","0.4","20.5","1","1.6","false","100","0","6.7","true","60","14","30","0","100","100","true","2.5","0","16","90","2","0","0","0","299","299","64","85293","25","2","5","4618","57","81009","5198","3","6","48"
"1","0.1","true","8.21","6","365","true","70","1","0.4","20.5","1","1.6","false","100","0","6.7","true","60","14","30","0","100","100","true","2.5","0","16","90","2","0","0","0","299","299","65","85293","23","3","6","4618","57","81010","5198","3","6","48"
"1","0.1","true","8.21","6","365","true","70","1","0.4","20.5","1","1.6","false","100","0","6.7","true","60","14","30","0","100","100","true","2.5","0","16","90","2","0","0","0","299","299","66","85293","19","4","9","4618","57","81010","5197","3","6","48"
"1","0.1","true","8.21","6","365","true","70","1","0.4","20.5","1","1.6","false","100","0","6.7","true","60","14","30","0","100","100","true","2.5","0","16","90","2","0","0","0","299","299","67","85293","16","5","11","4618","57","81010","5197","3","6","48"
"1","0.1","true","8.21","6","365","true","70","1","0.4","20.5","1","1.6","false","100","0","6.7","true","60","14","30","0","100","100","true","2.5","0","16","90","2","0","0","0","299","299","68","85293","11","7","14","4618","57","81010","5197","3","6","48"
"1","0.1","true","8.21","6","365","true","70","1","0.4","20.5","1","1.6","false","100","0","6.7","true","60","14","30","0","100","100","true","2.5","0","16","90","2","0","0","0","299","299","69","85293","8","8","16","4618","57","81011","5197","3","6","48"
"1","0.1","true","8.21","6","365","true","70","1","0.4","20.5","1","1.6","false","100","0","6.7","true","60","14","30","0","100","100","true","2.5","0","16","90","2","0","0","0","299","299","70","85293","4","10","18","4618","57","81011","5196","3","6","48"
"1","0.1","true","8.21","6","365","true","70","1","0.4","20.5","1","1.6","false","100","0","6.7","true","60","14","30","0","100","100","true","2.5","0","16","90","2","0","0","0","299","299","71","85293","2","10","20","4618","57","81011","5196","3","6","48"
"1","0.1","true","8.21","6","365","true","70","1","0.4","20.5","1","1.6","false","100","0","6.7","true","60","14","30","0","100","100","true","2.5","0","16","90","2","0","0","0","299","299","72","85293","1","11","20","4618","57","81011","5196","3","6","48"
"1","0.1","true","8.21","6","365","true","70","1","0.4","20.5","1","1.6","false","100","0","6.7","true","60","14","30","0","100","100","true","2.5","0","16","90","2","0","0","0","299","299","73","85293","0","11","21","4618","57","81011","5196","3","6","48"
"1","0.1","true","8.21","6","365","true","70","1","0.4","20.5","1","1.6","false","100","0","6.7","true","60","14","30","0","100","100","true","2.5","0","16","90","2","0","0","0","299","299","74","85293","0","11","21","4618","57","81012","5196","3","6","48"
"1","0.1","true","8.21","6","365","true","70","1","0.4","20.5","1","1.6","false","100","0","6.7","true","60","14","30","0","100","100","true","2.5","0","16","90","2","0","0","0","299","299","75","85293","0","11","20","4619","57","81012","5195","3","6","48"
"1","0.1","true","8.21","6","365","true","70","1","0.4","20.5","1","1.6","false","100","0","6.7","true","60","14","30","0","100","100","true","2.5","0","16","90","2","0","0","0","299","299","76","85293","0","11","20","4619","57","81012","5195","3","6","48"
"1","0.1","true","8.21","6","365","true","70","1","0.4","20.5","1","1.6","false","100","0","6.7","true","60","14","30","0","100","100","true","2.5","0","16","90","2","0","0","0","299","299","77","85293","0","11","20","4619","57","81013","5195","3","6","48"
"1","0.1","true","8.21","6","365","true","70","1","0.4","20.5","1","1.6","false","100","0","6.7","true","60","14","30","0","100","100","true","2.5","0","16","90","2","0","0","0","299","299","78","85293","0","11","20","4619","57","81013","5194","3","6","48"
"1","0.1","true","8.21","6","365","true","70","1","0.4","20.5","1","1.6","false","100","0","6.7","true","60","14","30","0","100","100","true","2.5","0","16","90","2","0","0","0","299","299","79","85293","0","11","20","4619","57","81013","5194","3","6","48"
"1","0.1","true","8.21","6","365","true","70","1","0.4","20.5","1","1.6","false","100","0","6.7","true","60","14","30","0","100","100","true","2.5","0","16","90","2","0","0","0","299","299","80","85293","0","11","20","4619","57","81013","5194","3","6","48"
"1","0.1","true","8.21","6","365","true","70","1","0.4","20.5","1","1.6","false","100","0","6.7","true","60","14","30","0","100","100","true","2.5","0","16","90","2","0","0","0","299","299","81","85293","0","11","19","4620","57","81013","5194","3","6","48"
"1","0.1","true","8.21","6","365","true","70","1","0.4","20.5","1","1.6","false","100","0","6.7","true","60","14","30","0","100","100","true","2.5","0","16","90","2","0","0","0","299","299","82","85293","0","10","18","4621","58","81013","5194","3","7","48"
"1","0.1","true","8.21","6","365","true","70","1","0.4","20.5","1","1.6","false","100","0","6.7","true","60","14","30","0","100","100","true","2.5","0","16","90","2","0","0","0","299","299","83","85293","0","7","18","4624","58","81013","5194","3","7","48"
"1","0.1","true","8.21","6","365","true","70","1","0.4","20.5","1","1.6","false","100","0","6.7","true","60","14","30","0","100","100","true","2.5","0","16","90","2","0","0","0","299","299","84","85293","0","5","18","4626","58","81013","5194","3","7","48"
"1","0.1","true","8.21","6","365","true","70","1","0.4","20.5","1","1.6","false","100","0","6.7","true","60","14","30","0","100","100","true","2.5","0","16","90","2","0","0","0","299","299","85","85293","0","5","15","4629","58","81013","5194","3","7","48"
"1","0.1","true","8.21","6","365","true","70","1","0.4","20.5","1","1.6","false","100","0","6.7","true","60","14","30","0","100","100","true","2.5","0","16","90","2","0","0","0","299","299","86","85293","0","5","12","4632","58","81013","5194","3","7","48"
"1","0.1","true","8.21","6","365","true","70","1","0.4","20.5","1","1.6","false","100","0","6.7","true","60","14","30","0","100","100","true","2.5","0","16","90","2","0","0","0","299","299","87","85293","0","5","10","4634","58","81013","5194","3","7","48"
"1","0.1","true","8.21","6","365","true","70","1","0.4","20.5","1","1.6","false","100","0","6.7","true","60","14","30","0","100","100","true","2.5","0","16","90","2","0","0","0","299","299","88","85293","0","4","8","4637","58","81013","5194","3","7","48"
"1","0.1","true","8.21","6","365","true","70","1","0.4","20.5","1","1.6","false","100","0","6.7","true","60","14","30","0","100","100","true","2.5","0","16","90","2","0","0","0","299","299","89","85293","0","3","8","4638","58","81013","5194","3","7","48"
"1","0.1","true","8.21","6","365","true","70","1","0.4","20.5","1","1.6","false","100","0","6.7","true","60","14","30","0","100","100","true","2.5","0","16","90","2","0","0","0","299","299","90","85293","0","3","6","4640","58","81013","5194","3","7","48"
"1","0.1","true","8.21","6","365","true","70","1","0.4","20.5","1","1.6","false","100","0","6.7","true","60","14","30","0","100","100","true","2.5","0","16","90","2","0","0","0","299","299","91","85293","0","2","6","4641","58","81013","5194","3","7","48"
"1","0.1","true","8.21","6","365","true","70","1","0.4","20.5","1","1.6","false","100","0","6.7","true","60","14","30","0","100","100","true","2.5","0","16","90","2","0","0","0","299","299","92","85293","0","2","4","4643","58","81013","5194","3","7","48"
"1","0.1","true","8.21","6","365","true","70","1","0.4","20.5","1","1.6","false","100","0","6.7","true","60","14","30","0","100","100","true","2.5","0","16","90","2","0","0","0","299","299","93","85293","0","2","4","4643","58","81013","5194","3","7","48"
"1","0.1","true","8.21","6","365","true","70","1","0.4","20.5","1","1.6","false","100","0","6.7","true","60","14","30","0","100","100","true","2.5","0","16","90","2","0","0","0","299","299","94","85293","0","2","4","4643","58","81013","5194","3","7","48"
"1","0.1","true","8.21","6","365","true","70","1","0.4","20.5","1","1.6","false","100","0","6.7","true","60","14","30","0","100","100","true","2.5","0","16","90","2","0","0","0","299","299","95","85293","0","2","3","4644","58","81013","5194","3","7","48"
"1","0.1","true","8.21","6","365","true","70","1","0.4","20.5","1","1.6","false","100","0","6.7","true","60","14","30","0","100","100","true","2.5","0","16","90","2","0","0","0","299","299","96","85293","0","1","3","4645","58","81013","5194","3","7","48"
"1","0.1","true","8.21","6","365","true","70","1","0.4","20.5","1","1.6","false","100","0","6.7","true","60","14","30","0","100","100","true","2.5","0","16","90","2","0","0","0","299","299","97","85293","0","1","3","4645","58","81013","5194","3","7","48"
"1","0.1","true","8.21","6","365","true","70","1","0.4","20.5","1","1.6","false","100","0","6.7","true","60","14","30","0","100","100","true","2.5","0","16","90","2","0","0","0","299","299","98","85293","0","1","2","4646","58","81013","5194","3","7","48"
"1","0.1","true","8.21","6","365","true","70","1","0.4","20.5","1","1.6","false","100","0","6.7","true","60","14","30","0","100","100","true","2.5","0","16","90","2","0","0","0","299","299","99","85293","0","1","2","4646","58","81013","5194","3","7","48"
"1","0.1","true","8.21","6","365","true","70","1","0.4","20.5","1","1.6","false","100","0","6.7","true","60","14","30","0","100","100","true","2.5","0","16","90","2","0","0","0","299","299","100","85293","0","1","1","4647","58","81013","5194","3","7","48"
"1","0.1","true","8.21","6","365","true","70","1","0.4","20.5","1","1.6","false","100","0","6.7","true","60","14","30","0","100","100","true","2.5","0","16","90","2","0","0","0","299","299","101","85293","0","1","1","4647","58","81013","5194","3","7","48"
"1","0.1","true","8.21","6","365","true","70","1","0.4","20.5","1","1.6","false","100","0","6.7","true","60","14","30","0","100","100","true","2.5","0","16","90","2","0","0","0","299","299","102","85293","0","1","0","4648","58","81013","5194","3","7","48"
"1","0.1","true","8.21","6","365","true","70","1","0.4","20.5","1","1.6","false","100","0","6.7","true","60","14","30","0","100","100","true","2.5","0","16","90","2","0","0","0","299","299","103","85293","0","1","0","4648","58","81013","5194","3","7","48"
"1","0.1","true","8.21","6","365","true","70","1","0.4","20.5","1","1.6","false","100","0","6.7","true","60","14","30","0","100","100","true","2.5","0","16","90","2","0","0","0","299","299","104","85293","0","1","0","4648","58","81013","5194","3","7","48"
"1","0.1","true","8.21","6","365","true","70","1","0.4","20.5","1","1.6","false","100","0","6.7","true","60","14","30","0","100","100","true","2.5","0","16","90","2","0","0","0","299","299","105","85293","0","0","0","4649","58","0","5194","3","7","48"
"1","0.1","true","8.21","6","365","true","70","1","0.4","20.5","1","1.6","false","100","0","6.7","true","60","14","30","0","100","100","true","2.5","0","16","90","2","0","0","0","299","299","106","85293","0","0","0","4649","58","0","537741","3","7","48"
"1","0.1","true","8.21","6","365","true","70","1","0.4","20.5","1","1.6","false","100","0","6.7","true","60","14","30","0","100","100","true","2.5","0","16","90","2","0","0","0","299","299","107","85293","0","0","0","4649","58","0","537741","3","7","48"
"1","0.1","true","8.21","6","365","true","70","1","0.4","20.5","1","1.6","false","100","0","6.7","true","60","14","30","0","100","100","true","2.5","0","16","90","2","0","0","0","299","299","108","85293","0","0","0","4649","58","0","537741","3","7","48"
"1","0.1","true","8.21","6","365","true","70","1","0.4","20.5","1","1.6","false","100","0","6.7","true","60","14","30","0","100","100","true","2.5","0","16","90","2","0","0","0","299","299","109","85293","0","0","0","4649","58","0","537741","3","7","48"
"1","0.1","true","8.21","6","365","true","70","1","0.4","20.5","1","1.6","false","100","0","6.7","true","60","14","30","0","100","100","true","2.5","0","16","90","2","0","0","0","299","299","110","85293","0","0","0","4649","58","0","537741","3","7","48"
"1","0.1","true","8.21","6","365","true","70","1","0.4","20.5","1","1.6","false","100","0","6.7","true","60","14","30","0","100","100","true","2.5","0","16","90","2","0","0","0","299","299","111","85293","0","0","0","4649","58","0","537741","3","7","48"
"1","0.1","true","8.21","6","365","true","70","1","0.4","20.5","1","1.6","false","100","0","6.7","true","60","14","30","0","100","100","true","2.5","0","16","90","2","0","0","0","299","299","112","85293","0","0","0","4649","58","0","537741","3","7","48"
"1","0.1","true","8.21","6","365","true","70","1","0.4","20.5","1","1.6","false","100","0","6.7","true","60","14","30","0","100","100","true","2.5","0","16","90","2","0","0","0","299","299","113","85293","0","0","0","4649","58","0","537741","3","7","48"
"1","0.1","true","8.21","6","365","true","70","1","0.4","20.5","1","1.6","false","100","0","6.7","true","60","14","30","0","100","100","true","2.5","0","16","90","2","0","0","0","299","299","114","85293","0","0","0","4649","58","0","537741","3","7","48"
"1","0.1","true","8.21","6","365","true","70","1","0.4","20.5","1","1.6","false","100","0","6.7","true","60","14","30","0","100","100","true","2.5","0","16","90","2","0","0","0","299","299","115","85293","0","0","0","4649","58","0","537741","3","7","48"
"1","0.1","true","8.21","6","365","true","70","1","0.4","20.5","1","1.6","false","100","0","6.7","true","60","14","30","0","100","100","true","2.5","0","16","90","2","0","0","0","299","299","116","85293","0","0","0","4649","58","0","537741","3","7","48"
"1","0.1","true","8.21","6","365","true","70","1","0.4","20.5","1","1.6","false","100","0","6.7","true","60","14","30","0","100","100","true","2.5","0","16","90","2","0","0","0","299","299","117","85293","0","0","0","4649","58","0","537741","3","7","48"
"1","0.1","true","8.21","6","365","true","70","1","0.4","20.5","1","1.6","false","100","0","6.7","true","60","14","30","0","100","100","true","2.5","0","16","90","2","0","0","0","299","299","118","85293","0","0","0","4649","58","0","537741","3","7","48"
"1","0.1","true","8.21","6","365","true","70","1","0.4","20.5","1","1.6","false","100","0","6.7","true","60","14","30","0","100","100","true","2.5","0","16","90","2","0","0","0","299","299","119","85293","0","0","0","4649","58","0","537741","3","7","48"
"1","0.1","true","8.21","6","365","true","70","1","0.4","20.5","1","1.6","false","100","0","6.7","true","60","14","30","0","100","100","true","2.5","0","16","90","2","0","0","0","299","299","120","85293","0","0","0","4649","58","0","537741","3","7","48"
"1","0.1","true","8.21","6","365","true","70","1","0.4","20.5","1","1.6","false","100","0","6.7","true","60","14","30","0","100","100","true","2.5","0","16","90","2","0","0","0","299","299","121","85293","0","0","0","4649","58","0","537741","3","7","48"
"1","0.1","true","8.21","6","365","true","70","1","0.4","20.5","1","1.6","false","100","0","6.7","true","60","14","30","0","100","100","true","2.5","0","16","90","2","0","0","0","299","299","122","85293","0","0","0","4649","58","0","537741","3","7","48"
"1","0.1","true","8.21","6","365","true","70","1","0.4","20.5","1","1.6","false","100","0","6.7","true","60","14","30","0","100","100","true","2.5","0","16","90","2","0","0","0","299","299","123","85293","0","0","0","4649","58","0","537741","3","7","48"
"1","0.1","true","8.21","6","365","true","70","1","0.4","20.5","1","1.6","false","100","0","6.7","true","60","14","30","0","100","100","true","2.5","0","16","90","2","0","0","0","299","299","124","85293","0","0","0","4649","58","0","537741","3","7","48"
"1","0.1","true","8.21","6","365","true","70","1","0.4","20.5","1","1.6","false","100","0","6.7","true","60","14","30","0","100","100","true","2.5","0","16","90","2","0","0","0","299","299","125","85293","0","0","0","4649","58","0","537741","3","7","48"
"1","0.1","true","8.21","6","365","true","70","1","0.4","20.5","1","1.6","false","100","0","6.7","true","60","14","30","0","100","100","true","2.5","0","16","90","2","0","0","0","299","299","126","85293","0","0","0","4649","58","0","537741","3","7","48"
"1","0.1","true","8.21","6","365","true","70","1","0.4","20.5","1","1.6","false","100","0","6.7","true","60","14","30","0","100","100","true","2.5","0","16","90","2","0","0","0","299","299","127","85293","0","0","0","4649","58","0","537741","3","7","48"
"1","0.1","true","8.21","6","365","true","70","1","0.4","20.5","1","1.6","false","100","0","6.7","true","60","14","30","0","100","100","true","2.5","0","16","90","2","0","0","0","299","299","128","85293","0","0","0","4649","58","0","537741","3","7","48"
"1","0.1","true","8.21","6","365","true","70","1","0.4","20.5","1","1.6","false","100","0","6.7","true","60","14","30","0","100","100","true","2.5","0","16","90","2","0","0","0","299","299","129","85293","0","0","0","4649","58","0","537741","3","7","48"
"1","0.1","true","8.21","6","365","true","70","1","0.4","20.5","1","1.6","false","100","0","6.7","true","60","14","30","0","100","100","true","2.5","0","16","90","2","0","0","0","299","299","130","85293","0","0","0","4649","58","0","537741","3","7","48"
"1","0.1","true","8.21","6","365","true","70","1","0.4","20.5","1","1.6","false","100","0","6.7","true","60","14","30","0","100","100","true","2.5","0","16","90","2","0","0","0","299","299","131","85293","0","0","0","4649","58","0","537741","3","7","48"
"1","0.1","true","8.21","6","365","true","70","1","0.4","20.5","1","1.6","false","100","0","6.7","true","60","14","30","0","100","100","true","2.5","0","16","90","2","0","0","0","299","299","132","85293","0","0","0","4649","58","0","537741","3","7","48"
"1","0.1","true","8.21","6","365","true","70","1","0.4","20.5","1","1.6","false","100","0","6.7","true","60","14","30","0","100","100","true","2.5","0","16","90","2","0","0","0","299","299","133","85293","0","0","0","4649","58","0","537741","3","7","48"
"1","0.1","true","8.21","6","365","true","70","1","0.4","20.5","1","1.6","false","100","0","6.7","true","60","14","30","0","100","100","true","2.5","0","16","90","2","0","0","0","299","299","134","85293","0","0","0","4649","58","0","537741","3","7","48"
"1","0.1","true","8.21","6","365","true","70","1","0.4","20.5","1","1.6","false","100","0","6.7","true","60","14","30","0","100","100","true","2.5","0","16","90","2","0","0","0","299","299","135","85293","0","0","0","4649","58","0","537741","3","7","48"
"1","0.1","true","8.21","6","365","true","70","1","0.4","20.5","1","1.6","false","100","0","6.7","true","60","14","30","0","100","100","true","2.5","0","16","90","2","0","0","0","299","299","136","85293","0","0","0","4649","58","0","537741","3","7","48"
"1","0.1","true","8.21","6","365","true","70","1","0.4","20.5","1","1.6","false","100","0","6.7","true","60","14","30","0","100","100","true","2.5","0","16","90","2","0","0","0","299","299","137","85293","0","0","0","4649","58","0","537741","3","7","48"
"1","0.1","true","8.21","6","365","true","70","1","0.4","20.5","1","1.6","false","100","0","6.7","true","60","14","30","0","100","100","true","2.5","0","16","90","2","0","0","0","299","299","138","85293","0","0","0","4649","58","0","537741","3","7","48"
"1","0.1","true","8.21","6","365","true","70","1","0.4","20.5","1","1.6","false","100","0","6.7","true","60","14","30","0","100","100","true","2.5","0","16","90","2","0","0","0","299","299","139","85293","0","0","0","4649","58","0","537741","3","7","48"
"1","0.1","true","8.21","6","365","true","70","1","0.4","20.5","1","1.6","false","100","0","6.7","true","60","14","30","0","100","100","true","2.5","0","16","90","2","0","0","0","299","299","140","85293","0","0","0","4649","58","0","537741","3","7","48"
"1","0.1","true","8.21","6","365","true","70","1","0.4","20.5","1","1.6","false","100","0","6.7","true","60","14","30","0","100","100","true","2.5","0","16","90","2","0","0","0","299","299","141","85293","0","0","0","4649","58","0","537741","3","7","48"
"1","0.1","true","8.21","6","365","true","70","1","0.4","20.5","1","1.6","false","100","0","6.7","true","60","14","30","0","100","100","true","2.5","0","16","90","2","0","0","0","299","299","142","85293","0","0","0","4649","58","0","537741","3","7","48"
"1","0.1","true","8.21","6","365","true","70","1","0.4","20.5","1","1.6","false","100","0","6.7","true","60","14","30","0","100","100","true","2.5","0","16","90","2","0","0","0","299","299","143","85293","0","0","0","4649","58","0","537741","3","7","48"
"1","0.1","true","8.21","6","365","true","70","1","0.4","20.5","1","1.6","false","100","0","6.7","true","60","14","30","0","100","100","true","2.5","0","16","90","2","0","0","0","299","299","144","85293","0","0","0","4649","58","0","537741","3","7","48"
"1","0.1","true","8.21","6","365","true","70","1","0.4","20.5","1","1.6","false","100","0","6.7","true","60","14","30","0","100","100","true","2.5","0","16","90","2","0","0","0","299","299","145","85293","0","0","0","4649","58","0","537741","3","7","48"
"1","0.1","true","8.21","6","365","true","70","1","0.4","20.5","1","1.6","false","100","0","6.7","true","60","14","30","0","100","100","true","2.5","0","16","90","2","0","0","0","299","299","146","85293","0","0","0","4649","58","0","537741","3","7","48"
"1","0.1","true","8.21","6","365","true","70","1","0.4","20.5","1","1.6","false","100","0","6.7","true","60","14","30","0","100","100","true","2.5","0","16","90","2","0","0","0","299","299","147","85293","0","0","0","4649","58","0","537741","3","7","48"
"1","0.1","true","8.21","6","365","true","70","1","0.4","20.5","1","1.6","false","100","0","6.7","true","60","14","30","0","100","100","true","2.5","0","16","90","2","0","0","0","299","299","148","85293","0","0","0","4649","58","0","537741","3","7","48"
"1","0.1","true","8.21","6","365","true","70","1","0.4","20.5","1","1.6","false","100","0","6.7","true","60","14","30","0","100","100","true","2.5","0","16","90","2","0","0","0","299","299","149","85293","0","0","0","4649","58","0","537741","3","7","48"
"1","0.1","true","8.21","6","365","true","70","1","0.4","20.5","1","1.6","false","100","0","6.7","true","60","14","30","0","100","100","true","2.5","0","16","90","2","0","0","0","299","299","150","85293","0","0","0","4649","58","0","537741","3","7","48"
"1","0.1","true","8.21","6","365","true","70","1","0.4","20.5","1","1.6","false","100","0","6.7","true","60","14","30","0","100","100","true","2.5","0","16","90","2","0","0","0","299","299","151","85293","0","0","0","4649","58","0","537741","3","7","48"
"1","0.1","true","8.21","6","365","true","70","1","0.4","20.5","1","1.6","false","100","0","6.7","true","60","14","30","0","100","100","true","2.5","0","16","90","2","0","0","0","299","299","152","85293","0","0","0","4649","58","0","537741","3","7","48"
"1","0.1","true","8.21","6","365","true","70","1","0.4","20.5","1","1.6","false","100","0","6.7","true","60","14","30","0","100","100","true","2.5","0","16","90","2","0","0","0","299","299","153","85293","0","0","0","4649","58","0","537741","3","7","48"
"1","0.1","true","8.21","6","365","true","70","1","0.4","20.5","1","1.6","false","100","0","6.7","true","60","14","30","0","100","100","true","2.5","0","16","90","2","0","0","0","299","299","154","85293","0","0","0","4649","58","0","537741","3","7","48"
"1","0.1","true","8.21","6","365","true","70","1","0.4","20.5","1","1.6","false","100","0","6.7","true","60","14","30","0","100","100","true","2.5","0","16","90","2","0","0","0","299","299","155","85293","0","0","0","4649","58","0","537741","3","7","48"
"1","0.1","true","8.21","6","365","true","70","1","0.4","20.5","1","1.6","false","100","0","6.7","true","60","14","30","0","100","100","true","2.5","0","16","90","2","0","0","0","299","299","156","85293","0","0","0","4649","58","0","537741","3","7","48"
"1","0.1","true","8.21","6","365","true","70","1","0.4","20.5","1","1.6","false","100","0","6.7","true","60","14","30","0","100","100","true","2.5","0","16","90","2","0","0","0","299","299","157","85293","0","0","0","4649","58","0","537741","3","7","48"
"1","0.1","true","8.21","6","365","true","70","1","0.4","20.5","1","1.6","false","100","0","6.7","true","60","14","30","0","100","100","true","2.5","0","16","90","2","0","0","0","299","299","158","85293","0","0","0","4649","58","0","537741","3","7","48"
"1","0.1","true","8.21","6","365","true","70","1","0.4","20.5","1","1.6","false","100","0","6.7","true","60","14","30","0","100","100","true","2.5","0","16","90","2","0","0","0","299","299","159","85293","0","0","0","4649","58","0","537741","3","7","48"
"1","0.1","true","8.21","6","365","true","70","1","0.4","20.5","1","1.6","false","100","0","6.7","true","60","14","30","0","100","100","true","2.5","0","16","90","2","0","0","0","299","299","160","85293","0","0","0","4649","58","0","537741","3","7","48"
"1","0.1","true","8.21","6","365","true","70","1","0.4","20.5","1","1.6","false","100","0","6.7","true","60","14","30","0","100","100","true","2.5","0","16","90","2","0","0","0","299","299","161","85293","0","0","0","4649","58","0","537741","3","7","48"
"1","0.1","true","8.21","6","365","true","70","1","0.4","20.5","1","1.6","false","100","0","6.7","true","60","14","30","0","100","100","true","2.5","0","16","90","2","0","0","0","299","299","162","85293","0","0","0","4649","58","0","537741","3","7","48"
"1","0.1","true","8.21","6","365","true","70","1","0.4","20.5","1","1.6","false","100","0","6.7","true","60","14","30","0","100","100","true","2.5","0","16","90","2","0","0","0","299","299","163","85293","0","0","0","4649","58","0","537741","3","7","48"
"1","0.1","true","8.21","6","365","true","70","1","0.4","20.5","1","1.6","false","100","0","6.7","true","60","14","30","0","100","100","true","2.5","0","16","90","2","0","0","0","299","299","164","85293","0","0","0","4649","58","0","537741","3","7","48"
"1","0.1","true","8.21","6","365","true","70","1","0.4","20.5","1","1.6","false","100","0","6.7","true","60","14","30","0","100","100","true","2.5","0","16","90","2","0","0","0","299","299","165","85293","0","0","0","4649","58","0","537741","3","7","48"
"1","0.1","true","8.21","6","365","true","70","1","0.4","20.5","1","1.6","false","100","0","6.7","true","60","14","30","0","100","100","true","2.5","0","16","90","2","0","0","0","299","299","166","85293","0","0","0","4649","58","0","537741","3","7","48"
"1","0.1","true","8.21","6","365","true","70","1","0.4","20.5","1","1.6","false","100","0","6.7","true","60","14","30","0","100","100","true","2.5","0","16","90","2","0","0","0","299","299","167","85293","0","0","0","4649","58","0","537741","3","7","48"
"1","0.1","true","8.21","6","365","true","70","1","0.4","20.5","1","1.6","false","100","0","6.7","true","60","14","30","0","100","100","true","2.5","0","16","90","2","0","0","0","299","299","168","85293","0","0","0","4649","58","0","537741","3","7","48"
"1","0.1","true","8.21","6","365","true","70","1","0.4","20.5","1","1.6","false","100","0","6.7","true","60","14","30","0","100","100","true","2.5","0","16","90","2","0","0","0","299","299","169","85293","0","0","0","4649","58","0","537741","3","7","48"
"1","0.1","true","8.21","6","365","true","70","1","0.4","20.5","1","1.6","false","100","0","6.7","true","60","14","30","0","100","100","true","2.5","0","16","90","2","0","0","0","299","299","170","85293","0","0","0","4649","58","0","537741","3","7","48"
"1","0.1","true","8.21","6","365","true","70","1","0.4","20.5","1","1.6","false","100","0","6.7","true","60","14","30","0","100","100","true","2.5","0","16","90","2","0","0","0","299","299","171","85293","0","0","0","4649","58","0","537741","3","7","48"
"1","0.1","true","8.21","6","365","true","70","1","0.4","20.5","1","1.6","false","100","0","6.7","true","60","14","30","0","100","100","true","2.5","0","16","90","2","0","0","0","299","299","172","85293","0","0","0","4649","58","0","537741","3","7","48"
"1","0.1","true","8.21","6","365","true","70","1","0.4","20.5","1","1.6","false","100","0","6.7","true","60","14","30","0","100","100","true","2.5","0","16","90","2","0","0","0","299","299","173","85293","0","0","0","4649","58","0","537741","3","7","48"
"1","0.1","true","8.21","6","365","true","70","1","0.4","20.5","1","1.6","false","100","0","6.7","true","60","14","30","0","100","100","true","2.5","0","16","90","2","0","0","0","299","299","174","85293","0","0","0","4649","58","0","537741","3","7","48"
"1","0.1","true","8.21","6","365","true","70","1","0.4","20.5","1","1.6","false","100","0","6.7","true","60","14","30","0","100","100","true","2.5","0","16","90","2","0","0","0","299","299","175","85293","0","0","0","4649","58","0","537741","3","7","48"
"1","0.1","true","8.21","6","365","true","70","1","0.4","20.5","1","1.6","false","100","0","6.7","true","60","14","30","0","100","100","true","2.5","0","16","90","2","0","0","0","299","299","176","85293","0","0","0","4649","58","0","537741","3","7","48"
"1","0.1","true","8.21","6","365","true","70","1","0.4","20.5","1","1.6","false","100","0","6.7","true","60","14","30","0","100","100","true","2.5","0","16","90","2","0","0","0","299","299","177","85293","0","0","0","4649","58","0","537741","3","7","48"
"1","0.1","true","8.21","6","365","true","70","1","0.4","20.5","1","1.6","false","100","0","6.7","true","60","14","30","0","100","100","true","2.5","0","16","90","2","0","0","0","299","299","178","85293","0","0","0","4649","58","0","537741","3","7","48"
"1","0.1","true","8.21","6","365","true","70","1","0.4","20.5","1","1.6","false","100","0","6.7","true","60","14","30","0","100","100","true","2.5","0","16","90","2","0","0","0","299","299","179","85293","0","0","0","4649","58","0","537741","3","7","48"
"1","0.1","true","8.21","6","365","true","70","1","0.4","20.5","1","1.6","false","100","0","6.7","true","60","14","30","0","100","100","true","2.5","0","16","90","2","0","0","0","299","299","180","85293","0","0","0","4649","58","0","537741","3","7","48"
"1","0.1","true","8.21","6","365","true","70","1","0.4","20.5","1","1.6","false","100","0","6.7","true","60","14","30","0","100","100","true","2.5","0","16","90","2","0","0","0","299","299","181","85293","0","0","0","4649","58","0","537741","3","7","48"
"1","0.1","true","8.21","6","365","true","70","1","0.4","20.5","1","1.6","false","100","0","6.7","true","60","14","30","0","100","100","true","2.5","0","16","90","2","0","0","0","299","299","182","85293","0","0","0","4649","58","0","537741","3","7","48"
"1","0.1","true","8.21","6","365","true","70","1","0.4","20.5","1","1.6","false","100","0","6.7","true","60","14","30","0","100","100","true","2.5","0","16","90","2","0","0","0","299","299","183","85293","0","0","0","4649","58","0","537741","3","7","48"
"1","0.1","true","8.21","6","365","true","70","1","0.4","20.5","1","1.6","false","100","0","6.7","true","60","14","30","0","100","100","true","2.5","0","16","90","2","0","0","0","299","299","184","85293","0","0","0","4649","58","0","537741","3","7","48"
"1","0.1","true","8.21","6","365","true","70","1","0.4","20.5","1","1.6","false","100","0","6.7","true","60","14","30","0","100","100","true","2.5","0","16","90","2","0","0","0","299","299","185","85293","0","0","0","4649","58","0","537741","3","7","48"
"1","0.1","true","8.21","6","365","true","70","1","0.4","20.5","1","1.6","false","100","0","6.7","true","60","14","30","0","100","100","true","2.5","0","16","90","2","0","0","0","299","299","186","85293","0","0","0","4649","58","0","537741","3","7","48"
"1","0.1","true","8.21","6","365","true","70","1","0.4","20.5","1","1.6","false","100","0","6.7","true","60","14","30","0","100","100","true","2.5","0","16","90","2","0","0","0","299","299","187","85293","0","0","0","4649","58","0","537741","3","7","48"
"1","0.1","true","8.21","6","365","true","70","1","0.4","20.5","1","1.6","false","100","0","6.7","true","60","14","30","0","100","100","true","2.5","0","16","90","2","0","0","0","299","299","188","85293","0","0","0","4649","58","0","537741","3","7","48"
"1","0.1","true","8.21","6","365","true","70","1","0.4","20.5","1","1.6","false","100","0","6.7","true","60","14","30","0","100","100","true","2.5","0","16","90","2","0","0","0","299","299","189","85293","0","0","0","4649","58","0","537741","3","7","48"
"1","0.1","true","8.21","6","365","true","70","1","0.4","20.5","1","1.6","false","100","0","6.7","true","60","14","30","0","100","100","true","2.5","0","16","90","2","0","0","0","299","299","190","85293","0","0","0","4649","58","0","537741","3","7","48"
"1","0.1","true","8.21","6","365","true","70","1","0.4","20.5","1","1.6","false","100","0","6.7","true","60","14","30","0","100","100","true","2.5","0","16","90","2","0","0","0","299","299","191","85293","0","0","0","4649","58","0","537741","3","7","48"
"1","0.1","true","8.21","6","365","true","70","1","0.4","20.5","1","1.6","false","100","0","6.7","true","60","14","30","0","100","100","true","2.5","0","16","90","2","0","0","0","299","299","192","85293","0","0","0","4649","58","0","537741","3","7","48"
"1","0.1","true","8.21","6","365","true","70","1","0.4","20.5","1","1.6","false","100","0","6.7","true","60","14","30","0","100","100","true","2.5","0","16","90","2","0","0","0","299","299","193","85293","0","0","0","4649","58","0","537741","3","7","48"
"1","0.1","true","8.21","6","365","true","70","1","0.4","20.5","1","1.6","false","100","0","6.7","true","60","14","30","0","100","100","true","2.5","0","16","90","2","0","0","0","299","299","194","85293","0","0","0","4649","58","0","537741","3","7","48"
"1","0.1","true","8.21","6","365","true","70","1","0.4","20.5","1","1.6","false","100","0","6.7","true","60","14","30","0","100","100","true","2.5","0","16","90","2","0","0","0","299","299","195","85293","0","0","0","4649","58","0","537741","3","7","48"
"1","0.1","true","8.21","6","365","true","70","1","0.4","20.5","1","1.6","false","100","0","6.7","true","60","14","30","0","100","100","true","2.5","0","16","90","2","0","0","0","299","299","196","85293","0","0","0","4649","58","0","537741","3","7","48"
"1","0.1","true","8.21","6","365","true","70","1","0.4","20.5","1","1.6","false","100","0","6.7","true","60","14","30","0","100","100","true","2.5","0","16","90","2","0","0","0","299","299","197","85293","0","0","0","4649","58","0","537741","3","7","48"
"1","0.1","true","8.21","6","365","true","70","1","0.4","20.5","1","1.6","false","100","0","6.7","true","60","14","30","0","100","100","true","2.5","0","16","90","2","0","0","0","299","299","198","85293","0","0","0","4649","58","0","537741","3","7","48"
"1","0.1","true","8.21","6","365","true","70","1","0.4","20.5","1","1.6","false","100","0","6.7","true","60","14","30","0","100","100","true","2.5","0","16","90","2","0","0","0","299","299","199","85293","0","0","0","4649","58","0","537741","3","7","48"
"1","0.1","true","8.21","6","365","true","70","1","0.4","20.5","1","1.6","false","100","0","6.7","true","60","14","30","0","100","100","true","2.5","0","16","90","2","0","0","0","299","299","200","85293","0","0","0","4649","58","0","537741","3","7","48"
"1","0.1","true","8.21","6","365","true","70","1","0.4","20.5","1","1.6","false","100","0","6.7","true","60","14","30","0","100","100","true","2.5","0","16","90","2","0","0","0","299","299","201","85293","0","0","0","4649","58","0","537741","3","7","48"
"1","0.1","true","8.21","6","365","true","70","1","0.4","20.5","1","1.6","false","100","0","6.7","true","60","14","30","0","100","100","true","2.5","0","16","90","2","0","0","0","299","299","202","85293","0","0","0","4649","58","0","537741","3","7","48"
"1","0.1","true","8.21","6","365","true","70","1","0.4","20.5","1","1.6","false","100","0","6.7","true","60","14","30","0","100","100","true","2.5","0","16","90","2","0","0","0","299","299","203","85293","0","0","0","4649","58","0","537741","3","7","48"
"1","0.1","true","8.21","6","365","true","70","1","0.4","20.5","1","1.6","false","100","0","6.7","true","60","14","30","0","100","100","true","2.5","0","16","90","2","0","0","0","299","299","204","85293","0","0","0","4649","58","0","537741","3","7","48"
"1","0.1","true","8.21","6","365","true","70","1","0.4","20.5","1","1.6","false","100","0","6.7","true","60","14","30","0","100","100","true","2.5","0","16","90","2","0","0","0","299","299","205","85293","0","0","0","4649","58","0","537741","3","7","48"
"1","0.1","true","8.21","6","365","true","70","1","0.4","20.5","1","1.6","false","100","0","6.7","true","60","14","30","0","100","100","true","2.5","0","16","90","2","0","0","0","299","299","206","85293","0","0","0","4649","58","0","537741","3","7","48"
"1","0.1","true","8.21","6","365","true","70","1","0.4","20.5","1","1.6","false","100","0","6.7","true","60","14","30","0","100","100","true","2.5","0","16","90","2","0","0","0","299","299","207","85293","0","0","0","4649","58","0","537741","3","7","48"
"1","0.1","true","8.21","6","365","true","70","1","0.4","20.5","1","1.6","false","100","0","6.7","true","60","14","30","0","100","100","true","2.5","0","16","90","2","0","0","0","299","299","208","85293","0","0","0","4649","58","0","537741","3","7","48"
"1","0.1","true","8.21","6","365","true","70","1","0.4","20.5","1","1.6","false","100","0","6.7","true","60","14","30","0","100","100","true","2.5","0","16","90","2","0","0","0","299","299","209","85293","0","0","0","4649","58","0","537741","3","7","48"
"1","0.1","true","8.21","6","365","true","70","1","0.4","20.5","1","1.6","false","100","0","6.7","true","60","14","30","0","100","100","true","2.5","0","16","90","2","0","0","0","299","299","210","85293","0","0","0","4649","58","0","537741","3","7","48"
"1","0.1","true","8.21","6","365","true","70","1","0.4","20.5","1","1.6","false","100","0","6.7","true","60","14","30","0","100","100","true","2.5","0","16","90","2","0","0","0","299","299","211","85293","0","0","0","4649","58","0","537741","3","7","48"
"1","0.1","true","8.21","6","365","true","70","1","0.4","20.5","1","1.6","false","100","0","6.7","true","60","14","30","0","100","100","true","2.5","0","16","90","2","0","0","0","299","299","212","85293","0","0","0","4649","58","0","537741","3","7","48"
"1","0.1","true","8.21","6","365","true","70","1","0.4","20.5","1","1.6","false","100","0","6.7","true","60","14","30","0","100","100","true","2.5","0","16","90","2","0","0","0","299","299","213","85293","0","0","0","4649","58","0","537741","3","7","48"
"1","0.1","true","8.21","6","365","true","70","1","0.4","20.5","1","1.6","false","100","0","6.7","true","60","14","30","0","100","100","true","2.5","0","16","90","2","0","0","0","299","299","214","85293","0","0","0","4649","58","0","537741","3","7","48"
"1","0.1","true","8.21","6","365","true","70","1","0.4","20.5","1","1.6","false","100","0","6.7","true","60","14","30","0","100","100","true","2.5","0","16","90","2","0","0","0","299","299","215","85293","0","0","0","4649","58","0","537741","3","7","48"
"1","0.1","true","8.21","6","365","true","70","1","0.4","20.5","1","1.6","false","100","0","6.7","true","60","14","30","0","100","100","true","2.5","0","16","90","2","0","0","0","299","299","216","85293","0","0","0","4649","58","0","537741","3","7","48"
"1","0.1","true","8.21","6","365","true","70","1","0.4","20.5","1","1.6","false","100","0","6.7","true","60","14","30","0","100","100","true","2.5","0","16","90","2","0","0","0","299","299","217","85293","0","0","0","4649","58","0","537741","3","7","48"
"1","0.1","true","8.21","6","365","true","70","1","0.4","20.5","1","1.6","false","100","0","6.7","true","60","14","30","0","100","100","true","2.5","0","16","90","2","0","0","0","299","299","218","85293","0","0","0","4649","58","0","537741","3","7","48"
"1","0.1","true","8.21","6","365","true","70","1","0.4","20.5","1","1.6","false","100","0","6.7","true","60","14","30","0","100","100","true","2.5","0","16","90","2","0","0","0","299","299","219","85293","0","0","0","4649","58","0","537741","3","7","48"
"1","0.1","true","8.21","6","365","true","70","1","0.4","20.5","1","1.6","false","100","0","6.7","true","60","14","30","0","100","100","true","2.5","0","16","90","2","0","0","0","299","299","220","85293","0","0","0","4649","58","0","537741","3","7","48"
"1","0.1","true","8.21","6","365","true","70","1","0.4","20.5","1","1.6","false","100","0","6.7","true","60","14","30","0","100","100","true","2.5","0","16","90","2","0","0","0","299","299","221","85293","0","0","0","4649","58","0","537741","3","7","48"
"1","0.1","true","8.21","6","365","true","70","1","0.4","20.5","1","1.6","false","100","0","6.7","true","60","14","30","0","100","100","true","2.5","0","16","90","2","0","0","0","299","299","222","85293","0","0","0","4649","58","0","537741","3","7","48"
"1","0.1","true","8.21","6","365","true","70","1","0.4","20.5","1","1.6","false","100","0","6.7","true","60","14","30","0","100","100","true","2.5","0","16","90","2","0","0","0","299","299","223","85293","0","0","0","4649","58","0","537741","3","7","48"
"1","0.1","true","8.21","6","365","true","70","1","0.4","20.5","1","1.6","false","100","0","6.7","true","60","14","30","0","100","100","true","2.5","0","16","90","2","0","0","0","299","299","224","85293","0","0","0","4649","58","0","537741","3","7","48"
"1","0.1","true","8.21","6","365","true","70","1","0.4","20.5","1","1.6","false","100","0","6.7","true","60","14","30","0","100","100","true","2.5","0","16","90","2","0","0","0","299","299","225","85293","0","0","0","4649","58","0","537741","3","7","48"
"1","0.1","true","8.21","6","365","true","70","1","0.4","20.5","1","1.6","false","100","0","6.7","true","60","14","30","0","100","100","true","2.5","0","16","90","2","0","0","0","299","299","226","85293","0","0","0","4649","58","0","537741","3","7","48"
"1","0.1","true","8.21","6","365","true","70","1","0.4","20.5","1","1.6","false","100","0","6.7","true","60","14","30","0","100","100","true","2.5","0","16","90","2","0","0","0","299","299","227","85293","0","0","0","4649","58","0","537741","3","7","48"
"1","0.1","true","8.21","6","365","true","70","1","0.4","20.5","1","1.6","false","100","0","6.7","true","60","14","30","0","100","100","true","2.5","0","16","90","2","0","0","0","299","299","228","85293","0","0","0","4649","58","0","537741","3","7","48"
"1","0.1","true","8.21","6","365","true","70","1","0.4","20.5","1","1.6","false","100","0","6.7","true","60","14","30","0","100","100","true","2.5","0","16","90","2","0","0","0","299","299","229","85293","0","0","0","4649","58","0","537741","3","7","48"
"1","0.1","true","8.21","6","365","true","70","1","0.4","20.5","1","1.6","false","100","0","6.7","true","60","14","30","0","100","100","true","2.5","0","16","90","2","0","0","0","299","299","230","85293","0","0","0","4649","58","0","537741","3","7","48"
"1","0.1","true","8.21","6","365","true","70","1","0.4","20.5","1","1.6","false","100","0","6.7","true","60","14","30","0","100","100","true","2.5","0","16","90","2","0","0","0","299","299","231","85293","0","0","0","4649","58","0","537741","3","7","48"
"1","0.1","true","8.21","6","365","true","70","1","0.4","20.5","1","1.6","false","100","0","6.7","true","60","14","30","0","100","100","true","2.5","0","16","90","2","0","0","0","299","299","232","85293","0","0","0","4649","58","0","537741","3","7","48"
"1","0.1","true","8.21","6","365","true","70","1","0.4","20.5","1","1.6","false","100","0","6.7","true","60","14","30","0","100","100","true","2.5","0","16","90","2","0","0","0","299","299","233","85293","0","0","0","4649","58","0","537741","3","7","48"
"1","0.1","true","8.21","6","365","true","70","1","0.4","20.5","1","1.6","false","100","0","6.7","true","60","14","30","0","100","100","true","2.5","0","16","90","2","0","0","0","299","299","234","85293","0","0","0","4649","58","0","537741","3","7","48"
"1","0.1","true","8.21","6","365","true","70","1","0.4","20.5","1","1.6","false","100","0","6.7","true","60","14","30","0","100","100","true","2.5","0","16","90","2","0","0","0","299","299","235","85293","0","0","0","4649","58","0","537741","3","7","48"
"1","0.1","true","8.21","6","365","true","70","1","0.4","20.5","1","1.6","false","100","0","6.7","true","60","14","30","0","100","100","true","2.5","0","16","90","2","0","0","0","299","299","236","85293","0","0","0","4649","58","0","537741","3","7","48"
"1","0.1","true","8.21","6","365","true","70","1","0.4","20.5","1","1.6","false","100","0","6.7","true","60","14","30","0","100","100","true","2.5","0","16","90","2","0","0","0","299","299","237","85293","0","0","0","4649","58","0","537741","3","7","48"
"1","0.1","true","8.21","6","365","true","70","1","0.4","20.5","1","1.6","false","100","0","6.7","true","60","14","30","0","100","100","true","2.5","0","16","90","2","0","0","0","299","299","238","85293","0","0","0","4649","58","0","537741","3","7","48"
"1","0.1","true","8.21","6","365","true","70","1","0.4","20.5","1","1.6","false","100","0","6.7","true","60","14","30","0","100","100","true","2.5","0","16","90","2","0","0","0","299","299","239","85293","0","0","0","4649","58","0","537741","3","7","48"
"1","0.1","true","8.21","6","365","true","70","1","0.4","20.5","1","1.6","false","100","0","6.7","true","60","14","30","0","100","100","true","2.5","0","16","90","2","0","0","0","299","299","240","85293","0","0","0","4649","58","0","537741","3","7","48"
"1","0.1","true","8.21","6","365","true","70","1","0.4","20.5","1","1.6","false","100","0","6.7","true","60","14","30","0","100","100","true","2.5","0","16","90","2","0","0","0","299","299","241","85293","0","0","0","4649","58","0","537741","3","7","48"
"1","0.1","true","8.21","6","365","true","70","1","0.4","20.5","1","1.6","false","100","0","6.7","true","60","14","30","0","100","100","true","2.5","0","16","90","2","0","0","0","299","299","242","85293","0","0","0","4649","58","0","537741","3","7","48"
"1","0.1","true","8.21","6","365","true","70","1","0.4","20.5","1","1.6","false","100","0","6.7","true","60","14","30","0","100","100","true","2.5","0","16","90","2","0","0","0","299","299","243","85293","0","0","0","4649","58","0","537741","3","7","48"
"1","0.1","true","8.21","6","365","true","70","1","0.4","20.5","1","1.6","false","100","0","6.7","true","60","14","30","0","100","100","true","2.5","0","16","90","2","0","0","0","299","299","244","85293","0","0","0","4649","58","0","537741","3","7","48"
"1","0.1","true","8.21","6","365","true","70","1","0.4","20.5","1","1.6","false","100","0","6.7","true","60","14","30","0","100","100","true","2.5","0","16","90","2","0","0","0","299","299","245","85293","0","0","0","4649","58","0","537741","3","7","48"
"1","0.1","true","8.21","6","365","true","70","1","0.4","20.5","1","1.6","false","100","0","6.7","true","60","14","30","0","100","100","true","2.5","0","16","90","2","0","0","0","299","299","246","85293","0","0","0","4649","58","0","537741","3","7","48"
"1","0.1","true","8.21","6","365","true","70","1","0.4","20.5","1","1.6","false","100","0","6.7","true","60","14","30","0","100","100","true","2.5","0","16","90","2","0","0","0","299","299","247","85293","0","0","0","4649","58","0","537741","3","7","48"
"1","0.1","true","8.21","6","365","true","70","1","0.4","20.5","1","1.6","false","100","0","6.7","true","60","14","30","0","100","100","true","2.5","0","16","90","2","0","0","0","299","299","248","85293","0","0","0","4649","58","0","537741","3","7","48"
"1","0.1","true","8.21","6","365","true","70","1","0.4","20.5","1","1.6","false","100","0","6.7","true","60","14","30","0","100","100","true","2.5","0","16","90","2","0","0","0","299","299","249","85293","0","0","0","4649","58","0","537741","3","7","48"
"1","0.1","true","8.21","6","365","true","70","1","0.4","20.5","1","1.6","false","100","0","6.7","true","60","14","30","0","100","100","true","2.5","0","16","90","2","0","0","0","299","299","250","85293","0","0","0","4649","58","0","537741","3","7","48"
"1","0.1","true","8.21","6","365","true","70","1","0.4","20.5","1","1.6","false","100","0","6.7","true","60","14","30","0","100","100","true","2.5","0","16","90","2","0","0","0","299","299","251","85293","0","0","0","4649","58","0","537741","3","7","48"
"1","0.1","true","8.21","6","365","true","70","1","0.4","20.5","1","1.6","false","100","0","6.7","true","60","14","30","0","100","100","true","2.5","0","16","90","2","0","0","0","299","299","252","85293","0","0","0","4649","58","0","537741","3","7","48"
"1","0.1","true","8.21","6","365","true","70","1","0.4","20.5","1","1.6","false","100","0","6.7","true","60","14","30","0","100","100","true","2.5","0","16","90","2","0","0","0","299","299","253","85293","0","0","0","4649","58","0","537741","3","7","48"
"1","0.1","true","8.21","6","365","true","70","1","0.4","20.5","1","1.6","false","100","0","6.7","true","60","14","30","0","100","100","true","2.5","0","16","90","2","0","0","0","299","299","254","85293","0","0","0","4649","58","0","537741","3","7","48"
"1","0.1","true","8.21","6","365","true","70","1","0.4","20.5","1","1.6","false","100","0","6.7","true","60","14","30","0","100","100","true","2.5","0","16","90","2","0","0","0","299","299","255","85293","0","0","0","4649","58","0","537741","3","7","48"
"1","0.1","true","8.21","6","365","true","70","1","0.4","20.5","1","1.6","false","100","0","6.7","true","60","14","30","0","100","100","true","2.5","0","16","90","2","0","0","0","299","299","256","85293","0","0","0","4649","58","0","537741","3","7","48"
"1","0.1","true","8.21","6","365","true","70","1","0.4","20.5","1","1.6","false","100","0","6.7","true","60","14","30","0","100","100","true","2.5","0","16","90","2","0","0","0","299","299","257","85293","0","0","0","4649","58","0","537741","3","7","48"
"1","0.1","true","8.21","6","365","true","70","1","0.4","20.5","1","1.6","false","100","0","6.7","true","60","14","30","0","100","100","true","2.5","0","16","90","2","0","0","0","299","299","258","85293","0","0","0","4649","58","0","537741","3","7","48"
"1","0.1","true","8.21","6","365","true","70","1","0.4","20.5","1","1.6","false","100","0","6.7","true","60","14","30","0","100","100","true","2.5","0","16","90","2","0","0","0","299","299","259","85293","0","0","0","4649","58","0","537741","3","7","48"
"1","0.1","true","8.21","6","365","true","70","1","0.4","20.5","1","1.6","false","100","0","6.7","true","60","14","30","0","100","100","true","2.5","0","16","90","2","0","0","0","299","299","260","85293","0","0","0","4649","58","0","537741","3","7","48"
"1","0.1","true","8.21","6","365","true","70","1","0.4","20.5","1","1.6","false","100","0","6.7","true","60","14","30","0","100","100","true","2.5","0","16","90","2","0","0","0","299","299","261","85293","0","0","0","4649","58","0","537741","3","7","48"
"1","0.1","true","8.21","6","365","true","70","1","0.4","20.5","1","1.6","false","100","0","6.7","true","60","14","30","0","100","100","true","2.5","0","16","90","2","0","0","0","299","299","262","85293","0","0","0","4649","58","0","537741","3","7","48"
"1","0.1","true","8.21","6","365","true","70","1","0.4","20.5","1","1.6","false","100","0","6.7","true","60","14","30","0","100","100","true","2.5","0","16","90","2","0","0","0","299","299","263","85293","0","0","0","4649","58","0","537741","3","7","48"
"1","0.1","true","8.21","6","365","true","70","1","0.4","20.5","1","1.6","false","100","0","6.7","true","60","14","30","0","100","100","true","2.5","0","16","90","2","0","0","0","299","299","264","85293","0","0","0","4649","58","0","537741","3","7","48"
"1","0.1","true","8.21","6","365","true","70","1","0.4","20.5","1","1.6","false","100","0","6.7","true","60","14","30","0","100","100","true","2.5","0","16","90","2","0","0","0","299","299","265","85293","0","0","0","4649","58","0","537741","3","7","48"
"1","0.1","true","8.21","6","365","true","70","1","0.4","20.5","1","1.6","false","100","0","6.7","true","60","14","30","0","100","100","true","2.5","0","16","90","2","0","0","0","299","299","266","85293","0","0","0","4649","58","0","537741","3","7","48"
"1","0.1","true","8.21","6","365","true","70","1","0.4","20.5","1","1.6","false","100","0","6.7","true","60","14","30","0","100","100","true","2.5","0","16","90","2","0","0","0","299","299","267","85293","0","0","0","4649","58","0","537741","3","7","48"
"1","0.1","true","8.21","6","365","true","70","1","0.4","20.5","1","1.6","false","100","0","6.7","true","60","14","30","0","100","100","true","2.5","0","16","90","2","0","0","0","299","299","268","85293","0","0","0","4649","58","0","537741","3","7","48"
"1","0.1","true","8.21","6","365","true","70","1","0.4","20.5","1","1.6","false","100","0","6.7","true","60","14","30","0","100","100","true","2.5","0","16","90","2","0","0","0","299","299","269","85293","0","0","0","4649","58","0","537741","3","7","48"
"1","0.1","true","8.21","6","365","true","70","1","0.4","20.5","1","1.6","false","100","0","6.7","true","60","14","30","0","100","100","true","2.5","0","16","90","2","0","0","0","299","299","270","85293","0","0","0","4649","58","0","537741","3","7","48"
"1","0.1","true","8.21","6","365","true","70","1","0.4","20.5","1","1.6","false","100","0","6.7","true","60","14","30","0","100","100","true","2.5","0","16","90","2","0","0","0","299","299","271","85293","0","0","0","4649","58","0","537741","3","7","48"
"1","0.1","true","8.21","6","365","true","70","1","0.4","20.5","1","1.6","false","100","0","6.7","true","60","14","30","0","100","100","true","2.5","0","16","90","2","0","0","0","299","299","272","85293","0","0","0","4649","58","0","537741","3","7","48"
"1","0.1","true","8.21","6","365","true","70","1","0.4","20.5","1","1.6","false","100","0","6.7","true","60","14","30","0","100","100","true","2.5","0","16","90","2","0","0","0","299","299","273","85293","0","0","0","4649","58","0","537741","3","7","48"
"1","0.1","true","8.21","6","365","true","70","1","0.4","20.5","1","1.6","false","100","0","6.7","true","60","14","30","0","100","100","true","2.5","0","16","90","2","0","0","0","299","299","274","85293","0","0","0","4649","58","0","537741","3","7","48"
"1","0.1","true","8.21","6","365","true","70","1","0.4","20.5","1","1.6","false","100","0","6.7","true","60","14","30","0","100","100","true","2.5","0","16","90","2","0","0","0","299","299","275","85293","0","0","0","4649","58","0","537741","3","7","48"
"1","0.1","true","8.21","6","365","true","70","1","0.4","20.5","1","1.6","false","100","0","6.7","true","60","14","30","0","100","100","true","2.5","0","16","90","2","0","0","0","299","299","276","85293","0","0","0","4649","58","0","537741","3","7","48"
"1","0.1","true","8.21","6","365","true","70","1","0.4","20.5","1","1.6","false","100","0","6.7","true","60","14","30","0","100","100","true","2.5","0","16","90","2","0","0","0","299","299","277","85293","0","0","0","4649","58","0","537741","3","7","48"
"1","0.1","true","8.21","6","365","true","70","1","0.4","20.5","1","1.6","false","100","0","6.7","true","60","14","30","0","100","100","true","2.5","0","16","90","2","0","0","0","299","299","278","85293","0","0","0","4649","58","0","537741","3","7","48"
"1","0.1","true","8.21","6","365","true","70","1","0.4","20.5","1","1.6","false","100","0","6.7","true","60","14","30","0","100","100","true","2.5","0","16","90","2","0","0","0","299","299","279","85293","0","0","0","4649","58","0","537741","3","7","48"
"1","0.1","true","8.21","6","365","true","70","1","0.4","20.5","1","1.6","false","100","0","6.7","true","60","14","30","0","100","100","true","2.5","0","16","90","2","0","0","0","299","299","280","85293","0","0","0","4649","58","0","537741","3","7","48"
"1","0.1","true","8.21","6","365","true","70","1","0.4","20.5","1","1.6","false","100","0","6.7","true","60","14","30","0","100","100","true","2.5","0","16","90","2","0","0","0","299","299","281","85293","0","0","0","4649","58","0","537741","3","7","48"
"1","0.1","true","8.21","6","365","true","70","1","0.4","20.5","1","1.6","false","100","0","6.7","true","60","14","30","0","100","100","true","2.5","0","16","90","2","0","0","0","299","299","282","85293","0","0","0","4649","58","0","537741","3","7","48"
"1","0.1","true","8.21","6","365","true","70","1","0.4","20.5","1","1.6","false","100","0","6.7","true","60","14","30","0","100","100","true","2.5","0","16","90","2","0","0","0","299","299","283","85293","0","0","0","4649","58","0","537741","3","7","48"
"1","0.1","true","8.21","6","365","true","70","1","0.4","20.5","1","1.6","false","100","0","6.7","true","60","14","30","0","100","100","true","2.5","0","16","90","2","0","0","0","299","299","284","85293","0","0","0","4649","58","0","537741","3","7","48"
"1","0.1","true","8.21","6","365","true","70","1","0.4","20.5","1","1.6","false","100","0","6.7","true","60","14","30","0","100","100","true","2.5","0","16","90","2","0","0","0","299","299","285","85293","0","0","0","4649","58","0","537741","3","7","48"
"1","0.1","true","8.21","6","365","true","70","1","0.4","20.5","1","1.6","false","100","0","6.7","true","60","14","30","0","100","100","true","2.5","0","16","90","2","0","0","0","299","299","286","85293","0","0","0","4649","58","0","537741","3","7","48"
"1","0.1","true","8.21","6","365","true","70","1","0.4","20.5","1","1.6","false","100","0","6.7","true","60","14","30","0","100","100","true","2.5","0","16","90","2","0","0","0","299","299","287","85293","0","0","0","4649","58","0","537741","3","7","48"
"1","0.1","true","8.21","6","365","true","70","1","0.4","20.5","1","1.6","false","100","0","6.7","true","60","14","30","0","100","100","true","2.5","0","16","90","2","0","0","0","299","299","288","85293","0","0","0","4649","58","0","537741","3","7","48"
"1","0.1","true","8.21","6","365","true","70","1","0.4","20.5","1","1.6","false","100","0","6.7","true","60","14","30","0","100","100","true","2.5","0","16","90","2","0","0","0","299","299","289","85293","0","0","0","4649","58","0","537741","3","7","48"
"1","0.1","true","8.21","6","365","true","70","1","0.4","20.5","1","1.6","false","100","0","6.7","true","60","14","30","0","100","100","true","2.5","0","16","90","2","0","0","0","299","299","290","85293","0","0","0","4649","58","0","537741","3","7","48"
"1","0.1","true","8.21","6","365","true","70","1","0.4","20.5","1","1.6","false","100","0","6.7","true","60","14","30","0","100","100","true","2.5","0","16","90","2","0","0","0","299","299","291","85293","0","0","0","4649","58","0","537741","3","7","48"
"1","0.1","true","8.21","6","365","true","70","1","0.4","20.5","1","1.6","false","100","0","6.7","true","60","14","30","0","100","100","true","2.5","0","16","90","2","0","0","0","299","299","292","85293","0","0","0","4649","58","0","537741","3","7","48"
"1","0.1","true","8.21","6","365","true","70","1","0.4","20.5","1","1.6","false","100","0","6.7","true","60","14","30","0","100","100","true","2.5","0","16","90","2","0","0","0","299","299","293","85293","0","0","0","4649","58","0","537741","3","7","48"
"1","0.1","true","8.21","6","365","true","70","1","0.4","20.5","1","1.6","false","100","0","6.7","true","60","14","30","0","100","100","true","2.5","0","16","90","2","0","0","0","299","299","294","85293","0","0","0","4649","58","0","537741","3","7","48"
"1","0.1","true","8.21","6","365","true","70","1","0.4","20.5","1","1.6","false","100","0","6.7","true","60","14","30","0","100","100","true","2.5","0","16","90","2","0","0","0","299","299","295","85293","0","0","0","4649","58","0","537741","3","7","48"
"1","0.1","true","8.21","6","365","true","70","1","0.4","20.5","1","1.6","false","100","0","6.7","true","60","14","30","0","100","100","true","2.5","0","16","90","2","0","0","0","299","299","296","85293","0","0","0","4649","58","0","537741","3","7","48"
"1","0.1","true","8.21","6","365","true","70","1","0.4","20.5","1","1.6","false","100","0","6.7","true","60","14","30","0","100","100","true","2.5","0","16","90","2","0","0","0","299","299","297","85293","0","0","0","4649","58","0","537741","3","7","48"
"1","0.1","true","8.21","6","365","true","70","1","0.4","20.5","1","1.6","false","100","0","6.7","true","60","14","30","0","100","100","true","2.5","0","16","90","2","0","0","0","299","299","298","85293","0","0","0","4649","58","0","537741","3","7","48"
"1","0.1","true","8.21","6","365","true","70","1","0.4","20.5","1","1.6","false","100","0","6.7","true","60","14","30","0","100","100","true","2.5","0","16","90","2","0","0","0","299","299","299","85293","0","0","0","4649","58","0","537741","3","7","48"
"1","0.1","true","8.21","6","365","true","70","1","0.4","20.5","1","1.6","false","100","0","6.7","true","60","14","30","0","100","100","true","2.5","0","16","90","2","0","0","0","299","299","300","85293","0","0","0","4649","58","0","537741","3","7","48"
"1","0.1","true","8.21","6","365","true","70","1","0.4","20.5","1","1.6","false","100","0","6.7","true","60","14","30","0","100","100","true","2.5","0","16","90","2","0","0","0","299","299","301","85293","0","0","0","4649","58","0","537741","3","7","48"
"1","0.1","true","8.21","6","365","true","70","1","0.4","20.5","1","1.6","false","100","0","6.7","true","60","14","30","0","100","100","true","2.5","0","16","90","2","0","0","0","299","299","302","85293","0","0","0","4649","58","0","537741","3","7","48"
"1","0.1","true","8.21","6","365","true","70","1","0.4","20.5","1","1.6","false","100","0","6.7","true","60","14","30","0","100","100","true","2.5","0","16","90","2","0","0","0","299","299","303","85293","0","0","0","4649","58","0","537741","3","7","48"
"1","0.1","true","8.21","6","365","true","70","1","0.4","20.5","1","1.6","false","100","0","6.7","true","60","14","30","0","100","100","true","2.5","0","16","90","2","0","0","0","299","299","304","85293","0","0","0","4649","58","0","537741","3","7","48"
"1","0.1","true","8.21","6","365","true","70","1","0.4","20.5","1","1.6","false","100","0","6.7","true","60","14","30","0","100","100","true","2.5","0","16","90","2","0","0","0","299","299","305","85293","0","0","0","4649","58","0","537741","3","7","48"
"1","0.1","true","8.21","6","365","true","70","1","0.4","20.5","1","1.6","false","100","0","6.7","true","60","14","30","0","100","100","true","2.5","0","16","90","2","0","0","0","299","299","306","85293","0","0","0","4649","58","0","537741","3","7","48"
"1","0.1","true","8.21","6","365","true","70","1","0.4","20.5","1","1.6","false","100","0","6.7","true","60","14","30","0","100","100","true","2.5","0","16","90","2","0","0","0","299","299","307","85293","0","0","0","4649","58","0","537741","3","7","48"
"1","0.1","true","8.21","6","365","true","70","1","0.4","20.5","1","1.6","false","100","0","6.7","true","60","14","30","0","100","100","true","2.5","0","16","90","2","0","0","0","299","299","308","85293","0","0","0","4649","58","0","537741","3","7","48"
"1","0.1","true","8.21","6","365","true","70","1","0.4","20.5","1","1.6","false","100","0","6.7","true","60","14","30","0","100","100","true","2.5","0","16","90","2","0","0","0","299","299","309","85293","0","0","0","4649","58","0","537741","3","7","48"
"1","0.1","true","8.21","6","365","true","70","1","0.4","20.5","1","1.6","false","100","0","6.7","true","60","14","30","0","100","100","true","2.5","0","16","90","2","0","0","0","299","299","310","85293","0","0","0","4649","58","0","537741","3","7","48"
"1","0.1","true","8.21","6","365","true","70","1","0.4","20.5","1","1.6","false","100","0","6.7","true","60","14","30","0","100","100","true","2.5","0","16","90","2","0","0","0","299","299","311","85293","0","0","0","4649","58","0","537741","3","7","48"
"1","0.1","true","8.21","6","365","true","70","1","0.4","20.5","1","1.6","false","100","0","6.7","true","60","14","30","0","100","100","true","2.5","0","16","90","2","0","0","0","299","299","312","85293","0","0","0","4649","58","0","537741","3","7","48"
"1","0.1","true","8.21","6","365","true","70","1","0.4","20.5","1","1.6","false","100","0","6.7","true","60","14","30","0","100","100","true","2.5","0","16","90","2","0","0","0","299","299","313","85293","0","0","0","4649","58","0","537741","3","7","48"
"1","0.1","true","8.21","6","365","true","70","1","0.4","20.5","1","1.6","false","100","0","6.7","true","60","14","30","0","100","100","true","2.5","0","16","90","2","0","0","0","299","299","314","85293","0","0","0","4649","58","0","537741","3","7","48"
"1","0.1","true","8.21","6","365","true","70","1","0.4","20.5","1","1.6","false","100","0","6.7","true","60","14","30","0","100","100","true","2.5","0","16","90","2","0","0","0","299","299","315","85293","0","0","0","4649","58","0","537741","3","7","48"
"1","0.1","true","8.21","6","365","true","70","1","0.4","20.5","1","1.6","false","100","0","6.7","true","60","14","30","0","100","100","true","2.5","0","16","90","2","0","0","0","299","299","316","85293","0","0","0","4649","58","0","537741","3","7","48"
"1","0.1","true","8.21","6","365","true","70","1","0.4","20.5","1","1.6","false","100","0","6.7","true","60","14","30","0","100","100","true","2.5","0","16","90","2","0","0","0","299","299","317","85293","0","0","0","4649","58","0","537741","3","7","48"
"1","0.1","true","8.21","6","365","true","70","1","0.4","20.5","1","1.6","false","100","0","6.7","true","60","14","30","0","100","100","true","2.5","0","16","90","2","0","0","0","299","299","318","85293","0","0","0","4649","58","0","537741","3","7","48"
"1","0.1","true","8.21","6","365","true","70","1","0.4","20.5","1","1.6","false","100","0","6.7","true","60","14","30","0","100","100","true","2.5","0","16","90","2","0","0","0","299","299","319","85293","0","0","0","4649","58","0","537741","3","7","48"
"1","0.1","true","8.21","6","365","true","70","1","0.4","20.5","1","1.6","false","100","0","6.7","true","60","14","30","0","100","100","true","2.5","0","16","90","2","0","0","0","299","299","320","85293","0","0","0","4649","58","0","537741","3","7","48"
"1","0.1","true","8.21","6","365","true","70","1","0.4","20.5","1","1.6","false","100","0","6.7","true","60","14","30","0","100","100","true","2.5","0","16","90","2","0","0","0","299","299","321","85293","0","0","0","4649","58","0","537741","3","7","48"
"1","0.1","true","8.21","6","365","true","70","1","0.4","20.5","1","1.6","false","100","0","6.7","true","60","14","30","0","100","100","true","2.5","0","16","90","2","0","0","0","299","299","322","85293","0","0","0","4649","58","0","537741","3","7","48"
"1","0.1","true","8.21","6","365","true","70","1","0.4","20.5","1","1.6","false","100","0","6.7","true","60","14","30","0","100","100","true","2.5","0","16","90","2","0","0","0","299","299","323","85293","0","0","0","4649","58","0","537741","3","7","48"
"1","0.1","true","8.21","6","365","true","70","1","0.4","20.5","1","1.6","false","100","0","6.7","true","60","14","30","0","100","100","true","2.5","0","16","90","2","0","0","0","299","299","324","85293","0","0","0","4649","58","0","537741","3","7","48"
"1","0.1","true","8.21","6","365","true","70","1","0.4","20.5","1","1.6","false","100","0","6.7","true","60","14","30","0","100","100","true","2.5","0","16","90","2","0","0","0","299","299","325","85293","0","0","0","4649","58","0","537741","3","7","48"
"1","0.1","true","8.21","6","365","true","70","1","0.4","20.5","1","1.6","false","100","0","6.7","true","60","14","30","0","100","100","true","2.5","0","16","90","2","0","0","0","299","299","326","85293","0","0","0","4649","58","0","537741","3","7","48"
"1","0.1","true","8.21","6","365","true","70","1","0.4","20.5","1","1.6","false","100","0","6.7","true","60","14","30","0","100","100","true","2.5","0","16","90","2","0","0","0","299","299","327","85293","0","0","0","4649","58","0","537741","3","7","48"
"1","0.1","true","8.21","6","365","true","70","1","0.4","20.5","1","1.6","false","100","0","6.7","true","60","14","30","0","100","100","true","2.5","0","16","90","2","0","0","0","299","299","328","85293","0","0","0","4649","58","0","537741","3","7","48"
"1","0.1","true","8.21","6","365","true","70","1","0.4","20.5","1","1.6","false","100","0","6.7","true","60","14","30","0","100","100","true","2.5","0","16","90","2","0","0","0","299","299","329","85293","0","0","0","4649","58","0","537741","3","7","48"
"1","0.1","true","8.21","6","365","true","70","1","0.4","20.5","1","1.6","false","100","0","6.7","true","60","14","30","0","100","100","true","2.5","0","16","90","2","0","0","0","299","299","330","85294","0","0","0","4648","58","0","537741","3","7","48"
"1","0.1","true","8.21","6","365","true","70","1","0.4","20.5","1","1.6","false","100","0","6.7","true","60","14","30","0","100","100","true","2.5","0","16","90","2","0","0","0","299","299","331","85294","0","0","0","4648","58","0","537741","3","7","48"
"1","0.1","true","8.21","6","365","true","70","1","0.4","20.5","1","1.6","false","100","0","6.7","true","60","14","30","0","100","100","true","2.5","0","16","90","2","0","0","0","299","299","332","85294","0","0","0","4648","58","0","537741","3","7","48"
"1","0.1","true","8.21","6","365","true","70","1","0.4","20.5","1","1.6","false","100","0","6.7","true","60","14","30","0","100","100","true","2.5","0","16","90","2","0","0","0","299","299","333","85295","0","0","0","4647","58","0","537741","3","7","48"
"1","0.1","true","8.21","6","365","true","70","1","0.4","20.5","1","1.6","false","100","0","6.7","true","60","14","30","0","100","100","true","2.5","0","16","90","2","0","0","0","299","299","334","85295","0","0","0","4647","58","0","537741","3","7","48"
"1","0.1","true","8.21","6","365","true","70","1","0.4","20.5","1","1.6","false","100","0","6.7","true","60","14","30","0","100","100","true","2.5","0","16","90","2","0","0","0","299","299","335","85296","0","0","0","4646","58","0","537741","3","7","48"
"1","0.1","true","8.21","6","365","true","70","1","0.4","20.5","1","1.6","false","100","0","6.7","true","60","14","30","0","100","100","true","2.5","0","16","90","2","0","0","0","299","299","336","85296","0","0","0","4646","58","0","537741","3","7","48"
"1","0.1","true","8.21","6","365","true","70","1","0.4","20.5","1","1.6","false","100","0","6.7","true","60","14","30","0","100","100","true","2.5","0","16","90","2","0","0","0","299","299","337","85296","0","0","0","4646","58","0","537741","3","7","48"
"1","0.1","true","8.21","6","365","true","70","1","0.4","20.5","1","1.6","false","100","0","6.7","true","60","14","30","0","100","100","true","2.5","0","16","90","2","0","0","0","299","299","338","85297","0","0","0","4645","58","0","537741","3","7","48"
"1","0.1","true","8.21","6","365","true","70","1","0.4","20.5","1","1.6","false","100","0","6.7","true","60","14","30","0","100","100","true","2.5","0","16","90","2","0","0","0","299","299","339","85297","0","0","0","4645","58","0","537741","3","7","48"
"1","0.1","true","8.21","6","365","true","70","1","0.4","20.5","1","1.6","false","100","0","6.7","true","60","14","30","0","100","100","true","2.5","0","16","90","2","0","0","0","299","299","340","85297","0","0","0","4645","58","0","537741","3","7","48"
"1","0.1","true","8.21","6","365","true","70","1","0.4","20.5","1","1.6","false","100","0","6.7","true","60","14","30","0","100","100","true","2.5","0","16","90","2","0","0","0","299","299","341","85297","0","0","0","4645","58","0","537741","3","7","48"
"1","0.1","true","8.21","6","365","true","70","1","0.4","20.5","1","1.6","false","100","0","6.7","true","60","14","30","0","100","100","true","2.5","0","16","90","2","0","0","0","299","299","342","85299","0","0","0","4643","58","0","537741","3","7","48"
"1","0.1","true","8.21","6","365","true","70","1","0.4","20.5","1","1.6","false","100","0","6.7","true","60","14","30","0","100","100","true","2.5","0","16","90","2","0","0","0","299","299","343","85301","0","0","0","4641","58","0","537741","3","7","48"
"1","0.1","true","8.21","6","365","true","70","1","0.4","20.5","1","1.6","false","100","0","6.7","true","60","14","30","0","100","100","true","2.5","0","16","90","2","0","0","0","299","299","344","85304","0","0","0","4638","58","0","537741","3","7","48"
"1","0.1","true","8.21","6","365","true","70","1","0.4","20.5","1","1.6","false","100","0","6.7","true","60","14","30","0","100","100","true","2.5","0","16","90","2","0","0","0","299","299","345","85305","0","0","0","4637","58","0","537741","3","7","48"
"1","0.1","true","8.21","6","365","true","70","1","0.4","20.5","1","1.6","false","100","0","6.7","true","60","14","30","0","100","100","true","2.5","0","16","90","2","0","0","0","299","299","346","85308","0","0","0","4634","58","0","537741","3","7","48"
"1","0.1","true","8.21","6","365","true","70","1","0.4","20.5","1","1.6","false","100","0","6.7","true","60","14","30","0","100","100","true","2.5","0","16","90","2","0","0","0","299","299","347","85313","0","0","0","4629","58","0","537741","3","7","48"
"1","0.1","true","8.21","6","365","true","70","1","0.4","20.5","1","1.6","false","100","0","6.7","true","60","14","30","0","100","100","true","2.5","0","16","90","2","0","0","0","299","299","348","85316","0","0","0","4626","58","0","537741","3","7","48"
"1","0.1","true","8.21","6","365","true","70","1","0.4","20.5","1","1.6","false","100","0","6.7","true","60","14","30","0","100","100","true","2.5","0","16","90","2","0","0","0","299","299","349","85321","0","0","0","4621","58","0","537741","3","7","48"
"1","0.1","true","8.21","6","365","true","70","1","0.4","20.5","1","1.6","false","100","0","6.7","true","60","14","30","0","100","100","true","2.5","0","16","90","2","0","0","0","299","299","350","85328","0","0","0","4614","58","0","537741","3","7","48"
"1","0.1","true","8.21","6","365","true","70","1","0.4","20.5","1","1.6","false","100","0","6.7","true","60","14","30","0","100","100","true","2.5","0","16","90","2","0","0","0","299","299","351","85335","0","0","0","4607","58","0","537741","3","7","48"
"1","0.1","true","8.21","6","365","true","70","1","0.4","20.5","1","1.6","false","100","0","6.7","true","60","14","30","0","100","100","true","2.5","0","16","90","2","0","0","0","299","299","352","85344","0","0","0","4598","58","0","537741","3","7","48"
"1","0.1","true","8.21","6","365","true","70","1","0.4","20.5","1","1.6","false","100","0","6.7","true","60","14","30","0","100","100","true","2.5","0","16","90","2","0","0","0","299","299","353","85352","0","0","0","4590","58","0","537741","3","7","48"
"1","0.1","true","8.21","6","365","true","70","1","0.4","20.5","1","1.6","false","100","0","6.7","true","60","14","30","0","100","100","true","2.5","0","16","90","2","0","0","0","299","299","354","85361","0","0","0","4581","58","0","537741","3","7","48"
"1","0.1","true","8.21","6","365","true","70","1","0.4","20.5","1","1.6","false","100","0","6.7","true","60","14","30","0","100","100","true","2.5","0","16","90","2","0","0","0","299","299","355","85367","0","0","0","4575","58","0","537741","3","7","48"
"1","0.1","true","8.21","6","365","true","70","1","0.4","20.5","1","1.6","false","100","0","6.7","true","60","14","30","0","100","100","true","2.5","0","16","90","2","0","0","0","299","299","356","85370","0","0","0","4572","58","0","537741","3","7","48"
"1","0.1","true","8.21","6","365","true","70","1","0.4","20.5","1","1.6","false","100","0","6.7","true","60","14","30","0","100","100","true","2.5","0","16","90","2","0","0","0","299","299","357","85379","0","0","0","4563","58","0","537741","3","7","48"
"1","0.1","true","8.21","6","365","true","70","1","0.4","20.5","1","1.6","false","100","0","6.7","true","60","14","30","0","100","100","true","2.5","0","16","90","2","0","0","0","299","299","358","85398","0","0","0","4544","58","0","537741","3","7","48"
"1","0.1","true","8.21","6","365","true","70","1","0.4","20.5","1","1.6","false","100","0","6.7","true","60","14","30","0","100","100","true","2.5","0","16","90","2","0","0","0","299","299","359","85409","0","0","0","4533","58","0","537741","3","7","48"
"1","0.1","true","8.21","6","365","true","70","1","0.4","20.5","1","1.6","false","100","0","6.7","true","60","14","30","0","100","100","true","2.5","0","16","90","2","0","0","0","299","299","360","85430","0","0","0","4512","58","0","537741","3","7","48"
"1","0.1","true","8.21","6","365","true","70","1","0.4","20.5","1","1.6","false","100","0","6.7","true","60","14","30","0","100","100","true","2.5","0","16","90","2","0","0","0","299","299","361","85451","0","0","0","4491","58","0","537741","3","7","48"
"1","0.1","true","8.21","6","365","true","70","1","0.4","20.5","1","1.6","false","100","0","6.7","true","60","14","30","0","100","100","true","2.5","0","16","90","2","0","0","0","299","299","362","85471","0","0","0","4471","58","0","537741","3","7","48"
"1","0.1","true","8.21","6","365","true","70","1","0.4","20.5","1","1.6","false","100","0","6.7","true","60","14","30","0","100","100","true","2.5","0","16","90","2","0","0","0","299","299","363","85494","0","0","0","4448","58","0","537741","3","7","48"
"1","0.1","true","8.21","6","365","true","70","1","0.4","20.5","1","1.6","false","100","0","6.7","true","60","14","30","0","100","100","true","2.5","0","16","90","2","0","0","0","299","299","364","85520","0","0","0","4422","58","0","537741","3","7","48"
"1","0.1","true","8.21","6","365","true","70","1","0.4","20.5","1","1.6","false","100","0","6.7","true","60","14","30","0","100","100","true","2.5","0","16","90","2","0","0","0","299","299","365","85545","0","0","0","4397","58","0","537741","3","7","48"
