"BehaviorSpace results (NetLogo 6.1.1)"
"model.nlogo"
"ld-only-opt-new"
"07/10/2020 17:56:18:993 +0100"
"min-pxcor","max-pxcor","min-pycor","max-pycor"
"0","49","0","49"
"[run number]","initial-inf","duration","imposed-lockdown?","personal-protection?","isolate-symptomatics?","test-and-trace?","shield-vulnerable?","closed-system?","lose-immunity?","lockdown-threshold","protection-threshold","isolate-threshold","testtrace-threshold","shield-threshold","lockdown-strictness","protection-strength","isolation-strictness","travel-strictness","shield-adherance","sym-test-coverage","asym-test-coverage","p-infect-init","p-death","z-contact-min","asym-infections","incubation-mean","incubation-stdev","recovery-mean","recovery-stdev","death-mean","death-stdev","immunity-mean","iso-countdown-max","mean-iso-reduction","min-pxcor","min-pycor","max-pxcor","max-pycor","[step]","count susceptibles","count exposeds","count symptomatics","count asymptomatics","count recovereds","count deads","count.locked","currently-locked?","num-contacts","dead-0-29","dead-30-59","dead-60+","count-infecteds-0-29","count-infecteds-30-59","count-infecteds-60+"
"1","0.1","3","true","false","false","false","false","false","true","0.1","1","1","1","1","75","0","0","100","0","0","0","30","2.5","2","60","1.6","0.4","20.5","6.7","16","8.21","365","14","1","0","0","299","299","0","89910","90","0","0","0","0","0","false","0","0","0","0","0","0","0"
"1","0.1","3","true","false","false","false","false","false","true","0.1","1","1","1","1","75","0","0","100","0","0","0","30","2.5","2","60","1.6","0.4","20.5","6.7","16","8.21","365","14","1","0","0","299","299","1","89910","80","0","10","0","0","0","false","538482","0","0","0","0","3","0"
"1","0.1","3","true","false","false","false","false","false","true","0.1","1","1","1","1","75","0","0","100","0","0","0","30","2.5","2","60","1.6","0.4","20.5","6.7","16","8.21","365","14","1","0","0","299","299","2","89871","106","0","23","0","0","0","false","538482","0","0","0","1","6","2"
"1","0.1","3","true","false","false","false","false","false","true","0.1","1","1","1","1","75","0","0","100","0","0","0","30","2.5","2","60","1.6","0.4","20.5","6.7","16","8.21","365","14","1","0","0","299","299","3","89789","161","2","48","0","0","0","false","538482","0","0","0","9","10","6"
"1","0.1","3","true","false","false","false","false","false","true","0.1","1","1","1","1","75","0","0","100","0","0","0","30","2.5","2","60","1.6","0.4","20.5","6.7","16","8.21","365","14","1","0","0","299","299","4","89648","280","7","65","0","0","0","false","538482","0","0","0","16","16","10"
"1","0.1","3","true","false","false","false","false","false","true","0.1","1","1","1","1","75","0","0","100","0","0","0","30","2.5","2","60","1.6","0.4","20.5","6.7","16","8.21","365","14","1","0","0","299","299","5","89474","406","14","106","0","0","0","false","538482","0","0","0","34","35","16"
"1","0.1","3","true","false","false","false","false","false","true","0.1","1","1","1","1","75","0","0","100","0","0","0","30","2.5","2","60","1.6","0.4","20.5","6.7","16","8.21","365","14","1","0","0","299","299","6","89268","555","25","152","0","0","0","false","538482","0","0","0","55","48","22"
"1","0.1","3","true","false","false","false","false","false","true","0.1","1","1","1","1","75","0","0","100","0","0","0","30","2.5","2","60","1.6","0.4","20.5","6.7","16","8.21","365","14","1","0","0","299","299","7","89020","717","37","226","0","0","0","false","538482","0","0","0","79","73","33"
"1","0.1","3","true","false","false","false","false","false","true","0.1","1","1","1","1","75","0","0","100","0","0","0","30","2.5","2","60","1.6","0.4","20.5","6.7","16","8.21","365","14","1","0","0","299","299","8","88736","880","53","331","0","0","0","false","538482","0","0","0","108","110","56"
"1","0.1","3","true","false","false","false","false","false","true","0.1","1","1","1","1","75","0","0","100","0","0","0","30","2.5","2","60","1.6","0.4","20.5","6.7","16","8.21","365","14","1","0","0","299","299","9","88401","1049","84","466","0","0","0","false","538482","0","0","0","151","165","86"
"1","0.1","3","true","false","false","false","false","false","true","0.1","1","1","1","1","75","0","0","100","0","0","0","30","2.5","2","60","1.6","0.4","20.5","6.7","16","8.21","365","14","1","0","0","299","299","10","88013","1216","119","652","0","0","67332","true","538482","0","0","0","215","234","133"
"1","0.1","3","true","false","false","false","false","false","true","0.1","1","1","1","1","75","0","0","100","0","0","0","30","2.5","2","60","1.6","0.4","20.5","6.7","16","8.21","365","14","1","0","0","299","299","11","87971","1034","169","826","0","0","67332","true","34244","0","0","0","277","304","176"
"1","0.1","3","true","false","false","false","false","false","true","0.1","1","1","1","1","75","0","0","100","0","0","0","30","2.5","2","60","1.6","0.4","20.5","6.7","16","8.21","365","14","1","0","0","299","299","12","87922","814","229","1035","0","0","67332","true","34244","0","0","0","358","415","215"
"1","0.1","3","true","false","false","false","false","false","true","0.1","1","1","1","1","75","0","0","100","0","0","0","30","2.5","2","60","1.6","0.4","20.5","6.7","16","8.21","365","14","1","0","0","299","299","13","87871","640","318","1171","0","0","67332","true","34244","0","0","0","435","503","276"
"1","0.1","3","true","false","false","false","false","false","true","0.1","1","1","1","1","75","0","0","100","0","0","0","30","2.5","2","60","1.6","0.4","20.5","6.7","16","8.21","365","14","1","0","0","299","299","14","87803","503","407","1287","0","0","67332","true","34244","0","0","0","525","584","317"
"1","0.1","3","true","false","false","false","false","false","true","0.1","1","1","1","1","75","0","0","100","0","0","0","30","2.5","2","60","1.6","0.4","20.5","6.7","16","8.21","365","14","1","0","0","299","299","15","87722","433","507","1337","0","1","67332","true","34244","0","0","1","589","656","362"
"1","0.1","3","true","false","false","false","false","false","true","0.1","1","1","1","1","75","0","0","100","0","0","0","30","2.5","2","60","1.6","0.4","20.5","6.7","16","8.21","365","14","1","0","0","299","299","16","87655","383","584","1377","0","1","67332","true","34240","0","0","1","644","712","394"
"1","0.1","3","true","false","false","false","false","false","true","0.1","1","1","1","1","75","0","0","100","0","0","0","30","2.5","2","60","1.6","0.4","20.5","6.7","16","8.21","365","14","1","0","0","299","299","17","87600","343","665","1388","3","1","67332","true","34240","0","0","1","699","766","420"
"1","0.1","3","true","false","false","false","false","false","true","0.1","1","1","1","1","75","0","0","100","0","0","0","30","2.5","2","60","1.6","0.4","20.5","6.7","16","8.21","365","14","1","0","0","299","299","18","87545","305","743","1399","7","1","67332","true","34240","0","0","1","753","818","444"
"1","0.1","3","true","false","false","false","false","false","true","0.1","1","1","1","1","75","0","0","100","0","0","0","30","2.5","2","60","1.6","0.4","20.5","6.7","16","8.21","365","14","1","0","0","299","299","19","87479","295","790","1426","9","1","67332","true","34240","0","0","1","782","854","463"
"1","0.1","3","true","false","false","false","false","false","true","0.1","1","1","1","1","75","0","0","100","0","0","0","30","2.5","2","60","1.6","0.4","20.5","6.7","16","8.21","365","14","1","0","0","299","299","20","87408","294","835","1442","20","1","67332","true","34240","0","0","1","807","893","487"
"1","0.1","3","true","false","false","false","false","false","true","0.1","1","1","1","1","75","0","0","100","0","0","0","30","2.5","2","60","1.6","0.4","20.5","6.7","16","8.21","365","14","1","0","0","299","299","21","87337","294","873","1460","35","1","67332","true","34240","0","0","1","846","926","503"
"1","0.1","3","true","false","false","false","false","false","true","0.1","1","1","1","1","75","0","0","100","0","0","0","30","2.5","2","60","1.6","0.4","20.5","6.7","16","8.21","365","14","1","0","0","299","299","22","87271","290","903","1481","51","4","67331","true","34240","0","1","3","873","950","521"
"1","0.1","3","true","false","false","false","false","false","true","0.1","1","1","1","1","75","0","0","100","0","0","0","30","2.5","2","60","1.6","0.4","20.5","6.7","16","8.21","365","14","1","0","0","299","299","23","87212","278","930","1501","74","5","67330","true","34236","1","1","3","901","976","538"
"1","0.1","3","true","false","false","false","false","false","true","0.1","1","1","1","1","75","0","0","100","0","0","0","30","2.5","2","60","1.6","0.4","20.5","6.7","16","8.21","365","14","1","0","0","299","299","24","87148","275","956","1512","104","5","67330","true","34236","1","1","3","922","1004","566"
"1","0.1","3","true","false","false","false","false","false","true","0.1","1","1","1","1","75","0","0","100","0","0","0","30","2.5","2","60","1.6","0.4","20.5","6.7","16","8.21","365","14","1","0","0","299","299","25","87084","277","973","1503","157","6","67329","true","34236","1","1","4","949","1027","579"
"1","0.1","3","true","false","false","false","false","false","true","0.1","1","1","1","1","75","0","0","100","0","0","0","30","2.5","2","60","1.6","0.4","20.5","6.7","16","8.21","365","14","1","0","0","299","299","26","87032","262","996","1484","218","8","67329","true","34236","2","1","5","981","1057","595"
"1","0.1","3","true","false","false","false","false","false","true","0.1","1","1","1","1","75","0","0","100","0","0","0","30","2.5","2","60","1.6","0.4","20.5","6.7","16","8.21","365","14","1","0","0","299","299","27","86984","247","989","1465","307","8","67329","true","34230","2","1","5","998","1087","606"
"1","0.1","3","true","false","false","false","false","false","true","0.1","1","1","1","1","75","0","0","100","0","0","0","30","2.5","2","60","1.6","0.4","20.5","6.7","16","8.21","365","14","1","0","0","299","299","28","86917","256","980","1435","404","8","67329","true","34230","2","1","5","1016","1114","620"
"1","0.1","3","true","false","false","false","false","false","true","0.1","1","1","1","1","75","0","0","100","0","0","0","30","2.5","2","60","1.6","0.4","20.5","6.7","16","8.21","365","14","1","0","0","299","299","29","86855","256","984","1403","489","13","67325","true","34230","3","1","9","1040","1141","632"
"1","0.1","3","true","false","false","false","false","false","true","0.1","1","1","1","1","75","0","0","100","0","0","0","30","2.5","2","60","1.6","0.4","20.5","6.7","16","8.21","365","14","1","0","0","299","299","30","86782","274","980","1377","573","14","67324","true","34227","4","1","9","1064","1159","645"
"1","0.1","3","true","false","false","false","false","false","true","0.1","1","1","1","1","75","0","0","100","0","0","0","30","2.5","2","60","1.6","0.4","20.5","6.7","16","8.21","365","14","1","0","0","299","299","31","86731","256","959","1354","685","15","67323","true","34227","4","1","10","1087","1186","657"
"1","0.1","3","true","false","false","false","false","false","true","0.1","1","1","1","1","75","0","0","100","0","0","0","30","2.5","2","60","1.6","0.4","20.5","6.7","16","8.21","365","14","1","0","0","299","299","32","86676","255","946","1311","797","15","67323","true","34227","4","1","10","1110","1206","676"
"1","0.1","3","true","false","false","false","false","false","true","0.1","1","1","1","1","75","0","0","100","0","0","0","30","2.5","2","60","1.6","0.4","20.5","6.7","16","8.21","365","14","1","0","0","299","299","33","86617","261","930","1245","932","15","67323","true","34227","4","1","10","1127","1233","690"
"1","0.1","3","true","false","false","false","false","false","true","0.1","1","1","1","1","75","0","0","100","0","0","0","30","2.5","2","60","1.6","0.4","20.5","6.7","16","8.21","365","14","1","0","0","299","299","34","86573","242","903","1208","1058","16","67322","true","34227","4","1","11","1153","1257","703"
"1","0.1","3","true","false","false","false","false","false","true","0.1","1","1","1","1","75","0","0","100","0","0","0","30","2.5","2","60","1.6","0.4","20.5","6.7","16","8.21","365","14","1","0","0","299","299","35","86511","236","875","1171","1191","16","67322","true","34227","4","1","11","1168","1289","723"
"1","0.1","3","true","false","false","false","false","false","true","0.1","1","1","1","1","75","0","0","100","0","0","0","30","2.5","2","60","1.6","0.4","20.5","6.7","16","8.21","365","14","1","0","0","299","299","36","86447","239","852","1139","1306","17","67321","true","34227","4","1","12","1182","1314","742"
"1","0.1","3","true","false","false","false","false","false","true","0.1","1","1","1","1","75","0","0","100","0","0","0","30","2.5","2","60","1.6","0.4","20.5","6.7","16","8.21","365","14","1","0","0","299","299","37","86390","247","818","1102","1424","19","67319","true","34227","4","2","13","1200","1339","754"
"1","0.1","3","true","false","false","false","false","false","true","0.1","1","1","1","1","75","0","0","100","0","0","0","30","2.5","2","60","1.6","0.4","20.5","6.7","16","8.21","365","14","1","0","0","299","299","38","86342","228","785","1082","1541","22","67316","true","34227","4","4","14","1226","1371","766"
"1","0.1","3","true","false","false","false","false","false","true","0.1","1","1","1","1","75","0","0","100","0","0","0","30","2.5","2","60","1.6","0.4","20.5","6.7","16","8.21","365","14","1","0","0","299","299","39","86274","230","742","1063","1665","26","67313","true","34227","4","5","17","1244","1393","777"
"1","0.1","3","true","false","false","false","false","false","true","0.1","1","1","1","1","75","0","0","100","0","0","0","30","2.5","2","60","1.6","0.4","20.5","6.7","16","8.21","365","14","1","0","0","299","299","40","86218","232","713","1030","1779","28","67312","true","34223","4","5","19","1264","1422","790"
"1","0.1","3","true","false","false","false","false","false","true","0.1","1","1","1","1","75","0","0","100","0","0","0","30","2.5","2","60","1.6","0.4","20.5","6.7","16","8.21","365","14","1","0","0","299","299","41","86169","219","683","992","1904","33","67309","true","34219","4","7","22","1286","1447","804"
"1","0.1","3","true","false","false","false","false","false","true","0.1","1","1","1","1","75","0","0","100","0","0","0","30","2.5","2","60","1.6","0.4","20.5","6.7","16","8.21","365","14","1","0","0","299","299","42","86104","237","660","967","1997","35","67309","true","34211","4","8","23","1308","1466","812"
"1","0.1","3","true","false","false","false","false","false","true","0.1","1","1","1","1","75","0","0","100","0","0","0","30","2.5","2","60","1.6","0.4","20.5","6.7","16","8.21","365","14","1","0","0","299","299","43","86040","252","653","930","2088","37","67308","true","34204","4","8","25","1341","1484","826"
"1","0.1","3","true","false","false","false","false","false","true","0.1","1","1","1","1","75","0","0","100","0","0","0","30","2.5","2","60","1.6","0.4","20.5","6.7","16","8.21","365","14","1","0","0","299","299","44","85987","247","632","913","2183","38","67308","true","34200","4","9","25","1360","1512","838"
"1","0.1","3","true","false","false","false","false","false","true","0.1","1","1","1","1","75","0","0","100","0","0","0","30","2.5","2","60","1.6","0.4","20.5","6.7","16","8.21","365","14","1","0","0","299","299","45","85943","237","609","893","2280","38","67308","true","34196","4","9","25","1379","1530","849"
"1","0.1","3","true","false","false","false","false","false","true","0.1","1","1","1","1","75","0","0","100","0","0","0","30","2.5","2","60","1.6","0.4","20.5","6.7","16","8.21","365","14","1","0","0","299","299","46","85892","232","595","890","2352","39","67308","true","34196","4","9","26","1397","1547","867"
"1","0.1","3","true","false","false","false","false","false","true","0.1","1","1","1","1","75","0","0","100","0","0","0","30","2.5","2","60","1.6","0.4","20.5","6.7","16","8.21","365","14","1","0","0","299","299","47","85847","225","580","871","2437","40","67307","true","34192","4","9","27","1420","1567","876"
"1","0.1","3","true","false","false","false","false","false","true","0.1","1","1","1","1","75","0","0","100","0","0","0","30","2.5","2","60","1.6","0.4","20.5","6.7","16","8.21","365","14","1","0","0","299","299","48","85793","217","559","867","2523","41","67306","true","34192","4","9","28","1439","1588","891"
"1","0.1","3","true","false","false","false","false","false","true","0.1","1","1","1","1","75","0","0","100","0","0","0","30","2.5","2","60","1.6","0.4","20.5","6.7","16","8.21","365","14","1","0","0","299","299","49","85739","219","547","857","2594","44","67306","true","34192","5","9","30","1458","1600","906"
"1","0.1","3","true","false","false","false","false","false","true","0.1","1","1","1","1","75","0","0","100","0","0","0","30","2.5","2","60","1.6","0.4","20.5","6.7","16","8.21","365","14","1","0","0","299","299","50","85681","226","547","838","2664","44","67306","true","34182","5","9","30","1483","1621","917"
"1","0.1","3","true","false","false","false","false","false","true","0.1","1","1","1","1","75","0","0","100","0","0","0","30","2.5","2","60","1.6","0.4","20.5","6.7","16","8.21","365","14","1","0","0","299","299","51","85628","229","540","816","2743","44","67306","true","34182","5","9","30","1502","1643","932"
"1","0.1","3","true","false","false","false","false","false","true","0.1","1","1","1","1","75","0","0","100","0","0","0","30","2.5","2","60","1.6","0.4","20.5","6.7","16","8.21","365","14","1","0","0","299","299","52","85576","230","537","808","2804","45","67306","true","34182","5","9","31","1521","1666","949"
"1","0.1","3","true","false","false","false","false","false","true","0.1","1","1","1","1","75","0","0","100","0","0","0","30","2.5","2","60","1.6","0.4","20.5","6.7","16","8.21","365","14","1","0","0","299","299","53","85534","212","530","805","2874","45","67306","true","34180","5","9","31","1539","1687","961"
"1","0.1","3","true","false","false","false","false","false","true","0.1","1","1","1","1","75","0","0","100","0","0","0","30","2.5","2","60","1.6","0.4","20.5","6.7","16","8.21","365","14","1","0","0","299","299","54","85472","221","532","796","2932","47","67306","true","34180","5","9","33","1555","1712","978"
"1","0.1","3","true","false","false","false","false","false","true","0.1","1","1","1","1","75","0","0","100","0","0","0","30","2.5","2","60","1.6","0.4","20.5","6.7","16","8.21","365","14","1","0","0","299","299","55","85407","230","522","805","2988","48","67306","true","34171","5","9","34","1576","1734","986"
"1","0.1","3","true","false","false","false","false","false","true","0.1","1","1","1","1","75","0","0","100","0","0","0","30","2.5","2","60","1.6","0.4","20.5","6.7","16","8.21","365","14","1","0","0","299","299","56","85347","248","513","793","3049","50","67306","true","34167","5","9","36","1587","1750","997"
"1","0.1","3","true","false","false","false","false","false","true","0.1","1","1","1","1","75","0","0","100","0","0","0","30","2.5","2","60","1.6","0.4","20.5","6.7","16","8.21","365","14","1","0","0","299","299","57","85299","245","519","785","3102","50","67306","true","34162","5","9","36","1604","1774","1008"
"1","0.1","3","true","false","false","false","false","false","true","0.1","1","1","1","1","75","0","0","100","0","0","0","30","2.5","2","60","1.6","0.4","20.5","6.7","16","8.21","365","14","1","0","0","299","299","58","85250","226","520","788","3165","51","67306","true","34162","5","10","36","1627","1801","1024"
"1","0.1","3","true","false","false","false","false","false","true","0.1","1","1","1","1","75","0","0","100","0","0","0","30","2.5","2","60","1.6","0.4","20.5","6.7","16","8.21","365","14","1","0","0","299","299","59","85192","239","515","782","3217","55","67306","true","34159","5","11","39","1648","1819","1035"
"1","0.1","3","true","false","false","false","false","false","true","0.1","1","1","1","1","75","0","0","100","0","0","0","30","2.5","2","60","1.6","0.4","20.5","6.7","16","8.21","365","14","1","0","0","299","299","60","85149","223","506","798","3267","57","67306","true","34147","6","11","40","1676","1840","1044"
"1","0.1","3","true","false","false","false","false","false","true","0.1","1","1","1","1","75","0","0","100","0","0","0","30","2.5","2","60","1.6","0.4","20.5","6.7","16","8.21","365","14","1","0","0","299","299","61","85105","219","511","790","3318","57","67306","true","34138","6","11","40","1690","1866","1056"
"1","0.1","3","true","false","false","false","false","false","true","0.1","1","1","1","1","75","0","0","100","0","0","0","30","2.5","2","60","1.6","0.4","20.5","6.7","16","8.21","365","14","1","0","0","299","299","62","85047","219","509","789","3379","57","67306","true","34138","6","11","40","1715","1878","1075"
"1","0.1","3","true","false","false","false","false","false","true","0.1","1","1","1","1","75","0","0","100","0","0","0","30","2.5","2","60","1.6","0.4","20.5","6.7","16","8.21","365","14","1","0","0","299","299","63","85000","215","508","783","3437","57","67306","true","34138","6","11","40","1732","1895","1090"
"1","0.1","3","true","false","false","false","false","false","true","0.1","1","1","1","1","75","0","0","100","0","0","0","30","2.5","2","60","1.6","0.4","20.5","6.7","16","8.21","365","14","1","0","0","299","299","64","84953","211","509","782","3488","57","67306","true","34138","6","11","40","1749","1916","1105"
"1","0.1","3","true","false","false","false","false","false","true","0.1","1","1","1","1","75","0","0","100","0","0","0","30","2.5","2","60","1.6","0.4","20.5","6.7","16","8.21","365","14","1","0","0","299","299","65","84918","198","503","763","3559","59","67306","true","34138","6","11","42","1772","1932","1120"
"1","0.1","3","true","false","false","false","false","false","true","0.1","1","1","1","1","75","0","0","100","0","0","0","30","2.5","2","60","1.6","0.4","20.5","6.7","16","8.21","365","14","1","0","0","299","299","66","84860","218","507","741","3615","59","67306","true","34131","6","11","42","1788","1954","1129"
"1","0.1","3","true","false","false","false","false","false","true","0.1","1","1","1","1","75","0","0","100","0","0","0","30","2.5","2","60","1.6","0.4","20.5","6.7","16","8.21","365","14","1","0","0","299","299","67","84808","219","500","748","3666","59","67306","true","34131","6","11","42","1805","1971","1138"
"1","0.1","3","true","false","false","false","false","false","true","0.1","1","1","1","1","75","0","0","100","0","0","0","30","2.5","2","60","1.6","0.4","20.5","6.7","16","8.21","365","14","1","0","0","299","299","68","84772","206","493","738","3731","60","67306","true","34131","6","12","42","1827","1985","1151"
"1","0.1","3","true","false","false","false","false","false","true","0.1","1","1","1","1","75","0","0","100","0","0","0","30","2.5","2","60","1.6","0.4","20.5","6.7","16","8.21","365","14","1","0","0","299","299","69","84729","191","492","744","3783","61","67306","true","34129","7","12","42","1843","2018","1161"
"1","0.1","3","true","false","false","false","false","false","true","0.1","1","1","1","1","75","0","0","100","0","0","0","30","2.5","2","60","1.6","0.4","20.5","6.7","16","8.21","365","14","1","0","0","299","299","70","84679","194","484","730","3852","61","67306","true","34125","7","12","42","1866","2032","1172"
"1","0.1","3","true","false","false","false","false","false","true","0.1","1","1","1","1","75","0","0","100","0","0","0","30","2.5","2","60","1.6","0.4","20.5","6.7","16","8.21","365","14","1","0","0","299","299","71","84634","187","469","733","3912","65","67306","true","34125","8","13","44","1887","2050","1188"
"1","0.1","3","true","false","false","false","false","false","true","0.1","1","1","1","1","75","0","0","100","0","0","0","30","2.5","2","60","1.6","0.4","20.5","6.7","16","8.21","365","14","1","0","0","299","299","72","84578","196","462","732","3966","66","67306","true","34111","8","13","45","1899","2074","1196"
"1","0.1","3","true","false","false","false","false","false","true","0.1","1","1","1","1","75","0","0","100","0","0","0","30","2.5","2","60","1.6","0.4","20.5","6.7","16","8.21","365","14","1","0","0","299","299","73","84523","215","466","712","4018","66","67306","true","34110","8","13","45","1917","2089","1207"
"1","0.1","3","true","false","false","false","false","false","true","0.1","1","1","1","1","75","0","0","100","0","0","0","30","2.5","2","60","1.6","0.4","20.5","6.7","16","8.21","365","14","1","0","0","299","299","74","84479","211","462","710","4072","66","67306","true","34110","8","13","45","1938","2105","1218"
"1","0.1","3","true","false","false","false","false","false","true","0.1","1","1","1","1","75","0","0","100","0","0","0","30","2.5","2","60","1.6","0.4","20.5","6.7","16","8.21","365","14","1","0","0","299","299","75","84434","209","464","714","4113","66","67306","true","34110","8","13","45","1956","2121","1230"
"1","0.1","3","true","false","false","false","false","false","true","0.1","1","1","1","1","75","0","0","100","0","0","0","30","2.5","2","60","1.6","0.4","20.5","6.7","16","8.21","365","14","1","0","0","299","299","76","84394","210","461","702","4167","66","67306","true","34110","8","13","45","1978","2134","1237"
"1","0.1","3","true","false","false","false","false","false","true","0.1","1","1","1","1","75","0","0","100","0","0","0","30","2.5","2","60","1.6","0.4","20.5","6.7","16","8.21","365","14","1","0","0","299","299","77","84349","194","456","714","4220","67","67306","true","34110","8","14","45","2004","2150","1252"
"1","0.1","3","true","false","false","false","false","false","true","0.1","1","1","1","1","75","0","0","100","0","0","0","30","2.5","2","60","1.6","0.4","20.5","6.7","16","8.21","365","14","1","0","0","299","299","78","84302","197","435","720","4276","70","67306","true","34105","8","16","46","2017","2163","1259"
"1","0.1","3","true","false","false","false","false","false","true","0.1","1","1","1","1","75","0","0","100","0","0","0","30","2.5","2","60","1.6","0.4","20.5","6.7","16","8.21","365","14","1","0","0","299","299","79","84255","200","431","716","4328","70","67306","true","34096","8","16","46","2034","2175","1271"
"1","0.1","3","true","false","false","false","false","false","true","0.1","1","1","1","1","75","0","0","100","0","0","0","30","2.5","2","60","1.6","0.4","20.5","6.7","16","8.21","365","14","1","0","0","299","299","80","84206","198","426","721","4378","71","67306","true","34096","8","16","47","2051","2195","1281"
"1","0.1","3","true","false","false","false","false","false","true","0.1","1","1","1","1","75","0","0","100","0","0","0","30","2.5","2","60","1.6","0.4","20.5","6.7","16","8.21","365","14","1","0","0","299","299","81","84167","191","420","709","4440","73","67306","true","34095","8","16","49","2071","2218","1291"
"1","0.1","3","true","false","false","false","false","false","true","0.1","1","1","1","1","75","0","0","100","0","0","0","30","2.5","2","60","1.6","0.4","20.5","6.7","16","8.21","365","14","1","0","0","299","299","82","84126","187","420","696","4497","74","67306","true","34090","9","16","49","2085","2241","1300"
"1","0.1","3","true","false","false","false","false","false","true","0.1","1","1","1","1","75","0","0","100","0","0","0","30","2.5","2","60","1.6","0.4","20.5","6.7","16","8.21","365","14","1","0","0","299","299","83","84084","183","419","696","4544","74","67306","true","34088","9","16","49","2106","2256","1312"
"1","0.1","3","true","false","false","false","false","false","true","0.1","1","1","1","1","75","0","0","100","0","0","0","30","2.5","2","60","1.6","0.4","20.5","6.7","16","8.21","365","14","1","0","0","299","299","84","84042","176","420","693","4595","74","67306","true","34088","9","16","49","2126","2274","1327"
"1","0.1","3","true","false","false","false","false","false","true","0.1","1","1","1","1","75","0","0","100","0","0","0","30","2.5","2","60","1.6","0.4","20.5","6.7","16","8.21","365","14","1","0","0","299","299","85","84001","176","413","683","4652","75","67306","true","34088","9","16","50","2143","2286","1337"
"1","0.1","3","true","false","false","false","false","false","true","0.1","1","1","1","1","75","0","0","100","0","0","0","30","2.5","2","60","1.6","0.4","20.5","6.7","16","8.21","365","14","1","0","0","299","299","86","83970","161","420","687","4687","75","67306","true","34085","9","16","50","2165","2306","1346"
"1","0.1","3","true","false","false","false","false","false","true","0.1","1","1","1","1","75","0","0","100","0","0","0","30","2.5","2","60","1.6","0.4","20.5","6.7","16","8.21","365","14","1","0","0","299","299","87","83924","163","411","687","4740","75","67306","true","34085","9","16","50","2179","2324","1355"
"1","0.1","3","true","false","false","false","false","false","true","0.1","1","1","1","1","75","0","0","100","0","0","0","30","2.5","2","60","1.6","0.4","20.5","6.7","16","8.21","365","14","1","0","0","299","299","88","83882","175","412","670","4786","75","67306","true","34085","9","16","50","2194","2341","1361"
"1","0.1","3","true","false","false","false","false","false","true","0.1","1","1","1","1","75","0","0","100","0","0","0","30","2.5","2","60","1.6","0.4","20.5","6.7","16","8.21","365","14","1","0","0","299","299","89","83849","168","411","661","4835","76","67306","true","34085","9","16","51","2215","2361","1365"
"1","0.1","3","true","false","false","false","false","false","true","0.1","1","1","1","1","75","0","0","100","0","0","0","30","2.5","2","60","1.6","0.4","20.5","6.7","16","8.21","365","14","1","0","0","299","299","90","83823","150","397","660","4893","77","67306","true","34082","9","16","52","2229","2380","1372"
"1","0.1","3","true","false","false","false","false","false","true","0.1","1","1","1","1","75","0","0","100","0","0","0","30","2.5","2","60","1.6","0.4","20.5","6.7","16","8.21","365","14","1","0","0","299","299","91","83773","151","391","664","4943","78","67306","true","34079","9","16","53","2246","2395","1380"
"1","0.1","3","true","false","false","false","false","false","true","0.1","1","1","1","1","75","0","0","100","0","0","0","30","2.5","2","60","1.6","0.4","20.5","6.7","16","8.21","365","14","1","0","0","299","299","92","83729","167","383","649","4994","78","67306","true","34078","9","16","53","2255","2410","1386"
"1","0.1","3","true","false","false","false","false","false","true","0.1","1","1","1","1","75","0","0","100","0","0","0","30","2.5","2","60","1.6","0.4","20.5","6.7","16","8.21","365","14","1","0","0","299","299","93","83706","146","387","648","5035","78","67306","true","34078","9","16","53","2263","2428","1398"
"1","0.1","3","true","false","false","false","false","false","true","0.1","1","1","1","1","75","0","0","100","0","0","0","30","2.5","2","60","1.6","0.4","20.5","6.7","16","8.21","365","14","1","0","0","299","299","94","83666","157","388","625","5084","80","67306","true","34078","9","16","55","2272","2442","1403"
"1","0.1","3","true","false","false","false","false","false","true","0.1","1","1","1","1","75","0","0","100","0","0","0","30","2.5","2","60","1.6","0.4","20.5","6.7","16","8.21","365","14","1","0","0","299","299","95","83630","157","398","606","5128","81","67306","true","34071","9","16","56","2286","2459","1417"
"1","0.1","3","true","false","false","false","false","false","true","0.1","1","1","1","1","75","0","0","100","0","0","0","30","2.5","2","60","1.6","0.4","20.5","6.7","16","8.21","365","14","1","0","0","299","299","96","83591","161","394","589","5184","81","67306","true","34068","9","16","56","2300","2473","1424"
"1","0.1","3","true","false","false","false","false","false","true","0.1","1","1","1","1","75","0","0","100","0","0","0","30","2.5","2","60","1.6","0.4","20.5","6.7","16","8.21","365","14","1","0","0","299","299","97","83557","157","394","580","5231","81","67306","true","34068","9","16","56","2316","2488","1431"
"1","0.1","3","true","false","false","false","false","false","true","0.1","1","1","1","1","75","0","0","100","0","0","0","30","2.5","2","60","1.6","0.4","20.5","6.7","16","8.21","365","14","1","0","0","299","299","98","83524","155","392","569","5279","81","67306","true","34068","9","16","56","2331","2504","1443"
"1","0.1","3","true","false","false","false","false","false","true","0.1","1","1","1","1","75","0","0","100","0","0","0","30","2.5","2","60","1.6","0.4","20.5","6.7","16","8.21","365","14","1","0","0","299","299","99","83487","153","390","555","5334","81","67306","true","34068","9","16","56","2345","2519","1458"
"1","0.1","3","true","false","false","false","false","false","true","0.1","1","1","1","1","75","0","0","100","0","0","0","30","2.5","2","60","1.6","0.4","20.5","6.7","16","8.21","365","14","1","0","0","299","299","100","83453","151","392","544","5379","81","67306","true","34068","9","16","56","2358","2539","1463"
"1","0.1","3","true","false","false","false","false","false","true","0.1","1","1","1","1","75","0","0","100","0","0","0","30","2.5","2","60","1.6","0.4","20.5","6.7","16","8.21","365","14","1","0","0","299","299","101","83413","158","383","542","5422","82","67306","true","34068","9","16","57","2368","2550","1469"
"1","0.1","3","true","false","false","false","false","false","true","0.1","1","1","1","1","75","0","0","100","0","0","0","30","2.5","2","60","1.6","0.4","20.5","6.7","16","8.21","365","14","1","0","0","299","299","102","83378","157","369","538","5476","82","67306","true","34065","9","16","57","2383","2570","1476"
"1","0.1","3","true","false","false","false","false","false","true","0.1","1","1","1","1","75","0","0","100","0","0","0","30","2.5","2","60","1.6","0.4","20.5","6.7","16","8.21","365","14","1","0","0","299","299","103","83351","140","365","540","5521","83","67306","true","34065","9","16","58","2395","2591","1487"
"1","0.1","3","true","false","false","false","false","false","true","0.1","1","1","1","1","75","0","0","100","0","0","0","30","2.5","2","60","1.6","0.4","20.5","6.7","16","8.21","365","14","1","0","0","299","299","104","83306","161","361","530","5559","83","67306","true","34062","9","16","58","2404","2603","1490"
"1","0.1","3","true","false","false","false","false","false","true","0.1","1","1","1","1","75","0","0","100","0","0","0","30","2.5","2","60","1.6","0.4","20.5","6.7","16","8.21","365","14","1","0","0","299","299","105","83277","148","360","530","5601","84","67306","true","34062","9","17","58","2421","2622","1499"
"1","0.1","3","true","false","false","false","false","false","true","0.1","1","1","1","1","75","0","0","100","0","0","0","30","2.5","2","60","1.6","0.4","20.5","6.7","16","8.21","365","14","1","0","0","299","299","106","83255","139","346","530","5646","84","67306","true","34057","9","17","58","2431","2632","1504"
"1","0.1","3","true","false","false","false","false","false","true","0.1","1","1","1","1","75","0","0","100","0","0","0","30","2.5","2","60","1.6","0.4","20.5","6.7","16","8.21","365","14","1","0","0","299","299","107","83228","135","333","519","5700","85","67306","true","34057","9","18","58","2445","2644","1511"
"1","0.1","3","true","false","false","false","false","false","true","0.1","1","1","1","1","75","0","0","100","0","0","0","30","2.5","2","60","1.6","0.4","20.5","6.7","16","8.21","365","14","1","0","0","299","299","108","83196","132","327","523","5737","85","67306","true","34053","9","18","58","2450","2655","1517"
"1","0.1","3","true","false","false","false","false","false","true","0.1","1","1","1","1","75","0","0","100","0","0","0","30","2.5","2","60","1.6","0.4","20.5","6.7","16","8.21","365","14","1","0","0","299","299","109","83157","144","325","511","5776","87","67306","true","34053","9","19","59","2465","2663","1524"
"1","0.1","3","true","false","false","false","false","false","true","0.1","1","1","1","1","75","0","0","100","0","0","0","30","2.5","2","60","1.6","0.4","20.5","6.7","16","8.21","365","14","1","0","0","299","299","110","83132","138","322","508","5813","87","67306","true","34047","9","19","59","2474","2674","1535"
"1","0.1","3","true","false","false","false","false","false","true","0.1","1","1","1","1","75","0","0","100","0","0","0","30","2.5","2","60","1.6","0.4","20.5","6.7","16","8.21","365","14","1","0","0","299","299","111","83106","129","322","504","5852","87","67306","true","34047","9","19","59","2490","2687","1546"
"1","0.1","3","true","false","false","false","false","false","true","0.1","1","1","1","1","75","0","0","100","0","0","0","30","2.5","2","60","1.6","0.4","20.5","6.7","16","8.21","365","14","1","0","0","299","299","112","83076","124","326","504","5883","87","67306","true","34047","9","19","59","2504","2698","1556"
"1","0.1","3","true","false","false","false","false","false","true","0.1","1","1","1","1","75","0","0","100","0","0","0","30","2.5","2","60","1.6","0.4","20.5","6.7","16","8.21","365","14","1","0","0","299","299","113","83051","115","328","498","5920","88","67306","true","34047","9","20","59","2516","2713","1565"
"1","0.1","3","true","false","false","false","false","false","true","0.1","1","1","1","1","75","0","0","100","0","0","0","30","2.5","2","60","1.6","0.4","20.5","6.7","16","8.21","365","14","1","0","0","299","299","114","83027","111","321","490","5962","89","67306","true","34043","9","20","60","2526","2726","1570"
"1","0.1","3","true","false","false","false","false","false","true","0.1","1","1","1","1","75","0","0","100","0","0","0","30","2.5","2","60","1.6","0.4","20.5","6.7","16","8.21","365","14","1","0","0","299","299","115","82992","108","318","486","6005","91","67306","true","34034","9","21","61","2535","2745","1579"
"1","0.1","3","true","false","false","false","false","false","true","0.1","1","1","1","1","75","0","0","100","0","0","0","30","2.5","2","60","1.6","0.4","20.5","6.7","16","8.21","365","14","1","0","0","299","299","116","82951","126","315","474","6043","91","67306","true","34026","9","21","61","2539","2759","1587"
"1","0.1","3","true","false","false","false","false","false","true","0.1","1","1","1","1","75","0","0","100","0","0","0","30","2.5","2","60","1.6","0.4","20.5","6.7","16","8.21","365","14","1","0","0","299","299","117","82918","133","306","468","6084","91","67306","true","34026","9","21","61","2548","2772","1597"
"1","0.1","3","true","false","false","false","false","false","true","0.1","1","1","1","1","75","0","0","100","0","0","0","30","2.5","2","60","1.6","0.4","20.5","6.7","16","8.21","365","14","1","0","0","299","299","118","82871","143","308","468","6119","91","67306","true","34026","9","21","61","2561","2787","1602"
"1","0.1","3","true","false","false","false","false","false","true","0.1","1","1","1","1","75","0","0","100","0","0","0","30","2.5","2","60","1.6","0.4","20.5","6.7","16","8.21","365","14","1","0","0","299","299","119","82844","141","303","470","6151","91","67306","true","34026","9","21","61","2571","2799","1613"
"1","0.1","3","true","false","false","false","false","false","true","0.1","1","1","1","1","75","0","0","100","0","0","0","30","2.5","2","60","1.6","0.4","20.5","6.7","16","8.21","365","14","1","0","0","299","299","120","82811","149","303","463","6182","92","67306","true","34026","9","22","61","2582","2806","1620"
"1","0.1","3","true","false","false","false","false","false","true","0.1","1","1","1","1","75","0","0","100","0","0","0","30","2.5","2","60","1.6","0.4","20.5","6.7","16","8.21","365","14","1","0","0","299","299","121","82781","145","301","466","6214","93","67306","true","34024","10","22","61","2592","2818","1624"
"1","0.1","3","true","false","false","false","false","false","true","0.1","1","1","1","1","75","0","0","100","0","0","0","30","2.5","2","60","1.6","0.4","20.5","6.7","16","8.21","365","14","1","0","0","299","299","122","82753","138","293","475","6248","93","67306","true","34020","10","22","61","2600","2836","1630"
"1","0.1","3","true","false","false","false","false","false","true","0.1","1","1","1","1","75","0","0","100","0","0","0","30","2.5","2","60","1.6","0.4","20.5","6.7","16","8.21","365","14","1","0","0","299","299","123","82719","135","295","464","6292","95","67306","true","34020","11","22","62","2612","2856","1634"
"1","0.1","3","true","false","false","false","false","false","true","0.1","1","1","1","1","75","0","0","100","0","0","0","30","2.5","2","60","1.6","0.4","20.5","6.7","16","8.21","365","14","1","0","0","299","299","124","82687","133","295","466","6323","96","67306","true","34012","11","22","63","2628","2864","1641"
"1","0.1","3","true","false","false","false","false","false","true","0.1","1","1","1","1","75","0","0","100","0","0","0","30","2.5","2","60","1.6","0.4","20.5","6.7","16","8.21","365","14","1","0","0","299","299","125","82663","118","291","472","6359","97","67306","true","34007","11","22","64","2643","2878","1650"
"1","0.1","3","true","false","false","false","false","false","true","0.1","1","1","1","1","75","0","0","100","0","0","0","30","2.5","2","60","1.6","0.4","20.5","6.7","16","8.21","365","14","1","0","0","299","299","126","82629","118","293","460","6402","98","67306","true","34005","11","22","65","2661","2893","1656"
"1","0.1","3","true","false","false","false","false","false","true","0.1","1","1","1","1","75","0","0","100","0","0","0","30","2.5","2","60","1.6","0.4","20.5","6.7","16","8.21","365","14","1","0","0","299","299","127","82603","121","298","441","6439","98","67306","true","34001","11","22","65","2670","2906","1663"
"1","0.1","3","true","false","false","false","false","false","true","0.1","1","1","1","1","75","0","0","100","0","0","0","30","2.5","2","60","1.6","0.4","20.5","6.7","16","8.21","365","14","1","0","0","299","299","128","82567","124","285","446","6480","98","67306","true","34001","11","22","65","2678","2923","1669"
"1","0.1","3","true","false","false","false","false","false","true","0.1","1","1","1","1","75","0","0","100","0","0","0","30","2.5","2","60","1.6","0.4","20.5","6.7","16","8.21","365","14","1","0","0","299","299","129","82541","126","281","438","6516","98","67306","true","34001","11","22","65","2690","2927","1676"
"1","0.1","3","true","false","false","false","false","false","true","0.1","1","1","1","1","75","0","0","100","0","0","0","30","2.5","2","60","1.6","0.4","20.5","6.7","16","8.21","365","14","1","0","0","299","299","130","82518","121","283","434","6546","98","67306","true","34001","11","22","65","2702","2939","1680"
"1","0.1","3","true","false","false","false","false","false","true","0.1","1","1","1","1","75","0","0","100","0","0","0","30","2.5","2","60","1.6","0.4","20.5","6.7","16","8.21","365","14","1","0","0","299","299","131","82493","123","290","421","6575","98","67306","true","34001","11","22","65","2712","2949","1690"
"1","0.1","3","true","false","false","false","false","false","true","0.1","1","1","1","1","75","0","0","100","0","0","0","30","2.5","2","60","1.6","0.4","20.5","6.7","16","8.21","365","14","1","0","0","299","299","132","82455","131","288","426","6601","99","67306","true","34001","12","22","65","2724","2961","1698"
"1","0.1","3","true","false","false","false","false","false","true","0.1","1","1","1","1","75","0","0","100","0","0","0","30","2.5","2","60","1.6","0.4","20.5","6.7","16","8.21","365","14","1","0","0","299","299","133","82420","138","289","424","6630","99","67306","true","33998","12","22","65","2730","2975","1707"
"1","0.1","3","true","false","false","false","false","false","true","0.1","1","1","1","1","75","0","0","100","0","0","0","30","2.5","2","60","1.6","0.4","20.5","6.7","16","8.21","365","14","1","0","0","299","299","134","82390","139","285","423","6664","99","67306","true","33998","12","22","65","2738","2985","1716"
"1","0.1","3","true","false","false","false","false","false","true","0.1","1","1","1","1","75","0","0","100","0","0","0","30","2.5","2","60","1.6","0.4","20.5","6.7","16","8.21","365","14","1","0","0","299","299","135","82356","139","285","429","6692","99","67306","true","33998","12","22","65","2748","3000","1721"
"1","0.1","3","true","false","false","false","false","false","true","0.1","1","1","1","1","75","0","0","100","0","0","0","30","2.5","2","60","1.6","0.4","20.5","6.7","16","8.21","365","14","1","0","0","299","299","136","82333","138","283","414","6733","99","67306","true","33998","12","22","65","2758","3012","1727"
"1","0.1","3","true","false","false","false","false","false","true","0.1","1","1","1","1","75","0","0","100","0","0","0","30","2.5","2","60","1.6","0.4","20.5","6.7","16","8.21","365","14","1","0","0","299","299","137","82297","146","275","414","6767","101","67306","true","33998","12","22","67","2763","3020","1737"
"1","0.1","3","true","false","false","false","false","false","true","0.1","1","1","1","1","75","0","0","100","0","0","0","30","2.5","2","60","1.6","0.4","20.5","6.7","16","8.21","365","14","1","0","0","299","299","138","82266","146","276","413","6797","102","67306","true","33990","13","22","67","2776","3033","1744"
"1","0.1","3","true","false","false","false","false","false","true","0.1","1","1","1","1","75","0","0","100","0","0","0","30","2.5","2","60","1.6","0.4","20.5","6.7","16","8.21","365","14","1","0","0","299","299","139","82236","143","274","415","6829","103","67306","true","33986","13","22","68","2781","3047","1750"
"1","0.1","3","true","false","false","false","false","false","true","0.1","1","1","1","1","75","0","0","100","0","0","0","30","2.5","2","60","1.6","0.4","20.5","6.7","16","8.21","365","14","1","0","0","299","299","140","82201","144","277","421","6853","104","67306","true","33983","14","22","68","2799","3060","1753"
"1","0.1","3","true","false","false","false","false","false","true","0.1","1","1","1","1","75","0","0","100","0","0","0","30","2.5","2","60","1.6","0.4","20.5","6.7","16","8.21","365","14","1","0","0","299","299","141","82176","145","272","408","6894","105","67306","true","33982","14","22","69","2813","3070","1759"
"1","0.1","3","true","false","false","false","false","false","true","0.1","1","1","1","1","75","0","0","100","0","0","0","30","2.5","2","60","1.6","0.4","20.5","6.7","16","8.21","365","14","1","0","0","299","299","142","82148","130","271","420","6926","105","67306","true","33981","14","22","69","2831","3082","1769"
"1","0.1","3","true","false","false","false","false","false","true","0.1","1","1","1","1","75","0","0","100","0","0","0","30","2.5","2","60","1.6","0.4","20.5","6.7","16","8.21","365","14","1","0","0","299","299","143","82116","126","269","430","6952","107","67306","true","33981","14","23","70","2851","3091","1772"
"1","0.1","3","true","false","false","false","false","false","true","0.1","1","1","1","1","75","0","0","100","0","0","0","30","2.5","2","60","1.6","0.4","20.5","6.7","16","8.21","365","14","1","0","0","299","299","144","82086","129","270","437","6971","107","67306","true","33976","14","23","70","2863","3098","1782"
"1","0.1","3","true","false","false","false","false","false","true","0.1","1","1","1","1","75","0","0","100","0","0","0","30","2.5","2","60","1.6","0.4","20.5","6.7","16","8.21","365","14","1","0","0","299","299","145","82064","124","273","433","6999","107","67306","true","33976","14","23","70","2872","3112","1789"
"1","0.1","3","true","false","false","false","false","false","true","0.1","1","1","1","1","75","0","0","100","0","0","0","30","2.5","2","60","1.6","0.4","20.5","6.7","16","8.21","365","14","1","0","0","299","299","146","82029","129","278","434","7023","107","67306","true","33976","14","23","70","2883","3129","1799"
"1","0.1","3","true","false","false","false","false","false","true","0.1","1","1","1","1","75","0","0","100","0","0","0","30","2.5","2","60","1.6","0.4","20.5","6.7","16","8.21","365","14","1","0","0","299","299","147","81994","130","280","433","7056","107","67306","true","33976","14","23","70","2890","3145","1808"
"1","0.1","3","true","false","false","false","false","false","true","0.1","1","1","1","1","75","0","0","100","0","0","0","30","2.5","2","60","1.6","0.4","20.5","6.7","16","8.21","365","14","1","0","0","299","299","148","81966","127","275","435","7090","107","67306","true","33976","14","23","70","2904","3158","1811"
"1","0.1","3","true","false","false","false","false","false","true","0.1","1","1","1","1","75","0","0","100","0","0","0","30","2.5","2","60","1.6","0.4","20.5","6.7","16","8.21","365","14","1","0","0","299","299","149","81944","121","259","434","7135","107","67306","true","33976","14","23","70","2916","3168","1816"
"1","0.1","3","true","false","false","false","false","false","true","0.1","1","1","1","1","75","0","0","100","0","0","0","30","2.5","2","60","1.6","0.4","20.5","6.7","16","8.21","365","14","1","0","0","299","299","150","81921","115","257","436","7164","107","67306","true","33976","14","23","70","2931","3177","1826"
"1","0.1","3","true","false","false","false","false","false","true","0.1","1","1","1","1","75","0","0","100","0","0","0","30","2.5","2","60","1.6","0.4","20.5","6.7","16","8.21","365","14","1","0","0","299","299","151","81889","118","266","427","7193","107","67306","true","33976","14","23","70","2943","3191","1831"
"1","0.1","3","true","false","false","false","false","false","true","0.1","1","1","1","1","75","0","0","100","0","0","0","30","2.5","2","60","1.6","0.4","20.5","6.7","16","8.21","365","14","1","0","0","299","299","152","81868","105","265","440","7215","107","67306","true","33976","14","23","70","2954","3201","1841"
"1","0.1","3","true","false","false","false","false","false","true","0.1","1","1","1","1","75","0","0","100","0","0","0","30","2.5","2","60","1.6","0.4","20.5","6.7","16","8.21","365","14","1","0","0","299","299","153","81846","97","271","440","7239","107","67306","true","33976","14","23","70","2961","3214","1852"
"1","0.1","3","true","false","false","false","false","false","true","0.1","1","1","1","1","75","0","0","100","0","0","0","30","2.5","2","60","1.6","0.4","20.5","6.7","16","8.21","365","14","1","0","0","299","299","154","81817","104","268","439","7265","107","67306","true","33976","14","23","70","2964","3223","1859"
"1","0.1","3","true","false","false","false","false","false","true","0.1","1","1","1","1","75","0","0","100","0","0","0","30","2.5","2","60","1.6","0.4","20.5","6.7","16","8.21","365","14","1","0","0","299","299","155","81795","103","266","421","7308","107","67306","true","33976","14","23","70","2974","3233","1863"
"1","0.1","3","true","false","false","false","false","false","true","0.1","1","1","1","1","75","0","0","100","0","0","0","30","2.5","2","60","1.6","0.4","20.5","6.7","16","8.21","365","14","1","0","0","299","299","156","81775","91","264","427","7335","108","67306","true","33976","14","24","70","2985","3245","1868"
"1","0.1","3","true","false","false","false","false","false","true","0.1","1","1","1","1","75","0","0","100","0","0","0","30","2.5","2","60","1.6","0.4","20.5","6.7","16","8.21","365","14","1","0","0","299","299","157","81746","100","257","421","7368","108","67306","true","33975","14","24","70","2994","3254","1871"
"1","0.1","3","true","false","false","false","false","false","true","0.1","1","1","1","1","75","0","0","100","0","0","0","30","2.5","2","60","1.6","0.4","20.5","6.7","16","8.21","365","14","1","0","0","299","299","158","81719","106","262","415","7390","108","67306","true","33975","14","24","70","3009","3263","1874"
"1","0.1","3","true","false","false","false","false","false","true","0.1","1","1","1","1","75","0","0","100","0","0","0","30","2.5","2","60","1.6","0.4","20.5","6.7","16","8.21","365","14","1","0","0","299","299","159","81697","104","261","409","7421","108","67306","true","33975","14","24","70","3015","3279","1880"
"1","0.1","3","true","false","false","false","false","false","true","0.1","1","1","1","1","75","0","0","100","0","0","0","30","2.5","2","60","1.6","0.4","20.5","6.7","16","8.21","365","14","1","0","0","299","299","160","81675","101","253","412","7451","108","67306","true","33975","14","24","70","3023","3285","1883"
"1","0.1","3","true","false","false","false","false","false","true","0.1","1","1","1","1","75","0","0","100","0","0","0","30","2.5","2","60","1.6","0.4","20.5","6.7","16","8.21","365","14","1","0","0","299","299","161","81655","95","245","406","7490","109","67306","true","33975","14","24","71","3033","3296","1892"
"1","0.1","3","true","false","false","false","false","false","true","0.1","1","1","1","1","75","0","0","100","0","0","0","30","2.5","2","60","1.6","0.4","20.5","6.7","16","8.21","365","14","1","0","0","299","299","162","81634","94","239","405","7519","109","67306","true","33972","14","24","71","3046","3300","1896"
"1","0.1","3","true","false","false","false","false","false","true","0.1","1","1","1","1","75","0","0","100","0","0","0","30","2.5","2","60","1.6","0.4","20.5","6.7","16","8.21","365","14","1","0","0","299","299","163","81614","94","245","395","7543","109","67306","true","33972","14","24","71","3053","3313","1900"
"1","0.1","3","true","false","false","false","false","false","true","0.1","1","1","1","1","75","0","0","100","0","0","0","30","2.5","2","60","1.6","0.4","20.5","6.7","16","8.21","365","14","1","0","0","299","299","164","81592","98","242","386","7573","109","67306","true","33972","14","24","71","3058","3323","1900"
"1","0.1","3","true","false","false","false","false","false","true","0.1","1","1","1","1","75","0","0","100","0","0","0","30","2.5","2","60","1.6","0.4","20.5","6.7","16","8.21","365","14","1","0","0","299","299","165","81571","96","240","377","7607","109","67306","true","33972","14","24","71","3065","3333","1907"
"1","0.1","3","true","false","false","false","false","false","true","0.1","1","1","1","1","75","0","0","100","0","0","0","30","2.5","2","60","1.6","0.4","20.5","6.7","16","8.21","365","14","1","0","0","299","299","166","81553","95","245","365","7633","109","67306","true","33972","14","24","71","3074","3341","1910"
"1","0.1","3","true","false","false","false","false","false","true","0.1","1","1","1","1","75","0","0","100","0","0","0","30","2.5","2","60","1.6","0.4","20.5","6.7","16","8.21","365","14","1","0","0","299","299","167","81531","94","242","367","7656","110","67306","true","33972","14","24","72","3082","3350","1913"
"1","0.1","3","true","false","false","false","false","false","true","0.1","1","1","1","1","75","0","0","100","0","0","0","30","2.5","2","60","1.6","0.4","20.5","6.7","16","8.21","365","14","1","0","0","299","299","168","81515","85","242","364","7684","110","67306","true","33967","14","24","72","3093","3358","1918"
"1","0.1","3","true","false","false","false","false","false","true","0.1","1","1","1","1","75","0","0","100","0","0","0","30","2.5","2","60","1.6","0.4","20.5","6.7","16","8.21","365","14","1","0","0","299","299","169","81490","84","239","357","7718","112","67306","true","33967","15","24","73","3103","3364","1923"
"1","0.1","3","true","false","false","false","false","false","true","0.1","1","1","1","1","75","0","0","100","0","0","0","30","2.5","2","60","1.6","0.4","20.5","6.7","16","8.21","365","14","1","0","0","299","299","170","81472","84","242","352","7737","113","67306","true","33961","15","24","74","3112","3372","1930"
"1","0.1","3","true","false","false","false","false","false","true","0.1","1","1","1","1","75","0","0","100","0","0","0","30","2.5","2","60","1.6","0.4","20.5","6.7","16","8.21","365","14","1","0","0","299","299","171","81450","83","239","346","7769","113","67306","true","33958","15","24","74","3124","3379","1935"
"1","0.1","3","true","false","false","false","false","false","true","0.1","1","1","1","1","75","0","0","100","0","0","0","30","2.5","2","60","1.6","0.4","20.5","6.7","16","8.21","365","14","1","0","0","299","299","172","81431","84","230","339","7803","113","67306","true","33958","15","24","74","3131","3387","1941"
"1","0.1","3","true","false","false","false","false","false","true","0.1","1","1","1","1","75","0","0","100","0","0","0","30","2.5","2","60","1.6","0.4","20.5","6.7","16","8.21","365","14","1","0","0","299","299","173","81409","85","224","331","7838","113","67306","true","33958","15","24","74","3140","3397","1948"
"1","0.1","3","true","false","false","false","false","false","true","0.1","1","1","1","1","75","0","0","100","0","0","0","30","2.5","2","60","1.6","0.4","20.5","6.7","16","8.21","365","14","1","0","0","299","299","174","81398","77","219","327","7865","114","67306","true","33958","15","24","75","3147","3406","1950"
"1","0.1","3","true","false","false","false","false","false","true","0.1","1","1","1","1","75","0","0","100","0","0","0","30","2.5","2","60","1.6","0.4","20.5","6.7","16","8.21","365","14","1","0","0","299","299","175","81383","69","220","330","7883","115","67306","true","33956","15","25","75","3155","3417","1957"
"1","0.1","3","true","false","false","false","false","false","true","0.1","1","1","1","1","75","0","0","100","0","0","0","30","2.5","2","60","1.6","0.4","20.5","6.7","16","8.21","365","14","1","0","0","299","299","176","81358","76","216","319","7915","116","67306","true","33951","15","26","75","3164","3423","1961"
"1","0.1","3","true","false","false","false","false","false","true","0.1","1","1","1","1","75","0","0","100","0","0","0","30","2.5","2","60","1.6","0.4","20.5","6.7","16","8.21","365","14","1","0","0","299","299","177","81341","77","213","315","7937","117","67306","true","33948","15","26","76","3173","3428","1964"
"1","0.1","3","true","false","false","false","false","false","true","0.1","1","1","1","1","75","0","0","100","0","0","0","30","2.5","2","60","1.6","0.4","20.5","6.7","16","8.21","365","14","1","0","0","299","299","178","81325","75","210","311","7962","117","67306","true","33943","15","26","76","3182","3430","1967"
"1","0.1","3","true","false","false","false","false","false","true","0.1","1","1","1","1","75","0","0","100","0","0","0","30","2.5","2","60","1.6","0.4","20.5","6.7","16","8.21","365","14","1","0","0","299","299","179","81307","71","204","311","7990","117","67306","true","33943","15","26","76","3189","3440","1969"
"1","0.1","3","true","false","false","false","false","false","true","0.1","1","1","1","1","75","0","0","100","0","0","0","30","2.5","2","60","1.6","0.4","20.5","6.7","16","8.21","365","14","1","0","0","299","299","180","81285","75","202","309","8010","119","67306","true","33943","15","27","77","3196","3448","1973"
"1","0.1","3","true","false","false","false","false","false","true","0.1","1","1","1","1","75","0","0","100","0","0","0","30","2.5","2","60","1.6","0.4","20.5","6.7","16","8.21","365","14","1","0","0","299","299","181","81271","70","200","302","8037","120","67306","true","33937","15","27","78","3201","3456","1976"
"1","0.1","3","true","false","false","false","false","false","true","0.1","1","1","1","1","75","0","0","100","0","0","0","30","2.5","2","60","1.6","0.4","20.5","6.7","16","8.21","365","14","1","0","0","299","299","182","81250","77","200","290","8061","122","67306","true","33933","15","27","80","3204","3466","1983"
"1","0.1","3","true","false","false","false","false","false","true","0.1","1","1","1","1","75","0","0","100","0","0","0","30","2.5","2","60","1.6","0.4","20.5","6.7","16","8.21","365","14","1","0","0","299","299","183","81242","69","198","290","8078","123","67306","true","33929","15","27","81","3210","3476","1987"
"1","0.1","3","true","false","false","false","false","false","true","0.1","1","1","1","1","75","0","0","100","0","0","0","30","2.5","2","60","1.6","0.4","20.5","6.7","16","8.21","365","14","1","0","0","299","299","184","81225","64","195","286","8107","123","67306","true","33928","15","27","81","3220","3482","1996"
"1","0.1","3","true","false","false","false","false","false","true","0.1","1","1","1","1","75","0","0","100","0","0","0","30","2.5","2","60","1.6","0.4","20.5","6.7","16","8.21","365","14","1","0","0","299","299","185","81210","67","184","279","8137","123","67306","true","33928","15","27","81","3225","3487","1998"
"1","0.1","3","true","false","false","false","false","false","true","0.1","1","1","1","1","75","0","0","100","0","0","0","30","2.5","2","60","1.6","0.4","20.5","6.7","16","8.21","365","14","1","0","0","299","299","186","81190","67","182","279","8159","123","67306","true","33928","15","27","81","3229","3493","2003"
"1","0.1","3","true","false","false","false","false","false","true","0.1","1","1","1","1","75","0","0","100","0","0","0","30","2.5","2","60","1.6","0.4","20.5","6.7","16","8.21","365","14","1","0","0","299","299","187","81174","64","177","284","8178","123","67306","true","33928","15","27","81","3239","3497","2006"
"1","0.1","3","true","false","false","false","false","false","true","0.1","1","1","1","1","75","0","0","100","0","0","0","30","2.5","2","60","1.6","0.4","20.5","6.7","16","8.21","365","14","1","0","0","299","299","188","81161","61","168","280","8207","123","67306","true","33928","15","27","81","3243","3507","2010"
"1","0.1","3","true","false","false","false","false","false","true","0.1","1","1","1","1","75","0","0","100","0","0","0","30","2.5","2","60","1.6","0.4","20.5","6.7","16","8.21","365","14","1","0","0","299","299","189","81142","72","165","268","8230","123","67306","true","33928","15","27","81","3251","3509","2010"
"1","0.1","3","true","false","false","false","false","false","true","0.1","1","1","1","1","75","0","0","100","0","0","0","30","2.5","2","60","1.6","0.4","20.5","6.7","16","8.21","365","14","1","0","0","299","299","190","81127","73","166","267","8244","123","67306","true","33928","15","27","81","3258","3514","2014"
"1","0.1","3","true","false","false","false","false","false","true","0.1","1","1","1","1","75","0","0","100","0","0","0","30","2.5","2","60","1.6","0.4","20.5","6.7","16","8.21","365","14","1","0","0","299","299","191","81113","63","155","276","8270","123","67306","true","33928","15","27","81","3269","3520","2017"
"1","0.1","3","true","false","false","false","false","false","true","0.1","1","1","1","1","75","0","0","100","0","0","0","30","2.5","2","60","1.6","0.4","20.5","6.7","16","8.21","365","14","1","0","0","299","299","192","81103","56","152","277","8289","123","67306","true","33928","15","27","81","3274","3531","2018"
"1","0.1","3","true","false","false","false","false","false","true","0.1","1","1","1","1","75","0","0","100","0","0","0","30","2.5","2","60","1.6","0.4","20.5","6.7","16","8.21","365","14","1","0","0","299","299","193","81090","53","155","273","8304","125","67306","true","33928","15","28","82","3279","3536","2026"
"1","0.1","3","true","false","false","false","false","false","true","0.1","1","1","1","1","75","0","0","100","0","0","0","30","2.5","2","60","1.6","0.4","20.5","6.7","16","8.21","365","14","1","0","0","299","299","194","81071","53","151","268","8332","125","67306","true","33925","15","28","82","3282","3542","2029"
"1","0.1","3","true","false","false","false","false","false","true","0.1","1","1","1","1","75","0","0","100","0","0","0","30","2.5","2","60","1.6","0.4","20.5","6.7","16","8.21","365","14","1","0","0","299","299","195","81050","60","145","261","8359","125","67306","true","33925","15","28","82","3286","3547","2034"
"1","0.1","3","true","false","false","false","false","false","true","0.1","1","1","1","1","75","0","0","100","0","0","0","30","2.5","2","60","1.6","0.4","20.5","6.7","16","8.21","365","14","1","0","0","299","299","196","81033","68","138","255","8381","125","67306","true","33925","15","28","82","3291","3548","2039"
"1","0.1","3","true","false","false","false","false","false","true","0.1","1","1","1","1","75","0","0","100","0","0","0","30","2.5","2","60","1.6","0.4","20.5","6.7","16","8.21","365","14","1","0","0","299","299","197","81016","69","139","254","8397","125","67306","true","33925","15","28","82","3298","3554","2043"
"1","0.1","3","true","false","false","false","false","false","true","0.1","1","1","1","1","75","0","0","100","0","0","0","30","2.5","2","60","1.6","0.4","20.5","6.7","16","8.21","365","14","1","0","0","299","299","198","81010","57","138","254","8416","125","67306","true","33925","15","28","82","3303","3561","2049"
"1","0.1","3","true","false","false","false","false","false","true","0.1","1","1","1","1","75","0","0","100","0","0","0","30","2.5","2","60","1.6","0.4","20.5","6.7","16","8.21","365","14","1","0","0","299","299","199","80990","67","142","249","8427","125","67306","true","33925","15","28","82","3306","3565","2053"
"1","0.1","3","true","false","false","false","false","false","true","0.1","1","1","1","1","75","0","0","100","0","0","0","30","2.5","2","60","1.6","0.4","20.5","6.7","16","8.21","365","14","1","0","0","299","299","200","80983","58","142","248","8444","125","67306","true","33925","15","28","82","3311","3574","2058"
"1","0.1","3","true","false","false","false","false","false","true","0.1","1","1","1","1","75","0","0","100","0","0","0","30","2.5","2","60","1.6","0.4","20.5","6.7","16","8.21","365","14","1","0","0","299","299","201","80977","47","139","242","8470","125","67306","true","33925","15","28","82","3317","3582","2061"
"1","0.1","3","true","false","false","false","false","false","true","0.1","1","1","1","1","75","0","0","100","0","0","0","30","2.5","2","60","1.6","0.4","20.5","6.7","16","8.21","365","14","1","0","0","299","299","202","80958","54","134","235","8494","125","67306","true","33925","15","28","82","3324","3587","2061"
"1","0.1","3","true","false","false","false","false","false","true","0.1","1","1","1","1","75","0","0","100","0","0","0","30","2.5","2","60","1.6","0.4","20.5","6.7","16","8.21","365","14","1","0","0","299","299","203","80939","65","135","228","8507","126","67306","true","33925","15","28","83","3330","3594","2061"
"1","0.1","3","true","false","false","false","false","false","true","0.1","1","1","1","1","75","0","0","100","0","0","0","30","2.5","2","60","1.6","0.4","20.5","6.7","16","8.21","365","14","1","0","0","299","299","204","80927","59","134","228","8526","126","67306","true","33923","15","28","83","3337","3600","2067"
"1","0.1","3","true","false","false","false","false","false","true","0.1","1","1","1","1","75","0","0","100","0","0","0","30","2.5","2","60","1.6","0.4","20.5","6.7","16","8.21","365","14","1","0","0","299","299","205","80913","54","129","233","8545","126","67306","true","33923","15","28","83","3343","3606","2071"
"1","0.1","3","true","false","false","false","false","false","true","0.1","1","1","1","1","75","0","0","100","0","0","0","30","2.5","2","60","1.6","0.4","20.5","6.7","16","8.21","365","14","1","0","0","299","299","206","80901","53","126","225","8569","126","67306","true","33923","15","28","83","3345","3613","2075"
"1","0.1","3","true","false","false","false","false","false","true","0.1","1","1","1","1","75","0","0","100","0","0","0","30","2.5","2","60","1.6","0.4","20.5","6.7","16","8.21","365","14","1","0","0","299","299","207","80890","55","125","221","8582","127","67306","true","33923","15","28","84","3346","3616","2080"
"1","0.1","3","true","false","false","false","false","false","true","0.1","1","1","1","1","75","0","0","100","0","0","0","30","2.5","2","60","1.6","0.4","20.5","6.7","16","8.21","365","14","1","0","0","299","299","208","80880","50","127","218","8598","127","67306","true","33921","15","28","84","3354","3618","2086"
"1","0.1","3","true","false","false","false","false","false","true","0.1","1","1","1","1","75","0","0","100","0","0","0","30","2.5","2","60","1.6","0.4","20.5","6.7","16","8.21","365","14","1","0","0","299","299","209","80866","50","122","215","8619","128","67306","true","33921","16","28","84","3357","3620","2089"
"1","0.1","3","true","false","false","false","false","false","true","0.1","1","1","1","1","75","0","0","100","0","0","0","30","2.5","2","60","1.6","0.4","20.5","6.7","16","8.21","365","14","1","0","0","299","299","210","80856","48","120","210","8638","128","67306","true","33917","16","28","84","3362","3623","2094"
"1","0.1","3","true","false","false","false","false","false","true","0.1","1","1","1","1","75","0","0","100","0","0","0","30","2.5","2","60","1.6","0.4","20.5","6.7","16","8.21","365","14","1","0","0","299","299","211","80841","50","121","210","8650","128","67306","true","33917","16","28","84","3369","3625","2101"
"1","0.1","3","true","false","false","false","false","false","true","0.1","1","1","1","1","75","0","0","100","0","0","0","30","2.5","2","60","1.6","0.4","20.5","6.7","16","8.21","365","14","1","0","0","299","299","212","80831","50","123","203","8662","131","67306","true","33917","16","29","86","3376","3632","2103"
"1","0.1","3","true","false","false","false","false","false","true","0.1","1","1","1","1","75","0","0","100","0","0","0","30","2.5","2","60","1.6","0.4","20.5","6.7","16","8.21","365","14","1","0","0","299","299","213","80820","47","121","206","8675","131","67306","true","33905","16","29","86","3379","3634","2105"
"1","0.1","3","true","false","false","false","false","false","true","0.1","1","1","1","1","75","0","0","100","0","0","0","30","2.5","2","60","1.6","0.4","20.5","6.7","16","8.21","365","14","1","0","0","299","299","214","80802","53","122","207","8685","131","67306","true","33905","16","29","86","3382","3639","2108"
"1","0.1","3","true","false","false","false","false","false","true","0.1","1","1","1","1","75","0","0","100","0","0","0","30","2.5","2","60","1.6","0.4","20.5","6.7","16","8.21","365","14","1","0","0","299","299","215","80784","60","122","199","8703","132","67306","true","33905","16","29","87","3387","3645","2112"
"1","0.1","3","true","false","false","false","false","false","true","0.1","1","1","1","1","75","0","0","100","0","0","0","30","2.5","2","60","1.6","0.4","20.5","6.7","16","8.21","365","14","1","0","0","299","299","216","80767","67","120","190","8723","133","67306","true","33903","16","29","88","3395","3648","2114"
"1","0.1","3","true","false","false","false","false","false","true","0.1","1","1","1","1","75","0","0","100","0","0","0","30","2.5","2","60","1.6","0.4","20.5","6.7","16","8.21","365","14","1","0","0","299","299","217","80759","61","118","194","8735","133","67306","true","33894","16","29","88","3399","3652","2115"
"1","0.1","3","true","false","false","false","false","false","true","0.1","1","1","1","1","75","0","0","100","0","0","0","30","2.5","2","60","1.6","0.4","20.5","6.7","16","8.21","365","14","1","0","0","299","299","218","80748","62","114","188","8755","133","67306","true","33894","16","29","88","3406","3653","2116"
"1","0.1","3","true","false","false","false","false","false","true","0.1","1","1","1","1","75","0","0","100","0","0","0","30","2.5","2","60","1.6","0.4","20.5","6.7","16","8.21","365","14","1","0","0","299","299","219","80742","55","115","185","8770","133","67306","true","33894","16","29","88","3413","3657","2119"
"1","0.1","3","true","false","false","false","false","false","true","0.1","1","1","1","1","75","0","0","100","0","0","0","30","2.5","2","60","1.6","0.4","20.5","6.7","16","8.21","365","14","1","0","0","299","299","220","80731","55","118","184","8779","133","67306","true","33894","16","29","88","3418","3660","2121"
"1","0.1","3","true","false","false","false","false","false","true","0.1","1","1","1","1","75","0","0","100","0","0","0","30","2.5","2","60","1.6","0.4","20.5","6.7","16","8.21","365","14","1","0","0","299","299","221","80716","53","114","190","8794","133","67306","true","33894","16","29","88","3423","3666","2123"
"1","0.1","3","true","false","false","false","false","false","true","0.1","1","1","1","1","75","0","0","100","0","0","0","30","2.5","2","60","1.6","0.4","20.5","6.7","16","8.21","365","14","1","0","0","299","299","222","80704","51","113","188","8811","133","67306","true","33894","16","29","88","3425","3671","2127"
"1","0.1","3","true","false","false","false","false","false","true","0.1","1","1","1","1","75","0","0","100","0","0","0","30","2.5","2","60","1.6","0.4","20.5","6.7","16","8.21","365","14","1","0","0","299","299","223","80692","54","115","184","8822","133","67306","true","33894","16","29","88","3429","3678","2130"
"1","0.1","3","true","false","false","false","false","false","true","0.1","1","1","1","1","75","0","0","100","0","0","0","30","2.5","2","60","1.6","0.4","20.5","6.7","16","8.21","365","14","1","0","0","299","299","224","80676","58","118","180","8834","134","67306","true","33894","16","30","88","3434","3684","2132"
"1","0.1","3","true","false","false","false","false","false","true","0.1","1","1","1","1","75","0","0","100","0","0","0","30","2.5","2","60","1.6","0.4","20.5","6.7","16","8.21","365","14","1","0","0","299","299","225","80665","56","119","177","8848","135","67306","true","33891","16","30","89","3440","3692","2133"
"1","0.1","3","true","false","false","false","false","false","true","0.1","1","1","1","1","75","0","0","100","0","0","0","30","2.5","2","60","1.6","0.4","20.5","6.7","16","8.21","365","14","1","0","0","299","299","226","80657","49","117","175","8867","135","67306","true","33888","16","30","89","3445","3696","2137"
"1","0.1","3","true","false","false","false","false","false","true","0.1","1","1","1","1","75","0","0","100","0","0","0","30","2.5","2","60","1.6","0.4","20.5","6.7","16","8.21","365","14","1","0","0","299","299","227","80648","50","117","172","8877","136","67306","true","33888","16","30","90","3449","3702","2138"
"1","0.1","3","true","false","false","false","false","false","true","0.1","1","1","1","1","75","0","0","100","0","0","0","30","2.5","2","60","1.6","0.4","20.5","6.7","16","8.21","365","14","1","0","0","299","299","228","80635","50","116","169","8894","136","67306","true","33886","16","30","90","3455","3707","2139"
"1","0.1","3","true","false","false","false","false","false","true","0.1","1","1","1","1","75","0","0","100","0","0","0","30","2.5","2","60","1.6","0.4","20.5","6.7","16","8.21","365","14","1","0","0","299","299","229","80623","51","115","170","8904","137","67306","true","33886","17","30","90","3458","3714","2142"
"1","0.1","3","true","false","false","false","false","false","true","0.1","1","1","1","1","75","0","0","100","0","0","0","30","2.5","2","60","1.6","0.4","20.5","6.7","16","8.21","365","14","1","0","0","299","299","230","80612","50","116","171","8914","137","67306","true","33882","17","30","90","3463","3720","2144"
"1","0.1","3","true","false","false","false","false","false","true","0.1","1","1","1","1","75","0","0","100","0","0","0","30","2.5","2","60","1.6","0.4","20.5","6.7","16","8.21","365","14","1","0","0","299","299","231","80600","50","118","173","8922","137","67306","true","33882","17","30","90","3471","3721","2145"
"1","0.1","3","true","false","false","false","false","false","true","0.1","1","1","1","1","75","0","0","100","0","0","0","30","2.5","2","60","1.6","0.4","20.5","6.7","16","8.21","365","14","1","0","0","299","299","232","80587","56","114","170","8936","137","67306","true","33882","17","30","90","3473","3722","2148"
"1","0.1","3","true","false","false","false","false","false","true","0.1","1","1","1","1","75","0","0","100","0","0","0","30","2.5","2","60","1.6","0.4","20.5","6.7","16","8.21","365","14","1","0","0","299","299","233","80574","57","111","173","8948","137","67306","true","33882","17","30","90","3479","3725","2151"
"1","0.1","3","true","false","false","false","false","false","true","0.1","1","1","1","1","75","0","0","100","0","0","0","30","2.5","2","60","1.6","0.4","20.5","6.7","16","8.21","365","14","1","0","0","299","299","234","80568","55","113","165","8962","137","67306","true","33882","17","30","90","3481","3731","2152"
"1","0.1","3","true","false","false","false","false","false","true","0.1","1","1","1","1","75","0","0","100","0","0","0","30","2.5","2","60","1.6","0.4","20.5","6.7","16","8.21","365","14","1","0","0","299","299","235","80559","49","113","175","8967","137","67306","true","33882","17","30","90","3486","3734","2155"
"1","0.1","3","true","false","false","false","false","false","true","0.1","1","1","1","1","75","0","0","100","0","0","0","30","2.5","2","60","1.6","0.4","20.5","6.7","16","8.21","365","14","1","0","0","299","299","236","80551","44","113","181","8974","137","67306","true","33882","17","30","90","3489","3739","2156"
"1","0.1","3","true","false","false","false","false","false","true","0.1","1","1","1","1","75","0","0","100","0","0","0","30","2.5","2","60","1.6","0.4","20.5","6.7","16","8.21","365","14","1","0","0","299","299","237","80548","36","120","171","8988","137","67306","true","33882","17","30","90","3494","3746","2160"
"1","0.1","3","true","false","false","false","false","false","true","0.1","1","1","1","1","75","0","0","100","0","0","0","30","2.5","2","60","1.6","0.4","20.5","6.7","16","8.21","365","14","1","0","0","299","299","238","80536","36","121","164","9006","137","67306","true","33882","17","30","90","3500","3752","2161"
"1","0.1","3","true","false","false","false","false","false","true","0.1","1","1","1","1","75","0","0","100","0","0","0","30","2.5","2","60","1.6","0.4","20.5","6.7","16","8.21","365","14","1","0","0","299","299","239","80524","34","119","164","9021","138","67306","true","33882","17","31","90","3506","3756","2162"
"1","0.1","3","true","false","false","false","false","false","true","0.1","1","1","1","1","75","0","0","100","0","0","0","30","2.5","2","60","1.6","0.4","20.5","6.7","16","8.21","365","14","1","0","0","299","299","240","80514","39","115","156","9038","138","67306","true","33877","17","31","90","3510","3760","2163"
"1","0.1","3","true","false","false","false","false","false","true","0.1","1","1","1","1","75","0","0","100","0","0","0","30","2.5","2","60","1.6","0.4","20.5","6.7","16","8.21","365","14","1","0","0","299","299","241","80507","41","113","146","9055","138","67306","true","33877","17","31","90","3511","3764","2166"
"1","0.1","3","true","false","false","false","false","false","true","0.1","1","1","1","1","75","0","0","100","0","0","0","30","2.5","2","60","1.6","0.4","20.5","6.7","16","8.21","365","14","1","0","0","299","299","242","80501","38","112","146","9065","138","67306","true","33877","17","31","90","3514","3767","2169"
"1","0.1","3","true","false","false","false","false","false","true","0.1","1","1","1","1","75","0","0","100","0","0","0","30","2.5","2","60","1.6","0.4","20.5","6.7","16","8.21","365","14","1","0","0","299","299","243","80492","36","115","147","9072","138","67306","true","33877","17","31","90","3519","3771","2171"
"1","0.1","3","true","false","false","false","false","false","true","0.1","1","1","1","1","75","0","0","100","0","0","0","30","2.5","2","60","1.6","0.4","20.5","6.7","16","8.21","365","14","1","0","0","299","299","244","80487","35","116","145","9079","138","67306","true","33877","17","31","90","3523","3776","2171"
"1","0.1","3","true","false","false","false","false","false","true","0.1","1","1","1","1","75","0","0","100","0","0","0","30","2.5","2","60","1.6","0.4","20.5","6.7","16","8.21","365","14","1","0","0","299","299","245","80480","28","113","147","9094","138","67306","true","33877","17","31","90","3527","3784","2173"
"1","0.1","3","true","false","false","false","false","false","true","0.1","1","1","1","1","75","0","0","100","0","0","0","30","2.5","2","60","1.6","0.4","20.5","6.7","16","8.21","365","14","1","0","0","299","299","246","80473","29","111","143","9106","138","67306","true","33877","17","31","90","3529","3787","2175"
"1","0.1","3","true","false","false","false","false","false","true","0.1","1","1","1","1","75","0","0","100","0","0","0","30","2.5","2","60","1.6","0.4","20.5","6.7","16","8.21","365","14","1","0","0","299","299","247","80462","33","112","140","9115","138","67306","true","33877","17","31","90","3530","3788","2177"
"1","0.1","3","true","false","false","false","false","false","true","0.1","1","1","1","1","75","0","0","100","0","0","0","30","2.5","2","60","1.6","0.4","20.5","6.7","16","8.21","365","14","1","0","0","299","299","248","80452","39","109","135","9127","138","67306","true","33877","17","31","90","3533","3791","2179"
"1","0.1","3","true","false","false","false","false","false","true","0.1","1","1","1","1","75","0","0","100","0","0","0","30","2.5","2","60","1.6","0.4","20.5","6.7","16","8.21","365","14","1","0","0","299","299","249","80447","37","108","130","9140","138","67306","true","33877","17","31","90","3535","3794","2182"
"1","0.1","3","true","false","false","false","false","false","true","0.1","1","1","1","1","75","0","0","100","0","0","0","30","2.5","2","60","1.6","0.4","20.5","6.7","16","8.21","365","14","1","0","0","299","299","250","80442","32","102","133","9153","138","67306","true","33877","17","31","90","3538","3796","2184"
"1","0.1","3","true","false","false","false","false","false","true","0.1","1","1","1","1","75","0","0","100","0","0","0","30","2.5","2","60","1.6","0.4","20.5","6.7","16","8.21","365","14","1","0","0","299","299","251","80431","31","101","133","9166","138","67306","true","33877","17","31","90","3539","3802","2186"
"1","0.1","3","true","false","false","false","false","false","true","0.1","1","1","1","1","75","0","0","100","0","0","0","30","2.5","2","60","1.6","0.4","20.5","6.7","16","8.21","365","14","1","0","0","299","299","252","80425","28","101","133","9175","138","67306","true","33877","17","31","90","3543","3809","2186"
"1","0.1","3","true","false","false","false","false","false","true","0.1","1","1","1","1","75","0","0","100","0","0","0","30","2.5","2","60","1.6","0.4","20.5","6.7","16","8.21","365","14","1","0","0","299","299","253","80420","25","97","130","9190","138","67306","true","33877","17","31","90","3544","3811","2189"
"1","0.1","3","true","false","false","false","false","false","true","0.1","1","1","1","1","75","0","0","100","0","0","0","30","2.5","2","60","1.6","0.4","20.5","6.7","16","8.21","365","14","1","0","0","299","299","254","80412","25","99","125","9201","138","67306","true","33877","17","31","90","3547","3814","2191"
"1","0.1","3","true","false","false","false","false","false","true","0.1","1","1","1","1","75","0","0","100","0","0","0","30","2.5","2","60","1.6","0.4","20.5","6.7","16","8.21","365","14","1","0","0","299","299","255","80405","27","100","121","9209","138","67306","true","33877","17","31","90","3550","3815","2191"
"1","0.1","3","true","false","false","false","false","false","true","0.1","1","1","1","1","75","0","0","100","0","0","0","30","2.5","2","60","1.6","0.4","20.5","6.7","16","8.21","365","14","1","0","0","299","299","256","80398","34","97","112","9221","138","67306","true","33877","17","31","90","3551","3818","2191"
"1","0.1","3","true","false","false","false","false","false","true","0.1","1","1","1","1","75","0","0","100","0","0","0","30","2.5","2","60","1.6","0.4","20.5","6.7","16","8.21","365","14","1","0","0","299","299","257","80390","30","94","116","9232","138","67306","true","33877","17","31","90","3552","3822","2196"
"1","0.1","3","true","false","false","false","false","false","true","0.1","1","1","1","1","75","0","0","100","0","0","0","30","2.5","2","60","1.6","0.4","20.5","6.7","16","8.21","365","14","1","0","0","299","299","258","80382","34","90","108","9248","138","0","false","33877","17","31","90","3555","3824","2196"
"1","0.1","3","true","false","false","false","false","false","true","0.1","1","1","1","1","75","0","0","100","0","0","0","30","2.5","2","60","1.6","0.4","20.5","6.7","16","8.21","365","14","1","0","0","299","299","259","79972","436","90","104","9260","138","0","false","536828","17","31","90","3558","3828","2196"
"1","0.1","3","true","false","false","false","false","false","true","0.1","1","1","1","1","75","0","0","100","0","0","0","30","2.5","2","60","1.6","0.4","20.5","6.7","16","8.21","365","14","1","0","0","299","299","260","79769","593","83","143","9274","138","0","false","536828","17","31","90","3569","3834","2201"
"1","0.1","3","true","false","false","false","false","false","true","0.1","1","1","1","1","75","0","0","100","0","0","0","30","2.5","2","60","1.6","0.4","20.5","6.7","16","8.21","365","14","1","0","0","299","299","261","79590","695","84","212","9281","138","0","false","536828","17","31","90","3597","3857","2208"
"1","0.1","3","true","false","false","false","false","false","true","0.1","1","1","1","1","75","0","0","100","0","0","0","30","2.5","2","60","1.6","0.4","20.5","6.7","16","8.21","365","14","1","0","0","299","299","262","79423","746","87","313","9293","138","0","false","536828","17","31","90","3625","3889","2231"
"1","0.1","3","true","false","false","false","false","false","true","0.1","1","1","1","1","75","0","0","100","0","0","0","30","2.5","2","60","1.6","0.4","20.5","6.7","16","8.21","365","14","1","0","0","299","299","263","79216","791","106","445","9304","138","67377","true","536828","17","31","90","3670","3932","2264"
"1","0.1","3","true","false","false","false","false","false","true","0.1","1","1","1","1","75","0","0","100","0","0","0","30","2.5","2","60","1.6","0.4","20.5","6.7","16","8.21","365","14","1","0","0","299","299","264","79206","632","129","582","9313","138","67377","true","33745","17","31","90","3709","3988","2289"
"1","0.1","3","true","false","false","false","false","false","true","0.1","1","1","1","1","75","0","0","100","0","0","0","30","2.5","2","60","1.6","0.4","20.5","6.7","16","8.21","365","14","1","0","0","299","299","265","79178","487","172","701","9323","139","67376","true","33745","17","31","91","3773","4047","2321"
"1","0.1","3","true","false","false","false","false","false","true","0.1","1","1","1","1","75","0","0","100","0","0","0","30","2.5","2","60","1.6","0.4","20.5","6.7","16","8.21","365","14","1","0","0","299","299","266","79151","383","232","764","9331","139","67376","true","33745","17","31","91","3821","4113","2353"
"1","0.1","3","true","false","false","false","false","false","true","0.1","1","1","1","1","75","0","0","100","0","0","0","30","2.5","2","60","1.6","0.4","20.5","6.7","16","8.21","365","14","1","0","0","299","299","267","79117","282","295","830","9337","139","67376","true","33745","17","31","91","3868","4176","2387"
"1","0.1","3","true","false","false","false","false","false","true","0.1","1","1","1","1","75","0","0","100","0","0","0","30","2.5","2","60","1.6","0.4","20.5","6.7","16","8.21","365","14","1","0","0","299","299","268","79093","218","354","853","9343","139","67376","true","33745","17","31","91","3918","4219","2411"
"1","0.1","3","true","false","false","false","false","false","true","0.1","1","1","1","1","75","0","0","100","0","0","0","30","2.5","2","60","1.6","0.4","20.5","6.7","16","8.21","365","14","1","0","0","299","299","269","79069","179","400","859","9353","140","67376","true","33745","17","32","91","3944","4256","2431"
"1","0.1","3","true","false","false","false","false","false","true","0.1","1","1","1","1","75","0","0","100","0","0","0","30","2.5","2","60","1.6","0.4","20.5","6.7","16","8.21","365","14","1","0","0","299","299","270","79042","145","444","869","9360","140","67376","true","33744","17","32","91","3980","4291","2447"
"1","0.1","3","true","false","false","false","false","false","true","0.1","1","1","1","1","75","0","0","100","0","0","0","30","2.5","2","60","1.6","0.4","20.5","6.7","16","8.21","365","14","1","0","0","299","299","271","79011","136","477","865","9371","140","67376","true","33744","17","32","91","4009","4317","2455"
"1","0.1","3","true","false","false","false","false","false","true","0.1","1","1","1","1","75","0","0","100","0","0","0","30","2.5","2","60","1.6","0.4","20.5","6.7","16","8.21","365","14","1","0","0","299","299","272","78988","122","506","865","9379","140","67376","true","33744","17","32","91","4031","4337","2470"
"1","0.1","3","true","false","false","false","false","false","true","0.1","1","1","1","1","75","0","0","100","0","0","0","30","2.5","2","60","1.6","0.4","20.5","6.7","16","8.21","365","14","1","0","0","299","299","273","78957","124","529","860","9390","140","67376","true","33744","17","32","91","4045","4356","2478"
"1","0.1","3","true","false","false","false","false","false","true","0.1","1","1","1","1","75","0","0","100","0","0","0","30","2.5","2","60","1.6","0.4","20.5","6.7","16","8.21","365","14","1","0","0","299","299","274","78925","129","535","874","9397","140","67376","true","33744","17","32","91","4055","4367","2482"
"1","0.1","3","true","false","false","false","false","false","true","0.1","1","1","1","1","75","0","0","100","0","0","0","30","2.5","2","60","1.6","0.4","20.5","6.7","16","8.21","365","14","1","0","0","299","299","275","78900","125","547","884","9404","140","67376","true","33744","17","32","91","4070","4376","2491"
"1","0.1","3","true","false","false","false","false","false","true","0.1","1","1","1","1","75","0","0","100","0","0","0","30","2.5","2","60","1.6","0.4","20.5","6.7","16","8.21","365","14","1","0","0","299","299","276","78874","116","557","888","9424","141","67375","true","33744","17","32","92","4079","4399","2498"
"1","0.1","3","true","false","false","false","false","false","true","0.1","1","1","1","1","75","0","0","100","0","0","0","30","2.5","2","60","1.6","0.4","20.5","6.7","16","8.21","365","14","1","0","0","299","299","277","78856","109","562","883","9449","141","67375","true","33744","17","32","92","4088","4412","2506"
"1","0.1","3","true","false","false","false","false","false","true","0.1","1","1","1","1","75","0","0","100","0","0","0","30","2.5","2","60","1.6","0.4","20.5","6.7","16","8.21","365","14","1","0","0","299","299","278","78842","105","568","865","9479","141","67375","true","33744","17","32","92","4100","4422","2507"
"1","0.1","3","true","false","false","false","false","false","true","0.1","1","1","1","1","75","0","0","100","0","0","0","30","2.5","2","60","1.6","0.4","20.5","6.7","16","8.21","365","14","1","0","0","299","299","279","78824","97","564","845","9528","142","67375","true","33744","17","32","93","4106","4429","2517"
"1","0.1","3","true","false","false","false","false","false","true","0.1","1","1","1","1","75","0","0","100","0","0","0","30","2.5","2","60","1.6","0.4","20.5","6.7","16","8.21","365","14","1","0","0","299","299","280","78806","93","557","821","9581","142","67375","true","33740","17","32","93","4112","4438","2524"
"1","0.1","3","true","false","false","false","false","false","true","0.1","1","1","1","1","75","0","0","100","0","0","0","30","2.5","2","60","1.6","0.4","20.5","6.7","16","8.21","365","14","1","0","0","299","299","281","78788","86","554","802","9627","143","67375","true","33740","17","33","93","4120","4447","2529"
"1","0.1","3","true","false","false","false","false","false","true","0.1","1","1","1","1","75","0","0","100","0","0","0","30","2.5","2","60","1.6","0.4","20.5","6.7","16","8.21","365","14","1","0","0","299","299","282","78778","74","531","762","9711","144","67375","true","33737","17","34","93","4130","4453","2533"
"1","0.1","3","true","false","false","false","false","false","true","0.1","1","1","1","1","75","0","0","100","0","0","0","30","2.5","2","60","1.6","0.4","20.5","6.7","16","8.21","365","14","1","0","0","299","299","283","78761","69","516","735","9774","145","67374","true","33736","17","34","94","4138","4462","2536"
"1","0.1","3","true","false","false","false","false","false","true","0.1","1","1","1","1","75","0","0","100","0","0","0","30","2.5","2","60","1.6","0.4","20.5","6.7","16","8.21","365","14","1","0","0","299","299","284","78742","75","506","700","9831","146","67373","true","33736","17","35","94","4146","4467","2542"
"1","0.1","3","true","false","false","false","false","false","true","0.1","1","1","1","1","75","0","0","100","0","0","0","30","2.5","2","60","1.6","0.4","20.5","6.7","16","8.21","365","14","1","0","0","299","299","285","78732","63","486","668","9904","147","67372","true","33736","18","35","94","4152","4475","2549"
"1","0.1","3","true","false","false","false","false","false","true","0.1","1","1","1","1","75","0","0","100","0","0","0","30","2.5","2","60","1.6","0.4","20.5","6.7","16","8.21","365","14","1","0","0","299","299","286","78714","65","470","632","9969","150","67371","true","33736","18","37","95","4157","4485","2552"
"1","0.1","3","true","false","false","false","false","false","true","0.1","1","1","1","1","75","0","0","100","0","0","0","30","2.5","2","60","1.6","0.4","20.5","6.7","16","8.21","365","14","1","0","0","299","299","287","78701","60","453","586","10050","150","67371","true","33729","18","37","95","4162","4495","2554"
"1","0.1","3","true","false","false","false","false","false","true","0.1","1","1","1","1","75","0","0","100","0","0","0","30","2.5","2","60","1.6","0.4","20.5","6.7","16","8.21","365","14","1","0","0","299","299","288","78689","58","443","540","10120","150","67371","true","33729","18","37","95","4167","4503","2559"
"1","0.1","3","true","false","false","false","false","false","true","0.1","1","1","1","1","75","0","0","100","0","0","0","30","2.5","2","60","1.6","0.4","20.5","6.7","16","8.21","365","14","1","0","0","299","299","289","78667","66","423","505","10189","150","67371","true","33729","18","37","95","4176","4507","2563"
"1","0.1","3","true","false","false","false","false","false","true","0.1","1","1","1","1","75","0","0","100","0","0","0","30","2.5","2","60","1.6","0.4","20.5","6.7","16","8.21","365","14","1","0","0","299","299","290","78656","61","395","468","10268","152","67370","true","33729","19","37","96","4184","4516","2566"
"1","0.1","3","true","false","false","false","false","false","true","0.1","1","1","1","1","75","0","0","100","0","0","0","30","2.5","2","60","1.6","0.4","20.5","6.7","16","8.21","365","14","1","0","0","299","299","291","78638","61","380","443","10325","153","67369","true","33726","19","37","97","4191","4521","2572"
"1","0.1","3","true","false","false","false","false","false","true","0.1","1","1","1","1","75","0","0","100","0","0","0","30","2.5","2","60","1.6","0.4","20.5","6.7","16","8.21","365","14","1","0","0","299","299","292","78627","58","356","409","10396","154","67368","true","33726","19","37","98","4196","4528","2574"
"1","0.1","3","true","false","false","false","false","false","true","0.1","1","1","1","1","75","0","0","100","0","0","0","30","2.5","2","60","1.6","0.4","20.5","6.7","16","8.21","365","14","1","0","0","299","299","293","78611","63","330","371","10469","156","67367","true","33726","20","37","99","4198","4532","2578"
"1","0.1","3","true","false","false","false","false","false","true","0.1","1","1","1","1","75","0","0","100","0","0","0","30","2.5","2","60","1.6","0.4","20.5","6.7","16","8.21","365","14","1","0","0","299","299","294","78593","63","312","338","10538","156","67367","true","33725","20","37","99","4205","4537","2584"
"1","0.1","3","true","false","false","false","false","false","true","0.1","1","1","1","1","75","0","0","100","0","0","0","30","2.5","2","60","1.6","0.4","20.5","6.7","16","8.21","365","14","1","0","0","299","299","295","78584","61","294","315","10590","156","67367","true","33725","20","37","99","4208","4542","2586"
"1","0.1","3","true","false","false","false","false","false","true","0.1","1","1","1","1","75","0","0","100","0","0","0","30","2.5","2","60","1.6","0.4","20.5","6.7","16","8.21","365","14","1","0","0","299","299","296","78566","69","276","296","10637","156","67367","true","33725","20","37","99","4210","4549","2593"
"1","0.1","3","true","false","false","false","false","false","true","0.1","1","1","1","1","75","0","0","100","0","0","0","30","2.5","2","60","1.6","0.4","20.5","6.7","16","8.21","365","14","1","0","0","299","299","297","78551","68","259","284","10682","156","67367","true","33725","20","37","99","4215","4557","2599"
"1","0.1","3","true","false","false","false","false","false","true","0.1","1","1","1","1","75","0","0","100","0","0","0","30","2.5","2","60","1.6","0.4","20.5","6.7","16","8.21","365","14","1","0","0","299","299","298","78535","63","235","288","10723","156","67367","true","33725","20","37","99","4217","4564","2602"
"1","0.1","3","true","false","false","false","false","false","true","0.1","1","1","1","1","75","0","0","100","0","0","0","30","2.5","2","60","1.6","0.4","20.5","6.7","16","8.21","365","14","1","0","0","299","299","299","78519","64","220","273","10768","156","67367","true","33725","20","37","99","4224","4570","2604"
"1","0.1","3","true","false","false","false","false","false","true","0.1","1","1","1","1","75","0","0","100","0","0","0","30","2.5","2","60","1.6","0.4","20.5","6.7","16","8.21","365","14","1","0","0","299","299","300","78506","60","208","262","10808","156","67367","true","33725","20","37","99","4229","4582","2607"
"1","0.1","3","true","false","false","false","false","false","true","0.1","1","1","1","1","75","0","0","100","0","0","0","30","2.5","2","60","1.6","0.4","20.5","6.7","16","8.21","365","14","1","0","0","299","299","301","78485","71","198","248","10840","158","67367","true","33725","20","38","100","4234","4589","2610"
"1","0.1","3","true","false","false","false","false","false","true","0.1","1","1","1","1","75","0","0","100","0","0","0","30","2.5","2","60","1.6","0.4","20.5","6.7","16","8.21","365","14","1","0","0","299","299","302","78470","66","189","253","10864","158","67367","true","33721","20","38","100","4239","4597","2614"
"1","0.1","3","true","false","false","false","false","false","true","0.1","1","1","1","1","75","0","0","100","0","0","0","30","2.5","2","60","1.6","0.4","20.5","6.7","16","8.21","365","14","1","0","0","299","299","303","78450","75","177","244","10896","158","67367","true","33721","20","38","100","4242","4603","2616"
"1","0.1","3","true","false","false","false","false","false","true","0.1","1","1","1","1","75","0","0","100","0","0","0","30","2.5","2","60","1.6","0.4","20.5","6.7","16","8.21","365","14","1","0","0","299","299","304","78437","71","162","247","10925","158","67367","true","33721","20","38","100","4246","4610","2618"
"1","0.1","3","true","false","false","false","false","false","true","0.1","1","1","1","1","75","0","0","100","0","0","0","30","2.5","2","60","1.6","0.4","20.5","6.7","16","8.21","365","14","1","0","0","299","299","305","78424","68","156","245","10948","159","67367","true","33721","20","39","100","4249","4621","2620"
"1","0.1","3","true","false","false","false","false","false","true","0.1","1","1","1","1","75","0","0","100","0","0","0","30","2.5","2","60","1.6","0.4","20.5","6.7","16","8.21","365","14","1","0","0","299","299","306","78406","66","149","251","10969","159","67367","true","33718","20","39","100","4259","4627","2622"
"1","0.1","3","true","false","false","false","false","false","true","0.1","1","1","1","1","75","0","0","100","0","0","0","30","2.5","2","60","1.6","0.4","20.5","6.7","16","8.21","365","14","1","0","0","299","299","307","78384","77","146","247","10986","160","67367","true","33718","20","39","101","4265","4632","2623"
"1","0.1","3","true","false","false","false","false","false","true","0.1","1","1","1","1","75","0","0","100","0","0","0","30","2.5","2","60","1.6","0.4","20.5","6.7","16","8.21","365","14","1","0","0","299","299","308","78373","70","140","248","11009","160","67367","true","33716","20","39","101","4270","4641","2626"
"1","0.1","3","true","false","false","false","false","false","true","0.1","1","1","1","1","75","0","0","100","0","0","0","30","2.5","2","60","1.6","0.4","20.5","6.7","16","8.21","365","14","1","0","0","299","299","309","78360","69","136","242","11033","160","67367","true","33716","20","39","101","4277","4647","2626"
"1","0.1","3","true","false","false","false","false","false","true","0.1","1","1","1","1","75","0","0","100","0","0","0","30","2.5","2","60","1.6","0.4","20.5","6.7","16","8.21","365","14","1","0","0","299","299","310","78347","64","137","238","11054","160","67367","true","33716","20","39","101","4279","4657","2636"
"1","0.1","3","true","false","false","false","false","false","true","0.1","1","1","1","1","75","0","0","100","0","0","0","30","2.5","2","60","1.6","0.4","20.5","6.7","16","8.21","365","14","1","0","0","299","299","311","78332","61","135","236","11076","160","67367","true","33716","20","39","101","4284","4662","2646"
"1","0.1","3","true","false","false","false","false","false","true","0.1","1","1","1","1","75","0","0","100","0","0","0","30","2.5","2","60","1.6","0.4","20.5","6.7","16","8.21","365","14","1","0","0","299","299","312","78317","60","139","235","11088","161","67367","true","33716","20","39","102","4291","4669","2650"
"1","0.1","3","true","false","false","false","false","false","true","0.1","1","1","1","1","75","0","0","100","0","0","0","30","2.5","2","60","1.6","0.4","20.5","6.7","16","8.21","365","14","1","0","0","299","299","313","78301","65","135","239","11099","161","67367","true","33711","20","39","102","4297","4674","2652"
"1","0.1","3","true","false","false","false","false","false","true","0.1","1","1","1","1","75","0","0","100","0","0","0","30","2.5","2","60","1.6","0.4","20.5","6.7","16","8.21","365","14","1","0","0","299","299","314","78295","56","133","242","11113","161","67367","true","33711","20","39","102","4304","4675","2657"
"1","0.1","3","true","false","false","false","false","false","true","0.1","1","1","1","1","75","0","0","100","0","0","0","30","2.5","2","60","1.6","0.4","20.5","6.7","16","8.21","365","14","1","0","0","299","299","315","78275","63","130","240","11131","161","67367","true","33711","20","39","102","4308","4678","2662"
"1","0.1","3","true","false","false","false","false","false","true","0.1","1","1","1","1","75","0","0","100","0","0","0","30","2.5","2","60","1.6","0.4","20.5","6.7","16","8.21","365","14","1","0","0","299","299","316","78262","60","128","237","11152","161","67367","true","33711","20","39","102","4317","4681","2666"
"1","0.1","3","true","false","false","false","false","false","true","0.1","1","1","1","1","75","0","0","100","0","0","0","30","2.5","2","60","1.6","0.4","20.5","6.7","16","8.21","365","14","1","0","0","299","299","317","78250","54","125","240","11170","161","67367","true","33711","20","39","102","4320","4689","2666"
"1","0.1","3","true","false","false","false","false","false","true","0.1","1","1","1","1","75","0","0","100","0","0","0","30","2.5","2","60","1.6","0.4","20.5","6.7","16","8.21","365","14","1","0","0","299","299","318","78237","57","122","233","11190","161","67367","true","33711","20","39","102","4323","4695","2668"
"1","0.1","3","true","false","false","false","false","false","true","0.1","1","1","1","1","75","0","0","100","0","0","0","30","2.5","2","60","1.6","0.4","20.5","6.7","16","8.21","365","14","1","0","0","299","299","319","78228","53","115","233","11208","163","67367","true","33711","20","39","104","4329","4699","2670"
"1","0.1","3","true","false","false","false","false","false","true","0.1","1","1","1","1","75","0","0","100","0","0","0","30","2.5","2","60","1.6","0.4","20.5","6.7","16","8.21","365","14","1","0","0","299","299","320","78224","41","119","225","11228","163","67367","true","33702","20","39","104","4338","4706","2676"
"1","0.1","3","true","false","false","false","false","false","true","0.1","1","1","1","1","75","0","0","100","0","0","0","30","2.5","2","60","1.6","0.4","20.5","6.7","16","8.21","365","14","1","0","0","299","299","321","78214","34","118","231","11240","163","67367","true","33702","20","39","104","4348","4710","2680"
"1","0.1","3","true","false","false","false","false","false","true","0.1","1","1","1","1","75","0","0","100","0","0","0","30","2.5","2","60","1.6","0.4","20.5","6.7","16","8.21","365","14","1","0","0","299","299","322","78203","38","119","221","11256","163","67367","true","33702","20","39","104","4351","4713","2681"
"1","0.1","3","true","false","false","false","false","false","true","0.1","1","1","1","1","75","0","0","100","0","0","0","30","2.5","2","60","1.6","0.4","20.5","6.7","16","8.21","365","14","1","0","0","299","299","323","78191","41","119","215","11271","163","67367","true","33702","20","39","104","4352","4719","2684"
"1","0.1","3","true","false","false","false","false","false","true","0.1","1","1","1","1","75","0","0","100","0","0","0","30","2.5","2","60","1.6","0.4","20.5","6.7","16","8.21","365","14","1","0","0","299","299","324","78186","38","118","207","11288","163","67367","true","33702","20","39","104","4355","4723","2687"
"1","0.1","3","true","false","false","false","false","false","true","0.1","1","1","1","1","75","0","0","100","0","0","0","30","2.5","2","60","1.6","0.4","20.5","6.7","16","8.21","365","14","1","0","0","299","299","325","78179","36","117","200","11305","163","67367","true","33702","20","39","104","4359","4725","2688"
"1","0.1","3","true","false","false","false","false","false","true","0.1","1","1","1","1","75","0","0","100","0","0","0","30","2.5","2","60","1.6","0.4","20.5","6.7","16","8.21","365","14","1","0","0","299","299","326","78170","37","119","190","11321","163","67367","true","33702","20","39","104","4363","4729","2688"
"1","0.1","3","true","false","false","false","false","false","true","0.1","1","1","1","1","75","0","0","100","0","0","0","30","2.5","2","60","1.6","0.4","20.5","6.7","16","8.21","365","14","1","0","0","299","299","327","78163","36","113","182","11343","163","67367","true","33702","20","39","104","4366","4731","2689"
"1","0.1","3","true","false","false","false","false","false","true","0.1","1","1","1","1","75","0","0","100","0","0","0","30","2.5","2","60","1.6","0.4","20.5","6.7","16","8.21","365","14","1","0","0","299","299","328","78151","42","113","175","11356","163","67367","true","33702","20","39","104","4370","4735","2692"
"1","0.1","3","true","false","false","false","false","false","true","0.1","1","1","1","1","75","0","0","100","0","0","0","30","2.5","2","60","1.6","0.4","20.5","6.7","16","8.21","365","14","1","0","0","299","299","329","78141","42","112","172","11370","163","67367","true","33702","20","39","104","4373","4743","2696"
"1","0.1","3","true","false","false","false","false","false","true","0.1","1","1","1","1","75","0","0","100","0","0","0","30","2.5","2","60","1.6","0.4","20.5","6.7","16","8.21","365","14","1","0","0","299","299","330","78134","37","111","170","11385","163","67367","true","33702","20","39","104","4381","4746","2699"
"1","0.1","3","true","false","false","false","false","false","true","0.1","1","1","1","1","75","0","0","100","0","0","0","30","2.5","2","60","1.6","0.4","20.5","6.7","16","8.21","365","14","1","0","0","299","299","331","78129","31","105","167","11405","163","67367","true","33702","20","39","104","4384","4750","2702"
"1","0.1","3","true","false","false","false","false","false","true","0.1","1","1","1","1","75","0","0","100","0","0","0","30","2.5","2","60","1.6","0.4","20.5","6.7","16","8.21","365","14","1","0","0","299","299","332","78119","32","105","165","11416","163","67367","true","33702","20","39","104","4387","4754","2704"
"1","0.1","3","true","false","false","false","false","false","true","0.1","1","1","1","1","75","0","0","100","0","0","0","30","2.5","2","60","1.6","0.4","20.5","6.7","16","8.21","365","14","1","0","0","299","299","333","78116","29","96","167","11429","163","67367","true","33702","20","39","104","4387","4756","2704"
"1","0.1","3","true","false","false","false","false","false","true","0.1","1","1","1","1","75","0","0","100","0","0","0","30","2.5","2","60","1.6","0.4","20.5","6.7","16","8.21","365","14","1","0","0","299","299","334","78113","23","95","167","11439","163","67367","true","33702","20","39","104","4390","4758","2705"
"1","0.1","3","true","false","false","false","false","false","true","0.1","1","1","1","1","75","0","0","100","0","0","0","30","2.5","2","60","1.6","0.4","20.5","6.7","16","8.21","365","14","1","0","0","299","299","335","78100","31","91","164","11451","163","67367","true","33702","20","39","104","4392","4762","2705"
"1","0.1","3","true","false","false","false","false","false","true","0.1","1","1","1","1","75","0","0","100","0","0","0","30","2.5","2","60","1.6","0.4","20.5","6.7","16","8.21","365","14","1","0","0","299","299","336","78086","42","92","154","11463","163","67367","true","33702","20","39","104","4397","4764","2706"
"1","0.1","3","true","false","false","false","false","false","true","0.1","1","1","1","1","75","0","0","100","0","0","0","30","2.5","2","60","1.6","0.4","20.5","6.7","16","8.21","365","14","1","0","0","299","299","337","78076","43","89","149","11480","163","0","false","33702","20","39","104","4403","4765","2708"
"1","0.1","3","true","false","false","false","false","false","true","0.1","1","1","1","1","75","0","0","100","0","0","0","30","2.5","2","60","1.6","0.4","20.5","6.7","16","8.21","365","14","1","0","0","299","299","338","77605","507","92","144","11489","163","67574","true","536533","20","39","104","4408","4766","2711"
"1","0.1","3","true","false","false","false","false","false","true","0.1","1","1","1","1","75","0","0","100","0","0","0","30","2.5","2","60","1.6","0.4","20.5","6.7","16","8.21","365","14","1","0","0","299","299","339","77578","482","87","187","11503","163","0","false","32897","20","39","104","4416","4787","2714"
"1","0.1","3","true","false","false","false","false","false","true","0.1","1","1","1","1","75","0","0","100","0","0","0","30","2.5","2","60","1.6","0.4","20.5","6.7","16","8.21","365","14","1","0","0","299","299","340","77267","715","81","251","11523","163","0","false","536533","20","39","104","4434","4813","2716"
"1","0.1","3","true","false","false","false","false","false","true","0.1","1","1","1","1","75","0","0","100","0","0","0","30","2.5","2","60","1.6","0.4","20.5","6.7","16","8.21","365","14","1","0","0","299","299","341","77021","826","86","372","11532","163","0","false","536533","20","39","104","4470","4850","2732"
"1","0.1","3","true","false","false","false","false","false","true","0.1","1","1","1","1","75","0","0","100","0","0","0","30","2.5","2","60","1.6","0.4","20.5","6.7","16","8.21","365","14","1","0","0","299","299","342","76743","941","100","511","11541","164","67337","true","536533","20","39","105","4510","4895","2762"
"1","0.1","3","true","false","false","false","false","false","true","0.1","1","1","1","1","75","0","0","100","0","0","0","30","2.5","2","60","1.6","0.4","20.5","6.7","16","8.21","365","14","1","0","0","299","299","343","76719","767","126","675","11549","164","67337","true","33592","20","39","105","4574","4957","2795"
"1","0.1","3","true","false","false","false","false","false","true","0.1","1","1","1","1","75","0","0","100","0","0","0","30","2.5","2","60","1.6","0.4","20.5","6.7","16","8.21","365","14","1","0","0","299","299","344","76696","596","182","802","11560","164","67337","true","33592","20","39","105","4628","5040","2831"
"1","0.1","3","true","false","false","false","false","false","true","0.1","1","1","1","1","75","0","0","100","0","0","0","30","2.5","2","60","1.6","0.4","20.5","6.7","16","8.21","365","14","1","0","0","299","299","345","76659","460","248","901","11568","164","67337","true","33592","20","39","105","4683","5105","2876"
"1","0.1","3","true","false","false","false","false","false","true","0.1","1","1","1","1","75","0","0","100","0","0","0","30","2.5","2","60","1.6","0.4","20.5","6.7","16","8.21","365","14","1","0","0","299","299","346","76632","361","307","959","11577","164","67337","true","33592","20","39","105","4733","5165","2910"
"1","0.1","3","true","false","false","false","false","false","true","0.1","1","1","1","1","75","0","0","100","0","0","0","30","2.5","2","60","1.6","0.4","20.5","6.7","16","8.21","365","14","1","0","0","299","299","347","76599","292","376","980","11589","164","67337","true","33592","20","39","105","4778","5226","2939"
"1","0.1","3","true","false","false","false","false","false","true","0.1","1","1","1","1","75","0","0","100","0","0","0","30","2.5","2","60","1.6","0.4","20.5","6.7","16","8.21","365","14","1","0","0","299","299","348","76567","244","436","994","11595","164","67337","true","33592","20","39","105","4817","5261","2972"
"1","0.1","3","true","false","false","false","false","false","true","0.1","1","1","1","1","75","0","0","100","0","0","0","30","2.5","2","60","1.6","0.4","20.5","6.7","16","8.21","365","14","1","0","0","299","299","349","76536","207","489","1004","11600","164","67337","true","33592","20","39","105","4855","5298","2989"
"1","0.1","3","true","false","false","false","false","false","true","0.1","1","1","1","1","75","0","0","100","0","0","0","30","2.5","2","60","1.6","0.4","20.5","6.7","16","8.21","365","14","1","0","0","299","299","350","76511","170","545","1000","11610","164","67337","true","33592","20","39","105","4895","5341","3005"
"1","0.1","3","true","false","false","false","false","false","true","0.1","1","1","1","1","75","0","0","100","0","0","0","30","2.5","2","60","1.6","0.4","20.5","6.7","16","8.21","365","14","1","0","0","299","299","351","76482","150","578","1007","11619","164","67337","true","33592","20","39","105","4918","5369","3025"
"1","0.1","3","true","false","false","false","false","false","true","0.1","1","1","1","1","75","0","0","100","0","0","0","30","2.5","2","60","1.6","0.4","20.5","6.7","16","8.21","365","14","1","0","0","299","299","352","76463","134","599","1013","11627","164","67337","true","33592","20","39","105","4936","5390","3035"
"1","0.1","3","true","false","false","false","false","false","true","0.1","1","1","1","1","75","0","0","100","0","0","0","30","2.5","2","60","1.6","0.4","20.5","6.7","16","8.21","365","14","1","0","0","299","299","353","76437","126","626","1012","11635","164","67337","true","33592","20","39","105","4956","5405","3046"
"1","0.1","3","true","false","false","false","false","false","true","0.1","1","1","1","1","75","0","0","100","0","0","0","30","2.5","2","60","1.6","0.4","20.5","6.7","16","8.21","365","14","1","0","0","299","299","354","76417","122","640","1014","11643","164","67337","true","33592","20","39","105","4969","5417","3054"
"1","0.1","3","true","false","false","false","false","false","true","0.1","1","1","1","1","75","0","0","100","0","0","0","30","2.5","2","60","1.6","0.4","20.5","6.7","16","8.21","365","14","1","0","0","299","299","355","76400","107","652","1015","11661","165","67336","true","33592","20","39","106","4978","5437","3061"
"1","0.1","3","true","false","false","false","false","false","true","0.1","1","1","1","1","75","0","0","100","0","0","0","30","2.5","2","60","1.6","0.4","20.5","6.7","16","8.21","365","14","1","0","0","299","299","356","76387","92","669","1001","11683","168","67334","true","33592","20","40","108","4998","5447","3067"
"1","0.1","3","true","false","false","false","false","false","true","0.1","1","1","1","1","75","0","0","100","0","0","0","30","2.5","2","60","1.6","0.4","20.5","6.7","16","8.21","365","14","1","0","0","299","299","357","76373","92","677","974","11716","168","67334","true","33592","20","40","108","5014","5456","3071"
"1","0.1","3","true","false","false","false","false","false","true","0.1","1","1","1","1","75","0","0","100","0","0","0","30","2.5","2","60","1.6","0.4","20.5","6.7","16","8.21","365","14","1","0","0","299","299","358","76356","95","676","935","11769","169","67333","true","33592","20","41","108","5023","5461","3075"
"1","0.1","3","true","false","false","false","false","false","true","0.1","1","1","1","1","75","0","0","100","0","0","0","30","2.5","2","60","1.6","0.4","20.5","6.7","16","8.21","365","14","1","0","0","299","299","359","76336","103","669","907","11812","173","67331","true","33592","21","42","110","5032","5471","3081"
"1","0.1","3","true","false","false","false","false","false","true","0.1","1","1","1","1","75","0","0","100","0","0","0","30","2.5","2","60","1.6","0.4","20.5","6.7","16","8.21","365","14","1","0","0","299","299","360","76325","97","661","872","11871","174","67331","true","33587","21","42","111","5038","5483","3084"
"1","0.1","3","true","false","false","false","false","false","true","0.1","1","1","1","1","75","0","0","100","0","0","0","30","2.5","2","60","1.6","0.4","20.5","6.7","16","8.21","365","14","1","0","0","299","299","361","76312","95","651","840","11928","174","67331","true","33584","21","42","111","5046","5494","3090"
"1","0.1","3","true","false","false","false","false","false","true","0.1","1","1","1","1","75","0","0","100","0","0","0","30","2.5","2","60","1.6","0.4","20.5","6.7","16","8.21","365","14","1","0","0","299","299","362","76295","96","631","813","11988","177","67329","true","33584","21","42","114","5051","5508","3094"
"1","0.1","3","true","false","false","false","false","false","true","0.1","1","1","1","1","75","0","0","100","0","0","0","30","2.5","2","60","1.6","0.4","20.5","6.7","16","8.21","365","14","1","0","0","299","299","363","76290","93","612","779","12049","177","67329","true","33580","21","42","114","5059","5514","3098"
"1","0.1","3","true","false","false","false","false","false","true","0.1","1","1","1","1","75","0","0","100","0","0","0","30","2.5","2","60","1.6","0.4","20.5","6.7","16","8.21","365","14","1","0","0","299","299","364","76281","87","582","753","12117","180","67327","true","33580","21","42","117","5067","5527","3102"
"1","0.1","3","true","false","false","false","false","false","true","0.1","1","1","1","1","75","0","0","100","0","0","0","30","2.5","2","60","1.6","0.4","20.5","6.7","16","8.21","365","14","1","0","0","299","299","365","76277","79","539","724","12199","182","67326","true","33576","21","42","119","5076","5534","3103"
"1","0.1","3","true","false","false","false","false","false","true","0.1","1","1","1","1","75","0","0","100","0","0","0","30","2.5","2","60","1.6","0.4","20.5","6.7","16","8.21","365","14","1","0","0","299","299","366","76266","84","510","678","12278","184","67324","true","33572","21","42","121","5083","5540","3107"
"1","0.1","3","true","false","false","false","false","false","true","0.1","1","1","1","1","75","0","0","100","0","0","0","30","2.5","2","60","1.6","0.4","20.5","6.7","16","8.21","365","14","1","0","0","299","299","367","76262","81","484","638","12351","184","67324","true","33572","21","42","121","5096","5547","3112"
"1","0.1","3","true","false","false","false","false","false","true","0.1","1","1","1","1","75","0","0","100","0","0","0","30","2.5","2","60","1.6","0.4","20.5","6.7","16","8.21","365","14","1","0","0","299","299","368","76259","80","459","599","12417","186","67324","true","33572","22","43","121","5103","5551","3118"
"1","0.1","3","true","false","false","false","false","false","true","0.1","1","1","1","1","75","0","0","100","0","0","0","30","2.5","2","60","1.6","0.4","20.5","6.7","16","8.21","365","14","1","0","0","299","299","369","76252","75","435","559","12493","186","67324","true","33566","22","43","121","5110","5565","3124"
"1","0.1","3","true","false","false","false","false","false","true","0.1","1","1","1","1","75","0","0","100","0","0","0","30","2.5","2","60","1.6","0.4","20.5","6.7","16","8.21","365","14","1","0","0","299","299","370","76251","74","413","527","12548","187","67323","true","33566","22","44","121","5118","5572","3130"
"1","0.1","3","true","false","false","false","false","false","true","0.1","1","1","1","1","75","0","0","100","0","0","0","30","2.5","2","60","1.6","0.4","20.5","6.7","16","8.21","365","14","1","0","0","299","299","371","76243","74","386","477","12631","189","67321","true","33566","22","45","122","5126","5579","3135"
"1","0.1","3","true","false","false","false","false","false","true","0.1","1","1","1","1","75","0","0","100","0","0","0","30","2.5","2","60","1.6","0.4","20.5","6.7","16","8.21","365","14","1","0","0","299","299","372","76242","77","361","446","12683","191","67320","true","33566","22","46","123","5130","5588","3137"
"1","0.1","3","true","false","false","false","false","false","true","0.1","1","1","1","1","75","0","0","100","0","0","0","30","2.5","2","60","1.6","0.4","20.5","6.7","16","8.21","365","14","1","0","0","299","299","373","76248","77","333","415","12734","193","67319","true","33565","23","46","124","5139","5595","3139"
"1","0.1","3","true","false","false","false","false","false","true","0.1","1","1","1","1","75","0","0","100","0","0","0","30","2.5","2","60","1.6","0.4","20.5","6.7","16","8.21","365","14","1","0","0","299","299","374","76265","63","319","390","12768","195","67318","true","33563","23","46","126","5151","5600","3144"
"1","0.1","3","true","false","false","false","false","false","true","0.1","1","1","1","1","75","0","0","100","0","0","0","30","2.5","2","60","1.6","0.4","20.5","6.7","16","8.21","365","14","1","0","0","299","299","375","76269","67","294","369","12805","196","67318","true","33560","23","46","127","5158","5609","3146"
"1","0.1","3","true","false","false","false","false","false","true","0.1","1","1","1","1","75","0","0","100","0","0","0","30","2.5","2","60","1.6","0.4","20.5","6.7","16","8.21","365","14","1","0","0","299","299","376","76265","63","276","348","12851","197","67317","true","33557","23","46","128","5167","5618","3151"
"1","0.1","3","true","false","false","false","false","false","true","0.1","1","1","1","1","75","0","0","100","0","0","0","30","2.5","2","60","1.6","0.4","20.5","6.7","16","8.21","365","14","1","0","0","299","299","377","76279","65","255","335","12869","197","67317","true","33557","23","46","128","5172","5626","3153"
"1","0.1","3","true","false","false","false","false","false","true","0.1","1","1","1","1","75","0","0","100","0","0","0","30","2.5","2","60","1.6","0.4","20.5","6.7","16","8.21","365","14","1","0","0","299","299","378","76299","59","242","321","12882","197","67317","true","33557","23","46","128","5178","5634","3157"
"1","0.1","3","true","false","false","false","false","false","true","0.1","1","1","1","1","75","0","0","100","0","0","0","30","2.5","2","60","1.6","0.4","20.5","6.7","16","8.21","365","14","1","0","0","299","299","379","76317","48","223","314","12901","197","67317","true","33557","23","46","128","5183","5637","3160"
"1","0.1","3","true","false","false","false","false","false","true","0.1","1","1","1","1","75","0","0","100","0","0","0","30","2.5","2","60","1.6","0.4","20.5","6.7","16","8.21","365","14","1","0","0","299","299","380","76334","47","211","308","12903","197","67317","true","33557","23","46","128","5188","5639","3162"
"1","0.1","3","true","false","false","false","false","false","true","0.1","1","1","1","1","75","0","0","100","0","0","0","30","2.5","2","60","1.6","0.4","20.5","6.7","16","8.21","365","14","1","0","0","299","299","381","76362","51","204","292","12893","198","67317","true","33557","23","46","129","5192","5644","3166"
"1","0.1","3","true","false","false","false","false","false","true","0.1","1","1","1","1","75","0","0","100","0","0","0","30","2.5","2","60","1.6","0.4","20.5","6.7","16","8.21","365","14","1","0","0","299","299","382","76380","55","194","278","12895","198","67317","true","33551","23","46","129","5196","5648","3167"
"1","0.1","3","true","false","false","false","false","false","true","0.1","1","1","1","1","75","0","0","100","0","0","0","30","2.5","2","60","1.6","0.4","20.5","6.7","16","8.21","365","14","1","0","0","299","299","383","76412","43","182","278","12887","198","67317","true","33551","23","46","129","5201","5656","3169"
"1","0.1","3","true","false","false","false","false","false","true","0.1","1","1","1","1","75","0","0","100","0","0","0","30","2.5","2","60","1.6","0.4","20.5","6.7","16","8.21","365","14","1","0","0","299","299","384","76435","56","177","269","12865","198","67317","true","33551","23","46","129","5203","5661","3173"
"1","0.1","3","true","false","false","false","false","false","true","0.1","1","1","1","1","75","0","0","100","0","0","0","30","2.5","2","60","1.6","0.4","20.5","6.7","16","8.21","365","14","1","0","0","299","299","385","76453","58","175","253","12863","198","67317","true","33551","23","46","129","5209","5665","3176"
"1","0.1","3","true","false","false","false","false","false","true","0.1","1","1","1","1","75","0","0","100","0","0","0","30","2.5","2","60","1.6","0.4","20.5","6.7","16","8.21","365","14","1","0","0","299","299","386","76467","59","170","249","12857","198","67317","true","33551","23","46","129","5214","5671","3180"
"1","0.1","3","true","false","false","false","false","false","true","0.1","1","1","1","1","75","0","0","100","0","0","0","30","2.5","2","60","1.6","0.4","20.5","6.7","16","8.21","365","14","1","0","0","299","299","387","76505","59","167","236","12835","198","67317","true","33551","23","46","129","5220","5676","3181"
"1","0.1","3","true","false","false","false","false","false","true","0.1","1","1","1","1","75","0","0","100","0","0","0","30","2.5","2","60","1.6","0.4","20.5","6.7","16","8.21","365","14","1","0","0","299","299","388","76541","58","156","227","12819","199","67317","true","33551","23","46","130","5225","5680","3183"
"1","0.1","3","true","false","false","false","false","false","true","0.1","1","1","1","1","75","0","0","100","0","0","0","30","2.5","2","60","1.6","0.4","20.5","6.7","16","8.21","365","14","1","0","0","299","299","389","76582","55","155","219","12790","199","67317","true","33547","23","46","130","5228","5686","3186"
"1","0.1","3","true","false","false","false","false","false","true","0.1","1","1","1","1","75","0","0","100","0","0","0","30","2.5","2","60","1.6","0.4","20.5","6.7","16","8.21","365","14","1","0","0","299","299","390","76614","53","145","219","12770","199","67317","true","33547","23","46","130","5230","5691","3190"
"1","0.1","3","true","false","false","false","false","false","true","0.1","1","1","1","1","75","0","0","100","0","0","0","30","2.5","2","60","1.6","0.4","20.5","6.7","16","8.21","365","14","1","0","0","299","299","391","76656","56","142","219","12728","199","67317","true","33547","23","46","130","5232","5696","3193"
"1","0.1","3","true","false","false","false","false","false","true","0.1","1","1","1","1","75","0","0","100","0","0","0","30","2.5","2","60","1.6","0.4","20.5","6.7","16","8.21","365","14","1","0","0","299","299","392","76692","58","142","210","12699","199","67317","true","33547","23","46","130","5236","5703","3196"
"1","0.1","3","true","false","false","false","false","false","true","0.1","1","1","1","1","75","0","0","100","0","0","0","30","2.5","2","60","1.6","0.4","20.5","6.7","16","8.21","365","14","1","0","0","299","299","393","76730","61","143","198","12669","199","67317","true","33547","23","46","130","5239","5709","3201"
"1","0.1","3","true","false","false","false","false","false","true","0.1","1","1","1","1","75","0","0","100","0","0","0","30","2.5","2","60","1.6","0.4","20.5","6.7","16","8.21","365","14","1","0","0","299","299","394","76768","64","142","192","12635","199","67317","true","33547","23","46","130","5244","5713","3204"
"1","0.1","3","true","false","false","false","false","false","true","0.1","1","1","1","1","75","0","0","100","0","0","0","30","2.5","2","60","1.6","0.4","20.5","6.7","16","8.21","365","14","1","0","0","299","299","395","76823","62","143","188","12585","199","67317","true","33547","23","46","130","5247","5718","3207"
"1","0.1","3","true","false","false","false","false","false","true","0.1","1","1","1","1","75","0","0","100","0","0","0","30","2.5","2","60","1.6","0.4","20.5","6.7","16","8.21","365","14","1","0","0","299","299","396","76865","61","140","190","12544","200","67317","true","33547","23","46","131","5253","5726","3208"
"1","0.1","3","true","false","false","false","false","false","true","0.1","1","1","1","1","75","0","0","100","0","0","0","30","2.5","2","60","1.6","0.4","20.5","6.7","16","8.21","365","14","1","0","0","299","299","397","76917","58","135","195","12495","200","67317","true","33546","23","46","131","5258","5729","3211"
"1","0.1","3","true","false","false","false","false","false","true","0.1","1","1","1","1","75","0","0","100","0","0","0","30","2.5","2","60","1.6","0.4","20.5","6.7","16","8.21","365","14","1","0","0","299","299","398","76957","52","137","199","12454","201","67317","true","33546","23","46","132","5268","5737","3216"
"1","0.1","3","true","false","false","false","false","false","true","0.1","1","1","1","1","75","0","0","100","0","0","0","30","2.5","2","60","1.6","0.4","20.5","6.7","16","8.21","365","14","1","0","0","299","299","399","77021","56","130","198","12393","202","67317","true","33543","23","46","133","5273","5744","3216"
"1","0.1","3","true","false","false","false","false","false","true","0.1","1","1","1","1","75","0","0","100","0","0","0","30","2.5","2","60","1.6","0.4","20.5","6.7","16","8.21","365","14","1","0","0","299","299","400","77087","46","125","202","12337","203","67317","true","33541","23","46","134","5277","5753","3219"
"1","0.1","3","true","false","false","false","false","false","true","0.1","1","1","1","1","75","0","0","100","0","0","0","30","2.5","2","60","1.6","0.4","20.5","6.7","16","8.21","365","14","1","0","0","299","299","401","77132","51","126","193","12295","203","67317","true","33537","23","46","134","5283","5758","3223"
"1","0.1","3","true","false","false","false","false","false","true","0.1","1","1","1","1","75","0","0","100","0","0","0","30","2.5","2","60","1.6","0.4","20.5","6.7","16","8.21","365","14","1","0","0","299","299","402","77184","47","115","195","12254","205","67317","true","33537","23","47","135","5292","5761","3225"
"1","0.1","3","true","false","false","false","false","false","true","0.1","1","1","1","1","75","0","0","100","0","0","0","30","2.5","2","60","1.6","0.4","20.5","6.7","16","8.21","365","14","1","0","0","299","299","403","77249","41","110","206","12189","205","67317","true","33530","23","47","135","5297","5764","3227"
"1","0.1","3","true","false","false","false","false","false","true","0.1","1","1","1","1","75","0","0","100","0","0","0","30","2.5","2","60","1.6","0.4","20.5","6.7","16","8.21","365","14","1","0","0","299","299","404","77302","48","112","204","12129","205","67317","true","33530","23","47","135","5298","5766","3232"
"1","0.1","3","true","false","false","false","false","false","true","0.1","1","1","1","1","75","0","0","100","0","0","0","30","2.5","2","60","1.6","0.4","20.5","6.7","16","8.21","365","14","1","0","0","299","299","405","77371","51","110","200","12063","205","67317","true","33530","23","47","135","5300","5771","3233"
"1","0.1","3","true","false","false","false","false","false","true","0.1","1","1","1","1","75","0","0","100","0","0","0","30","2.5","2","60","1.6","0.4","20.5","6.7","16","8.21","365","14","1","0","0","299","299","406","77419","47","108","205","12016","205","67317","true","33530","23","47","135","5303","5776","3236"
"1","0.1","3","true","false","false","false","false","false","true","0.1","1","1","1","1","75","0","0","100","0","0","0","30","2.5","2","60","1.6","0.4","20.5","6.7","16","8.21","365","14","1","0","0","299","299","407","77472","51","109","198","11965","205","67317","true","33530","23","47","135","5308","5780","3238"
"1","0.1","3","true","false","false","false","false","false","true","0.1","1","1","1","1","75","0","0","100","0","0","0","30","2.5","2","60","1.6","0.4","20.5","6.7","16","8.21","365","14","1","0","0","299","299","408","77529","50","107","196","11912","206","67317","true","33530","23","48","135","5312","5786","3239"
"1","0.1","3","true","false","false","false","false","false","true","0.1","1","1","1","1","75","0","0","100","0","0","0","30","2.5","2","60","1.6","0.4","20.5","6.7","16","8.21","365","14","1","0","0","299","299","409","77590","49","104","199","11852","206","67317","true","33527","23","48","135","5316","5789","3243"
"1","0.1","3","true","false","false","false","false","false","true","0.1","1","1","1","1","75","0","0","100","0","0","0","30","2.5","2","60","1.6","0.4","20.5","6.7","16","8.21","365","14","1","0","0","299","299","410","77661","44","102","198","11789","206","67317","true","33527","23","48","135","5320","5793","3248"
"1","0.1","3","true","false","false","false","false","false","true","0.1","1","1","1","1","75","0","0","100","0","0","0","30","2.5","2","60","1.6","0.4","20.5","6.7","16","8.21","365","14","1","0","0","299","299","411","77718","47","106","198","11725","206","67317","true","33527","23","48","135","5325","5799","3248"
"1","0.1","3","true","false","false","false","false","false","true","0.1","1","1","1","1","75","0","0","100","0","0","0","30","2.5","2","60","1.6","0.4","20.5","6.7","16","8.21","365","14","1","0","0","299","299","412","77781","45","102","198","11667","207","67317","true","33527","23","48","136","5326","5809","3251"
"1","0.1","3","true","false","false","false","false","false","true","0.1","1","1","1","1","75","0","0","100","0","0","0","30","2.5","2","60","1.6","0.4","20.5","6.7","16","8.21","365","14","1","0","0","299","299","413","77835","42","105","200","11611","207","67317","true","33523","23","48","136","5335","5810","3254"
"1","0.1","3","true","false","false","false","false","false","true","0.1","1","1","1","1","75","0","0","100","0","0","0","30","2.5","2","60","1.6","0.4","20.5","6.7","16","8.21","365","14","1","0","0","299","299","414","77885","53","106","195","11554","207","67317","true","33523","23","48","136","5339","5813","3257"
"1","0.1","3","true","false","false","false","false","false","true","0.1","1","1","1","1","75","0","0","100","0","0","0","30","2.5","2","60","1.6","0.4","20.5","6.7","16","8.21","365","14","1","0","0","299","299","415","77934","56","105","183","11514","208","67317","true","33523","23","49","136","5344","5816","3260"
"1","0.1","3","true","false","false","false","false","false","true","0.1","1","1","1","1","75","0","0","100","0","0","0","30","2.5","2","60","1.6","0.4","20.5","6.7","16","8.21","365","14","1","0","0","299","299","416","77994","51","104","185","11458","208","67317","true","33521","23","49","136","5349","5818","3265"
"1","0.1","3","true","false","false","false","false","false","true","0.1","1","1","1","1","75","0","0","100","0","0","0","30","2.5","2","60","1.6","0.4","20.5","6.7","16","8.21","365","14","1","0","0","299","299","417","78047","62","99","182","11402","208","67317","true","33521","23","49","136","5352","5821","3265"
"1","0.1","3","true","false","false","false","false","false","true","0.1","1","1","1","1","75","0","0","100","0","0","0","30","2.5","2","60","1.6","0.4","20.5","6.7","16","8.21","365","14","1","0","0","299","299","418","78095","56","101","182","11357","209","67317","true","33521","23","49","137","5355","5833","3268"
"1","0.1","3","true","false","false","false","false","false","true","0.1","1","1","1","1","75","0","0","100","0","0","0","30","2.5","2","60","1.6","0.4","20.5","6.7","16","8.21","365","14","1","0","0","299","299","419","78158","52","97","186","11298","209","67317","true","33517","23","49","137","5357","5837","3268"
"1","0.1","3","true","false","false","false","false","false","true","0.1","1","1","1","1","75","0","0","100","0","0","0","30","2.5","2","60","1.6","0.4","20.5","6.7","16","8.21","365","14","1","0","0","299","299","420","78221","50","94","182","11243","210","67317","true","33517","23","50","137","5363","5840","3270"
"1","0.1","3","true","false","false","false","false","false","true","0.1","1","1","1","1","75","0","0","100","0","0","0","30","2.5","2","60","1.6","0.4","20.5","6.7","16","8.21","365","14","1","0","0","299","299","421","78276","46","94","181","11193","210","67317","true","33515","23","50","137","5368","5842","3274"
"1","0.1","3","true","false","false","false","false","false","true","0.1","1","1","1","1","75","0","0","100","0","0","0","30","2.5","2","60","1.6","0.4","20.5","6.7","16","8.21","365","14","1","0","0","299","299","422","78339","41","99","180","11131","210","67317","true","33515","23","50","137","5373","5846","3279"
"1","0.1","3","true","false","false","false","false","false","true","0.1","1","1","1","1","75","0","0","100","0","0","0","30","2.5","2","60","1.6","0.4","20.5","6.7","16","8.21","365","14","1","0","0","299","299","423","78387","42","101","169","11090","211","67317","true","33515","23","50","138","5379","5850","3282"
"1","0.1","3","true","false","false","false","false","false","true","0.1","1","1","1","1","75","0","0","100","0","0","0","30","2.5","2","60","1.6","0.4","20.5","6.7","16","8.21","365","14","1","0","0","299","299","424","78433","41","100","163","11052","211","67317","true","33512","23","50","138","5384","5853","3285"
"1","0.1","3","true","false","false","false","false","false","true","0.1","1","1","1","1","75","0","0","100","0","0","0","30","2.5","2","60","1.6","0.4","20.5","6.7","16","8.21","365","14","1","0","0","299","299","425","78480","44","106","157","11002","211","67317","true","33512","23","50","138","5387","5860","3288"
"1","0.1","3","true","false","false","false","false","false","true","0.1","1","1","1","1","75","0","0","100","0","0","0","30","2.5","2","60","1.6","0.4","20.5","6.7","16","8.21","365","14","1","0","0","299","299","426","78534","42","103","156","10954","211","67317","true","33512","23","50","138","5389","5863","3288"
"1","0.1","3","true","false","false","false","false","false","true","0.1","1","1","1","1","75","0","0","100","0","0","0","30","2.5","2","60","1.6","0.4","20.5","6.7","16","8.21","365","14","1","0","0","299","299","427","78585","37","107","155","10905","211","67317","true","33512","23","50","138","5395","5871","3290"
"1","0.1","3","true","false","false","false","false","false","true","0.1","1","1","1","1","75","0","0","100","0","0","0","30","2.5","2","60","1.6","0.4","20.5","6.7","16","8.21","365","14","1","0","0","299","299","428","78658","30","102","161","10838","211","67317","true","33512","23","50","138","5398","5875","3290"
"1","0.1","3","true","false","false","false","false","false","true","0.1","1","1","1","1","75","0","0","100","0","0","0","30","2.5","2","60","1.6","0.4","20.5","6.7","16","8.21","365","14","1","0","0","299","299","429","78725","34","102","160","10768","211","67317","true","33512","23","50","138","5400","5879","3292"
"1","0.1","3","true","false","false","false","false","false","true","0.1","1","1","1","1","75","0","0","100","0","0","0","30","2.5","2","60","1.6","0.4","20.5","6.7","16","8.21","365","14","1","0","0","299","299","430","78765","29","107","155","10733","211","67317","true","33512","23","50","138","5403","5883","3297"
"1","0.1","3","true","false","false","false","false","false","true","0.1","1","1","1","1","75","0","0","100","0","0","0","30","2.5","2","60","1.6","0.4","20.5","6.7","16","8.21","365","14","1","0","0","299","299","431","78796","42","104","151","10696","211","67317","true","33512","23","50","138","5404","5885","3298"
"1","0.1","3","true","false","false","false","false","false","true","0.1","1","1","1","1","75","0","0","100","0","0","0","30","2.5","2","60","1.6","0.4","20.5","6.7","16","8.21","365","14","1","0","0","299","299","432","78862","40","99","152","10636","211","67317","true","33512","23","50","138","5407","5887","3302"
"1","0.1","3","true","false","false","false","false","false","true","0.1","1","1","1","1","75","0","0","100","0","0","0","30","2.5","2","60","1.6","0.4","20.5","6.7","16","8.21","365","14","1","0","0","299","299","433","78932","35","99","152","10571","211","67317","true","33512","23","50","138","5407","5896","3306"
"1","0.1","3","true","false","false","false","false","false","true","0.1","1","1","1","1","75","0","0","100","0","0","0","30","2.5","2","60","1.6","0.4","20.5","6.7","16","8.21","365","14","1","0","0","299","299","434","78966","32","99","151","10541","211","67317","true","33512","23","50","138","5409","5903","3311"
"1","0.1","3","true","false","false","false","false","false","true","0.1","1","1","1","1","75","0","0","100","0","0","0","30","2.5","2","60","1.6","0.4","20.5","6.7","16","8.21","365","14","1","0","0","299","299","435","79020","35","94","145","10494","212","67317","true","33512","23","50","139","5414","5903","3311"
"1","0.1","3","true","false","false","false","false","false","true","0.1","1","1","1","1","75","0","0","100","0","0","0","30","2.5","2","60","1.6","0.4","20.5","6.7","16","8.21","365","14","1","0","0","299","299","436","79074","34","88","147","10443","214","0","false","33509","23","50","141","5415","5904","3314"
"1","0.1","3","true","false","false","false","false","false","true","0.1","1","1","1","1","75","0","0","100","0","0","0","30","2.5","2","60","1.6","0.4","20.5","6.7","16","8.21","365","14","1","0","0","299","299","437","78657","495","87","144","10403","214","0","false","535923","23","50","141","5419","5907","3316"
"1","0.1","3","true","false","false","false","false","false","true","0.1","1","1","1","1","75","0","0","100","0","0","0","30","2.5","2","60","1.6","0.4","20.5","6.7","16","8.21","365","14","1","0","0","299","299","438","78444","720","81","178","10363","214","0","false","535923","23","50","141","5435","5917","3320"
"1","0.1","3","true","false","false","false","false","false","true","0.1","1","1","1","1","75","0","0","100","0","0","0","30","2.5","2","60","1.6","0.4","20.5","6.7","16","8.21","365","14","1","0","0","299","299","439","78321","801","78","272","10313","215","0","false","535923","23","50","142","5458","5949","3331"
"1","0.1","3","true","false","false","false","false","false","true","0.1","1","1","1","1","75","0","0","100","0","0","0","30","2.5","2","60","1.6","0.4","20.5","6.7","16","8.21","365","14","1","0","0","299","299","440","78169","844","81","413","10278","215","0","false","535912","23","50","142","5497","5992","3352"
"1","0.1","3","true","false","false","false","false","false","true","0.1","1","1","1","1","75","0","0","100","0","0","0","30","2.5","2","60","1.6","0.4","20.5","6.7","16","8.21","365","14","1","0","0","299","299","441","77983","915","98","563","10226","215","67362","true","535912","23","50","142","5543","6045","3387"
"1","0.1","3","true","false","false","false","false","false","true","0.1","1","1","1","1","75","0","0","100","0","0","0","30","2.5","2","60","1.6","0.4","20.5","6.7","16","8.21","365","14","1","0","0","299","299","442","78005","717","131","741","10191","215","67362","true","33429","23","50","142","5608","6118","3422"
"1","0.1","3","true","false","false","false","false","false","true","0.1","1","1","1","1","75","0","0","100","0","0","0","30","2.5","2","60","1.6","0.4","20.5","6.7","16","8.21","365","14","1","0","0","299","299","443","78032","555","183","865","10150","215","67362","true","33429","23","50","142","5672","6181","3454"
"1","0.1","3","true","false","false","false","false","false","true","0.1","1","1","1","1","75","0","0","100","0","0","0","30","2.5","2","60","1.6","0.4","20.5","6.7","16","8.21","365","14","1","0","0","299","299","444","78068","408","252","963","10094","215","67362","true","33429","23","50","142","5731","6257","3492"
"1","0.1","3","true","false","false","false","false","false","true","0.1","1","1","1","1","75","0","0","100","0","0","0","30","2.5","2","60","1.6","0.4","20.5","6.7","16","8.21","365","14","1","0","0","299","299","445","78081","304","326","1023","10051","215","67362","true","33429","23","50","142","5795","6320","3522"
"1","0.1","3","true","false","false","false","false","false","true","0.1","1","1","1","1","75","0","0","100","0","0","0","30","2.5","2","60","1.6","0.4","20.5","6.7","16","8.21","365","14","1","0","0","299","299","446","78105","236","387","1039","10017","216","67361","true","33429","23","50","143","5837","6360","3551"
"1","0.1","3","true","false","false","false","false","false","true","0.1","1","1","1","1","75","0","0","100","0","0","0","30","2.5","2","60","1.6","0.4","20.5","6.7","16","8.21","365","14","1","0","0","299","299","447","78137","197","467","1023","9960","216","67361","true","33429","23","50","143","5892","6409","3570"
"1","0.1","3","true","false","false","false","false","false","true","0.1","1","1","1","1","75","0","0","100","0","0","0","30","2.5","2","60","1.6","0.4","20.5","6.7","16","8.21","365","14","1","0","0","299","299","448","78178","157","513","1032","9904","216","67361","true","33429","23","50","143","5918","6457","3589"
"1","0.1","3","true","false","false","false","false","false","true","0.1","1","1","1","1","75","0","0","100","0","0","0","30","2.5","2","60","1.6","0.4","20.5","6.7","16","8.21","365","14","1","0","0","299","299","449","78214","142","563","1013","9852","216","67361","true","33429","23","50","143","5949","6491","3605"
"1","0.1","3","true","false","false","false","false","false","true","0.1","1","1","1","1","75","0","0","100","0","0","0","30","2.5","2","60","1.6","0.4","20.5","6.7","16","8.21","365","14","1","0","0","299","299","450","78227","130","593","1008","9826","216","67361","true","33429","23","50","143","5970","6511","3617"
"1","0.1","3","true","false","false","false","false","false","true","0.1","1","1","1","1","75","0","0","100","0","0","0","30","2.5","2","60","1.6","0.4","20.5","6.7","16","8.21","365","14","1","0","0","299","299","451","78259","125","607","1011","9782","216","67361","true","33429","23","50","143","5985","6519","3623"
"1","0.1","3","true","false","false","false","false","false","true","0.1","1","1","1","1","75","0","0","100","0","0","0","30","2.5","2","60","1.6","0.4","20.5","6.7","16","8.21","365","14","1","0","0","299","299","452","78289","118","632","1002","9743","216","67361","true","33429","23","50","143","6000","6535","3632"
"1","0.1","3","true","false","false","false","false","false","true","0.1","1","1","1","1","75","0","0","100","0","0","0","30","2.5","2","60","1.6","0.4","20.5","6.7","16","8.21","365","14","1","0","0","299","299","453","78312","101","633","1018","9719","217","67360","true","33429","23","50","144","6009","6547","3637"
"1","0.1","3","true","false","false","false","false","false","true","0.1","1","1","1","1","75","0","0","100","0","0","0","30","2.5","2","60","1.6","0.4","20.5","6.7","16","8.21","365","14","1","0","0","299","299","454","78355","103","653","1004","9668","217","67360","true","33429","23","50","144","6022","6565","3643"
"1","0.1","3","true","false","false","false","false","false","true","0.1","1","1","1","1","75","0","0","100","0","0","0","30","2.5","2","60","1.6","0.4","20.5","6.7","16","8.21","365","14","1","0","0","299","299","455","78380","100","669","980","9654","217","67360","true","33429","23","50","144","6032","6577","3649"
"1","0.1","3","true","false","false","false","false","false","true","0.1","1","1","1","1","75","0","0","100","0","0","0","30","2.5","2","60","1.6","0.4","20.5","6.7","16","8.21","365","14","1","0","0","299","299","456","78399","101","675","962","9646","217","67360","true","33429","23","50","144","6045","6588","3655"
"1","0.1","3","true","false","false","false","false","false","true","0.1","1","1","1","1","75","0","0","100","0","0","0","30","2.5","2","60","1.6","0.4","20.5","6.7","16","8.21","365","14","1","0","0","299","299","457","78423","98","682","929","9650","218","67360","true","33429","23","50","145","6051","6599","3662"
"1","0.1","3","true","false","false","false","false","false","true","0.1","1","1","1","1","75","0","0","100","0","0","0","30","2.5","2","60","1.6","0.4","20.5","6.7","16","8.21","365","14","1","0","0","299","299","458","78445","97","671","903","9664","220","67359","true","33426","23","52","145","6064","6608","3669"
"1","0.1","3","true","false","false","false","false","false","true","0.1","1","1","1","1","75","0","0","100","0","0","0","30","2.5","2","60","1.6","0.4","20.5","6.7","16","8.21","365","14","1","0","0","299","299","459","78474","92","658","865","9691","220","67359","true","33423","23","52","145","6069","6619","3676"
"1","0.1","3","true","false","false","false","false","false","true","0.1","1","1","1","1","75","0","0","100","0","0","0","30","2.5","2","60","1.6","0.4","20.5","6.7","16","8.21","365","14","1","0","0","299","299","460","78497","88","644","812","9738","221","67359","true","33423","23","52","146","6079","6630","3681"
"1","0.1","3","true","false","false","false","false","false","true","0.1","1","1","1","1","75","0","0","100","0","0","0","30","2.5","2","60","1.6","0.4","20.5","6.7","16","8.21","365","14","1","0","0","299","299","461","78535","83","626","782","9753","221","67359","true","33417","23","52","146","6084","6638","3687"
"1","0.1","3","true","false","false","false","false","false","true","0.1","1","1","1","1","75","0","0","100","0","0","0","30","2.5","2","60","1.6","0.4","20.5","6.7","16","8.21","365","14","1","0","0","299","299","462","78545","83","595","738","9814","225","67356","true","33417","23","52","150","6091","6646","3689"
"1","0.1","3","true","false","false","false","false","false","true","0.1","1","1","1","1","75","0","0","100","0","0","0","30","2.5","2","60","1.6","0.4","20.5","6.7","16","8.21","365","14","1","0","0","299","299","463","78558","92","574","692","9858","226","67356","true","33415","23","53","150","6097","6652","3698"
"1","0.1","3","true","false","false","false","false","false","true","0.1","1","1","1","1","75","0","0","100","0","0","0","30","2.5","2","60","1.6","0.4","20.5","6.7","16","8.21","365","14","1","0","0","299","299","464","78587","90","557","641","9898","227","67356","true","33413","23","53","151","6102","6661","3705"
"1","0.1","3","true","false","false","false","false","false","true","0.1","1","1","1","1","75","0","0","100","0","0","0","30","2.5","2","60","1.6","0.4","20.5","6.7","16","8.21","365","14","1","0","0","299","299","465","78605","87","532","607","9940","229","67354","true","33408","23","53","153","6106","6669","3707"
"1","0.1","3","true","false","false","false","false","false","true","0.1","1","1","1","1","75","0","0","100","0","0","0","30","2.5","2","60","1.6","0.4","20.5","6.7","16","8.21","365","14","1","0","0","299","299","466","78635","85","498","562","9991","229","67354","true","33408","23","53","153","6117","6676","3713"
"1","0.1","3","true","false","false","false","false","false","true","0.1","1","1","1","1","75","0","0","100","0","0","0","30","2.5","2","60","1.6","0.4","20.5","6.7","16","8.21","365","14","1","0","0","299","299","467","78667","84","476","520","10021","232","67352","true","33408","23","53","156","6126","6678","3717"
"1","0.1","3","true","false","false","false","false","false","true","0.1","1","1","1","1","75","0","0","100","0","0","0","30","2.5","2","60","1.6","0.4","20.5","6.7","16","8.21","365","14","1","0","0","299","299","468","78713","80","457","491","10027","232","67352","true","33402","23","53","156","6132","6695","3723"
"1","0.1","3","true","false","false","false","false","false","true","0.1","1","1","1","1","75","0","0","100","0","0","0","30","2.5","2","60","1.6","0.4","20.5","6.7","16","8.21","365","14","1","0","0","299","299","469","78741","83","428","459","10054","235","67350","true","33402","23","55","157","6141","6709","3727"
"1","0.1","3","true","false","false","false","false","false","true","0.1","1","1","1","1","75","0","0","100","0","0","0","30","2.5","2","60","1.6","0.4","20.5","6.7","16","8.21","365","14","1","0","0","299","299","470","78763","86","402","431","10083","235","67350","true","33398","23","55","157","6150","6714","3733"
"1","0.1","3","true","false","false","false","false","false","true","0.1","1","1","1","1","75","0","0","100","0","0","0","30","2.5","2","60","1.6","0.4","20.5","6.7","16","8.21","365","14","1","0","0","299","299","471","78796","83","371","408","10107","235","67350","true","33398","23","55","157","6155","6721","3734"
"1","0.1","3","true","false","false","false","false","false","true","0.1","1","1","1","1","75","0","0","100","0","0","0","30","2.5","2","60","1.6","0.4","20.5","6.7","16","8.21","365","14","1","0","0","299","299","472","78829","79","352","386","10119","235","67350","true","33398","23","55","157","6161","6728","3738"
"1","0.1","3","true","false","false","false","false","false","true","0.1","1","1","1","1","75","0","0","100","0","0","0","30","2.5","2","60","1.6","0.4","20.5","6.7","16","8.21","365","14","1","0","0","299","299","473","78848","85","331","359","10142","235","67350","true","33398","23","55","157","6170","6735","3745"
"1","0.1","3","true","false","false","false","false","false","true","0.1","1","1","1","1","75","0","0","100","0","0","0","30","2.5","2","60","1.6","0.4","20.5","6.7","16","8.21","365","14","1","0","0","299","299","474","78868","88","304","350","10154","236","67350","true","33398","23","55","158","6177","6740","3748"
"1","0.1","3","true","false","false","false","false","false","true","0.1","1","1","1","1","75","0","0","100","0","0","0","30","2.5","2","60","1.6","0.4","20.5","6.7","16","8.21","365","14","1","0","0","299","299","475","78895","91","290","320","10166","238","67350","true","33396","23","55","160","6185","6749","3752"
"1","0.1","3","true","false","false","false","false","false","true","0.1","1","1","1","1","75","0","0","100","0","0","0","30","2.5","2","60","1.6","0.4","20.5","6.7","16","8.21","365","14","1","0","0","299","299","476","78927","78","262","315","10179","239","67350","true","33390","23","56","160","6194","6751","3757"
"1","0.1","3","true","false","false","false","false","false","true","0.1","1","1","1","1","75","0","0","100","0","0","0","30","2.5","2","60","1.6","0.4","20.5","6.7","16","8.21","365","14","1","0","0","299","299","477","78947","73","246","297","10198","239","67350","true","33387","23","56","160","6200","6764","3760"
"1","0.1","3","true","false","false","false","false","false","true","0.1","1","1","1","1","75","0","0","100","0","0","0","30","2.5","2","60","1.6","0.4","20.5","6.7","16","8.21","365","14","1","0","0","299","299","478","78982","68","228","291","10192","239","67350","true","33387","23","56","160","6203","6769","3762"
"1","0.1","3","true","false","false","false","false","false","true","0.1","1","1","1","1","75","0","0","100","0","0","0","30","2.5","2","60","1.6","0.4","20.5","6.7","16","8.21","365","14","1","0","0","299","299","479","78997","70","219","285","10190","239","67350","true","33387","23","56","160","6205","6778","3764"
"1","0.1","3","true","false","false","false","false","false","true","0.1","1","1","1","1","75","0","0","100","0","0","0","30","2.5","2","60","1.6","0.4","20.5","6.7","16","8.21","365","14","1","0","0","299","299","480","79027","74","208","269","10182","240","67350","true","33387","24","56","160","6207","6787","3772"
"1","0.1","3","true","false","false","false","false","false","true","0.1","1","1","1","1","75","0","0","100","0","0","0","30","2.5","2","60","1.6","0.4","20.5","6.7","16","8.21","365","14","1","0","0","299","299","481","79054","71","195","263","10177","240","67350","true","33384","24","56","160","6211","6797","3772"
"1","0.1","3","true","false","false","false","false","false","true","0.1","1","1","1","1","75","0","0","100","0","0","0","30","2.5","2","60","1.6","0.4","20.5","6.7","16","8.21","365","14","1","0","0","299","299","482","79082","58","197","267","10156","240","67350","true","33384","24","56","160","6223","6802","3775"
"1","0.1","3","true","false","false","false","false","false","true","0.1","1","1","1","1","75","0","0","100","0","0","0","30","2.5","2","60","1.6","0.4","20.5","6.7","16","8.21","365","14","1","0","0","299","299","483","79116","57","184","263","10139","241","67349","true","33384","24","56","161","6230","6805","3778"
"1","0.1","3","true","false","false","false","false","false","true","0.1","1","1","1","1","75","0","0","100","0","0","0","30","2.5","2","60","1.6","0.4","20.5","6.7","16","8.21","365","14","1","0","0","299","299","484","79134","62","183","250","10130","241","67349","true","33384","24","56","161","6235","6814","3780"
"1","0.1","3","true","false","false","false","false","false","true","0.1","1","1","1","1","75","0","0","100","0","0","0","30","2.5","2","60","1.6","0.4","20.5","6.7","16","8.21","365","14","1","0","0","299","299","485","79162","68","183","246","10100","241","67349","true","33384","24","56","161","6240","6822","3780"
"1","0.1","3","true","false","false","false","false","false","true","0.1","1","1","1","1","75","0","0","100","0","0","0","30","2.5","2","60","1.6","0.4","20.5","6.7","16","8.21","365","14","1","0","0","299","299","486","79199","64","176","246","10073","242","67349","true","33384","24","56","162","6244","6829","3782"
"1","0.1","3","true","false","false","false","false","false","true","0.1","1","1","1","1","75","0","0","100","0","0","0","30","2.5","2","60","1.6","0.4","20.5","6.7","16","8.21","365","14","1","0","0","299","299","487","79209","69","173","238","10068","243","67349","true","33381","24","57","162","6250","6835","3785"
"1","0.1","3","true","false","false","false","false","false","true","0.1","1","1","1","1","75","0","0","100","0","0","0","30","2.5","2","60","1.6","0.4","20.5","6.7","16","8.21","365","14","1","0","0","299","299","488","79240","58","174","232","10053","243","67349","true","33377","24","57","162","6259","6842","3787"
"1","0.1","3","true","false","false","false","false","false","true","0.1","1","1","1","1","75","0","0","100","0","0","0","30","2.5","2","60","1.6","0.4","20.5","6.7","16","8.21","365","14","1","0","0","299","299","489","79260","54","173","230","10038","245","67349","true","33377","24","57","164","6265","6849","3791"
"1","0.1","3","true","false","false","false","false","false","true","0.1","1","1","1","1","75","0","0","100","0","0","0","30","2.5","2","60","1.6","0.4","20.5","6.7","16","8.21","365","14","1","0","0","299","299","490","79279","49","170","233","10024","245","67349","true","33371","24","57","164","6270","6857","3793"
"1","0.1","3","true","false","false","false","false","false","true","0.1","1","1","1","1","75","0","0","100","0","0","0","30","2.5","2","60","1.6","0.4","20.5","6.7","16","8.21","365","14","1","0","0","299","299","491","79304","57","167","231","9996","245","67349","true","33371","24","57","164","6275","6861","3795"
"1","0.1","3","true","false","false","false","false","false","true","0.1","1","1","1","1","75","0","0","100","0","0","0","30","2.5","2","60","1.6","0.4","20.5","6.7","16","8.21","365","14","1","0","0","299","299","492","79341","54","166","222","9971","246","67349","true","33371","24","58","164","6281","6867","3798"
"1","0.1","3","true","false","false","false","false","false","true","0.1","1","1","1","1","75","0","0","100","0","0","0","30","2.5","2","60","1.6","0.4","20.5","6.7","16","8.21","365","14","1","0","0","299","299","493","79367","51","163","213","9960","246","67349","true","33366","24","58","164","6284","6871","3803"
"1","0.1","3","true","false","false","false","false","false","true","0.1","1","1","1","1","75","0","0","100","0","0","0","30","2.5","2","60","1.6","0.4","20.5","6.7","16","8.21","365","14","1","0","0","299","299","494","79384","44","155","222","9949","246","67349","true","33366","24","58","164","6289","6882","3805"
"1","0.1","3","true","false","false","false","false","false","true","0.1","1","1","1","1","75","0","0","100","0","0","0","30","2.5","2","60","1.6","0.4","20.5","6.7","16","8.21","365","14","1","0","0","299","299","495","79408","40","157","216","9933","246","67349","true","33366","24","58","164","6297","6885","3807"
"1","0.1","3","true","false","false","false","false","false","true","0.1","1","1","1","1","75","0","0","100","0","0","0","30","2.5","2","60","1.6","0.4","20.5","6.7","16","8.21","365","14","1","0","0","299","299","496","79417","54","157","206","9920","246","67349","true","33366","24","58","164","6299","6890","3809"
"1","0.1","3","true","false","false","false","false","false","true","0.1","1","1","1","1","75","0","0","100","0","0","0","30","2.5","2","60","1.6","0.4","20.5","6.7","16","8.21","365","14","1","0","0","299","299","497","79433","55","156","198","9912","246","67349","true","33366","24","58","164","6304","6896","3812"
"1","0.1","3","true","false","false","false","false","false","true","0.1","1","1","1","1","75","0","0","100","0","0","0","30","2.5","2","60","1.6","0.4","20.5","6.7","16","8.21","365","14","1","0","0","299","299","498","79455","58","149","194","9897","247","67349","true","33366","24","58","165","6308","6897","3816"
"1","0.1","3","true","false","false","false","false","false","true","0.1","1","1","1","1","75","0","0","100","0","0","0","30","2.5","2","60","1.6","0.4","20.5","6.7","16","8.21","365","14","1","0","0","299","299","499","79482","47","146","195","9883","247","67349","true","33362","24","58","165","6315","6902","3823"
"1","0.1","3","true","false","false","false","false","false","true","0.1","1","1","1","1","75","0","0","100","0","0","0","30","2.5","2","60","1.6","0.4","20.5","6.7","16","8.21","365","14","1","0","0","299","299","500","79511","44","142","191","9865","247","67349","true","33362","24","58","165","6317","6907","3826"
"1","0.1","3","true","false","false","false","false","false","true","0.1","1","1","1","1","75","0","0","100","0","0","0","30","2.5","2","60","1.6","0.4","20.5","6.7","16","8.21","365","14","1","0","0","299","299","501","79530","39","136","192","9855","248","67349","true","33362","24","58","166","6325","6915","3826"
"1","0.1","3","true","false","false","false","false","false","true","0.1","1","1","1","1","75","0","0","100","0","0","0","30","2.5","2","60","1.6","0.4","20.5","6.7","16","8.21","365","14","1","0","0","299","299","502","79553","38","128","195","9837","249","67349","true","33359","24","59","166","6328","6917","3827"
"1","0.1","3","true","false","false","false","false","false","true","0.1","1","1","1","1","75","0","0","100","0","0","0","30","2.5","2","60","1.6","0.4","20.5","6.7","16","8.21","365","14","1","0","0","299","299","503","79586","34","121","193","9817","249","67349","true","33357","24","59","166","6333","6924","3827"
"1","0.1","3","true","false","false","false","false","false","true","0.1","1","1","1","1","75","0","0","100","0","0","0","30","2.5","2","60","1.6","0.4","20.5","6.7","16","8.21","365","14","1","0","0","299","299","504","79613","30","120","186","9802","249","67349","true","33357","24","59","166","6337","6929","3829"
"1","0.1","3","true","false","false","false","false","false","true","0.1","1","1","1","1","75","0","0","100","0","0","0","30","2.5","2","60","1.6","0.4","20.5","6.7","16","8.21","365","14","1","0","0","299","299","505","79640","30","116","184","9780","250","67349","true","33357","24","60","166","6338","6929","3831"
"1","0.1","3","true","false","false","false","false","false","true","0.1","1","1","1","1","75","0","0","100","0","0","0","30","2.5","2","60","1.6","0.4","20.5","6.7","16","8.21","365","14","1","0","0","299","299","506","79661","30","117","179","9763","250","67349","true","33355","24","60","166","6343","6933","3834"
"1","0.1","3","true","false","false","false","false","false","true","0.1","1","1","1","1","75","0","0","100","0","0","0","30","2.5","2","60","1.6","0.4","20.5","6.7","16","8.21","365","14","1","0","0","299","299","507","79681","33","116","177","9743","250","67349","true","33355","24","60","166","6346","6937","3835"
"1","0.1","3","true","false","false","false","false","false","true","0.1","1","1","1","1","75","0","0","100","0","0","0","30","2.5","2","60","1.6","0.4","20.5","6.7","16","8.21","365","14","1","0","0","299","299","508","79697","37","117","165","9734","250","67349","true","33355","24","60","166","6352","6939","3839"
"1","0.1","3","true","false","false","false","false","false","true","0.1","1","1","1","1","75","0","0","100","0","0","0","30","2.5","2","60","1.6","0.4","20.5","6.7","16","8.21","365","14","1","0","0","299","299","509","79721","44","114","165","9706","250","67349","true","33355","24","60","166","6357","6939","3839"
"1","0.1","3","true","false","false","false","false","false","true","0.1","1","1","1","1","75","0","0","100","0","0","0","30","2.5","2","60","1.6","0.4","20.5","6.7","16","8.21","365","14","1","0","0","299","299","510","79740","50","106","158","9694","252","67349","true","33355","24","60","168","6362","6939","3839"
"1","0.1","3","true","false","false","false","false","false","true","0.1","1","1","1","1","75","0","0","100","0","0","0","30","2.5","2","60","1.6","0.4","20.5","6.7","16","8.21","365","14","1","0","0","299","299","511","79767","48","103","154","9676","252","67349","true","33345","24","60","168","6363","6944","3840"
"1","0.1","3","true","false","false","false","false","false","true","0.1","1","1","1","1","75","0","0","100","0","0","0","30","2.5","2","60","1.6","0.4","20.5","6.7","16","8.21","365","14","1","0","0","299","299","512","79797","38","98","159","9656","252","67349","true","33345","24","60","168","6369","6948","3840"
"1","0.1","3","true","false","false","false","false","false","true","0.1","1","1","1","1","75","0","0","100","0","0","0","30","2.5","2","60","1.6","0.4","20.5","6.7","16","8.21","365","14","1","0","0","299","299","513","79819","39","95","162","9632","253","67349","true","33345","24","61","168","6372","6950","3844"
"1","0.1","3","true","false","false","false","false","false","true","0.1","1","1","1","1","75","0","0","100","0","0","0","30","2.5","2","60","1.6","0.4","20.5","6.7","16","8.21","365","14","1","0","0","299","299","514","79845","37","90","167","9607","254","0","false","33343","24","61","169","6378","6957","3846"
"1","0.1","3","true","false","false","false","false","false","true","0.1","1","1","1","1","75","0","0","100","0","0","0","30","2.5","2","60","1.6","0.4","20.5","6.7","16","8.21","365","14","1","0","0","299","299","515","79411","503","88","160","9583","255","0","false","535446","24","61","170","6382","6957","3851"
"1","0.1","3","true","false","false","false","false","false","true","0.1","1","1","1","1","75","0","0","100","0","0","0","30","2.5","2","60","1.6","0.4","20.5","6.7","16","8.21","365","14","1","0","0","299","299","516","79184","715","86","194","9566","255","0","false","535434","24","61","170","6392","6969","3863"
"1","0.1","3","true","false","false","false","false","false","true","0.1","1","1","1","1","75","0","0","100","0","0","0","30","2.5","2","60","1.6","0.4","20.5","6.7","16","8.21","365","14","1","0","0","299","299","517","79003","825","82","285","9549","256","0","false","535434","24","61","171","6423","6991","3883"
"1","0.1","3","true","false","false","false","false","false","true","0.1","1","1","1","1","75","0","0","100","0","0","0","30","2.5","2","60","1.6","0.4","20.5","6.7","16","8.21","365","14","1","0","0","299","299","518","78804","902","81","428","9529","256","0","false","535422","24","61","171","6451","7038","3897"
"1","0.1","3","true","false","false","false","false","false","true","0.1","1","1","1","1","75","0","0","100","0","0","0","30","2.5","2","60","1.6","0.4","20.5","6.7","16","8.21","365","14","1","0","0","299","299","519","78600","962","96","587","9499","256","67280","true","535422","24","61","171","6503","7086","3924"
"1","0.1","3","true","false","false","false","false","false","true","0.1","1","1","1","1","75","0","0","100","0","0","0","30","2.5","2","60","1.6","0.4","20.5","6.7","16","8.21","365","14","1","0","0","299","299","520","78606","772","140","744","9481","257","67280","true","33410","24","62","171","6562","7152","3969"
"1","0.1","3","true","false","false","false","false","false","true","0.1","1","1","1","1","75","0","0","100","0","0","0","30","2.5","2","60","1.6","0.4","20.5","6.7","16","8.21","365","14","1","0","0","299","299","521","78618","579","195","896","9455","257","67280","true","33406","24","62","171","6629","7219","4018"
"1","0.1","3","true","false","false","false","false","false","true","0.1","1","1","1","1","75","0","0","100","0","0","0","30","2.5","2","60","1.6","0.4","20.5","6.7","16","8.21","365","14","1","0","0","299","299","522","78604","436","264","1001","9437","258","67280","true","33406","24","62","172","6692","7294","4062"
"1","0.1","3","true","false","false","false","false","false","true","0.1","1","1","1","1","75","0","0","100","0","0","0","30","2.5","2","60","1.6","0.4","20.5","6.7","16","8.21","365","14","1","0","0","299","299","523","78604","332","347","1044","9415","258","67280","true","33402","24","62","172","6737","7362","4106"
"1","0.1","3","true","false","false","false","false","false","true","0.1","1","1","1","1","75","0","0","100","0","0","0","30","2.5","2","60","1.6","0.4","20.5","6.7","16","8.21","365","14","1","0","0","299","299","524","78592","256","433","1062","9399","258","67280","true","33402","24","62","172","6789","7417","4151"
"1","0.1","3","true","false","false","false","false","false","true","0.1","1","1","1","1","75","0","0","100","0","0","0","30","2.5","2","60","1.6","0.4","20.5","6.7","16","8.21","365","14","1","0","0","299","299","525","78596","208","501","1061","9376","258","67280","true","33402","24","62","172","6832","7470","4179"
"1","0.1","3","true","false","false","false","false","false","true","0.1","1","1","1","1","75","0","0","100","0","0","0","30","2.5","2","60","1.6","0.4","20.5","6.7","16","8.21","365","14","1","0","0","299","299","526","78599","174","555","1060","9354","258","67280","true","33402","24","62","172","6872","7507","4196"
"1","0.1","3","true","false","false","false","false","false","true","0.1","1","1","1","1","75","0","0","100","0","0","0","30","2.5","2","60","1.6","0.4","20.5","6.7","16","8.21","365","14","1","0","0","299","299","527","78598","146","599","1066","9333","258","67280","true","33402","24","62","172","6906","7535","4213"
"1","0.1","3","true","false","false","false","false","false","true","0.1","1","1","1","1","75","0","0","100","0","0","0","30","2.5","2","60","1.6","0.4","20.5","6.7","16","8.21","365","14","1","0","0","299","299","528","78591","150","630","1048","9323","258","67280","true","33402","24","62","172","6932","7559","4227"
"1","0.1","3","true","false","false","false","false","false","true","0.1","1","1","1","1","75","0","0","100","0","0","0","30","2.5","2","60","1.6","0.4","20.5","6.7","16","8.21","365","14","1","0","0","299","299","529","78572","153","656","1058","9303","258","67280","true","33402","24","62","172","6950","7578","4237"
"1","0.1","3","true","false","false","false","false","false","true","0.1","1","1","1","1","75","0","0","100","0","0","0","30","2.5","2","60","1.6","0.4","20.5","6.7","16","8.21","365","14","1","0","0","299","299","530","78573","143","662","1075","9288","259","67279","true","33402","24","62","173","6964","7588","4247"
"1","0.1","3","true","false","false","false","false","false","true","0.1","1","1","1","1","75","0","0","100","0","0","0","30","2.5","2","60","1.6","0.4","20.5","6.7","16","8.21","365","14","1","0","0","299","299","531","78574","141","678","1073","9275","259","67279","true","33402","24","62","173","6974","7600","4263"
"1","0.1","3","true","false","false","false","false","false","true","0.1","1","1","1","1","75","0","0","100","0","0","0","30","2.5","2","60","1.6","0.4","20.5","6.7","16","8.21","365","14","1","0","0","299","299","532","78577","128","691","1075","9270","259","67279","true","33402","24","62","173","6985","7612","4274"
"1","0.1","3","true","false","false","false","false","false","true","0.1","1","1","1","1","75","0","0","100","0","0","0","30","2.5","2","60","1.6","0.4","20.5","6.7","16","8.21","365","14","1","0","0","299","299","533","78579","107","700","1082","9270","262","67276","true","33402","24","63","175","7002","7629","4284"
"1","0.1","3","true","false","false","false","false","false","true","0.1","1","1","1","1","75","0","0","100","0","0","0","30","2.5","2","60","1.6","0.4","20.5","6.7","16","8.21","365","14","1","0","0","299","299","534","78575","107","713","1056","9285","264","67275","true","33402","25","63","176","7018","7639","4293"
"1","0.1","3","true","false","false","false","false","false","true","0.1","1","1","1","1","75","0","0","100","0","0","0","30","2.5","2","60","1.6","0.4","20.5","6.7","16","8.21","365","14","1","0","0","299","299","535","78576","121","716","1016","9307","264","67275","true","33401","25","63","176","7025","7650","4297"
"1","0.1","3","true","false","false","false","false","false","true","0.1","1","1","1","1","75","0","0","100","0","0","0","30","2.5","2","60","1.6","0.4","20.5","6.7","16","8.21","365","14","1","0","0","299","299","536","78587","100","712","987","9348","266","67273","true","33401","25","63","178","7037","7664","4306"
"1","0.1","3","true","false","false","false","false","false","true","0.1","1","1","1","1","75","0","0","100","0","0","0","30","2.5","2","60","1.6","0.4","20.5","6.7","16","8.21","365","14","1","0","0","299","299","537","78579","113","689","954","9399","266","67273","true","33401","25","63","178","7044","7666","4312"
"1","0.1","3","true","false","false","false","false","false","true","0.1","1","1","1","1","75","0","0","100","0","0","0","30","2.5","2","60","1.6","0.4","20.5","6.7","16","8.21","365","14","1","0","0","299","299","538","78588","99","677","901","9468","267","67273","true","33401","25","63","179","7061","7681","4319"
"1","0.1","3","true","false","false","false","false","false","true","0.1","1","1","1","1","75","0","0","100","0","0","0","30","2.5","2","60","1.6","0.4","20.5","6.7","16","8.21","365","14","1","0","0","299","299","539","78601","96","654","862","9519","268","67272","true","33399","25","64","179","7066","7692","4323"
"1","0.1","3","true","false","false","false","false","false","true","0.1","1","1","1","1","75","0","0","100","0","0","0","30","2.5","2","60","1.6","0.4","20.5","6.7","16","8.21","365","14","1","0","0","299","299","540","78607","93","623","830","9576","271","67270","true","33399","25","65","181","7077","7705","4327"
"1","0.1","3","true","false","false","false","false","false","true","0.1","1","1","1","1","75","0","0","100","0","0","0","30","2.5","2","60","1.6","0.4","20.5","6.7","16","8.21","365","14","1","0","0","299","299","541","78600","95","597","788","9649","271","67270","true","33397","25","65","181","7081","7717","4330"
"1","0.1","3","true","false","false","false","false","false","true","0.1","1","1","1","1","75","0","0","100","0","0","0","30","2.5","2","60","1.6","0.4","20.5","6.7","16","8.21","365","14","1","0","0","299","299","542","78605","95","570","752","9706","272","67270","true","33397","25","65","182","7091","7727","4335"
"1","0.1","3","true","false","false","false","false","false","true","0.1","1","1","1","1","75","0","0","100","0","0","0","30","2.5","2","60","1.6","0.4","20.5","6.7","16","8.21","365","14","1","0","0","299","299","543","78605","100","536","708","9779","272","67270","true","33394","25","65","182","7101","7732","4337"
"1","0.1","3","true","false","false","false","false","false","true","0.1","1","1","1","1","75","0","0","100","0","0","0","30","2.5","2","60","1.6","0.4","20.5","6.7","16","8.21","365","14","1","0","0","299","299","544","78617","89","498","677","9845","274","67269","true","33394","25","65","184","7106","7738","4344"
"1","0.1","3","true","false","false","false","false","false","true","0.1","1","1","1","1","75","0","0","100","0","0","0","30","2.5","2","60","1.6","0.4","20.5","6.7","16","8.21","365","14","1","0","0","299","299","545","78632","82","474","646","9891","275","67269","true","33390","25","66","184","7117","7746","4349"
"1","0.1","3","true","false","false","false","false","false","true","0.1","1","1","1","1","75","0","0","100","0","0","0","30","2.5","2","60","1.6","0.4","20.5","6.7","16","8.21","365","14","1","0","0","299","299","546","78634","82","448","609","9952","275","67269","true","33389","25","66","184","7122","7753","4352"
"1","0.1","3","true","false","false","false","false","false","true","0.1","1","1","1","1","75","0","0","100","0","0","0","30","2.5","2","60","1.6","0.4","20.5","6.7","16","8.21","365","14","1","0","0","299","299","547","78642","81","425","576","10000","276","67269","true","33389","25","66","185","7131","7759","4357"
"1","0.1","3","true","false","false","false","false","false","true","0.1","1","1","1","1","75","0","0","100","0","0","0","30","2.5","2","60","1.6","0.4","20.5","6.7","16","8.21","365","14","1","0","0","299","299","548","78646","79","402","520","10076","277","67269","true","33385","25","66","186","7141","7765","4367"
"1","0.1","3","true","false","false","false","false","false","true","0.1","1","1","1","1","75","0","0","100","0","0","0","30","2.5","2","60","1.6","0.4","20.5","6.7","16","8.21","365","14","1","0","0","299","299","549","78663","81","367","491","10120","278","67269","true","33382","25","67","186","7145","7771","4369"
"1","0.1","3","true","false","false","false","false","false","true","0.1","1","1","1","1","75","0","0","100","0","0","0","30","2.5","2","60","1.6","0.4","20.5","6.7","16","8.21","365","14","1","0","0","299","299","550","78675","67","348","464","10167","279","67269","true","33379","25","67","187","7154","7777","4380"
"1","0.1","3","true","false","false","false","false","false","true","0.1","1","1","1","1","75","0","0","100","0","0","0","30","2.5","2","60","1.6","0.4","20.5","6.7","16","8.21","365","14","1","0","0","299","299","551","78674","67","328","439","10213","279","67269","true","33375","25","67","187","7160","7792","4384"
"1","0.1","3","true","false","false","false","false","false","true","0.1","1","1","1","1","75","0","0","100","0","0","0","30","2.5","2","60","1.6","0.4","20.5","6.7","16","8.21","365","14","1","0","0","299","299","552","78680","75","312","406","10248","279","67269","true","33375","25","67","187","7166","7798","4387"
"1","0.1","3","true","false","false","false","false","false","true","0.1","1","1","1","1","75","0","0","100","0","0","0","30","2.5","2","60","1.6","0.4","20.5","6.7","16","8.21","365","14","1","0","0","299","299","553","78682","75","294","367","10303","279","67269","true","33375","25","67","187","7171","7807","4391"
"1","0.1","3","true","false","false","false","false","false","true","0.1","1","1","1","1","75","0","0","100","0","0","0","30","2.5","2","60","1.6","0.4","20.5","6.7","16","8.21","365","14","1","0","0","299","299","554","78687","67","282","356","10329","279","67269","true","33375","25","67","187","7179","7815","4397"
"1","0.1","3","true","false","false","false","false","false","true","0.1","1","1","1","1","75","0","0","100","0","0","0","30","2.5","2","60","1.6","0.4","20.5","6.7","16","8.21","365","14","1","0","0","299","299","555","78684","75","265","321","10376","279","67269","true","33375","25","67","187","7183","7823","4401"
"1","0.1","3","true","false","false","false","false","false","true","0.1","1","1","1","1","75","0","0","100","0","0","0","30","2.5","2","60","1.6","0.4","20.5","6.7","16","8.21","365","14","1","0","0","299","299","556","78680","70","246","319","10406","279","67269","true","33375","25","67","187","7188","7832","4405"
"1","0.1","3","true","false","false","false","false","false","true","0.1","1","1","1","1","75","0","0","100","0","0","0","30","2.5","2","60","1.6","0.4","20.5","6.7","16","8.21","365","14","1","0","0","299","299","557","78698","65","234","309","10413","281","67269","true","33375","25","67","189","7190","7841","4412"
"1","0.1","3","true","false","false","false","false","false","true","0.1","1","1","1","1","75","0","0","100","0","0","0","30","2.5","2","60","1.6","0.4","20.5","6.7","16","8.21","365","14","1","0","0","299","299","558","78702","74","229","293","10421","281","67269","true","33369","25","67","189","7195","7848","4416"
"1","0.1","3","true","false","false","false","false","false","true","0.1","1","1","1","1","75","0","0","100","0","0","0","30","2.5","2","60","1.6","0.4","20.5","6.7","16","8.21","365","14","1","0","0","299","299","559","78705","70","222","287","10435","281","67269","true","33369","25","67","189","7199","7856","4422"
"1","0.1","3","true","false","false","false","false","false","true","0.1","1","1","1","1","75","0","0","100","0","0","0","30","2.5","2","60","1.6","0.4","20.5","6.7","16","8.21","365","14","1","0","0","299","299","560","78721","58","212","279","10449","281","67269","true","33369","25","67","189","7204","7861","4425"
"1","0.1","3","true","false","false","false","false","false","true","0.1","1","1","1","1","75","0","0","100","0","0","0","30","2.5","2","60","1.6","0.4","20.5","6.7","16","8.21","365","14","1","0","0","299","299","561","78719","63","201","269","10466","282","67268","true","33369","25","67","190","7208","7867","4429"
"1","0.1","3","true","false","false","false","false","false","true","0.1","1","1","1","1","75","0","0","100","0","0","0","30","2.5","2","60","1.6","0.4","20.5","6.7","16","8.21","365","14","1","0","0","299","299","562","78734","64","193","262","10464","283","67268","true","33369","25","67","191","7214","7870","4432"
"1","0.1","3","true","false","false","false","false","false","true","0.1","1","1","1","1","75","0","0","100","0","0","0","30","2.5","2","60","1.6","0.4","20.5","6.7","16","8.21","365","14","1","0","0","299","299","563","78750","56","188","258","10465","283","67268","true","33364","25","67","191","7219","7880","4434"
"1","0.1","3","true","false","false","false","false","false","true","0.1","1","1","1","1","75","0","0","100","0","0","0","30","2.5","2","60","1.6","0.4","20.5","6.7","16","8.21","365","14","1","0","0","299","299","564","78750","57","194","248","10468","283","67268","true","33364","25","67","191","7227","7888","4439"
"1","0.1","3","true","false","false","false","false","false","true","0.1","1","1","1","1","75","0","0","100","0","0","0","30","2.5","2","60","1.6","0.4","20.5","6.7","16","8.21","365","14","1","0","0","299","299","565","78755","63","188","234","10476","284","67268","true","33364","25","68","191","7236","7895","4441"
"1","0.1","3","true","false","false","false","false","false","true","0.1","1","1","1","1","75","0","0","100","0","0","0","30","2.5","2","60","1.6","0.4","20.5","6.7","16","8.21","365","14","1","0","0","299","299","566","78767","63","183","236","10467","284","67268","true","33360","25","68","191","7239","7900","4443"
"1","0.1","3","true","false","false","false","false","false","true","0.1","1","1","1","1","75","0","0","100","0","0","0","30","2.5","2","60","1.6","0.4","20.5","6.7","16","8.21","365","14","1","0","0","299","299","567","78773","54","172","239","10478","284","67268","true","33360","25","68","191","7244","7908","4446"
"1","0.1","3","true","false","false","false","false","false","true","0.1","1","1","1","1","75","0","0","100","0","0","0","30","2.5","2","60","1.6","0.4","20.5","6.7","16","8.21","365","14","1","0","0","299","299","568","78771","58","162","236","10489","284","67268","true","33360","25","68","191","7246","7915","4450"
"1","0.1","3","true","false","false","false","false","false","true","0.1","1","1","1","1","75","0","0","100","0","0","0","30","2.5","2","60","1.6","0.4","20.5","6.7","16","8.21","365","14","1","0","0","299","299","569","78777","67","161","227","10484","284","67268","true","33360","25","68","191","7251","7920","4452"
"1","0.1","3","true","false","false","false","false","false","true","0.1","1","1","1","1","75","0","0","100","0","0","0","30","2.5","2","60","1.6","0.4","20.5","6.7","16","8.21","365","14","1","0","0","299","299","570","78779","63","158","228","10488","284","67268","true","33360","25","68","191","7256","7924","4454"
"1","0.1","3","true","false","false","false","false","false","true","0.1","1","1","1","1","75","0","0","100","0","0","0","30","2.5","2","60","1.6","0.4","20.5","6.7","16","8.21","365","14","1","0","0","299","299","571","78774","62","153","234","10492","285","67268","true","33360","25","68","192","7260","7929","4459"
"1","0.1","3","true","false","false","false","false","false","true","0.1","1","1","1","1","75","0","0","100","0","0","0","30","2.5","2","60","1.6","0.4","20.5","6.7","16","8.21","365","14","1","0","0","299","299","572","78771","68","149","227","10500","285","67268","true","33358","25","68","192","7264","7938","4460"
"1","0.1","3","true","false","false","false","false","false","true","0.1","1","1","1","1","75","0","0","100","0","0","0","30","2.5","2","60","1.6","0.4","20.5","6.7","16","8.21","365","14","1","0","0","299","299","573","78779","67","143","222","10503","286","67268","true","33358","25","68","193","7269","7946","4465"
"1","0.1","3","true","false","false","false","false","false","true","0.1","1","1","1","1","75","0","0","100","0","0","0","30","2.5","2","60","1.6","0.4","20.5","6.7","16","8.21","365","14","1","0","0","299","299","574","78778","57","141","219","10519","286","67268","true","33356","25","68","193","7276","7955","4471"
"1","0.1","3","true","false","false","false","false","false","true","0.1","1","1","1","1","75","0","0","100","0","0","0","30","2.5","2","60","1.6","0.4","20.5","6.7","16","8.21","365","14","1","0","0","299","299","575","78774","61","140","217","10521","287","67268","true","33356","25","68","194","7283","7961","4471"
"1","0.1","3","true","false","false","false","false","false","true","0.1","1","1","1","1","75","0","0","100","0","0","0","30","2.5","2","60","1.6","0.4","20.5","6.7","16","8.21","365","14","1","0","0","299","299","576","78778","66","130","212","10525","289","67268","true","33354","25","69","195","7288","7965","4472"
"1","0.1","3","true","false","false","false","false","false","true","0.1","1","1","1","1","75","0","0","100","0","0","0","30","2.5","2","60","1.6","0.4","20.5","6.7","16","8.21","365","14","1","0","0","299","299","577","78775","73","127","212","10523","290","67268","true","33350","25","69","196","7293","7972","4473"
"1","0.1","3","true","false","false","false","false","false","true","0.1","1","1","1","1","75","0","0","100","0","0","0","30","2.5","2","60","1.6","0.4","20.5","6.7","16","8.21","365","14","1","0","0","299","299","578","78783","68","129","213","10517","290","67268","true","33345","25","69","196","7296","7975","4479"
"1","0.1","3","true","false","false","false","false","false","true","0.1","1","1","1","1","75","0","0","100","0","0","0","30","2.5","2","60","1.6","0.4","20.5","6.7","16","8.21","365","14","1","0","0","299","299","579","78778","71","129","209","10523","290","67268","true","33345","25","69","196","7299","7982","4482"
"1","0.1","3","true","false","false","false","false","false","true","0.1","1","1","1","1","75","0","0","100","0","0","0","30","2.5","2","60","1.6","0.4","20.5","6.7","16","8.21","365","14","1","0","0","299","299","580","78774","75","132","200","10529","290","67268","true","33345","25","69","196","7307","7990","4483"
"1","0.1","3","true","false","false","false","false","false","true","0.1","1","1","1","1","75","0","0","100","0","0","0","30","2.5","2","60","1.6","0.4","20.5","6.7","16","8.21","365","14","1","0","0","299","299","581","78780","63","125","209","10533","290","67268","true","33345","25","69","196","7314","7995","4484"
"1","0.1","3","true","false","false","false","false","false","true","0.1","1","1","1","1","75","0","0","100","0","0","0","30","2.5","2","60","1.6","0.4","20.5","6.7","16","8.21","365","14","1","0","0","299","299","582","78779","61","126","210","10534","290","67268","true","33345","25","69","196","7321","8002","4489"
"1","0.1","3","true","false","false","false","false","false","true","0.1","1","1","1","1","75","0","0","100","0","0","0","30","2.5","2","60","1.6","0.4","20.5","6.7","16","8.21","365","14","1","0","0","299","299","583","78778","64","134","196","10538","290","67268","true","33345","25","69","196","7324","8012","4494"
"1","0.1","3","true","false","false","false","false","false","true","0.1","1","1","1","1","75","0","0","100","0","0","0","30","2.5","2","60","1.6","0.4","20.5","6.7","16","8.21","365","14","1","0","0","299","299","584","78779","61","133","201","10535","291","67268","true","33345","25","69","197","7332","8016","4499"
"1","0.1","3","true","false","false","false","false","false","true","0.1","1","1","1","1","75","0","0","100","0","0","0","30","2.5","2","60","1.6","0.4","20.5","6.7","16","8.21","365","14","1","0","0","299","299","585","78777","66","135","195","10536","291","67268","true","33342","25","69","197","7339","8023","4499"
"1","0.1","3","true","false","false","false","false","false","true","0.1","1","1","1","1","75","0","0","100","0","0","0","30","2.5","2","60","1.6","0.4","20.5","6.7","16","8.21","365","14","1","0","0","299","299","586","78774","61","137","198","10539","291","67268","true","33342","25","69","197","7343","8029","4501"
"1","0.1","3","true","false","false","false","false","false","true","0.1","1","1","1","1","75","0","0","100","0","0","0","30","2.5","2","60","1.6","0.4","20.5","6.7","16","8.21","365","14","1","0","0","299","299","587","78774","63","139","201","10532","291","67268","true","33342","25","69","197","7348","8035","4503"
"1","0.1","3","true","false","false","false","false","false","true","0.1","1","1","1","1","75","0","0","100","0","0","0","30","2.5","2","60","1.6","0.4","20.5","6.7","16","8.21","365","14","1","0","0","299","299","588","78775","60","132","212","10530","291","67268","true","33342","25","69","197","7354","8040","4506"
"1","0.1","3","true","false","false","false","false","false","true","0.1","1","1","1","1","75","0","0","100","0","0","0","30","2.5","2","60","1.6","0.4","20.5","6.7","16","8.21","365","14","1","0","0","299","299","589","78779","66","131","208","10525","291","67268","true","33342","25","69","197","7358","8046","4508"
"1","0.1","3","true","false","false","false","false","false","true","0.1","1","1","1","1","75","0","0","100","0","0","0","30","2.5","2","60","1.6","0.4","20.5","6.7","16","8.21","365","14","1","0","0","299","299","590","78777","71","138","207","10516","291","67268","true","33342","25","69","197","7362","8050","4513"
"1","0.1","3","true","false","false","false","false","false","true","0.1","1","1","1","1","75","0","0","100","0","0","0","30","2.5","2","60","1.6","0.4","20.5","6.7","16","8.21","365","14","1","0","0","299","299","591","78778","64","141","215","10511","291","67268","true","33342","25","69","197","7368","8058","4517"
"1","0.1","3","true","false","false","false","false","false","true","0.1","1","1","1","1","75","0","0","100","0","0","0","30","2.5","2","60","1.6","0.4","20.5","6.7","16","8.21","365","14","1","0","0","299","299","592","78788","64","142","208","10507","291","67268","true","33342","25","69","197","7371","8065","4523"
"1","0.1","3","true","false","false","false","false","false","true","0.1","1","1","1","1","75","0","0","100","0","0","0","30","2.5","2","60","1.6","0.4","20.5","6.7","16","8.21","365","14","1","0","0","299","299","593","78786","62","142","209","10510","291","67268","true","33342","25","69","197","7376","8072","4525"
"1","0.1","3","true","false","false","false","false","false","true","0.1","1","1","1","1","75","0","0","100","0","0","0","30","2.5","2","60","1.6","0.4","20.5","6.7","16","8.21","365","14","1","0","0","299","299","594","78793","57","141","210","10508","291","67268","true","33342","25","69","197","7385","8078","4526"
"1","0.1","3","true","false","false","false","false","false","true","0.1","1","1","1","1","75","0","0","100","0","0","0","30","2.5","2","60","1.6","0.4","20.5","6.7","16","8.21","365","14","1","0","0","299","299","595","78792","54","142","207","10514","291","67268","true","33342","25","69","197","7393","8082","4530"
"1","0.1","3","true","false","false","false","false","false","true","0.1","1","1","1","1","75","0","0","100","0","0","0","30","2.5","2","60","1.6","0.4","20.5","6.7","16","8.21","365","14","1","0","0","299","299","596","78794","52","137","206","10520","291","67268","true","33342","25","69","197","7397","8087","4532"
"1","0.1","3","true","false","false","false","false","false","true","0.1","1","1","1","1","75","0","0","100","0","0","0","30","2.5","2","60","1.6","0.4","20.5","6.7","16","8.21","365","14","1","0","0","299","299","597","78792","53","138","200","10525","292","67268","true","33342","25","69","198","7400","8096","4536"
"1","0.1","3","true","false","false","false","false","false","true","0.1","1","1","1","1","75","0","0","100","0","0","0","30","2.5","2","60","1.6","0.4","20.5","6.7","16","8.21","365","14","1","0","0","299","299","598","78794","55","133","204","10522","292","67268","true","33339","25","69","198","7407","8100","4539"
"1","0.1","3","true","false","false","false","false","false","true","0.1","1","1","1","1","75","0","0","100","0","0","0","30","2.5","2","60","1.6","0.4","20.5","6.7","16","8.21","365","14","1","0","0","299","299","599","78798","52","130","204","10524","292","67268","true","33339","25","69","198","7412","8105","4542"
"1","0.1","3","true","false","false","false","false","false","true","0.1","1","1","1","1","75","0","0","100","0","0","0","30","2.5","2","60","1.6","0.4","20.5","6.7","16","8.21","365","14","1","0","0","299","299","600","78794","52","129","208","10525","292","67268","true","33339","25","69","198","7416","8112","4545"
"1","0.1","3","true","false","false","false","false","false","true","0.1","1","1","1","1","75","0","0","100","0","0","0","30","2.5","2","60","1.6","0.4","20.5","6.7","16","8.21","365","14","1","0","0","299","299","601","78797","55","126","190","10537","295","67268","true","33339","26","70","199","7423","8118","4546"
"1","0.1","3","true","false","false","false","false","false","true","0.1","1","1","1","1","75","0","0","100","0","0","0","30","2.5","2","60","1.6","0.4","20.5","6.7","16","8.21","365","14","1","0","0","299","299","602","78801","57","124","195","10528","295","67268","true","33328","26","70","199","7426","8122","4548"
"1","0.1","3","true","false","false","false","false","false","true","0.1","1","1","1","1","75","0","0","100","0","0","0","30","2.5","2","60","1.6","0.4","20.5","6.7","16","8.21","365","14","1","0","0","299","299","603","78807","61","122","193","10522","295","67268","true","33328","26","70","199","7431","8124","4548"
"1","0.1","3","true","false","false","false","false","false","true","0.1","1","1","1","1","75","0","0","100","0","0","0","30","2.5","2","60","1.6","0.4","20.5","6.7","16","8.21","365","14","1","0","0","299","299","604","78804","60","121","198","10522","295","67268","true","33328","26","70","199","7435","8128","4551"
"1","0.1","3","true","false","false","false","false","false","true","0.1","1","1","1","1","75","0","0","100","0","0","0","30","2.5","2","60","1.6","0.4","20.5","6.7","16","8.21","365","14","1","0","0","299","299","605","78807","47","119","206","10526","295","67268","true","33328","26","70","199","7440","8139","4554"
"1","0.1","3","true","false","false","false","false","false","true","0.1","1","1","1","1","75","0","0","100","0","0","0","30","2.5","2","60","1.6","0.4","20.5","6.7","16","8.21","365","14","1","0","0","299","299","606","78804","46","119","208","10528","295","67268","true","33328","26","70","199","7443","8149","4559"
"1","0.1","3","true","false","false","false","false","false","true","0.1","1","1","1","1","75","0","0","100","0","0","0","30","2.5","2","60","1.6","0.4","20.5","6.7","16","8.21","365","14","1","0","0","299","299","607","78809","46","120","202","10528","295","67268","true","33328","26","70","199","7447","8154","4564"
"1","0.1","3","true","false","false","false","false","false","true","0.1","1","1","1","1","75","0","0","100","0","0","0","30","2.5","2","60","1.6","0.4","20.5","6.7","16","8.21","365","14","1","0","0","299","299","608","78816","44","112","209","10524","295","67268","true","33328","26","70","199","7451","8158","4567"
"1","0.1","3","true","false","false","false","false","false","true","0.1","1","1","1","1","75","0","0","100","0","0","0","30","2.5","2","60","1.6","0.4","20.5","6.7","16","8.21","365","14","1","0","0","299","299","609","78816","47","108","201","10533","295","67268","true","33328","26","70","199","7454","8159","4569"
"1","0.1","3","true","false","false","false","false","false","true","0.1","1","1","1","1","75","0","0","100","0","0","0","30","2.5","2","60","1.6","0.4","20.5","6.7","16","8.21","365","14","1","0","0","299","299","610","78821","48","106","193","10536","296","67268","true","33328","26","70","200","7459","8163","4572"
"1","0.1","3","true","false","false","false","false","false","true","0.1","1","1","1","1","75","0","0","100","0","0","0","30","2.5","2","60","1.6","0.4","20.5","6.7","16","8.21","365","14","1","0","0","299","299","611","78823","47","101","197","10536","296","67268","true","33326","26","70","200","7463","8163","4574"
"1","0.1","3","true","false","false","false","false","false","true","0.1","1","1","1","1","75","0","0","100","0","0","0","30","2.5","2","60","1.6","0.4","20.5","6.7","16","8.21","365","14","1","0","0","299","299","612","78832","53","101","192","10526","296","67268","true","33326","26","70","200","7467","8168","4579"
"1","0.1","3","true","false","false","false","false","false","true","0.1","1","1","1","1","75","0","0","100","0","0","0","30","2.5","2","60","1.6","0.4","20.5","6.7","16","8.21","365","14","1","0","0","299","299","613","78842","55","98","185","10524","296","67268","true","33326","26","70","200","7468","8171","4582"
"1","0.1","3","true","false","false","false","false","false","true","0.1","1","1","1","1","75","0","0","100","0","0","0","30","2.5","2","60","1.6","0.4","20.5","6.7","16","8.21","365","14","1","0","0","299","299","614","78851","54","98","184","10517","296","67268","true","33326","26","70","200","7469","8178","4584"
"1","0.1","3","true","false","false","false","false","false","true","0.1","1","1","1","1","75","0","0","100","0","0","0","30","2.5","2","60","1.6","0.4","20.5","6.7","16","8.21","365","14","1","0","0","299","299","615","78851","52","100","185","10516","296","67268","true","33326","26","70","200","7474","8184","4587"
"1","0.1","3","true","false","false","false","false","false","true","0.1","1","1","1","1","75","0","0","100","0","0","0","30","2.5","2","60","1.6","0.4","20.5","6.7","16","8.21","365","14","1","0","0","299","299","616","78858","40","103","187","10516","296","67268","true","33326","26","70","200","7479","8188","4591"
"1","0.1","3","true","false","false","false","false","false","true","0.1","1","1","1","1","75","0","0","100","0","0","0","30","2.5","2","60","1.6","0.4","20.5","6.7","16","8.21","365","14","1","0","0","299","299","617","78864","42","104","182","10512","296","67268","true","33326","26","70","200","7481","8192","4593"
"1","0.1","3","true","false","false","false","false","false","true","0.1","1","1","1","1","75","0","0","100","0","0","0","30","2.5","2","60","1.6","0.4","20.5","6.7","16","8.21","365","14","1","0","0","299","299","618","78866","48","99","181","10509","297","67268","true","33326","26","71","200","7484","8194","4595"
"1","0.1","3","true","false","false","false","false","false","true","0.1","1","1","1","1","75","0","0","100","0","0","0","30","2.5","2","60","1.6","0.4","20.5","6.7","16","8.21","365","14","1","0","0","299","299","619","78868","48","104","177","10506","297","67268","true","33324","26","71","200","7486","8196","4602"
"1","0.1","3","true","false","false","false","false","false","true","0.1","1","1","1","1","75","0","0","100","0","0","0","30","2.5","2","60","1.6","0.4","20.5","6.7","16","8.21","365","14","1","0","0","299","299","620","78880","46","107","170","10500","297","67268","true","33324","26","71","200","7494","8198","4608"
"1","0.1","3","true","false","false","false","false","false","true","0.1","1","1","1","1","75","0","0","100","0","0","0","30","2.5","2","60","1.6","0.4","20.5","6.7","16","8.21","365","14","1","0","0","299","299","621","78886","46","107","159","10505","297","67268","true","33324","26","71","200","7497","8204","4609"
"1","0.1","3","true","false","false","false","false","false","true","0.1","1","1","1","1","75","0","0","100","0","0","0","30","2.5","2","60","1.6","0.4","20.5","6.7","16","8.21","365","14","1","0","0","299","299","622","78900","29","106","172","10495","298","67268","true","33324","26","72","200","7506","8212","4611"
"1","0.1","3","true","false","false","false","false","false","true","0.1","1","1","1","1","75","0","0","100","0","0","0","30","2.5","2","60","1.6","0.4","20.5","6.7","16","8.21","365","14","1","0","0","299","299","623","78898","41","112","159","10491","299","67268","true","33320","26","72","201","7511","8218","4612"
"1","0.1","3","true","false","false","false","false","false","true","0.1","1","1","1","1","75","0","0","100","0","0","0","30","2.5","2","60","1.6","0.4","20.5","6.7","16","8.21","365","14","1","0","0","299","299","624","78904","43","111","158","10485","299","67268","true","33317","26","72","201","7513","8221","4614"
"1","0.1","3","true","false","false","false","false","false","true","0.1","1","1","1","1","75","0","0","100","0","0","0","30","2.5","2","60","1.6","0.4","20.5","6.7","16","8.21","365","14","1","0","0","299","299","625","78915","35","112","162","10477","299","67268","true","33317","26","72","201","7515","8223","4619"
"1","0.1","3","true","false","false","false","false","false","true","0.1","1","1","1","1","75","0","0","100","0","0","0","30","2.5","2","60","1.6","0.4","20.5","6.7","16","8.21","365","14","1","0","0","299","299","626","78921","35","106","162","10477","299","67268","true","33317","26","72","201","7517","8226","4622"
"1","0.1","3","true","false","false","false","false","false","true","0.1","1","1","1","1","75","0","0","100","0","0","0","30","2.5","2","60","1.6","0.4","20.5","6.7","16","8.21","365","14","1","0","0","299","299","627","78936","36","106","151","10472","299","67268","true","33317","26","72","201","7525","8230","4622"
"1","0.1","3","true","false","false","false","false","false","true","0.1","1","1","1","1","75","0","0","100","0","0","0","30","2.5","2","60","1.6","0.4","20.5","6.7","16","8.21","365","14","1","0","0","299","299","628","78944","40","104","148","10464","300","67268","true","33317","26","72","202","7529","8233","4623"
"1","0.1","3","true","false","false","false","false","false","true","0.1","1","1","1","1","75","0","0","100","0","0","0","30","2.5","2","60","1.6","0.4","20.5","6.7","16","8.21","365","14","1","0","0","299","299","629","78947","42","109","141","10461","300","67268","true","33314","26","72","202","7532","8242","4626"
"1","0.1","3","true","false","false","false","false","false","true","0.1","1","1","1","1","75","0","0","100","0","0","0","30","2.5","2","60","1.6","0.4","20.5","6.7","16","8.21","365","14","1","0","0","299","299","630","78962","40","105","142","10451","300","67268","true","33314","26","72","202","7535","8244","4627"
"1","0.1","3","true","false","false","false","false","false","true","0.1","1","1","1","1","75","0","0","100","0","0","0","30","2.5","2","60","1.6","0.4","20.5","6.7","16","8.21","365","14","1","0","0","299","299","631","78972","40","102","147","10439","300","67268","true","33314","26","72","202","7538","8249","4630"
"1","0.1","3","true","false","false","false","false","false","true","0.1","1","1","1","1","75","0","0","100","0","0","0","30","2.5","2","60","1.6","0.4","20.5","6.7","16","8.21","365","14","1","0","0","299","299","632","78992","39","101","144","10424","300","67268","true","33314","26","72","202","7542","8252","4630"
"1","0.1","3","true","false","false","false","false","false","true","0.1","1","1","1","1","75","0","0","100","0","0","0","30","2.5","2","60","1.6","0.4","20.5","6.7","16","8.21","365","14","1","0","0","299","299","633","79010","35","99","140","10416","300","67268","true","33314","26","72","202","7544","8252","4632"
"1","0.1","3","true","false","false","false","false","false","true","0.1","1","1","1","1","75","0","0","100","0","0","0","30","2.5","2","60","1.6","0.4","20.5","6.7","16","8.21","365","14","1","0","0","299","299","634","79034","28","98","135","10405","300","67268","true","33314","26","72","202","7546","8258","4635"
"1","0.1","3","true","false","false","false","false","false","true","0.1","1","1","1","1","75","0","0","100","0","0","0","30","2.5","2","60","1.6","0.4","20.5","6.7","16","8.21","365","14","1","0","0","299","299","635","79054","31","101","133","10381","300","67268","true","33314","26","72","202","7551","8259","4637"
"1","0.1","3","true","false","false","false","false","false","true","0.1","1","1","1","1","75","0","0","100","0","0","0","30","2.5","2","60","1.6","0.4","20.5","6.7","16","8.21","365","14","1","0","0","299","299","636","79071","31","103","127","10368","300","67268","true","33314","26","72","202","7556","8261","4639"
"1","0.1","3","true","false","false","false","false","false","true","0.1","1","1","1","1","75","0","0","100","0","0","0","30","2.5","2","60","1.6","0.4","20.5","6.7","16","8.21","365","14","1","0","0","299","299","637","79084","28","102","120","10366","300","67268","true","33314","26","72","202","7558","8263","4641"
"1","0.1","3","true","false","false","false","false","false","true","0.1","1","1","1","1","75","0","0","100","0","0","0","30","2.5","2","60","1.6","0.4","20.5","6.7","16","8.21","365","14","1","0","0","299","299","638","79099","30","101","121","10349","300","67268","true","33314","26","72","202","7561","8267","4642"
"1","0.1","3","true","false","false","false","false","false","true","0.1","1","1","1","1","75","0","0","100","0","0","0","30","2.5","2","60","1.6","0.4","20.5","6.7","16","8.21","365","14","1","0","0","299","299","639","79120","33","102","116","10329","300","67268","true","33314","26","72","202","7566","8270","4644"
"1","0.1","3","true","false","false","false","false","false","true","0.1","1","1","1","1","75","0","0","100","0","0","0","30","2.5","2","60","1.6","0.4","20.5","6.7","16","8.21","365","14","1","0","0","299","299","640","79152","33","101","110","10304","300","67268","true","33314","26","72","202","7571","8275","4645"
"1","0.1","3","true","false","false","false","false","false","true","0.1","1","1","1","1","75","0","0","100","0","0","0","30","2.5","2","60","1.6","0.4","20.5","6.7","16","8.21","365","14","1","0","0","299","299","641","79175","29","97","109","10290","300","67268","true","33314","26","72","202","7575","8276","4646"
"1","0.1","3","true","false","false","false","false","false","true","0.1","1","1","1","1","75","0","0","100","0","0","0","30","2.5","2","60","1.6","0.4","20.5","6.7","16","8.21","365","14","1","0","0","299","299","642","79194","27","93","114","10272","300","67268","true","33314","26","72","202","7578","8279","4646"
"1","0.1","3","true","false","false","false","false","false","true","0.1","1","1","1","1","75","0","0","100","0","0","0","30","2.5","2","60","1.6","0.4","20.5","6.7","16","8.21","365","14","1","0","0","299","299","643","79227","28","89","115","10241","300","0","false","33314","26","72","202","7578","8280","4647"
"1","0.1","3","true","false","false","false","false","false","true","0.1","1","1","1","1","75","0","0","100","0","0","0","30","2.5","2","60","1.6","0.4","20.5","6.7","16","8.21","365","14","1","0","0","299","299","644","78864","412","86","116","10222","300","0","false","534902","26","72","202","7582","8281","4649"
"1","0.1","3","true","false","false","false","false","false","true","0.1","1","1","1","1","75","0","0","100","0","0","0","30","2.5","2","60","1.6","0.4","20.5","6.7","16","8.21","365","14","1","0","0","299","299","645","78661","613","85","139","10202","300","0","false","534902","26","72","202","7595","8296","4651"
"1","0.1","3","true","false","false","false","false","false","true","0.1","1","1","1","1","75","0","0","100","0","0","0","30","2.5","2","60","1.6","0.4","20.5","6.7","16","8.21","365","14","1","0","0","299","299","646","78524","714","84","200","10178","300","0","false","534902","26","72","202","7610","8312","4664"
"1","0.1","3","true","false","false","false","false","false","true","0.1","1","1","1","1","75","0","0","100","0","0","0","30","2.5","2","60","1.6","0.4","20.5","6.7","16","8.21","365","14","1","0","0","299","299","647","78364","767","84","333","10152","300","0","false","534902","26","72","202","7647","8353","4678"
"1","0.1","3","true","false","false","false","false","false","true","0.1","1","1","1","1","75","0","0","100","0","0","0","30","2.5","2","60","1.6","0.4","20.5","6.7","16","8.21","365","14","1","0","0","299","299","648","78193","830","92","454","10130","301","67109","true","534902","26","72","203","7681","8390","4703"
"1","0.1","3","true","false","false","false","false","false","true","0.1","1","1","1","1","75","0","0","100","0","0","0","30","2.5","2","60","1.6","0.4","20.5","6.7","16","8.21","365","14","1","0","0","299","299","649","78215","646","116","628","10094","301","67109","true","33771","26","72","203","7723","8452","4731"
"1","0.1","3","true","false","false","false","false","false","true","0.1","1","1","1","1","75","0","0","100","0","0","0","30","2.5","2","60","1.6","0.4","20.5","6.7","16","8.21","365","14","1","0","0","299","299","650","78222","499","154","749","10075","301","67109","true","33771","26","72","203","7792","8496","4770"
"1","0.1","3","true","false","false","false","false","false","true","0.1","1","1","1","1","75","0","0","100","0","0","0","30","2.5","2","60","1.6","0.4","20.5","6.7","16","8.21","365","14","1","0","0","299","299","651","78236","379","233","799","10052","301","67109","true","33771","26","72","203","7863","8560","4812"
"1","0.1","3","true","false","false","false","false","false","true","0.1","1","1","1","1","75","0","0","100","0","0","0","30","2.5","2","60","1.6","0.4","20.5","6.7","16","8.21","365","14","1","0","0","299","299","652","78253","271","294","856","10025","301","67109","true","33771","26","72","203","7918","8616","4844"
"1","0.1","3","true","false","false","false","false","false","true","0.1","1","1","1","1","75","0","0","100","0","0","0","30","2.5","2","60","1.6","0.4","20.5","6.7","16","8.21","365","14","1","0","0","299","299","653","78275","186","361","881","9996","301","67109","true","33771","26","72","203","7975","8656","4887"
"1","0.1","3","true","false","false","false","false","false","true","0.1","1","1","1","1","75","0","0","100","0","0","0","30","2.5","2","60","1.6","0.4","20.5","6.7","16","8.21","365","14","1","0","0","299","299","654","78291","149","400","889","9970","301","67109","true","33771","26","72","203","7995","8693","4909"
"1","0.1","3","true","false","false","false","false","false","true","0.1","1","1","1","1","75","0","0","100","0","0","0","30","2.5","2","60","1.6","0.4","20.5","6.7","16","8.21","365","14","1","0","0","299","299","655","78307","127","435","889","9941","301","67109","true","33771","26","72","203","8015","8724","4930"
"1","0.1","3","true","false","false","false","false","false","true","0.1","1","1","1","1","75","0","0","100","0","0","0","30","2.5","2","60","1.6","0.4","20.5","6.7","16","8.21","365","14","1","0","0","299","299","656","78317","116","469","871","9926","301","67109","true","33771","26","72","203","8027","8747","4950"
"1","0.1","3","true","false","false","false","false","false","true","0.1","1","1","1","1","75","0","0","100","0","0","0","30","2.5","2","60","1.6","0.4","20.5","6.7","16","8.21","365","14","1","0","0","299","299","657","78320","105","490","874","9909","302","67108","true","33771","27","72","203","8046","8762","4963"
"1","0.1","3","true","false","false","false","false","false","true","0.1","1","1","1","1","75","0","0","100","0","0","0","30","2.5","2","60","1.6","0.4","20.5","6.7","16","8.21","365","14","1","0","0","299","299","658","78325","104","505","882","9882","302","67108","true","33771","27","72","203","8060","8773","4971"
"1","0.1","3","true","false","false","false","false","false","true","0.1","1","1","1","1","75","0","0","100","0","0","0","30","2.5","2","60","1.6","0.4","20.5","6.7","16","8.21","365","14","1","0","0","299","299","659","78330","110","515","889","9854","302","67108","true","33771","27","72","203","8071","8790","4975"
"1","0.1","3","true","false","false","false","false","false","true","0.1","1","1","1","1","75","0","0","100","0","0","0","30","2.5","2","60","1.6","0.4","20.5","6.7","16","8.21","365","14","1","0","0","299","299","660","78339","106","528","890","9835","302","67108","true","33771","27","72","203","8080","8800","4986"
"1","0.1","3","true","false","false","false","false","false","true","0.1","1","1","1","1","75","0","0","100","0","0","0","30","2.5","2","60","1.6","0.4","20.5","6.7","16","8.21","365","14","1","0","0","299","299","661","78360","101","534","891","9812","302","67108","true","33771","27","72","203","8090","8808","4994"
"1","0.1","3","true","false","false","false","false","false","true","0.1","1","1","1","1","75","0","0","100","0","0","0","30","2.5","2","60","1.6","0.4","20.5","6.7","16","8.21","365","14","1","0","0","299","299","662","78371","89","537","892","9809","302","67108","true","33771","27","72","203","8102","8818","4999"
"1","0.1","3","true","false","false","false","false","false","true","0.1","1","1","1","1","75","0","0","100","0","0","0","30","2.5","2","60","1.6","0.4","20.5","6.7","16","8.21","365","14","1","0","0","299","299","663","78379","88","540","886","9805","302","67108","true","33771","27","72","203","8113","8824","5002"
"1","0.1","3","true","false","false","false","false","false","true","0.1","1","1","1","1","75","0","0","100","0","0","0","30","2.5","2","60","1.6","0.4","20.5","6.7","16","8.21","365","14","1","0","0","299","299","664","78407","81","551","862","9797","302","67108","true","33771","27","72","203","8125","8839","5005"
"1","0.1","3","true","false","false","false","false","false","true","0.1","1","1","1","1","75","0","0","100","0","0","0","30","2.5","2","60","1.6","0.4","20.5","6.7","16","8.21","365","14","1","0","0","299","299","665","78426","81","540","834","9814","305","67106","true","33771","27","73","205","8134","8842","5007"
"1","0.1","3","true","false","false","false","false","false","true","0.1","1","1","1","1","75","0","0","100","0","0","0","30","2.5","2","60","1.6","0.4","20.5","6.7","16","8.21","365","14","1","0","0","299","299","666","78439","77","532","808","9837","307","67104","true","33767","27","73","207","8144","8850","5012"
"1","0.1","3","true","false","false","false","false","false","true","0.1","1","1","1","1","75","0","0","100","0","0","0","30","2.5","2","60","1.6","0.4","20.5","6.7","16","8.21","365","14","1","0","0","299","299","667","78453","71","518","790","9858","310","67103","true","33767","28","73","209","8151","8859","5015"
"1","0.1","3","true","false","false","false","false","false","true","0.1","1","1","1","1","75","0","0","100","0","0","0","30","2.5","2","60","1.6","0.4","20.5","6.7","16","8.21","365","14","1","0","0","299","299","668","78471","80","503","751","9884","311","67102","true","33758","28","74","209","8159","8867","5016"
"1","0.1","3","true","false","false","false","false","false","true","0.1","1","1","1","1","75","0","0","100","0","0","0","30","2.5","2","60","1.6","0.4","20.5","6.7","16","8.21","365","14","1","0","0","299","299","669","78494","88","478","698","9930","312","67102","true","33758","28","75","209","8161","8873","5019"
"1","0.1","3","true","false","false","false","false","false","true","0.1","1","1","1","1","75","0","0","100","0","0","0","30","2.5","2","60","1.6","0.4","20.5","6.7","16","8.21","365","14","1","0","0","299","299","670","78502","83","460","664","9977","314","67101","true","33754","28","75","211","8166","8889","5022"
"1","0.1","3","true","false","false","false","false","false","true","0.1","1","1","1","1","75","0","0","100","0","0","0","30","2.5","2","60","1.6","0.4","20.5","6.7","16","8.21","365","14","1","0","0","299","299","671","78530","79","439","632","10005","315","67100","true","33748","28","75","212","8169","8897","5027"
"1","0.1","3","true","false","false","false","false","false","true","0.1","1","1","1","1","75","0","0","100","0","0","0","30","2.5","2","60","1.6","0.4","20.5","6.7","16","8.21","365","14","1","0","0","299","299","672","78542","69","420","592","10062","315","67100","true","33748","28","75","212","8173","8903","5031"
"1","0.1","3","true","false","false","false","false","false","true","0.1","1","1","1","1","75","0","0","100","0","0","0","30","2.5","2","60","1.6","0.4","20.5","6.7","16","8.21","365","14","1","0","0","299","299","673","78554","77","401","549","10103","316","67099","true","33748","28","76","212","8179","8911","5036"
"1","0.1","3","true","false","false","false","false","false","true","0.1","1","1","1","1","75","0","0","100","0","0","0","30","2.5","2","60","1.6","0.4","20.5","6.7","16","8.21","365","14","1","0","0","299","299","674","78569","67","377","518","10152","317","67099","true","33748","28","76","213","8191","8920","5041"
"1","0.1","3","true","false","false","false","false","false","true","0.1","1","1","1","1","75","0","0","100","0","0","0","30","2.5","2","60","1.6","0.4","20.5","6.7","16","8.21","365","14","1","0","0","299","299","675","78587","67","359","477","10192","318","67099","true","33743","28","76","214","8196","8925","5043"
"1","0.1","3","true","false","false","false","false","false","true","0.1","1","1","1","1","75","0","0","100","0","0","0","30","2.5","2","60","1.6","0.4","20.5","6.7","16","8.21","365","14","1","0","0","299","299","676","78602","70","342","423","10243","320","67098","true","33738","29","76","215","8207","8934","5050"
"1","0.1","3","true","false","false","false","false","false","true","0.1","1","1","1","1","75","0","0","100","0","0","0","30","2.5","2","60","1.6","0.4","20.5","6.7","16","8.21","365","14","1","0","0","299","299","677","78609","67","324","408","10272","320","67098","true","33735","29","76","215","8215","8942","5050"
"1","0.1","3","true","false","false","false","false","false","true","0.1","1","1","1","1","75","0","0","100","0","0","0","30","2.5","2","60","1.6","0.4","20.5","6.7","16","8.21","365","14","1","0","0","299","299","678","78623","65","299","385","10308","320","67098","true","33735","29","76","215","8220","8946","5053"
"1","0.1","3","true","false","false","false","false","false","true","0.1","1","1","1","1","75","0","0","100","0","0","0","30","2.5","2","60","1.6","0.4","20.5","6.7","16","8.21","365","14","1","0","0","299","299","679","78638","60","278","375","10325","324","67095","true","33735","29","77","218","8227","8951","5057"
"1","0.1","3","true","false","false","false","false","false","true","0.1","1","1","1","1","75","0","0","100","0","0","0","30","2.5","2","60","1.6","0.4","20.5","6.7","16","8.21","365","14","1","0","0","299","299","680","78659","63","266","347","10341","324","67095","true","33734","29","77","218","8233","8954","5063"
"1","0.1","3","true","false","false","false","false","false","true","0.1","1","1","1","1","75","0","0","100","0","0","0","30","2.5","2","60","1.6","0.4","20.5","6.7","16","8.21","365","14","1","0","0","299","299","681","78689","57","244","325","10360","325","67095","true","33734","29","77","219","8241","8961","5065"
"1","0.1","3","true","false","false","false","false","false","true","0.1","1","1","1","1","75","0","0","100","0","0","0","30","2.5","2","60","1.6","0.4","20.5","6.7","16","8.21","365","14","1","0","0","299","299","682","78703","55","231","299","10385","327","67094","true","33732","30","78","219","8247","8966","5070"
"1","0.1","3","true","false","false","false","false","false","true","0.1","1","1","1","1","75","0","0","100","0","0","0","30","2.5","2","60","1.6","0.4","20.5","6.7","16","8.21","365","14","1","0","0","299","299","683","78708","57","222","275","10411","327","67094","true","33729","30","78","219","8253","8974","5072"
"1","0.1","3","true","false","false","false","false","false","true","0.1","1","1","1","1","75","0","0","100","0","0","0","30","2.5","2","60","1.6","0.4","20.5","6.7","16","8.21","365","14","1","0","0","299","299","684","78722","51","202","270","10428","327","67094","true","33729","30","78","219","8261","8975","5074"
"1","0.1","3","true","false","false","false","false","false","true","0.1","1","1","1","1","75","0","0","100","0","0","0","30","2.5","2","60","1.6","0.4","20.5","6.7","16","8.21","365","14","1","0","0","299","299","685","78734","50","199","256","10434","327","67094","true","33729","30","78","219","8268","8979","5079"
"1","0.1","3","true","false","false","false","false","false","true","0.1","1","1","1","1","75","0","0","100","0","0","0","30","2.5","2","60","1.6","0.4","20.5","6.7","16","8.21","365","14","1","0","0","299","299","686","78736","48","188","255","10446","327","67094","true","33729","30","78","219","8271","8986","5082"
"1","0.1","3","true","false","false","false","false","false","true","0.1","1","1","1","1","75","0","0","100","0","0","0","30","2.5","2","60","1.6","0.4","20.5","6.7","16","8.21","365","14","1","0","0","299","299","687","78748","50","178","251","10445","328","67094","true","33729","30","78","220","8273","8991","5084"
"1","0.1","3","true","false","false","false","false","false","true","0.1","1","1","1","1","75","0","0","100","0","0","0","30","2.5","2","60","1.6","0.4","20.5","6.7","16","8.21","365","14","1","0","0","299","299","688","78745","61","176","234","10456","328","67094","true","33727","30","78","220","8277","8995","5088"
"1","0.1","3","true","false","false","false","false","false","true","0.1","1","1","1","1","75","0","0","100","0","0","0","30","2.5","2","60","1.6","0.4","20.5","6.7","16","8.21","365","14","1","0","0","299","299","689","78755","56","167","227","10467","328","67094","true","33727","30","78","220","8281","9006","5092"
"1","0.1","3","true","false","false","false","false","false","true","0.1","1","1","1","1","75","0","0","100","0","0","0","30","2.5","2","60","1.6","0.4","20.5","6.7","16","8.21","365","14","1","0","0","299","299","690","78769","54","165","219","10465","328","67094","true","33727","30","78","220","8288","9013","5096"
"1","0.1","3","true","false","false","false","false","false","true","0.1","1","1","1","1","75","0","0","100","0","0","0","30","2.5","2","60","1.6","0.4","20.5","6.7","16","8.21","365","14","1","0","0","299","299","691","78772","63","160","216","10460","329","67093","true","33727","30","78","221","8289","9022","5097"
"1","0.1","3","true","false","false","false","false","false","true","0.1","1","1","1","1","75","0","0","100","0","0","0","30","2.5","2","60","1.6","0.4","20.5","6.7","16","8.21","365","14","1","0","0","299","299","692","78774","66","158","213","10459","330","67093","true","33727","30","78","222","8296","9027","5104"
"1","0.1","3","true","false","false","false","false","false","true","0.1","1","1","1","1","75","0","0","100","0","0","0","30","2.5","2","60","1.6","0.4","20.5","6.7","16","8.21","365","14","1","0","0","299","299","693","78791","56","154","215","10454","330","67093","true","33722","30","78","222","8299","9035","5107"
"1","0.1","3","true","false","false","false","false","false","true","0.1","1","1","1","1","75","0","0","100","0","0","0","30","2.5","2","60","1.6","0.4","20.5","6.7","16","8.21","365","14","1","0","0","299","299","694","78799","55","149","215","10452","330","67093","true","33722","30","78","222","8302","9042","5113"
"1","0.1","3","true","false","false","false","false","false","true","0.1","1","1","1","1","75","0","0","100","0","0","0","30","2.5","2","60","1.6","0.4","20.5","6.7","16","8.21","365","14","1","0","0","299","299","695","78817","55","146","215","10437","330","67093","true","33722","30","78","222","8304","9046","5117"
"1","0.1","3","true","false","false","false","false","false","true","0.1","1","1","1","1","75","0","0","100","0","0","0","30","2.5","2","60","1.6","0.4","20.5","6.7","16","8.21","365","14","1","0","0","299","299","696","78824","49","148","211","10438","330","67093","true","33722","30","78","222","8315","9049","5121"
"1","0.1","3","true","false","false","false","false","false","true","0.1","1","1","1","1","75","0","0","100","0","0","0","30","2.5","2","60","1.6","0.4","20.5","6.7","16","8.21","365","14","1","0","0","299","299","697","78834","51","142","199","10443","331","67093","true","33722","30","78","223","8321","9052","5126"
"1","0.1","3","true","false","false","false","false","false","true","0.1","1","1","1","1","75","0","0","100","0","0","0","30","2.5","2","60","1.6","0.4","20.5","6.7","16","8.21","365","14","1","0","0","299","299","698","78839","56","135","194","10445","331","67093","true","33718","30","78","223","8327","9054","5128"
"1","0.1","3","true","false","false","false","false","false","true","0.1","1","1","1","1","75","0","0","100","0","0","0","30","2.5","2","60","1.6","0.4","20.5","6.7","16","8.21","365","14","1","0","0","299","299","699","78839","58","127","197","10448","331","67093","true","33718","30","78","223","8330","9059","5128"
"1","0.1","3","true","false","false","false","false","false","true","0.1","1","1","1","1","75","0","0","100","0","0","0","30","2.5","2","60","1.6","0.4","20.5","6.7","16","8.21","365","14","1","0","0","299","299","700","78846","57","126","193","10446","332","67093","true","33718","30","78","224","8333","9063","5129"
"1","0.1","3","true","false","false","false","false","false","true","0.1","1","1","1","1","75","0","0","100","0","0","0","30","2.5","2","60","1.6","0.4","20.5","6.7","16","8.21","365","14","1","0","0","299","299","701","78855","55","118","194","10445","333","67093","true","33716","30","79","224","8337","9068","5133"
"1","0.1","3","true","false","false","false","false","false","true","0.1","1","1","1","1","75","0","0","100","0","0","0","30","2.5","2","60","1.6","0.4","20.5","6.7","16","8.21","365","14","1","0","0","299","299","702","78865","61","120","188","10432","334","67093","true","33711","30","79","225","8344","9074","5136"
"1","0.1","3","true","false","false","false","false","false","true","0.1","1","1","1","1","75","0","0","100","0","0","0","30","2.5","2","60","1.6","0.4","20.5","6.7","16","8.21","365","14","1","0","0","299","299","703","78879","59","121","191","10416","334","67093","true","33708","30","79","225","8350","9077","5145"
"1","0.1","3","true","false","false","false","false","false","true","0.1","1","1","1","1","75","0","0","100","0","0","0","30","2.5","2","60","1.6","0.4","20.5","6.7","16","8.21","365","14","1","0","0","299","299","704","78887","59","115","199","10406","334","67093","true","33708","30","79","225","8351","9079","5146"
"1","0.1","3","true","false","false","false","false","false","true","0.1","1","1","1","1","75","0","0","100","0","0","0","30","2.5","2","60","1.6","0.4","20.5","6.7","16","8.21","365","14","1","0","0","299","299","705","78902","58","118","201","10387","334","67093","true","33708","30","79","225","8353","9086","5151"
"1","0.1","3","true","false","false","false","false","false","true","0.1","1","1","1","1","75","0","0","100","0","0","0","30","2.5","2","60","1.6","0.4","20.5","6.7","16","8.21","365","14","1","0","0","299","299","706","78918","58","119","196","10374","335","67093","true","33708","30","80","225","8358","9091","5158"
"1","0.1","3","true","false","false","false","false","false","true","0.1","1","1","1","1","75","0","0","100","0","0","0","30","2.5","2","60","1.6","0.4","20.5","6.7","16","8.21","365","14","1","0","0","299","299","707","78937","54","120","198","10356","335","67093","true","33704","30","80","225","8364","9099","5161"
"1","0.1","3","true","false","false","false","false","false","true","0.1","1","1","1","1","75","0","0","100","0","0","0","30","2.5","2","60","1.6","0.4","20.5","6.7","16","8.21","365","14","1","0","0","299","299","708","78944","58","121","195","10347","335","67093","true","33704","30","80","225","8371","9105","5165"
"1","0.1","3","true","false","false","false","false","false","true","0.1","1","1","1","1","75","0","0","100","0","0","0","30","2.5","2","60","1.6","0.4","20.5","6.7","16","8.21","365","14","1","0","0","299","299","709","78953","54","119","200","10339","335","67093","true","33704","30","80","225","8373","9113","5165"
"1","0.1","3","true","false","false","false","false","false","true","0.1","1","1","1","1","75","0","0","100","0","0","0","30","2.5","2","60","1.6","0.4","20.5","6.7","16","8.21","365","14","1","0","0","299","299","710","78974","55","118","197","10321","335","67093","true","33704","30","80","225","8381","9115","5165"
"1","0.1","3","true","false","false","false","false","false","true","0.1","1","1","1","1","75","0","0","100","0","0","0","30","2.5","2","60","1.6","0.4","20.5","6.7","16","8.21","365","14","1","0","0","299","299","711","78986","50","117","194","10318","335","67093","true","33704","30","80","225","8385","9124","5166"
"1","0.1","3","true","false","false","false","false","false","true","0.1","1","1","1","1","75","0","0","100","0","0","0","30","2.5","2","60","1.6","0.4","20.5","6.7","16","8.21","365","14","1","0","0","299","299","712","79007","53","114","192","10299","335","67093","true","33704","30","80","225","8386","9126","5171"
"1","0.1","3","true","false","false","false","false","false","true","0.1","1","1","1","1","75","0","0","100","0","0","0","30","2.5","2","60","1.6","0.4","20.5","6.7","16","8.21","365","14","1","0","0","299","299","713","79019","48","117","194","10286","336","67093","true","33704","31","80","225","8392","9130","5173"
"1","0.1","3","true","false","false","false","false","false","true","0.1","1","1","1","1","75","0","0","100","0","0","0","30","2.5","2","60","1.6","0.4","20.5","6.7","16","8.21","365","14","1","0","0","299","299","714","79034","52","116","197","10265","336","67093","true","33702","31","80","225","8397","9134","5174"
"1","0.1","3","true","false","false","false","false","false","true","0.1","1","1","1","1","75","0","0","100","0","0","0","30","2.5","2","60","1.6","0.4","20.5","6.7","16","8.21","365","14","1","0","0","299","299","715","79064","53","120","186","10241","336","67093","true","33702","31","80","225","8401","9141","5179"
"1","0.1","3","true","false","false","false","false","false","true","0.1","1","1","1","1","75","0","0","100","0","0","0","30","2.5","2","60","1.6","0.4","20.5","6.7","16","8.21","365","14","1","0","0","299","299","716","79087","46","117","191","10222","337","67093","true","33702","31","80","226","8406","9145","5182"
"1","0.1","3","true","false","false","false","false","false","true","0.1","1","1","1","1","75","0","0","100","0","0","0","30","2.5","2","60","1.6","0.4","20.5","6.7","16","8.21","365","14","1","0","0","299","299","717","79103","52","121","178","10209","337","67093","true","33700","31","80","226","8413","9153","5186"
"1","0.1","3","true","false","false","false","false","false","true","0.1","1","1","1","1","75","0","0","100","0","0","0","30","2.5","2","60","1.6","0.4","20.5","6.7","16","8.21","365","14","1","0","0","299","299","718","79137","49","118","169","10190","337","67093","true","33700","31","80","226","8416","9154","5189"
"1","0.1","3","true","false","false","false","false","false","true","0.1","1","1","1","1","75","0","0","100","0","0","0","30","2.5","2","60","1.6","0.4","20.5","6.7","16","8.21","365","14","1","0","0","299","299","719","79158","48","114","172","10170","338","67093","true","33700","31","80","227","8419","9157","5190"
"1","0.1","3","true","false","false","false","false","false","true","0.1","1","1","1","1","75","0","0","100","0","0","0","30","2.5","2","60","1.6","0.4","20.5","6.7","16","8.21","365","14","1","0","0","299","299","720","79180","38","115","181","10147","339","67093","true","33695","32","80","227","8427","9163","5193"
"1","0.1","3","true","false","false","false","false","false","true","0.1","1","1","1","1","75","0","0","100","0","0","0","30","2.5","2","60","1.6","0.4","20.5","6.7","16","8.21","365","14","1","0","0","299","299","721","79203","37","114","188","10119","339","67093","true","33689","32","80","227","8430","9171","5196"
"1","0.1","3","true","false","false","false","false","false","true","0.1","1","1","1","1","75","0","0","100","0","0","0","30","2.5","2","60","1.6","0.4","20.5","6.7","16","8.21","365","14","1","0","0","299","299","722","79225","34","112","182","10108","339","67093","true","33689","32","80","227","8436","9172","5199"
"1","0.1","3","true","false","false","false","false","false","true","0.1","1","1","1","1","75","0","0","100","0","0","0","30","2.5","2","60","1.6","0.4","20.5","6.7","16","8.21","365","14","1","0","0","299","299","723","79248","37","112","172","10092","339","67093","true","33689","32","80","227","8439","9175","5202"
"1","0.1","3","true","false","false","false","false","false","true","0.1","1","1","1","1","75","0","0","100","0","0","0","30","2.5","2","60","1.6","0.4","20.5","6.7","16","8.21","365","14","1","0","0","299","299","724","79275","36","109","163","10077","340","67093","true","33689","32","80","228","8441","9177","5205"
"1","0.1","3","true","false","false","false","false","false","true","0.1","1","1","1","1","75","0","0","100","0","0","0","30","2.5","2","60","1.6","0.4","20.5","6.7","16","8.21","365","14","1","0","0","299","299","725","79300","30","111","161","10058","340","67093","true","33685","32","80","228","8448","9184","5207"
"1","0.1","3","true","false","false","false","false","false","true","0.1","1","1","1","1","75","0","0","100","0","0","0","30","2.5","2","60","1.6","0.4","20.5","6.7","16","8.21","365","14","1","0","0","299","299","726","79338","31","106","163","10022","340","67093","true","33685","32","80","228","8450","9186","5207"
"1","0.1","3","true","false","false","false","false","false","true","0.1","1","1","1","1","75","0","0","100","0","0","0","30","2.5","2","60","1.6","0.4","20.5","6.7","16","8.21","365","14","1","0","0","299","299","727","79365","36","103","158","9998","340","67093","true","33685","32","80","228","8451","9189","5207"
"1","0.1","3","true","false","false","false","false","false","true","0.1","1","1","1","1","75","0","0","100","0","0","0","30","2.5","2","60","1.6","0.4","20.5","6.7","16","8.21","365","14","1","0","0","299","299","728","79392","39","96","155","9978","340","67093","true","33685","32","80","228","8454","9192","5208"
"1","0.1","3","true","false","false","false","false","false","true","0.1","1","1","1","1","75","0","0","100","0","0","0","30","2.5","2","60","1.6","0.4","20.5","6.7","16","8.21","365","14","1","0","0","299","299","729","79422","38","94","156","9949","341","67093","true","33685","32","80","229","8458","9195","5212"
"1","0.1","3","true","false","false","false","false","false","true","0.1","1","1","1","1","75","0","0","100","0","0","0","30","2.5","2","60","1.6","0.4","20.5","6.7","16","8.21","365","14","1","0","0","299","299","730","79459","44","92","154","9909","342","67093","true","33680","32","80","230","8459","9199","5212"
"1","0.1","3","true","false","false","false","false","false","true","0.1","1","1","1","1","75","0","0","100","0","0","0","30","2.5","2","60","1.6","0.4","20.5","6.7","16","8.21","365","14","1","0","0","299","299","731","79491","45","93","144","9884","343","67093","true","33676","32","80","231","8461","9204","5213"
"1","0.1","3","true","false","false","false","false","false","true","0.1","1","1","1","1","75","0","0","100","0","0","0","30","2.5","2","60","1.6","0.4","20.5","6.7","16","8.21","365","14","1","0","0","299","299","732","79525","44","94","142","9852","343","67093","true","33669","32","80","231","8465","9209","5215"
"1","0.1","3","true","false","false","false","false","false","true","0.1","1","1","1","1","75","0","0","100","0","0","0","30","2.5","2","60","1.6","0.4","20.5","6.7","16","8.21","365","14","1","0","0","299","299","733","79568","38","92","143","9816","343","67093","true","33669","32","80","231","8466","9212","5217"
"1","0.1","3","true","false","false","false","false","false","true","0.1","1","1","1","1","75","0","0","100","0","0","0","30","2.5","2","60","1.6","0.4","20.5","6.7","16","8.21","365","14","1","0","0","299","299","734","79600","33","94","141","9789","343","67093","true","33669","32","80","231","8470","9218","5222"
"1","0.1","3","true","false","false","false","false","false","true","0.1","1","1","1","1","75","0","0","100","0","0","0","30","2.5","2","60","1.6","0.4","20.5","6.7","16","8.21","365","14","1","0","0","299","299","735","79619","33","94","133","9778","343","67093","true","33669","32","80","231","8472","9219","5226"
"1","0.1","3","true","false","false","false","false","false","true","0.1","1","1","1","1","75","0","0","100","0","0","0","30","2.5","2","60","1.6","0.4","20.5","6.7","16","8.21","365","14","1","0","0","299","299","736","79657","34","91","128","9747","343","67093","true","33669","32","80","231","8475","9219","5228"
"1","0.1","3","true","false","false","false","false","false","true","0.1","1","1","1","1","75","0","0","100","0","0","0","30","2.5","2","60","1.6","0.4","20.5","6.7","16","8.21","365","14","1","0","0","299","299","737","79687","34","91","126","9719","343","67093","true","33669","32","80","231","8478","9224","5229"
"1","0.1","3","true","false","false","false","false","false","true","0.1","1","1","1","1","75","0","0","100","0","0","0","30","2.5","2","60","1.6","0.4","20.5","6.7","16","8.21","365","14","1","0","0","299","299","738","79721","36","91","127","9682","343","67093","true","33669","32","80","231","8482","9225","5230"
"1","0.1","3","true","false","false","false","false","false","true","0.1","1","1","1","1","75","0","0","100","0","0","0","30","2.5","2","60","1.6","0.4","20.5","6.7","16","8.21","365","14","1","0","0","299","299","739","79743","37","90","128","9659","343","0","false","33669","32","80","231","8486","9227","5234"
"1","0.1","3","true","false","false","false","false","false","true","0.1","1","1","1","1","75","0","0","100","0","0","0","30","2.5","2","60","1.6","0.4","20.5","6.7","16","8.21","365","14","1","0","0","299","299","740","79378","439","89","127","9624","343","0","false","534388","32","80","231","8489","9230","5236"
"1","0.1","3","true","false","false","false","false","false","true","0.1","1","1","1","1","75","0","0","100","0","0","0","30","2.5","2","60","1.6","0.4","20.5","6.7","16","8.21","365","14","1","0","0","299","299","741","79178","645","89","155","9589","344","0","false","534388","32","80","232","8501","9245","5241"
"1","0.1","3","true","false","false","false","false","false","true","0.1","1","1","1","1","75","0","0","100","0","0","0","30","2.5","2","60","1.6","0.4","20.5","6.7","16","8.21","365","14","1","0","0","299","299","742","79005","768","92","234","9557","344","67189","true","534376","32","80","232","8530","9270","5250"
"1","0.1","3","true","false","false","false","false","false","true","0.1","1","1","1","1","75","0","0","100","0","0","0","30","2.5","2","60","1.6","0.4","20.5","6.7","16","8.21","365","14","1","0","0","299","299","743","79030","646","91","357","9531","345","67188","true","33642","32","80","233","8556","9312","5271"
"1","0.1","3","true","false","false","false","false","false","true","0.1","1","1","1","1","75","0","0","100","0","0","0","30","2.5","2","60","1.6","0.4","20.5","6.7","16","8.21","365","14","1","0","0","299","299","744","79050","493","105","500","9506","346","67188","true","33642","32","80","234","8606","9352","5302"
"1","0.1","3","true","false","false","false","false","false","true","0.1","1","1","1","1","75","0","0","100","0","0","0","30","2.5","2","60","1.6","0.4","20.5","6.7","16","8.21","365","14","1","0","0","299","299","745","79054","382","137","602","9479","346","67188","true","33641","32","80","234","8659","9394","5322"
"1","0.1","3","true","false","false","false","false","false","true","0.1","1","1","1","1","75","0","0","100","0","0","0","30","2.5","2","60","1.6","0.4","20.5","6.7","16","8.21","365","14","1","0","0","299","299","746","79076","291","183","658","9446","346","67188","true","33641","32","80","234","8688","9434","5357"
"1","0.1","3","true","false","false","false","false","false","true","0.1","1","1","1","1","75","0","0","100","0","0","0","30","2.5","2","60","1.6","0.4","20.5","6.7","16","8.21","365","14","1","0","0","299","299","747","79096","215","241","685","9417","346","67188","true","33641","32","80","234","8738","9480","5377"
"1","0.1","3","true","false","false","false","false","false","true","0.1","1","1","1","1","75","0","0","100","0","0","0","30","2.5","2","60","1.6","0.4","20.5","6.7","16","8.21","365","14","1","0","0","299","299","748","79108","164","292","700","9390","346","67188","true","33641","32","80","234","8794","9507","5398"
"1","0.1","3","true","false","false","false","false","false","true","0.1","1","1","1","1","75","0","0","100","0","0","0","30","2.5","2","60","1.6","0.4","20.5","6.7","16","8.21","365","14","1","0","0","299","299","749","79111","146","337","689","9370","347","67187","true","33641","32","80","235","8823","9543","5415"
"1","0.1","3","true","false","false","false","false","false","true","0.1","1","1","1","1","75","0","0","100","0","0","0","30","2.5","2","60","1.6","0.4","20.5","6.7","16","8.21","365","14","1","0","0","299","299","750","79126","129","374","683","9341","347","67187","true","33641","32","80","235","8848","9572","5428"
"1","0.1","3","true","false","false","false","false","false","true","0.1","1","1","1","1","75","0","0","100","0","0","0","30","2.5","2","60","1.6","0.4","20.5","6.7","16","8.21","365","14","1","0","0","299","299","751","79130","119","397","688","9319","347","67187","true","33641","32","80","235","8862","9596","5436"
"1","0.1","3","true","false","false","false","false","false","true","0.1","1","1","1","1","75","0","0","100","0","0","0","30","2.5","2","60","1.6","0.4","20.5","6.7","16","8.21","365","14","1","0","0","299","299","752","79142","111","415","695","9289","348","67186","true","33641","32","80","236","8875","9613","5445"
"1","0.1","3","true","false","false","false","false","false","true","0.1","1","1","1","1","75","0","0","100","0","0","0","30","2.5","2","60","1.6","0.4","20.5","6.7","16","8.21","365","14","1","0","0","299","299","753","79153","100","435","702","9262","348","67186","true","33641","32","80","236","8888","9630","5456"
"1","0.1","3","true","false","false","false","false","false","true","0.1","1","1","1","1","75","0","0","100","0","0","0","30","2.5","2","60","1.6","0.4","20.5","6.7","16","8.21","365","14","1","0","0","299","299","754","79168","81","448","709","9245","349","67186","true","33641","32","81","236","8904","9646","5462"
"1","0.1","3","true","false","false","false","false","false","true","0.1","1","1","1","1","75","0","0","100","0","0","0","30","2.5","2","60","1.6","0.4","20.5","6.7","16","8.21","365","14","1","0","0","299","299","755","79177","85","455","709","9225","349","67186","true","33638","32","81","236","8912","9650","5464"
"1","0.1","3","true","false","false","false","false","false","true","0.1","1","1","1","1","75","0","0","100","0","0","0","30","2.5","2","60","1.6","0.4","20.5","6.7","16","8.21","365","14","1","0","0","299","299","756","79190","82","467","708","9204","349","67186","true","33638","32","81","236","8918","9661","5470"
"1","0.1","3","true","false","false","false","false","false","true","0.1","1","1","1","1","75","0","0","100","0","0","0","30","2.5","2","60","1.6","0.4","20.5","6.7","16","8.21","365","14","1","0","0","299","299","757","79205","86","472","700","9187","350","67186","true","33638","33","81","236","8924","9673","5474"
"1","0.1","3","true","false","false","false","false","false","true","0.1","1","1","1","1","75","0","0","100","0","0","0","30","2.5","2","60","1.6","0.4","20.5","6.7","16","8.21","365","14","1","0","0","299","299","758","79223","77","473","696","9178","353","67185","true","33634","33","81","239","8928","9681","5482"
"1","0.1","3","true","false","false","false","false","false","true","0.1","1","1","1","1","75","0","0","100","0","0","0","30","2.5","2","60","1.6","0.4","20.5","6.7","16","8.21","365","14","1","0","0","299","299","759","79227","76","475","679","9190","353","67185","true","33627","33","81","239","8933","9687","5487"
"1","0.1","3","true","false","false","false","false","false","true","0.1","1","1","1","1","75","0","0","100","0","0","0","30","2.5","2","60","1.6","0.4","20.5","6.7","16","8.21","365","14","1","0","0","299","299","760","79236","74","475","650","9211","354","67184","true","33627","33","81","240","8938","9699","5492"
"1","0.1","3","true","false","false","false","false","false","true","0.1","1","1","1","1","75","0","0","100","0","0","0","30","2.5","2","60","1.6","0.4","20.5","6.7","16","8.21","365","14","1","0","0","299","299","761","79249","60","481","626","9230","354","67184","true","33627","33","81","240","8946","9707","5499"
"1","0.1","3","true","false","false","false","false","false","true","0.1","1","1","1","1","75","0","0","100","0","0","0","30","2.5","2","60","1.6","0.4","20.5","6.7","16","8.21","365","14","1","0","0","299","299","762","79258","62","465","584","9277","354","67184","true","33627","33","81","240","8951","9712","5501"
"1","0.1","3","true","false","false","false","false","false","true","0.1","1","1","1","1","75","0","0","100","0","0","0","30","2.5","2","60","1.6","0.4","20.5","6.7","16","8.21","365","14","1","0","0","299","299","763","79267","59","439","556","9324","355","67183","true","33627","34","81","240","8959","9723","5503"
"1","0.1","3","true","false","false","false","false","false","true","0.1","1","1","1","1","75","0","0","100","0","0","0","30","2.5","2","60","1.6","0.4","20.5","6.7","16","8.21","365","14","1","0","0","299","299","764","79267","64","417","526","9370","356","67182","true","33627","35","81","240","8965","9726","5506"
"1","0.1","3","true","false","false","false","false","false","true","0.1","1","1","1","1","75","0","0","100","0","0","0","30","2.5","2","60","1.6","0.4","20.5","6.7","16","8.21","365","14","1","0","0","299","299","765","79295","60","414","502","9373","356","67182","true","33627","35","81","240","8974","9732","5509"
"1","0.1","3","true","false","false","false","false","false","true","0.1","1","1","1","1","75","0","0","100","0","0","0","30","2.5","2","60","1.6","0.4","20.5","6.7","16","8.21","365","14","1","0","0","299","299","766","79295","66","405","470","9407","357","67182","true","33627","35","81","241","8979","9737","5513"
"1","0.1","3","true","false","false","false","false","false","true","0.1","1","1","1","1","75","0","0","100","0","0","0","30","2.5","2","60","1.6","0.4","20.5","6.7","16","8.21","365","14","1","0","0","299","299","767","79302","65","391","439","9446","357","67182","true","33625","35","81","241","8985","9748","5515"
"1","0.1","3","true","false","false","false","false","false","true","0.1","1","1","1","1","75","0","0","100","0","0","0","30","2.5","2","60","1.6","0.4","20.5","6.7","16","8.21","365","14","1","0","0","299","299","768","79313","64","372","406","9488","357","67182","true","33625","35","81","241","8989","9752","5519"
"1","0.1","3","true","false","false","false","false","false","true","0.1","1","1","1","1","75","0","0","100","0","0","0","30","2.5","2","60","1.6","0.4","20.5","6.7","16","8.21","365","14","1","0","0","299","299","769","79319","56","357","380","9531","357","67182","true","33625","35","81","241","8994","9760","5524"
"1","0.1","3","true","false","false","false","false","false","true","0.1","1","1","1","1","75","0","0","100","0","0","0","30","2.5","2","60","1.6","0.4","20.5","6.7","16","8.21","365","14","1","0","0","299","299","770","79323","59","340","358","9562","358","67182","true","33625","35","82","241","8999","9768","5527"
"1","0.1","3","true","false","false","false","false","false","true","0.1","1","1","1","1","75","0","0","100","0","0","0","30","2.5","2","60","1.6","0.4","20.5","6.7","16","8.21","365","14","1","0","0","299","299","771","79333","64","319","330","9596","358","67182","true","33624","35","82","241","9003","9775","5531"
"1","0.1","3","true","false","false","false","false","false","true","0.1","1","1","1","1","75","0","0","100","0","0","0","30","2.5","2","60","1.6","0.4","20.5","6.7","16","8.21","365","14","1","0","0","299","299","772","79348","58","295","300","9639","360","67180","true","33624","35","82","243","9006","9781","5533"
"1","0.1","3","true","false","false","false","false","false","true","0.1","1","1","1","1","75","0","0","100","0","0","0","30","2.5","2","60","1.6","0.4","20.5","6.7","16","8.21","365","14","1","0","0","299","299","773","79350","57","270","289","9674","360","67180","true","33624","35","82","243","9011","9785","5537"
"1","0.1","3","true","false","false","false","false","false","true","0.1","1","1","1","1","75","0","0","100","0","0","0","30","2.5","2","60","1.6","0.4","20.5","6.7","16","8.21","365","14","1","0","0","299","299","774","79361","57","254","272","9695","361","67180","true","33624","35","83","243","9014","9792","5542"
"1","0.1","3","true","false","false","false","false","false","true","0.1","1","1","1","1","75","0","0","100","0","0","0","30","2.5","2","60","1.6","0.4","20.5","6.7","16","8.21","365","14","1","0","0","299","299","775","79368","53","246","259","9711","363","67178","true","33622","35","84","244","9019","9800","5547"
"1","0.1","3","true","false","false","false","false","false","true","0.1","1","1","1","1","75","0","0","100","0","0","0","30","2.5","2","60","1.6","0.4","20.5","6.7","16","8.21","365","14","1","0","0","299","299","776","79367","60","223","247","9740","363","67178","true","33622","35","84","244","9021","9809","5549"
"1","0.1","3","true","false","false","false","false","false","true","0.1","1","1","1","1","75","0","0","100","0","0","0","30","2.5","2","60","1.6","0.4","20.5","6.7","16","8.21","365","14","1","0","0","299","299","777","79372","57","213","243","9752","363","67178","true","33622","35","84","244","9030","9815","5550"
"1","0.1","3","true","false","false","false","false","false","true","0.1","1","1","1","1","75","0","0","100","0","0","0","30","2.5","2","60","1.6","0.4","20.5","6.7","16","8.21","365","14","1","0","0","299","299","778","79374","68","200","227","9768","363","67178","true","33622","35","84","244","9032","9823","5552"
"1","0.1","3","true","false","false","false","false","false","true","0.1","1","1","1","1","75","0","0","100","0","0","0","30","2.5","2","60","1.6","0.4","20.5","6.7","16","8.21","365","14","1","0","0","299","299","779","79377","70","185","215","9790","363","67178","true","33622","35","84","244","9037","9828","5556"
"1","0.1","3","true","false","false","false","false","false","true","0.1","1","1","1","1","75","0","0","100","0","0","0","30","2.5","2","60","1.6","0.4","20.5","6.7","16","8.21","365","14","1","0","0","299","299","780","79386","67","174","213","9797","363","67178","true","33622","35","84","244","9043","9836","5558"
"1","0.1","3","true","false","false","false","false","false","true","0.1","1","1","1","1","75","0","0","100","0","0","0","30","2.5","2","60","1.6","0.4","20.5","6.7","16","8.21","365","14","1","0","0","299","299","781","79384","64","160","219","9809","364","67178","true","33622","35","84","245","9050","9839","5559"
"1","0.1","3","true","false","false","false","false","false","true","0.1","1","1","1","1","75","0","0","100","0","0","0","30","2.5","2","60","1.6","0.4","20.5","6.7","16","8.21","365","14","1","0","0","299","299","782","79395","59","149","224","9809","364","67178","true","33620","35","84","245","9056","9847","5561"
"1","0.1","3","true","false","false","false","false","false","true","0.1","1","1","1","1","75","0","0","100","0","0","0","30","2.5","2","60","1.6","0.4","20.5","6.7","16","8.21","365","14","1","0","0","299","299","783","79400","51","150","229","9806","364","67178","true","33620","35","84","245","9063","9856","5563"
"1","0.1","3","true","false","false","false","false","false","true","0.1","1","1","1","1","75","0","0","100","0","0","0","30","2.5","2","60","1.6","0.4","20.5","6.7","16","8.21","365","14","1","0","0","299","299","784","79395","58","150","216","9817","364","67178","true","33620","35","84","245","9072","9860","5566"
"1","0.1","3","true","false","false","false","false","false","true","0.1","1","1","1","1","75","0","0","100","0","0","0","30","2.5","2","60","1.6","0.4","20.5","6.7","16","8.21","365","14","1","0","0","299","299","785","79396","58","147","208","9827","364","67178","true","33620","35","84","245","9075","9866","5571"
"1","0.1","3","true","false","false","false","false","false","true","0.1","1","1","1","1","75","0","0","100","0","0","0","30","2.5","2","60","1.6","0.4","20.5","6.7","16","8.21","365","14","1","0","0","299","299","786","79395","58","141","211","9831","364","67178","true","33620","35","84","245","9081","9877","5573"
"1","0.1","3","true","false","false","false","false","false","true","0.1","1","1","1","1","75","0","0","100","0","0","0","30","2.5","2","60","1.6","0.4","20.5","6.7","16","8.21","365","14","1","0","0","299","299","787","79403","55","139","211","9827","365","67178","true","33620","35","84","246","9084","9886","5579"
"1","0.1","3","true","false","false","false","false","false","true","0.1","1","1","1","1","75","0","0","100","0","0","0","30","2.5","2","60","1.6","0.4","20.5","6.7","16","8.21","365","14","1","0","0","299","299","788","79411","56","143","205","9820","365","67178","true","33617","35","84","246","9089","9890","5583"
"1","0.1","3","true","false","false","false","false","false","true","0.1","1","1","1","1","75","0","0","100","0","0","0","30","2.5","2","60","1.6","0.4","20.5","6.7","16","8.21","365","14","1","0","0","299","299","789","79421","51","139","206","9818","365","67178","true","33617","35","84","246","9092","9894","5585"
"1","0.1","3","true","false","false","false","false","false","true","0.1","1","1","1","1","75","0","0","100","0","0","0","30","2.5","2","60","1.6","0.4","20.5","6.7","16","8.21","365","14","1","0","0","299","299","790","79429","44","138","211","9813","365","67178","true","33617","35","84","246","9093","9904","5590"
"1","0.1","3","true","false","false","false","false","false","true","0.1","1","1","1","1","75","0","0","100","0","0","0","30","2.5","2","60","1.6","0.4","20.5","6.7","16","8.21","365","14","1","0","0","299","299","791","79431","44","137","202","9821","365","67178","true","33617","35","84","246","9095","9911","5594"
"1","0.1","3","true","false","false","false","false","false","true","0.1","1","1","1","1","75","0","0","100","0","0","0","30","2.5","2","60","1.6","0.4","20.5","6.7","16","8.21","365","14","1","0","0","299","299","792","79441","45","134","195","9820","365","67178","true","33617","35","84","246","9097","9914","5598"
"1","0.1","3","true","false","false","false","false","false","true","0.1","1","1","1","1","75","0","0","100","0","0","0","30","2.5","2","60","1.6","0.4","20.5","6.7","16","8.21","365","14","1","0","0","299","299","793","79447","44","136","192","9816","365","67178","true","33617","35","84","246","9102","9920","5602"
"1","0.1","3","true","false","false","false","false","false","true","0.1","1","1","1","1","75","0","0","100","0","0","0","30","2.5","2","60","1.6","0.4","20.5","6.7","16","8.21","365","14","1","0","0","299","299","794","79452","46","135","187","9815","365","67178","true","33617","35","84","246","9106","9923","5604"
"1","0.1","3","true","false","false","false","false","false","true","0.1","1","1","1","1","75","0","0","100","0","0","0","30","2.5","2","60","1.6","0.4","20.5","6.7","16","8.21","365","14","1","0","0","299","299","795","79465","42","128","186","9814","365","67178","true","33617","35","84","246","9112","9928","5606"
"1","0.1","3","true","false","false","false","false","false","true","0.1","1","1","1","1","75","0","0","100","0","0","0","30","2.5","2","60","1.6","0.4","20.5","6.7","16","8.21","365","14","1","0","0","299","299","796","79474","42","125","189","9805","365","67178","true","33617","35","84","246","9114","9933","5607"
"1","0.1","3","true","false","false","false","false","false","true","0.1","1","1","1","1","75","0","0","100","0","0","0","30","2.5","2","60","1.6","0.4","20.5","6.7","16","8.21","365","14","1","0","0","299","299","797","79483","42","122","190","9798","365","67178","true","33617","35","84","246","9116","9935","5609"
"1","0.1","3","true","false","false","false","false","false","true","0.1","1","1","1","1","75","0","0","100","0","0","0","30","2.5","2","60","1.6","0.4","20.5","6.7","16","8.21","365","14","1","0","0","299","299","798","79498","41","123","189","9784","365","67178","true","33617","35","84","246","9122","9940","5611"
"1","0.1","3","true","false","false","false","false","false","true","0.1","1","1","1","1","75","0","0","100","0","0","0","30","2.5","2","60","1.6","0.4","20.5","6.7","16","8.21","365","14","1","0","0","299","299","799","79505","39","120","191","9780","365","67178","true","33617","35","84","246","9123","9943","5614"
"1","0.1","3","true","false","false","false","false","false","true","0.1","1","1","1","1","75","0","0","100","0","0","0","30","2.5","2","60","1.6","0.4","20.5","6.7","16","8.21","365","14","1","0","0","299","299","800","79510","46","121","185","9772","366","67178","true","33617","35","84","247","9127","9946","5616"
"1","0.1","3","true","false","false","false","false","false","true","0.1","1","1","1","1","75","0","0","100","0","0","0","30","2.5","2","60","1.6","0.4","20.5","6.7","16","8.21","365","14","1","0","0","299","299","801","79517","55","126","174","9762","366","67178","true","33612","35","84","247","9129","9951","5620"
"1","0.1","3","true","false","false","false","false","false","true","0.1","1","1","1","1","75","0","0","100","0","0","0","30","2.5","2","60","1.6","0.4","20.5","6.7","16","8.21","365","14","1","0","0","299","299","802","79525","52","127","165","9765","366","67178","true","33612","35","84","247","9132","9959","5620"
"1","0.1","3","true","false","false","false","false","false","true","0.1","1","1","1","1","75","0","0","100","0","0","0","30","2.5","2","60","1.6","0.4","20.5","6.7","16","8.21","365","14","1","0","0","299","299","803","79546","48","127","162","9751","366","67178","true","33612","35","84","247","9138","9962","5622"
"1","0.1","3","true","false","false","false","false","false","true","0.1","1","1","1","1","75","0","0","100","0","0","0","30","2.5","2","60","1.6","0.4","20.5","6.7","16","8.21","365","14","1","0","0","299","299","804","79563","45","125","164","9737","366","67178","true","33612","35","84","247","9141","9967","5623"
"1","0.1","3","true","false","false","false","false","false","true","0.1","1","1","1","1","75","0","0","100","0","0","0","30","2.5","2","60","1.6","0.4","20.5","6.7","16","8.21","365","14","1","0","0","299","299","805","79576","43","119","167","9729","366","67178","true","33612","35","84","247","9147","9975","5623"
"1","0.1","3","true","false","false","false","false","false","true","0.1","1","1","1","1","75","0","0","100","0","0","0","30","2.5","2","60","1.6","0.4","20.5","6.7","16","8.21","365","14","1","0","0","299","299","806","79589","42","112","158","9733","366","67178","true","33612","35","84","247","9149","9980","5623"
"1","0.1","3","true","false","false","false","false","false","true","0.1","1","1","1","1","75","0","0","100","0","0","0","30","2.5","2","60","1.6","0.4","20.5","6.7","16","8.21","365","14","1","0","0","299","299","807","79604","40","111","157","9722","366","67178","true","33612","35","84","247","9153","9986","5625"
"1","0.1","3","true","false","false","false","false","false","true","0.1","1","1","1","1","75","0","0","100","0","0","0","30","2.5","2","60","1.6","0.4","20.5","6.7","16","8.21","365","14","1","0","0","299","299","808","79623","37","111","151","9712","366","67178","true","33612","35","84","247","9155","9992","5625"
"1","0.1","3","true","false","false","false","false","false","true","0.1","1","1","1","1","75","0","0","100","0","0","0","30","2.5","2","60","1.6","0.4","20.5","6.7","16","8.21","365","14","1","0","0","299","299","809","79643","41","108","144","9698","366","67178","true","33612","35","84","247","9160","9993","5626"
"1","0.1","3","true","false","false","false","false","false","true","0.1","1","1","1","1","75","0","0","100","0","0","0","30","2.5","2","60","1.6","0.4","20.5","6.7","16","8.21","365","14","1","0","0","299","299","810","79667","31","108","147","9681","366","67178","true","33612","35","84","247","9164","9999","5629"
"1","0.1","3","true","false","false","false","false","false","true","0.1","1","1","1","1","75","0","0","100","0","0","0","30","2.5","2","60","1.6","0.4","20.5","6.7","16","8.21","365","14","1","0","0","299","299","811","79679","31","101","146","9677","366","67178","true","33612","35","84","247","9166","9999","5632"
"1","0.1","3","true","false","false","false","false","false","true","0.1","1","1","1","1","75","0","0","100","0","0","0","30","2.5","2","60","1.6","0.4","20.5","6.7","16","8.21","365","14","1","0","0","299","299","812","79694","33","103","140","9664","366","67178","true","33612","35","84","247","9172","10000","5635"
"1","0.1","3","true","false","false","false","false","false","true","0.1","1","1","1","1","75","0","0","100","0","0","0","30","2.5","2","60","1.6","0.4","20.5","6.7","16","8.21","365","14","1","0","0","299","299","813","79724","32","104","136","9638","366","67178","true","33612","35","84","247","9174","10004","5637"
"1","0.1","3","true","false","false","false","false","false","true","0.1","1","1","1","1","75","0","0","100","0","0","0","30","2.5","2","60","1.6","0.4","20.5","6.7","16","8.21","365","14","1","0","0","299","299","814","79738","38","106","130","9622","366","67178","true","33612","35","84","247","9176","10009","5641"
"1","0.1","3","true","false","false","false","false","false","true","0.1","1","1","1","1","75","0","0","100","0","0","0","30","2.5","2","60","1.6","0.4","20.5","6.7","16","8.21","365","14","1","0","0","299","299","815","79759","36","105","133","9601","366","67178","true","33612","35","84","247","9179","10014","5642"
"1","0.1","3","true","false","false","false","false","false","true","0.1","1","1","1","1","75","0","0","100","0","0","0","30","2.5","2","60","1.6","0.4","20.5","6.7","16","8.21","365","14","1","0","0","299","299","816","79777","42","100","129","9586","366","67178","true","33612","35","84","247","9183","10016","5644"
"1","0.1","3","true","false","false","false","false","false","true","0.1","1","1","1","1","75","0","0","100","0","0","0","30","2.5","2","60","1.6","0.4","20.5","6.7","16","8.21","365","14","1","0","0","299","299","817","79799","44","98","128","9565","366","67178","true","33612","35","84","247","9183","10019","5649"
"1","0.1","3","true","false","false","false","false","false","true","0.1","1","1","1","1","75","0","0","100","0","0","0","30","2.5","2","60","1.6","0.4","20.5","6.7","16","8.21","365","14","1","0","0","299","299","818","79820","42","97","128","9547","366","67178","true","33612","35","84","247","9191","10020","5651"
"1","0.1","3","true","false","false","false","false","false","true","0.1","1","1","1","1","75","0","0","100","0","0","0","30","2.5","2","60","1.6","0.4","20.5","6.7","16","8.21","365","14","1","0","0","299","299","819","79846","39","92","130","9527","366","67178","true","33612","35","84","247","9193","10024","5653"
"1","0.1","3","true","false","false","false","false","false","true","0.1","1","1","1","1","75","0","0","100","0","0","0","30","2.5","2","60","1.6","0.4","20.5","6.7","16","8.21","365","14","1","0","0","299","299","820","79856","47","91","124","9516","366","67178","true","33612","35","84","247","9197","10029","5653"
"1","0.1","3","true","false","false","false","false","false","true","0.1","1","1","1","1","75","0","0","100","0","0","0","30","2.5","2","60","1.6","0.4","20.5","6.7","16","8.21","365","14","1","0","0","299","299","821","79874","50","92","120","9498","366","67178","true","33612","35","84","247","9201","10032","5654"
"1","0.1","3","true","false","false","false","false","false","true","0.1","1","1","1","1","75","0","0","100","0","0","0","30","2.5","2","60","1.6","0.4","20.5","6.7","16","8.21","365","14","1","0","0","299","299","822","79898","46","95","114","9481","366","67178","true","33612","35","84","247","9204","10041","5658"
"1","0.1","3","true","false","false","false","false","false","true","0.1","1","1","1","1","75","0","0","100","0","0","0","30","2.5","2","60","1.6","0.4","20.5","6.7","16","8.21","365","14","1","0","0","299","299","823","79928","46","95","120","9445","366","67178","true","33612","35","84","247","9208","10043","5659"
"1","0.1","3","true","false","false","false","false","false","true","0.1","1","1","1","1","75","0","0","100","0","0","0","30","2.5","2","60","1.6","0.4","20.5","6.7","16","8.21","365","14","1","0","0","299","299","824","79955","45","92","120","9422","366","67178","true","33612","35","84","247","9211","10047","5661"
"1","0.1","3","true","false","false","false","false","false","true","0.1","1","1","1","1","75","0","0","100","0","0","0","30","2.5","2","60","1.6","0.4","20.5","6.7","16","8.21","365","14","1","0","0","299","299","825","79981","41","92","127","9393","366","67178","true","33612","35","84","247","9213","10054","5662"
"1","0.1","3","true","false","false","false","false","false","true","0.1","1","1","1","1","75","0","0","100","0","0","0","30","2.5","2","60","1.6","0.4","20.5","6.7","16","8.21","365","14","1","0","0","299","299","826","80008","38","86","130","9372","366","0","false","33612","35","84","247","9217","10056","5664"
"1","0.1","3","true","false","false","false","false","false","true","0.1","1","1","1","1","75","0","0","100","0","0","0","30","2.5","2","60","1.6","0.4","20.5","6.7","16","8.21","365","14","1","0","0","299","299","827","79629","442","82","125","9356","366","0","false","534114","35","84","247","9219","10060","5667"
"1","0.1","3","true","false","false","false","false","false","true","0.1","1","1","1","1","75","0","0","100","0","0","0","30","2.5","2","60","1.6","0.4","20.5","6.7","16","8.21","365","14","1","0","0","299","299","828","79447","615","82","161","9329","366","0","false","534114","35","84","247","9227","10074","5681"
"1","0.1","3","true","false","false","false","false","false","true","0.1","1","1","1","1","75","0","0","100","0","0","0","30","2.5","2","60","1.6","0.4","20.5","6.7","16","8.21","365","14","1","0","0","299","299","829","79308","723","81","228","9294","366","0","false","534114","35","84","247","9249","10092","5688"
"1","0.1","3","true","false","false","false","false","false","true","0.1","1","1","1","1","75","0","0","100","0","0","0","30","2.5","2","60","1.6","0.4","20.5","6.7","16","8.21","365","14","1","0","0","299","299","830","79183","764","88","343","9256","366","0","false","534114","35","84","247","9284","10113","5709"
"1","0.1","3","true","false","false","false","false","false","true","0.1","1","1","1","1","75","0","0","100","0","0","0","30","2.5","2","60","1.6","0.4","20.5","6.7","16","8.21","365","14","1","0","0","299","299","831","79042","776","104","498","9214","366","67223","true","534114","35","84","247","9325","10161","5740"
"1","0.1","3","true","false","false","false","false","false","true","0.1","1","1","1","1","75","0","0","100","0","0","0","30","2.5","2","60","1.6","0.4","20.5","6.7","16","8.21","365","14","1","0","0","299","299","832","79077","614","141","623","9179","366","67223","true","33369","35","84","247","9379","10215","5774"
"1","0.1","3","true","false","false","false","false","false","true","0.1","1","1","1","1","75","0","0","100","0","0","0","30","2.5","2","60","1.6","0.4","20.5","6.7","16","8.21","365","14","1","0","0","299","299","833","79107","457","182","748","9140","366","67223","true","33369","35","84","247","9425","10282","5809"
"1","0.1","3","true","false","false","false","false","false","true","0.1","1","1","1","1","75","0","0","100","0","0","0","30","2.5","2","60","1.6","0.4","20.5","6.7","16","8.21","365","14","1","0","0","299","299","834","79113","333","241","829","9118","366","67223","true","33369","35","84","247","9493","10341","5843"
"1","0.1","3","true","false","false","false","false","false","true","0.1","1","1","1","1","75","0","0","100","0","0","0","30","2.5","2","60","1.6","0.4","20.5","6.7","16","8.21","365","14","1","0","0","299","299","835","79118","255","302","865","9094","366","67223","true","33369","35","84","247","9537","10389","5878"
"1","0.1","3","true","false","false","false","false","false","true","0.1","1","1","1","1","75","0","0","100","0","0","0","30","2.5","2","60","1.6","0.4","20.5","6.7","16","8.21","365","14","1","0","0","299","299","836","79126","200","369","879","9060","366","67223","true","33369","35","84","247","9572","10452","5904"
"1","0.1","3","true","false","false","false","false","false","true","0.1","1","1","1","1","75","0","0","100","0","0","0","30","2.5","2","60","1.6","0.4","20.5","6.7","16","8.21","365","14","1","0","0","299","299","837","79141","157","425","881","9029","367","67222","true","33369","35","84","248","9605","10494","5923"
"1","0.1","3","true","false","false","false","false","false","true","0.1","1","1","1","1","75","0","0","100","0","0","0","30","2.5","2","60","1.6","0.4","20.5","6.7","16","8.21","365","14","1","0","0","299","299","838","79158","133","471","873","8998","367","67222","true","33369","35","84","248","9630","10524","5942"
"1","0.1","3","true","false","false","false","false","false","true","0.1","1","1","1","1","75","0","0","100","0","0","0","30","2.5","2","60","1.6","0.4","20.5","6.7","16","8.21","365","14","1","0","0","299","299","839","79163","137","509","855","8969","367","67222","true","33369","35","84","248","9653","10541","5955"
"1","0.1","3","true","false","false","false","false","false","true","0.1","1","1","1","1","75","0","0","100","0","0","0","30","2.5","2","60","1.6","0.4","20.5","6.7","16","8.21","365","14","1","0","0","299","299","840","79179","122","539","857","8936","367","67222","true","33369","35","84","248","9673","10558","5965"
"1","0.1","3","true","false","false","false","false","false","true","0.1","1","1","1","1","75","0","0","100","0","0","0","30","2.5","2","60","1.6","0.4","20.5","6.7","16","8.21","365","14","1","0","0","299","299","841","79197","106","549","871","8910","367","67222","true","33369","35","84","248","9688","10578","5975"
"1","0.1","3","true","false","false","false","false","false","true","0.1","1","1","1","1","75","0","0","100","0","0","0","30","2.5","2","60","1.6","0.4","20.5","6.7","16","8.21","365","14","1","0","0","299","299","842","79210","98","561","876","8888","367","67222","true","33369","35","84","248","9701","10587","5981"
"1","0.1","3","true","false","false","false","false","false","true","0.1","1","1","1","1","75","0","0","100","0","0","0","30","2.5","2","60","1.6","0.4","20.5","6.7","16","8.21","365","14","1","0","0","299","299","843","79230","94","573","872","8862","369","67220","true","33369","36","85","248","9709","10606","5985"
"1","0.1","3","true","false","false","false","false","false","true","0.1","1","1","1","1","75","0","0","100","0","0","0","30","2.5","2","60","1.6","0.4","20.5","6.7","16","8.21","365","14","1","0","0","299","299","844","79247","89","586","869","8839","370","67219","true","33369","36","85","249","9724","10617","5993"
"1","0.1","3","true","false","false","false","false","false","true","0.1","1","1","1","1","75","0","0","100","0","0","0","30","2.5","2","60","1.6","0.4","20.5","6.7","16","8.21","365","14","1","0","0","299","299","845","79265","80","593","864","8828","370","67219","true","33369","36","85","249","9734","10623","6002"
"1","0.1","3","true","false","false","false","false","false","true","0.1","1","1","1","1","75","0","0","100","0","0","0","30","2.5","2","60","1.6","0.4","20.5","6.7","16","8.21","365","14","1","0","0","299","299","846","79280","89","599","845","8816","371","67218","true","33369","36","85","250","9741","10634","6007"
"1","0.1","3","true","false","false","false","false","false","true","0.1","1","1","1","1","75","0","0","100","0","0","0","30","2.5","2","60","1.6","0.4","20.5","6.7","16","8.21","365","14","1","0","0","299","299","847","79288","95","596","816","8833","372","67217","true","33369","36","85","251","9745","10644","6016"
"1","0.1","3","true","false","false","false","false","false","true","0.1","1","1","1","1","75","0","0","100","0","0","0","30","2.5","2","60","1.6","0.4","20.5","6.7","16","8.21","365","14","1","0","0","299","299","848","79308","89","579","797","8849","378","67212","true","33369","36","85","257","9750","10656","6020"
"1","0.1","3","true","false","false","false","false","false","true","0.1","1","1","1","1","75","0","0","100","0","0","0","30","2.5","2","60","1.6","0.4","20.5","6.7","16","8.21","365","14","1","0","0","299","299","849","79331","98","569","748","8876","378","67212","true","33365","36","85","257","9758","10662","6023"
"1","0.1","3","true","false","false","false","false","false","true","0.1","1","1","1","1","75","0","0","100","0","0","0","30","2.5","2","60","1.6","0.4","20.5","6.7","16","8.21","365","14","1","0","0","299","299","850","79339","93","551","720","8918","379","67212","true","33365","36","85","258","9766","10668","6031"
"1","0.1","3","true","false","false","false","false","false","true","0.1","1","1","1","1","75","0","0","100","0","0","0","30","2.5","2","60","1.6","0.4","20.5","6.7","16","8.21","365","14","1","0","0","299","299","851","79359","86","529","686","8960","380","67211","true","33362","36","85","259","9772","10674","6035"
"1","0.1","3","true","false","false","false","false","false","true","0.1","1","1","1","1","75","0","0","100","0","0","0","30","2.5","2","60","1.6","0.4","20.5","6.7","16","8.21","365","14","1","0","0","299","299","852","79387","85","503","649","8994","382","67209","true","33362","36","85","261","9779","10681","6043"
"1","0.1","3","true","false","false","false","false","false","true","0.1","1","1","1","1","75","0","0","100","0","0","0","30","2.5","2","60","1.6","0.4","20.5","6.7","16","8.21","365","14","1","0","0","299","299","853","79393","83","481","614","9047","382","67209","true","33362","36","85","261","9788","10689","6046"
"1","0.1","3","true","false","false","false","false","false","true","0.1","1","1","1","1","75","0","0","100","0","0","0","30","2.5","2","60","1.6","0.4","20.5","6.7","16","8.21","365","14","1","0","0","299","299","854","79399","85","456","585","9092","383","67208","true","33362","36","85","262","9794","10701","6050"
"1","0.1","3","true","false","false","false","false","false","true","0.1","1","1","1","1","75","0","0","100","0","0","0","30","2.5","2","60","1.6","0.4","20.5","6.7","16","8.21","365","14","1","0","0","299","299","855","79410","82","436","553","9135","384","67208","true","33362","36","85","263","9804","10714","6055"
"1","0.1","3","true","false","false","false","false","false","true","0.1","1","1","1","1","75","0","0","100","0","0","0","30","2.5","2","60","1.6","0.4","20.5","6.7","16","8.21","365","14","1","0","0","299","299","856","79427","88","419","513","9169","384","67208","true","33354","36","85","263","9812","10720","6059"
"1","0.1","3","true","false","false","false","false","false","true","0.1","1","1","1","1","75","0","0","100","0","0","0","30","2.5","2","60","1.6","0.4","20.5","6.7","16","8.21","365","14","1","0","0","299","299","857","79458","80","395","496","9187","384","67208","true","33354","36","85","263","9820","10729","6064"
"1","0.1","3","true","false","false","false","false","false","true","0.1","1","1","1","1","75","0","0","100","0","0","0","30","2.5","2","60","1.6","0.4","20.5","6.7","16","8.21","365","14","1","0","0","299","299","858","79459","84","368","469","9236","384","67208","true","33354","36","85","263","9824","10738","6067"
"1","0.1","3","true","false","false","false","false","false","true","0.1","1","1","1","1","75","0","0","100","0","0","0","30","2.5","2","60","1.6","0.4","20.5","6.7","16","8.21","365","14","1","0","0","299","299","859","79481","81","341","440","9270","387","67206","true","33354","36","85","266","9832","10746","6069"
"1","0.1","3","true","false","false","false","false","false","true","0.1","1","1","1","1","75","0","0","100","0","0","0","30","2.5","2","60","1.6","0.4","20.5","6.7","16","8.21","365","14","1","0","0","299","299","860","79509","69","327","408","9299","388","67206","true","33349","36","85","267","9839","10754","6073"
"1","0.1","3","true","false","false","false","false","false","true","0.1","1","1","1","1","75","0","0","100","0","0","0","30","2.5","2","60","1.6","0.4","20.5","6.7","16","8.21","365","14","1","0","0","299","299","861","79511","60","303","393","9343","390","67204","true","33347","36","86","268","9848","10763","6078"
"1","0.1","3","true","false","false","false","false","false","true","0.1","1","1","1","1","75","0","0","100","0","0","0","30","2.5","2","60","1.6","0.4","20.5","6.7","16","8.21","365","14","1","0","0","299","299","862","79516","69","284","366","9375","390","67204","true","33347","36","86","268","9853","10768","6078"
"1","0.1","3","true","false","false","false","false","false","true","0.1","1","1","1","1","75","0","0","100","0","0","0","30","2.5","2","60","1.6","0.4","20.5","6.7","16","8.21","365","14","1","0","0","299","299","863","79537","62","272","350","9389","390","67204","true","33347","36","86","268","9860","10774","6082"
"1","0.1","3","true","false","false","false","false","false","true","0.1","1","1","1","1","75","0","0","100","0","0","0","30","2.5","2","60","1.6","0.4","20.5","6.7","16","8.21","365","14","1","0","0","299","299","864","79556","54","250","333","9415","392","67202","true","33347","36","87","269","9864","10782","6089"
"1","0.1","3","true","false","false","false","false","false","true","0.1","1","1","1","1","75","0","0","100","0","0","0","30","2.5","2","60","1.6","0.4","20.5","6.7","16","8.21","365","14","1","0","0","299","299","865","79564","65","237","305","9436","393","67202","true","33347","36","87","270","9867","10791","6093"
"1","0.1","3","true","false","false","false","false","false","true","0.1","1","1","1","1","75","0","0","100","0","0","0","30","2.5","2","60","1.6","0.4","20.5","6.7","16","8.21","365","14","1","0","0","299","299","866","79578","70","225","281","9452","394","67202","true","33345","36","87","271","9873","10799","6097"
"1","0.1","3","true","false","false","false","false","false","true","0.1","1","1","1","1","75","0","0","100","0","0","0","30","2.5","2","60","1.6","0.4","20.5","6.7","16","8.21","365","14","1","0","0","299","299","867","79585","64","215","271","9470","395","67201","true","33343","36","88","271","9879","10805","6101"
"1","0.1","3","true","false","false","false","false","false","true","0.1","1","1","1","1","75","0","0","100","0","0","0","30","2.5","2","60","1.6","0.4","20.5","6.7","16","8.21","365","14","1","0","0","299","299","868","79589","67","207","265","9477","395","67201","true","33343","36","88","271","9883","10809","6105"
"1","0.1","3","true","false","false","false","false","false","true","0.1","1","1","1","1","75","0","0","100","0","0","0","30","2.5","2","60","1.6","0.4","20.5","6.7","16","8.21","365","14","1","0","0","299","299","869","79604","61","194","260","9486","395","67201","true","33343","36","88","271","9886","10814","6109"
"1","0.1","3","true","false","false","false","false","false","true","0.1","1","1","1","1","75","0","0","100","0","0","0","30","2.5","2","60","1.6","0.4","20.5","6.7","16","8.21","365","14","1","0","0","299","299","870","79602","61","185","258","9499","395","67201","true","33343","36","88","271","9893","10817","6112"
"1","0.1","3","true","false","false","false","false","false","true","0.1","1","1","1","1","75","0","0","100","0","0","0","30","2.5","2","60","1.6","0.4","20.5","6.7","16","8.21","365","14","1","0","0","299","299","871","79615","56","177","263","9494","395","67201","true","33343","36","88","271","9901","10825","6117"
"1","0.1","3","true","false","false","false","false","false","true","0.1","1","1","1","1","75","0","0","100","0","0","0","30","2.5","2","60","1.6","0.4","20.5","6.7","16","8.21","365","14","1","0","0","299","299","872","79619","61","168","252","9504","396","67201","true","33343","36","89","271","9906","10831","6120"
"1","0.1","3","true","false","false","false","false","false","true","0.1","1","1","1","1","75","0","0","100","0","0","0","30","2.5","2","60","1.6","0.4","20.5","6.7","16","8.21","365","14","1","0","0","299","299","873","79631","62","164","246","9501","396","67201","true","33339","36","89","271","9914","10838","6122"
"1","0.1","3","true","false","false","false","false","false","true","0.1","1","1","1","1","75","0","0","100","0","0","0","30","2.5","2","60","1.6","0.4","20.5","6.7","16","8.21","365","14","1","0","0","299","299","874","79642","69","163","235","9495","396","67201","true","33339","36","89","271","9920","10844","6124"
"1","0.1","3","true","false","false","false","false","false","true","0.1","1","1","1","1","75","0","0","100","0","0","0","30","2.5","2","60","1.6","0.4","20.5","6.7","16","8.21","365","14","1","0","0","299","299","875","79641","76","158","229","9500","396","67201","true","33339","36","89","271","9922","10852","6125"
"1","0.1","3","true","false","false","false","false","false","true","0.1","1","1","1","1","75","0","0","100","0","0","0","30","2.5","2","60","1.6","0.4","20.5","6.7","16","8.21","365","14","1","0","0","299","299","876","79641","75","149","229","9509","397","67201","true","33339","36","90","271","9923","10855","6132"
"1","0.1","3","true","false","false","false","false","false","true","0.1","1","1","1","1","75","0","0","100","0","0","0","30","2.5","2","60","1.6","0.4","20.5","6.7","16","8.21","365","14","1","0","0","299","299","877","79660","59","144","238","9500","399","67201","true","33337","36","90","273","9927","10867","6136"
"1","0.1","3","true","false","false","false","false","false","true","0.1","1","1","1","1","75","0","0","100","0","0","0","30","2.5","2","60","1.6","0.4","20.5","6.7","16","8.21","365","14","1","0","0","299","299","878","79673","59","140","236","9493","399","67201","true","33331","36","90","273","9936","10872","6140"
"1","0.1","3","true","false","false","false","false","false","true","0.1","1","1","1","1","75","0","0","100","0","0","0","30","2.5","2","60","1.6","0.4","20.5","6.7","16","8.21","365","14","1","0","0","299","299","879","79687","55","140","234","9484","400","67201","true","33331","37","90","273","9937","10880","6147"
"1","0.1","3","true","false","false","false","false","false","true","0.1","1","1","1","1","75","0","0","100","0","0","0","30","2.5","2","60","1.6","0.4","20.5","6.7","16","8.21","365","14","1","0","0","299","299","880","79704","60","138","229","9468","401","67201","true","33327","37","90","274","9941","10883","6150"
"1","0.1","3","true","false","false","false","false","false","true","0.1","1","1","1","1","75","0","0","100","0","0","0","30","2.5","2","60","1.6","0.4","20.5","6.7","16","8.21","365","14","1","0","0","299","299","881","79709","59","135","227","9468","402","67201","true","33322","37","90","275","9945","10888","6153"
"1","0.1","3","true","false","false","false","false","false","true","0.1","1","1","1","1","75","0","0","100","0","0","0","30","2.5","2","60","1.6","0.4","20.5","6.7","16","8.21","365","14","1","0","0","299","299","882","79725","56","138","224","9455","402","67201","true","33317","37","90","275","9951","10893","6156"
"1","0.1","3","true","false","false","false","false","false","true","0.1","1","1","1","1","75","0","0","100","0","0","0","30","2.5","2","60","1.6","0.4","20.5","6.7","16","8.21","365","14","1","0","0","299","299","883","79741","51","138","220","9448","402","67201","true","33317","37","90","275","9956","10899","6162"
"1","0.1","3","true","false","false","false","false","false","true","0.1","1","1","1","1","75","0","0","100","0","0","0","30","2.5","2","60","1.6","0.4","20.5","6.7","16","8.21","365","14","1","0","0","299","299","884","79762","53","139","206","9438","402","67201","true","33317","37","90","275","9960","10903","6165"
"1","0.1","3","true","false","false","false","false","false","true","0.1","1","1","1","1","75","0","0","100","0","0","0","30","2.5","2","60","1.6","0.4","20.5","6.7","16","8.21","365","14","1","0","0","299","299","885","79780","49","136","201","9431","403","67201","true","33317","37","91","275","9966","10906","6169"
"1","0.1","3","true","false","false","false","false","false","true","0.1","1","1","1","1","75","0","0","100","0","0","0","30","2.5","2","60","1.6","0.4","20.5","6.7","16","8.21","365","14","1","0","0","299","299","886","79811","40","133","197","9416","403","67201","true","33312","37","91","275","9971","10911","6172"
"1","0.1","3","true","false","false","false","false","false","true","0.1","1","1","1","1","75","0","0","100","0","0","0","30","2.5","2","60","1.6","0.4","20.5","6.7","16","8.21","365","14","1","0","0","299","299","887","79832","37","124","199","9405","403","67201","true","33312","37","91","275","9976","10914","6172"
"1","0.1","3","true","false","false","false","false","false","true","0.1","1","1","1","1","75","0","0","100","0","0","0","30","2.5","2","60","1.6","0.4","20.5","6.7","16","8.21","365","14","1","0","0","299","299","888","79837","45","122","192","9400","404","67201","true","33312","37","91","276","9981","10916","6174"
"1","0.1","3","true","false","false","false","false","false","true","0.1","1","1","1","1","75","0","0","100","0","0","0","30","2.5","2","60","1.6","0.4","20.5","6.7","16","8.21","365","14","1","0","0","299","299","889","79855","40","123","196","9381","405","67201","true","33308","37","91","277","9986","10922","6178"
"1","0.1","3","true","false","false","false","false","false","true","0.1","1","1","1","1","75","0","0","100","0","0","0","30","2.5","2","60","1.6","0.4","20.5","6.7","16","8.21","365","14","1","0","0","299","299","890","79874","45","120","184","9371","406","67201","true","33306","37","91","278","9987","10923","6180"
"1","0.1","3","true","false","false","false","false","false","true","0.1","1","1","1","1","75","0","0","100","0","0","0","30","2.5","2","60","1.6","0.4","20.5","6.7","16","8.21","365","14","1","0","0","299","299","891","79896","43","120","177","9357","407","67201","true","33304","38","91","278","9994","10926","6182"
"1","0.1","3","true","false","false","false","false","false","true","0.1","1","1","1","1","75","0","0","100","0","0","0","30","2.5","2","60","1.6","0.4","20.5","6.7","16","8.21","365","14","1","0","0","299","299","892","79921","46","116","170","9340","407","67201","true","33302","38","91","278","9998","10931","6184"
"1","0.1","3","true","false","false","false","false","false","true","0.1","1","1","1","1","75","0","0","100","0","0","0","30","2.5","2","60","1.6","0.4","20.5","6.7","16","8.21","365","14","1","0","0","299","299","893","79943","38","113","174","9325","407","67201","true","33302","38","91","278","10004","10936","6186"
"1","0.1","3","true","false","false","false","false","false","true","0.1","1","1","1","1","75","0","0","100","0","0","0","30","2.5","2","60","1.6","0.4","20.5","6.7","16","8.21","365","14","1","0","0","299","299","894","79958","40","114","178","9303","407","67201","true","33302","38","91","278","10007","10939","6190"
"1","0.1","3","true","false","false","false","false","false","true","0.1","1","1","1","1","75","0","0","100","0","0","0","30","2.5","2","60","1.6","0.4","20.5","6.7","16","8.21","365","14","1","0","0","299","299","895","79980","40","112","176","9285","407","67201","true","33302","38","91","278","10010","10942","6192"
"1","0.1","3","true","false","false","false","false","false","true","0.1","1","1","1","1","75","0","0","100","0","0","0","30","2.5","2","60","1.6","0.4","20.5","6.7","16","8.21","365","14","1","0","0","299","299","896","80009","38","110","175","9260","408","67201","true","33302","39","91","278","10012","10946","6199"
"1","0.1","3","true","false","false","false","false","false","true","0.1","1","1","1","1","75","0","0","100","0","0","0","30","2.5","2","60","1.6","0.4","20.5","6.7","16","8.21","365","14","1","0","0","299","299","897","80039","32","111","170","9240","408","67201","true","33299","39","91","278","10016","10953","6199"
"1","0.1","3","true","false","false","false","false","false","true","0.1","1","1","1","1","75","0","0","100","0","0","0","30","2.5","2","60","1.6","0.4","20.5","6.7","16","8.21","365","14","1","0","0","299","299","898","80061","39","108","162","9222","408","67201","true","33299","39","91","278","10016","10954","6202"
"1","0.1","3","true","false","false","false","false","false","true","0.1","1","1","1","1","75","0","0","100","0","0","0","30","2.5","2","60","1.6","0.4","20.5","6.7","16","8.21","365","14","1","0","0","299","299","899","80093","35","109","159","9196","408","67201","true","33299","39","91","278","10021","10962","6202"
"1","0.1","3","true","false","false","false","false","false","true","0.1","1","1","1","1","75","0","0","100","0","0","0","30","2.5","2","60","1.6","0.4","20.5","6.7","16","8.21","365","14","1","0","0","299","299","900","80119","34","114","149","9176","408","67201","true","33299","39","91","278","10027","10968","6205"
"1","0.1","3","true","false","false","false","false","false","true","0.1","1","1","1","1","75","0","0","100","0","0","0","30","2.5","2","60","1.6","0.4","20.5","6.7","16","8.21","365","14","1","0","0","299","299","901","80144","38","114","150","9146","408","67201","true","33299","39","91","278","10029","10969","6206"
"1","0.1","3","true","false","false","false","false","false","true","0.1","1","1","1","1","75","0","0","100","0","0","0","30","2.5","2","60","1.6","0.4","20.5","6.7","16","8.21","365","14","1","0","0","299","299","902","80167","39","113","147","9126","408","67201","true","33299","39","91","278","10030","10973","6208"
"1","0.1","3","true","false","false","false","false","false","true","0.1","1","1","1","1","75","0","0","100","0","0","0","30","2.5","2","60","1.6","0.4","20.5","6.7","16","8.21","365","14","1","0","0","299","299","903","80196","33","113","147","9103","408","67201","true","33299","39","91","278","10033","10976","6212"
"1","0.1","3","true","false","false","false","false","false","true","0.1","1","1","1","1","75","0","0","100","0","0","0","30","2.5","2","60","1.6","0.4","20.5","6.7","16","8.21","365","14","1","0","0","299","299","904","80224","28","111","148","9081","408","67201","true","33299","39","91","278","10037","10982","6213"
"1","0.1","3","true","false","false","false","false","false","true","0.1","1","1","1","1","75","0","0","100","0","0","0","30","2.5","2","60","1.6","0.4","20.5","6.7","16","8.21","365","14","1","0","0","299","299","905","80266","28","106","142","9050","408","67201","true","33299","39","91","278","10038","10983","6214"
"1","0.1","3","true","false","false","false","false","false","true","0.1","1","1","1","1","75","0","0","100","0","0","0","30","2.5","2","60","1.6","0.4","20.5","6.7","16","8.21","365","14","1","0","0","299","299","906","80315","23","109","136","9009","408","67201","true","33299","39","91","278","10043","10990","6217"
"1","0.1","3","true","false","false","false","false","false","true","0.1","1","1","1","1","75","0","0","100","0","0","0","30","2.5","2","60","1.6","0.4","20.5","6.7","16","8.21","365","14","1","0","0","299","299","907","80345","33","103","133","8977","409","67201","true","33299","39","91","279","10045","10991","6219"
"1","0.1","3","true","false","false","false","false","false","true","0.1","1","1","1","1","75","0","0","100","0","0","0","30","2.5","2","60","1.6","0.4","20.5","6.7","16","8.21","365","14","1","0","0","299","299","908","80376","36","97","132","8949","410","67201","true","33296","40","91","279","10047","10992","6220"
"1","0.1","3","true","false","false","false","false","false","true","0.1","1","1","1","1","75","0","0","100","0","0","0","30","2.5","2","60","1.6","0.4","20.5","6.7","16","8.21","365","14","1","0","0","299","299","909","80409","29","92","135","8924","411","67201","true","33292","40","91","280","10051","10994","6222"
"1","0.1","3","true","false","false","false","false","false","true","0.1","1","1","1","1","75","0","0","100","0","0","0","30","2.5","2","60","1.6","0.4","20.5","6.7","16","8.21","365","14","1","0","0","299","299","910","80438","25","88","138","8900","411","0","false","33291","40","91","280","10052","10997","6223"
"1","0.1","3","true","false","false","false","false","false","true","0.1","1","1","1","1","75","0","0","100","0","0","0","30","2.5","2","60","1.6","0.4","20.5","6.7","16","8.21","365","14","1","0","0","299","299","911","80067","442","84","131","8865","411","0","false","533576","40","91","280","10054","10999","6224"
"1","0.1","3","true","false","false","false","false","false","true","0.1","1","1","1","1","75","0","0","100","0","0","0","30","2.5","2","60","1.6","0.4","20.5","6.7","16","8.21","365","14","1","0","0","299","299","912","79885","629","79","159","8837","411","0","false","533576","40","91","280","10063","11010","6232"
"1","0.1","3","true","false","false","false","false","false","true","0.1","1","1","1","1","75","0","0","100","0","0","0","30","2.5","2","60","1.6","0.4","20.5","6.7","16","8.21","365","14","1","0","0","299","299","913","79737","752","83","215","8802","411","0","false","533576","40","91","280","10087","11033","6240"
"1","0.1","3","true","false","false","false","false","false","true","0.1","1","1","1","1","75","0","0","100","0","0","0","30","2.5","2","60","1.6","0.4","20.5","6.7","16","8.21","365","14","1","0","0","299","299","914","79613","787","85","335","8769","411","0","false","533576","40","91","280","10122","11064","6258"
"1","0.1","3","true","false","false","false","false","false","true","0.1","1","1","1","1","75","0","0","100","0","0","0","30","2.5","2","60","1.6","0.4","20.5","6.7","16","8.21","365","14","1","0","0","299","299","915","79475","817","93","474","8730","411","67351","true","533576","40","91","280","10164","11100","6284"
"1","0.1","3","true","false","false","false","false","false","true","0.1","1","1","1","1","75","0","0","100","0","0","0","30","2.5","2","60","1.6","0.4","20.5","6.7","16","8.21","365","14","1","0","0","299","299","916","79511","645","106","643","8684","411","67351","true","32831","40","91","280","10218","11143","6313"
"1","0.1","3","true","false","false","false","false","false","true","0.1","1","1","1","1","75","0","0","100","0","0","0","30","2.5","2","60","1.6","0.4","20.5","6.7","16","8.21","365","14","1","0","0","299","299","917","79532","490","152","767","8648","411","67351","true","32831","40","91","280","10271","11211","6349"
"1","0.1","3","true","false","false","false","false","false","true","0.1","1","1","1","1","75","0","0","100","0","0","0","30","2.5","2","60","1.6","0.4","20.5","6.7","16","8.21","365","14","1","0","0","299","299","918","79535","372","206","854","8621","412","67351","true","32831","40","92","280","10328","11269","6389"
"1","0.1","3","true","false","false","false","false","false","true","0.1","1","1","1","1","75","0","0","100","0","0","0","30","2.5","2","60","1.6","0.4","20.5","6.7","16","8.21","365","14","1","0","0","299","299","919","79545","279","289","890","8585","412","67351","true","32827","40","92","280","10386","11341","6429"
"1","0.1","3","true","false","false","false","false","false","true","0.1","1","1","1","1","75","0","0","100","0","0","0","30","2.5","2","60","1.6","0.4","20.5","6.7","16","8.21","365","14","1","0","0","299","299","920","79558","220","354","909","8547","412","67351","true","32827","40","92","280","10436","11389","6456"
"1","0.1","3","true","false","false","false","false","false","true","0.1","1","1","1","1","75","0","0","100","0","0","0","30","2.5","2","60","1.6","0.4","20.5","6.7","16","8.21","365","14","1","0","0","299","299","921","79577","184","409","905","8513","412","67351","true","32827","40","92","280","10462","11431","6484"
"1","0.1","3","true","false","false","false","false","false","true","0.1","1","1","1","1","75","0","0","100","0","0","0","30","2.5","2","60","1.6","0.4","20.5","6.7","16","8.21","365","14","1","0","0","299","299","922","79585","171","458","895","8479","412","67351","true","32827","40","92","280","10494","11461","6504"
"1","0.1","3","true","false","false","false","false","false","true","0.1","1","1","1","1","75","0","0","100","0","0","0","30","2.5","2","60","1.6","0.4","20.5","6.7","16","8.21","365","14","1","0","0","299","299","923","79605","143","495","904","8441","412","67351","true","32827","40","92","280","10519","11492","6520"
"1","0.1","3","true","false","false","false","false","false","true","0.1","1","1","1","1","75","0","0","100","0","0","0","30","2.5","2","60","1.6","0.4","20.5","6.7","16","8.21","365","14","1","0","0","299","299","924","79618","132","515","904","8419","412","67351","true","32827","40","92","280","10534","11512","6529"
"1","0.1","3","true","false","false","false","false","false","true","0.1","1","1","1","1","75","0","0","100","0","0","0","30","2.5","2","60","1.6","0.4","20.5","6.7","16","8.21","365","14","1","0","0","299","299","925","79635","110","535","914","8394","412","67351","true","32827","40","92","280","10550","11532","6538"
"1","0.1","3","true","false","false","false","false","false","true","0.1","1","1","1","1","75","0","0","100","0","0","0","30","2.5","2","60","1.6","0.4","20.5","6.7","16","8.21","365","14","1","0","0","299","299","926","79657","101","553","915","8362","412","67351","true","32827","40","92","280","10567","11543","6548"
"1","0.1","3","true","false","false","false","false","false","true","0.1","1","1","1","1","75","0","0","100","0","0","0","30","2.5","2","60","1.6","0.4","20.5","6.7","16","8.21","365","14","1","0","0","299","299","927","79667","85","558","933","8344","413","67350","true","32827","40","93","280","10578","11557","6553"
"1","0.1","3","true","false","false","false","false","false","true","0.1","1","1","1","1","75","0","0","100","0","0","0","30","2.5","2","60","1.6","0.4","20.5","6.7","16","8.21","365","14","1","0","0","299","299","928","79677","88","564","932","8326","413","67350","true","32827","40","93","280","10585","11565","6559"
"1","0.1","3","true","false","false","false","false","false","true","0.1","1","1","1","1","75","0","0","100","0","0","0","30","2.5","2","60","1.6","0.4","20.5","6.7","16","8.21","365","14","1","0","0","299","299","929","79689","90","582","920","8306","413","67350","true","32827","40","93","280","10593","11583","6566"
"1","0.1","3","true","false","false","false","false","false","true","0.1","1","1","1","1","75","0","0","100","0","0","0","30","2.5","2","60","1.6","0.4","20.5","6.7","16","8.21","365","14","1","0","0","299","299","930","79702","91","592","892","8309","414","67349","true","32827","40","93","281","10604","11596","6570"
"1","0.1","3","true","false","false","false","false","false","true","0.1","1","1","1","1","75","0","0","100","0","0","0","30","2.5","2","60","1.6","0.4","20.5","6.7","16","8.21","365","14","1","0","0","299","299","931","79715","94","594","872","8311","414","67349","true","32827","40","93","281","10613","11605","6572"
"1","0.1","3","true","false","false","false","false","false","true","0.1","1","1","1","1","75","0","0","100","0","0","0","30","2.5","2","60","1.6","0.4","20.5","6.7","16","8.21","365","14","1","0","0","299","299","932","79723","88","595","857","8322","415","67348","true","32827","40","93","282","10626","11618","6576"
"1","0.1","3","true","false","false","false","false","false","true","0.1","1","1","1","1","75","0","0","100","0","0","0","30","2.5","2","60","1.6","0.4","20.5","6.7","16","8.21","365","14","1","0","0","299","299","933","79749","83","589","824","8340","415","67348","true","32827","40","93","282","10633","11623","6580"
"1","0.1","3","true","false","false","false","false","false","true","0.1","1","1","1","1","75","0","0","100","0","0","0","30","2.5","2","60","1.6","0.4","20.5","6.7","16","8.21","365","14","1","0","0","299","299","934","79747","89","570","789","8389","416","67348","true","32827","40","93","283","10641","11631","6583"
"1","0.1","3","true","false","false","false","false","false","true","0.1","1","1","1","1","75","0","0","100","0","0","0","30","2.5","2","60","1.6","0.4","20.5","6.7","16","8.21","365","14","1","0","0","299","299","935","79764","86","550","750","8433","417","67347","true","32821","40","94","283","10652","11638","6588"
"1","0.1","3","true","false","false","false","false","false","true","0.1","1","1","1","1","75","0","0","100","0","0","0","30","2.5","2","60","1.6","0.4","20.5","6.7","16","8.21","365","14","1","0","0","299","299","936","79776","89","533","721","8464","417","67347","true","32821","40","94","283","10657","11648","6592"
"1","0.1","3","true","false","false","false","false","false","true","0.1","1","1","1","1","75","0","0","100","0","0","0","30","2.5","2","60","1.6","0.4","20.5","6.7","16","8.21","365","14","1","0","0","299","299","937","79777","97","502","676","8530","418","67346","true","32821","41","94","283","10664","11653","6598"
"1","0.1","3","true","false","false","false","false","false","true","0.1","1","1","1","1","75","0","0","100","0","0","0","30","2.5","2","60","1.6","0.4","20.5","6.7","16","8.21","365","14","1","0","0","299","299","938","79784","95","483","631","8589","418","67346","true","32821","41","94","283","10673","11656","6603"
"1","0.1","3","true","false","false","false","false","false","true","0.1","1","1","1","1","75","0","0","100","0","0","0","30","2.5","2","60","1.6","0.4","20.5","6.7","16","8.21","365","14","1","0","0","299","299","939","79793","88","462","597","8640","420","67344","true","32821","41","96","283","10680","11667","6610"
"1","0.1","3","true","false","false","false","false","false","true","0.1","1","1","1","1","75","0","0","100","0","0","0","30","2.5","2","60","1.6","0.4","20.5","6.7","16","8.21","365","14","1","0","0","299","299","940","79809","76","440","564","8689","422","67342","true","32821","42","96","284","10690","11674","6616"
"1","0.1","3","true","false","false","false","false","false","true","0.1","1","1","1","1","75","0","0","100","0","0","0","30","2.5","2","60","1.6","0.4","20.5","6.7","16","8.21","365","14","1","0","0","299","299","941","79817","72","419","544","8725","423","67341","true","32821","42","96","285","10700","11683","6619"
"1","0.1","3","true","false","false","false","false","false","true","0.1","1","1","1","1","75","0","0","100","0","0","0","30","2.5","2","60","1.6","0.4","20.5","6.7","16","8.21","365","14","1","0","0","299","299","942","79834","68","398","521","8756","423","67341","true","32821","42","96","285","10710","11689","6623"
"1","0.1","3","true","false","false","false","false","false","true","0.1","1","1","1","1","75","0","0","100","0","0","0","30","2.5","2","60","1.6","0.4","20.5","6.7","16","8.21","365","14","1","0","0","299","299","943","79852","63","375","472","8814","424","67340","true","32821","42","96","286","10716","11697","6630"
"1","0.1","3","true","false","false","false","false","false","true","0.1","1","1","1","1","75","0","0","100","0","0","0","30","2.5","2","60","1.6","0.4","20.5","6.7","16","8.21","365","14","1","0","0","299","299","944","79854","55","358","453","8853","427","67340","true","32821","42","96","289","10727","11707","6633"
"1","0.1","3","true","false","false","false","false","false","true","0.1","1","1","1","1","75","0","0","100","0","0","0","30","2.5","2","60","1.6","0.4","20.5","6.7","16","8.21","365","14","1","0","0","299","299","945","79859","57","345","421","8891","427","67340","true","32809","42","96","289","10737","11713","6638"
"1","0.1","3","true","false","false","false","false","false","true","0.1","1","1","1","1","75","0","0","100","0","0","0","30","2.5","2","60","1.6","0.4","20.5","6.7","16","8.21","365","14","1","0","0","299","299","946","79870","65","318","394","8924","429","67340","true","32809","42","96","291","10739","11717","6640"
"1","0.1","3","true","false","false","false","false","false","true","0.1","1","1","1","1","75","0","0","100","0","0","0","30","2.5","2","60","1.6","0.4","20.5","6.7","16","8.21","365","14","1","0","0","299","299","947","79879","66","303","361","8961","430","67340","true","32804","42","96","292","10748","11721","6642"
"1","0.1","3","true","false","false","false","false","false","true","0.1","1","1","1","1","75","0","0","100","0","0","0","30","2.5","2","60","1.6","0.4","20.5","6.7","16","8.21","365","14","1","0","0","299","299","948","79885","61","279","340","9005","430","67340","true","32802","42","96","292","10756","11731","6645"
"1","0.1","3","true","false","false","false","false","false","true","0.1","1","1","1","1","75","0","0","100","0","0","0","30","2.5","2","60","1.6","0.4","20.5","6.7","16","8.21","365","14","1","0","0","299","299","949","79899","59","257","321","9033","431","67339","true","32802","42","96","293","10760","11737","6646"
"1","0.1","3","true","false","false","false","false","false","true","0.1","1","1","1","1","75","0","0","100","0","0","0","30","2.5","2","60","1.6","0.4","20.5","6.7","16","8.21","365","14","1","0","0","299","299","950","79903","59","237","310","9060","431","67339","true","32802","42","96","293","10765","11738","6650"
"1","0.1","3","true","false","false","false","false","false","true","0.1","1","1","1","1","75","0","0","100","0","0","0","30","2.5","2","60","1.6","0.4","20.5","6.7","16","8.21","365","14","1","0","0","299","299","951","79909","60","221","295","9083","432","67339","true","32802","42","96","294","10769","11740","6655"
"1","0.1","3","true","false","false","false","false","false","true","0.1","1","1","1","1","75","0","0","100","0","0","0","30","2.5","2","60","1.6","0.4","20.5","6.7","16","8.21","365","14","1","0","0","299","299","952","79924","60","217","285","9080","434","67338","true","32800","42","98","294","10773","11750","6659"
"1","0.1","3","true","false","false","false","false","false","true","0.1","1","1","1","1","75","0","0","100","0","0","0","30","2.5","2","60","1.6","0.4","20.5","6.7","16","8.21","365","14","1","0","0","299","299","953","79951","44","212","282","9077","434","67338","true","32797","42","98","294","10783","11757","6664"
"1","0.1","3","true","false","false","false","false","false","true","0.1","1","1","1","1","75","0","0","100","0","0","0","30","2.5","2","60","1.6","0.4","20.5","6.7","16","8.21","365","14","1","0","0","299","299","954","79959","42","203","274","9087","435","67337","true","32797","42","98","295","10791","11759","6668"
"1","0.1","3","true","false","false","false","false","false","true","0.1","1","1","1","1","75","0","0","100","0","0","0","30","2.5","2","60","1.6","0.4","20.5","6.7","16","8.21","365","14","1","0","0","299","299","955","79954","47","198","264","9102","435","67337","true","32797","42","98","295","10800","11764","6672"
"1","0.1","3","true","false","false","false","false","false","true","0.1","1","1","1","1","75","0","0","100","0","0","0","30","2.5","2","60","1.6","0.4","20.5","6.7","16","8.21","365","14","1","0","0","299","299","956","79970","39","190","259","9107","435","67337","true","32797","42","98","295","10802","11769","6675"
"1","0.1","3","true","false","false","false","false","false","true","0.1","1","1","1","1","75","0","0","100","0","0","0","30","2.5","2","60","1.6","0.4","20.5","6.7","16","8.21","365","14","1","0","0","299","299","957","79970","46","185","242","9121","436","67337","true","32797","43","98","295","10808","11771","6678"
"1","0.1","3","true","false","false","false","false","false","true","0.1","1","1","1","1","75","0","0","100","0","0","0","30","2.5","2","60","1.6","0.4","20.5","6.7","16","8.21","365","14","1","0","0","299","299","958","79977","57","178","232","9120","436","67337","true","32794","43","98","295","10810","11771","6682"
"1","0.1","3","true","false","false","false","false","false","true","0.1","1","1","1","1","75","0","0","100","0","0","0","30","2.5","2","60","1.6","0.4","20.5","6.7","16","8.21","365","14","1","0","0","299","299","959","79989","55","171","223","9126","436","67337","true","32794","43","98","295","10816","11775","6686"
"1","0.1","3","true","false","false","false","false","false","true","0.1","1","1","1","1","75","0","0","100","0","0","0","30","2.5","2","60","1.6","0.4","20.5","6.7","16","8.21","365","14","1","0","0","299","299","960","79993","53","162","217","9138","437","67337","true","32794","43","98","296","10821","11779","6687"
"1","0.1","3","true","false","false","false","false","false","true","0.1","1","1","1","1","75","0","0","100","0","0","0","30","2.5","2","60","1.6","0.4","20.5","6.7","16","8.21","365","14","1","0","0","299","299","961","80005","47","150","213","9148","437","67337","true","32791","43","98","296","10822","11785","6689"
"1","0.1","3","true","false","false","false","false","false","true","0.1","1","1","1","1","75","0","0","100","0","0","0","30","2.5","2","60","1.6","0.4","20.5","6.7","16","8.21","365","14","1","0","0","299","299","962","80015","44","143","211","9150","437","67337","true","32791","43","98","296","10826","11788","6693"
"1","0.1","3","true","false","false","false","false","false","true","0.1","1","1","1","1","75","0","0","100","0","0","0","30","2.5","2","60","1.6","0.4","20.5","6.7","16","8.21","365","14","1","0","0","299","299","963","80021","50","148","200","9144","437","67337","true","32791","43","98","296","10830","11795","6695"
"1","0.1","3","true","false","false","false","false","false","true","0.1","1","1","1","1","75","0","0","100","0","0","0","30","2.5","2","60","1.6","0.4","20.5","6.7","16","8.21","365","14","1","0","0","299","299","964","80023","42","141","203","9154","437","67337","true","32791","43","98","296","10835","11801","6697"
"1","0.1","3","true","false","false","false","false","false","true","0.1","1","1","1","1","75","0","0","100","0","0","0","30","2.5","2","60","1.6","0.4","20.5","6.7","16","8.21","365","14","1","0","0","299","299","965","80027","42","138","202","9153","438","67337","true","32791","43","99","296","10839","11802","6701"
"1","0.1","3","true","false","false","false","false","false","true","0.1","1","1","1","1","75","0","0","100","0","0","0","30","2.5","2","60","1.6","0.4","20.5","6.7","16","8.21","365","14","1","0","0","299","299","966","80037","44","134","194","9153","438","67337","true","32785","43","99","296","10843","11804","6702"
"1","0.1","3","true","false","false","false","false","false","true","0.1","1","1","1","1","75","0","0","100","0","0","0","30","2.5","2","60","1.6","0.4","20.5","6.7","16","8.21","365","14","1","0","0","299","299","967","80046","38","125","197","9156","438","67337","true","32785","43","99","296","10848","11809","6703"
"1","0.1","3","true","false","false","false","false","false","true","0.1","1","1","1","1","75","0","0","100","0","0","0","30","2.5","2","60","1.6","0.4","20.5","6.7","16","8.21","365","14","1","0","0","299","299","968","80049","39","123","187","9164","438","67337","true","32785","43","99","296","10852","11815","6706"
"1","0.1","3","true","false","false","false","false","false","true","0.1","1","1","1","1","75","0","0","100","0","0","0","30","2.5","2","60","1.6","0.4","20.5","6.7","16","8.21","365","14","1","0","0","299","299","969","80047","49","125","173","9167","439","67337","true","32785","43","99","297","10855","11822","6707"
"1","0.1","3","true","false","false","false","false","false","true","0.1","1","1","1","1","75","0","0","100","0","0","0","30","2.5","2","60","1.6","0.4","20.5","6.7","16","8.21","365","14","1","0","0","299","299","970","80050","50","122","167","9172","439","67337","true","32784","43","99","297","10856","11825","6708"
"1","0.1","3","true","false","false","false","false","false","true","0.1","1","1","1","1","75","0","0","100","0","0","0","30","2.5","2","60","1.6","0.4","20.5","6.7","16","8.21","365","14","1","0","0","299","299","971","80060","52","121","165","9163","439","67337","true","32784","43","99","297","10860","11828","6710"
"1","0.1","3","true","false","false","false","false","false","true","0.1","1","1","1","1","75","0","0","100","0","0","0","30","2.5","2","60","1.6","0.4","20.5","6.7","16","8.21","365","14","1","0","0","299","299","972","80070","48","121","157","9165","439","67337","true","32784","43","99","297","10863","11832","6713"
"1","0.1","3","true","false","false","false","false","false","true","0.1","1","1","1","1","75","0","0","100","0","0","0","30","2.5","2","60","1.6","0.4","20.5","6.7","16","8.21","365","14","1","0","0","299","299","973","80085","41","112","161","9162","439","67337","true","32784","43","99","297","10867","11834","6714"
"1","0.1","3","true","false","false","false","false","false","true","0.1","1","1","1","1","75","0","0","100","0","0","0","30","2.5","2","60","1.6","0.4","20.5","6.7","16","8.21","365","14","1","0","0","299","299","974","80095","29","102","168","9164","442","67337","true","32784","43","100","299","10871","11837","6717"
"1","0.1","3","true","false","false","false","false","false","true","0.1","1","1","1","1","75","0","0","100","0","0","0","30","2.5","2","60","1.6","0.4","20.5","6.7","16","8.21","365","14","1","0","0","299","299","975","80097","28","100","168","9165","442","67337","true","32775","43","100","299","10876","11842","6718"
"1","0.1","3","true","false","false","false","false","false","true","0.1","1","1","1","1","75","0","0","100","0","0","0","30","2.5","2","60","1.6","0.4","20.5","6.7","16","8.21","365","14","1","0","0","299","299","976","80099","29","99","160","9171","442","67337","true","32775","43","100","299","10881","11847","6720"
"1","0.1","3","true","false","false","false","false","false","true","0.1","1","1","1","1","75","0","0","100","0","0","0","30","2.5","2","60","1.6","0.4","20.5","6.7","16","8.21","365","14","1","0","0","299","299","977","80108","31","103","146","9170","442","67337","true","32775","43","100","299","10885","11853","6724"
"1","0.1","3","true","false","false","false","false","false","true","0.1","1","1","1","1","75","0","0","100","0","0","0","30","2.5","2","60","1.6","0.4","20.5","6.7","16","8.21","365","14","1","0","0","299","299","978","80110","34","106","137","9171","442","67337","true","32775","43","100","299","10888","11856","6724"
"1","0.1","3","true","false","false","false","false","false","true","0.1","1","1","1","1","75","0","0","100","0","0","0","30","2.5","2","60","1.6","0.4","20.5","6.7","16","8.21","365","14","1","0","0","299","299","979","80119","34","106","129","9169","443","67337","true","32775","43","101","299","10890","11858","6725"
"1","0.1","3","true","false","false","false","false","false","true","0.1","1","1","1","1","75","0","0","100","0","0","0","30","2.5","2","60","1.6","0.4","20.5","6.7","16","8.21","365","14","1","0","0","299","299","980","80126","34","107","126","9164","443","67337","true","32774","43","101","299","10893","11863","6727"
"1","0.1","3","true","false","false","false","false","false","true","0.1","1","1","1","1","75","0","0","100","0","0","0","30","2.5","2","60","1.6","0.4","20.5","6.7","16","8.21","365","14","1","0","0","299","299","981","80123","42","99","129","9164","443","67337","true","32774","43","101","299","10896","11865","6729"
"1","0.1","3","true","false","false","false","false","false","true","0.1","1","1","1","1","75","0","0","100","0","0","0","30","2.5","2","60","1.6","0.4","20.5","6.7","16","8.21","365","14","1","0","0","299","299","982","80130","37","95","129","9166","443","67337","true","32774","43","101","299","10902","11868","6731"
"1","0.1","3","true","false","false","false","false","false","true","0.1","1","1","1","1","75","0","0","100","0","0","0","30","2.5","2","60","1.6","0.4","20.5","6.7","16","8.21","365","14","1","0","0","299","299","983","80141","37","89","132","9158","443","0","false","32774","43","101","299","10903","11869","6734"
"1","0.1","3","true","false","false","false","false","false","true","0.1","1","1","1","1","75","0","0","100","0","0","0","30","2.5","2","60","1.6","0.4","20.5","6.7","16","8.21","365","14","1","0","0","299","299","984","79718","473","84","129","9153","443","0","false","533199","43","101","299","10907","11869","6738"
"1","0.1","3","true","false","false","false","false","false","true","0.1","1","1","1","1","75","0","0","100","0","0","0","30","2.5","2","60","1.6","0.4","20.5","6.7","16","8.21","365","14","1","0","0","299","299","985","79465","700","84","162","9146","443","0","false","533199","43","101","299","10915","11880","6744"
"1","0.1","3","true","false","false","false","false","false","true","0.1","1","1","1","1","75","0","0","100","0","0","0","30","2.5","2","60","1.6","0.4","20.5","6.7","16","8.21","365","14","1","0","0","299","299","986","79280","820","85","232","9140","443","0","false","533199","43","101","299","10933","11900","6760"
"1","0.1","3","true","false","false","false","false","false","true","0.1","1","1","1","1","75","0","0","100","0","0","0","30","2.5","2","60","1.6","0.4","20.5","6.7","16","8.21","365","14","1","0","0","299","299","987","79082","894","89","351","9141","443","0","false","533199","43","101","299","10967","11936","6777"
"1","0.1","3","true","false","false","false","false","false","true","0.1","1","1","1","1","75","0","0","100","0","0","0","30","2.5","2","60","1.6","0.4","20.5","6.7","16","8.21","365","14","1","0","0","299","299","988","78891","922","108","502","9134","443","67271","true","533199","43","101","299","11015","11981","6806"
"1","0.1","3","true","false","false","false","false","false","true","0.1","1","1","1","1","75","0","0","100","0","0","0","30","2.5","2","60","1.6","0.4","20.5","6.7","16","8.21","365","14","1","0","0","299","299","989","78882","721","140","684","9130","443","67271","true","33143","43","101","299","11082","12045","6844"
"1","0.1","3","true","false","false","false","false","false","true","0.1","1","1","1","1","75","0","0","100","0","0","0","30","2.5","2","60","1.6","0.4","20.5","6.7","16","8.21","365","14","1","0","0","299","299","990","78862","552","183","828","9132","443","67271","true","33143","43","101","299","11163","12105","6879"
"1","0.1","3","true","false","false","false","false","false","true","0.1","1","1","1","1","75","0","0","100","0","0","0","30","2.5","2","60","1.6","0.4","20.5","6.7","16","8.21","365","14","1","0","0","299","299","991","78837","416","267","906","9131","443","67271","true","33143","43","101","299","11225","12176","6931"
"1","0.1","3","true","false","false","false","false","false","true","0.1","1","1","1","1","75","0","0","100","0","0","0","30","2.5","2","60","1.6","0.4","20.5","6.7","16","8.21","365","14","1","0","0","299","299","992","78834","313","325","964","9121","443","67271","true","33143","43","101","299","11269","12235","6954"
"1","0.1","3","true","false","false","false","false","false","true","0.1","1","1","1","1","75","0","0","100","0","0","0","30","2.5","2","60","1.6","0.4","20.5","6.7","16","8.21","365","14","1","0","0","299","299","993","78815","237","392","994","9119","443","67271","true","33143","43","101","299","11305","12290","6999"
"1","0.1","3","true","false","false","false","false","false","true","0.1","1","1","1","1","75","0","0","100","0","0","0","30","2.5","2","60","1.6","0.4","20.5","6.7","16","8.21","365","14","1","0","0","299","299","994","78800","191","461","993","9112","443","67271","true","33143","43","101","299","11346","12344","7027"
"1","0.1","3","true","false","false","false","false","false","true","0.1","1","1","1","1","75","0","0","100","0","0","0","30","2.5","2","60","1.6","0.4","20.5","6.7","16","8.21","365","14","1","0","0","299","299","995","78788","177","519","966","9106","444","67270","true","33143","43","101","300","11368","12382","7053"
"1","0.1","3","true","false","false","false","false","false","true","0.1","1","1","1","1","75","0","0","100","0","0","0","30","2.5","2","60","1.6","0.4","20.5","6.7","16","8.21","365","14","1","0","0","299","299","996","78764","154","558","983","9097","444","67270","true","33143","43","101","300","11393","12421","7068"
"1","0.1","3","true","false","false","false","false","false","true","0.1","1","1","1","1","75","0","0","100","0","0","0","30","2.5","2","60","1.6","0.4","20.5","6.7","16","8.21","365","14","1","0","0","299","299","997","78761","141","579","988","9087","444","67270","true","33143","43","101","300","11413","12438","7078"
"1","0.1","3","true","false","false","false","false","false","true","0.1","1","1","1","1","75","0","0","100","0","0","0","30","2.5","2","60","1.6","0.4","20.5","6.7","16","8.21","365","14","1","0","0","299","299","998","78752","138","600","993","9073","444","67270","true","33143","43","101","300","11426","12459","7087"
"1","0.1","3","true","false","false","false","false","false","true","0.1","1","1","1","1","75","0","0","100","0","0","0","30","2.5","2","60","1.6","0.4","20.5","6.7","16","8.21","365","14","1","0","0","299","299","999","78745","125","622","996","9068","444","67270","true","33143","43","101","300","11446","12476","7094"
"1","0.1","3","true","false","false","false","false","false","true","0.1","1","1","1","1","75","0","0","100","0","0","0","30","2.5","2","60","1.6","0.4","20.5","6.7","16","8.21","365","14","1","0","0","299","299","1000","78733","121","631","1004","9066","445","67269","true","33143","43","101","301","11455","12490","7105"
"1","0.1","3","true","false","false","false","false","false","true","0.1","1","1","1","1","75","0","0","100","0","0","0","30","2.5","2","60","1.6","0.4","20.5","6.7","16","8.21","365","14","1","0","0","299","299","1001","78720","117","645","1002","9068","448","67267","true","33143","43","101","304","11474","12503","7113"
"1","0.1","3","true","false","false","false","false","false","true","0.1","1","1","1","1","75","0","0","100","0","0","0","30","2.5","2","60","1.6","0.4","20.5","6.7","16","8.21","365","14","1","0","0","299","299","1002","78726","111","650","998","9066","449","67266","true","33141","44","101","304","11481","12520","7118"
"1","0.1","3","true","false","false","false","false","false","true","0.1","1","1","1","1","75","0","0","100","0","0","0","30","2.5","2","60","1.6","0.4","20.5","6.7","16","8.21","365","14","1","0","0","299","299","1003","78711","113","655","986","9086","449","67266","true","33141","44","101","304","11489","12532","7126"
"1","0.1","3","true","false","false","false","false","false","true","0.1","1","1","1","1","75","0","0","100","0","0","0","30","2.5","2","60","1.6","0.4","20.5","6.7","16","8.21","365","14","1","0","0","299","299","1004","78693","121","653","963","9119","451","67265","true","33141","44","102","305","11492","12539","7133"
"1","0.1","3","true","false","false","false","false","false","true","0.1","1","1","1","1","75","0","0","100","0","0","0","30","2.5","2","60","1.6","0.4","20.5","6.7","16","8.21","365","14","1","0","0","299","299","1005","78692","109","654","937","9155","453","67263","true","33137","44","103","306","11504","12554","7138"
"1","0.1","3","true","false","false","false","false","false","true","0.1","1","1","1","1","75","0","0","100","0","0","0","30","2.5","2","60","1.6","0.4","20.5","6.7","16","8.21","365","14","1","0","0","299","299","1006","78687","112","642","893","9213","453","67263","true","33137","44","103","306","11510","12560","7143"
"1","0.1","3","true","false","false","false","false","false","true","0.1","1","1","1","1","75","0","0","100","0","0","0","30","2.5","2","60","1.6","0.4","20.5","6.7","16","8.21","365","14","1","0","0","299","299","1007","78683","99","634","867","9264","453","67263","true","33137","44","103","306","11528","12565","7152"
"1","0.1","3","true","false","false","false","false","false","true","0.1","1","1","1","1","75","0","0","100","0","0","0","30","2.5","2","60","1.6","0.4","20.5","6.7","16","8.21","365","14","1","0","0","299","299","1008","78665","100","619","819","9341","456","67262","true","33137","44","103","309","11540","12579","7158"
"1","0.1","3","true","false","false","false","false","false","true","0.1","1","1","1","1","75","0","0","100","0","0","0","30","2.5","2","60","1.6","0.4","20.5","6.7","16","8.21","365","14","1","0","0","299","299","1009","78666","92","595","769","9422","456","67262","true","33126","44","103","309","11549","12589","7166"
"1","0.1","3","true","false","false","false","false","false","true","0.1","1","1","1","1","75","0","0","100","0","0","0","30","2.5","2","60","1.6","0.4","20.5","6.7","16","8.21","365","14","1","0","0","299","299","1010","78654","90","560","733","9507","456","67262","true","33126","44","103","309","11554","12598","7171"
"1","0.1","3","true","false","false","false","false","false","true","0.1","1","1","1","1","75","0","0","100","0","0","0","30","2.5","2","60","1.6","0.4","20.5","6.7","16","8.21","365","14","1","0","0","299","299","1011","78659","85","546","681","9573","456","67262","true","33126","44","103","309","11566","12609","7180"
"1","0.1","3","true","false","false","false","false","false","true","0.1","1","1","1","1","75","0","0","100","0","0","0","30","2.5","2","60","1.6","0.4","20.5","6.7","16","8.21","365","14","1","0","0","299","299","1012","78647","88","526","635","9646","458","67260","true","33126","44","104","310","11575","12617","7185"
"1","0.1","3","true","false","false","false","false","false","true","0.1","1","1","1","1","75","0","0","100","0","0","0","30","2.5","2","60","1.6","0.4","20.5","6.7","16","8.21","365","14","1","0","0","299","299","1013","78649","84","500","604","9703","460","67259","true","33126","44","105","311","11583","12629","7189"
"1","0.1","3","true","false","false","false","false","false","true","0.1","1","1","1","1","75","0","0","100","0","0","0","30","2.5","2","60","1.6","0.4","20.5","6.7","16","8.21","365","14","1","0","0","299","299","1014","78658","81","480","572","9747","462","67257","true","33123","45","106","311","11593","12636","7193"
"1","0.1","3","true","false","false","false","false","false","true","0.1","1","1","1","1","75","0","0","100","0","0","0","30","2.5","2","60","1.6","0.4","20.5","6.7","16","8.21","365","14","1","0","0","299","299","1015","78650","90","456","535","9807","462","67257","true","33123","45","106","311","11601","12642","7198"
"1","0.1","3","true","false","false","false","false","false","true","0.1","1","1","1","1","75","0","0","100","0","0","0","30","2.5","2","60","1.6","0.4","20.5","6.7","16","8.21","365","14","1","0","0","299","299","1016","78641","102","425","511","9856","465","67256","true","33123","45","107","313","11606","12649","7202"
"1","0.1","3","true","false","false","false","false","false","true","0.1","1","1","1","1","75","0","0","100","0","0","0","30","2.5","2","60","1.6","0.4","20.5","6.7","16","8.21","365","14","1","0","0","299","299","1017","78649","92","401","492","9900","466","67255","true","33117","46","107","313","11616","12657","7208"
"1","0.1","3","true","false","false","false","false","false","true","0.1","1","1","1","1","75","0","0","100","0","0","0","30","2.5","2","60","1.6","0.4","20.5","6.7","16","8.21","365","14","1","0","0","299","299","1018","78648","93","364","457","9971","467","67255","true","33117","46","107","314","11621","12665","7211"
"1","0.1","3","true","false","false","false","false","false","true","0.1","1","1","1","1","75","0","0","100","0","0","0","30","2.5","2","60","1.6","0.4","20.5","6.7","16","8.21","365","14","1","0","0","299","299","1019","78657","89","347","448","9990","469","67254","true","33113","46","108","315","11631","12674","7218"
"1","0.1","3","true","false","false","false","false","false","true","0.1","1","1","1","1","75","0","0","100","0","0","0","30","2.5","2","60","1.6","0.4","20.5","6.7","16","8.21","365","14","1","0","0","299","299","1020","78659","97","323","414","10037","470","67254","true","33109","46","108","316","11637","12682","7224"
"1","0.1","3","true","false","false","false","false","false","true","0.1","1","1","1","1","75","0","0","100","0","0","0","30","2.5","2","60","1.6","0.4","20.5","6.7","16","8.21","365","14","1","0","0","299","299","1021","78665","90","302","407","10065","471","67254","true","33107","46","108","317","11644","12692","7228"
"1","0.1","3","true","false","false","false","false","false","true","0.1","1","1","1","1","75","0","0","100","0","0","0","30","2.5","2","60","1.6","0.4","20.5","6.7","16","8.21","365","14","1","0","0","299","299","1022","78676","93","278","382","10097","474","67253","true","33104","46","108","320","11649","12706","7228"
"1","0.1","3","true","false","false","false","false","false","true","0.1","1","1","1","1","75","0","0","100","0","0","0","30","2.5","2","60","1.6","0.4","20.5","6.7","16","8.21","365","14","1","0","0","299","299","1023","78684","88","266","378","10110","474","67253","true","33098","46","108","320","11655","12719","7238"
"1","0.1","3","true","false","false","false","false","false","true","0.1","1","1","1","1","75","0","0","100","0","0","0","30","2.5","2","60","1.6","0.4","20.5","6.7","16","8.21","365","14","1","0","0","299","299","1024","78683","84","248","359","10151","475","67252","true","33098","46","108","321","11660","12727","7244"
"1","0.1","3","true","false","false","false","false","false","true","0.1","1","1","1","1","75","0","0","100","0","0","0","30","2.5","2","60","1.6","0.4","20.5","6.7","16","8.21","365","14","1","0","0","299","299","1025","78688","94","236","348","10158","476","67252","true","33098","46","108","322","11668","12739","7246"
"1","0.1","3","true","false","false","false","false","false","true","0.1","1","1","1","1","75","0","0","100","0","0","0","30","2.5","2","60","1.6","0.4","20.5","6.7","16","8.21","365","14","1","0","0","299","299","1026","78704","83","225","343","10168","477","67251","true","33090","46","108","323","11675","12755","7252"
"1","0.1","3","true","false","false","false","false","false","true","0.1","1","1","1","1","75","0","0","100","0","0","0","30","2.5","2","60","1.6","0.4","20.5","6.7","16","8.21","365","14","1","0","0","299","299","1027","78712","84","210","339","10177","478","67251","true","33090","46","108","324","11686","12762","7254"
"1","0.1","3","true","false","false","false","false","false","true","0.1","1","1","1","1","75","0","0","100","0","0","0","30","2.5","2","60","1.6","0.4","20.5","6.7","16","8.21","365","14","1","0","0","299","299","1028","78720","87","206","335","10174","478","67251","true","33085","46","108","324","11692","12772","7258"
"1","0.1","3","true","false","false","false","false","false","true","0.1","1","1","1","1","75","0","0","100","0","0","0","30","2.5","2","60","1.6","0.4","20.5","6.7","16","8.21","365","14","1","0","0","299","299","1029","78724","96","204","329","10169","478","67251","true","33085","46","108","324","11696","12779","7261"
"1","0.1","3","true","false","false","false","false","false","true","0.1","1","1","1","1","75","0","0","100","0","0","0","30","2.5","2","60","1.6","0.4","20.5","6.7","16","8.21","365","14","1","0","0","299","299","1030","78753","88","194","328","10159","478","67251","true","33085","46","108","324","11703","12787","7264"
"1","0.1","3","true","false","false","false","false","false","true","0.1","1","1","1","1","75","0","0","100","0","0","0","30","2.5","2","60","1.6","0.4","20.5","6.7","16","8.21","365","14","1","0","0","299","299","1031","78755","90","195","322","10160","478","67251","true","33085","46","108","324","11712","12800","7267"
"1","0.1","3","true","false","false","false","false","false","true","0.1","1","1","1","1","75","0","0","100","0","0","0","30","2.5","2","60","1.6","0.4","20.5","6.7","16","8.21","365","14","1","0","0","299","299","1032","78772","83","186","324","10156","479","67251","true","33085","46","108","325","11723","12805","7271"
"1","0.1","3","true","false","false","false","false","false","true","0.1","1","1","1","1","75","0","0","100","0","0","0","30","2.5","2","60","1.6","0.4","20.5","6.7","16","8.21","365","14","1","0","0","299","299","1033","78783","81","182","327","10148","479","67251","true","33083","46","108","325","11731","12810","7275"
"1","0.1","3","true","false","false","false","false","false","true","0.1","1","1","1","1","75","0","0","100","0","0","0","30","2.5","2","60","1.6","0.4","20.5","6.7","16","8.21","365","14","1","0","0","299","299","1034","78803","88","169","324","10137","479","67251","true","33083","46","108","325","11733","12819","7279"
"1","0.1","3","true","false","false","false","false","false","true","0.1","1","1","1","1","75","0","0","100","0","0","0","30","2.5","2","60","1.6","0.4","20.5","6.7","16","8.21","365","14","1","0","0","299","299","1035","78823","84","176","308","10129","480","67251","true","33083","46","109","325","11743","12829","7283"
"1","0.1","3","true","false","false","false","false","false","true","0.1","1","1","1","1","75","0","0","100","0","0","0","30","2.5","2","60","1.6","0.4","20.5","6.7","16","8.21","365","14","1","0","0","299","299","1036","78829","90","179","313","10109","480","67251","true","33080","46","109","325","11750","12840","7285"
"1","0.1","3","true","false","false","false","false","false","true","0.1","1","1","1","1","75","0","0","100","0","0","0","30","2.5","2","60","1.6","0.4","20.5","6.7","16","8.21","365","14","1","0","0","299","299","1037","78851","86","179","306","10097","481","67251","true","33080","46","110","325","11758","12848","7292"
"1","0.1","3","true","false","false","false","false","false","true","0.1","1","1","1","1","75","0","0","100","0","0","0","30","2.5","2","60","1.6","0.4","20.5","6.7","16","8.21","365","14","1","0","0","299","299","1038","78864","78","178","313","10086","481","67251","true","33075","46","110","325","11765","12855","7299"
"1","0.1","3","true","false","false","false","false","false","true","0.1","1","1","1","1","75","0","0","100","0","0","0","30","2.5","2","60","1.6","0.4","20.5","6.7","16","8.21","365","14","1","0","0","299","299","1039","78877","70","178","315","10079","481","67251","true","33075","46","110","325","11770","12868","7304"
"1","0.1","3","true","false","false","false","false","false","true","0.1","1","1","1","1","75","0","0","100","0","0","0","30","2.5","2","60","1.6","0.4","20.5","6.7","16","8.21","365","14","1","0","0","299","299","1040","78893","76","183","313","10054","481","67251","true","33075","46","110","325","11776","12877","7306"
"1","0.1","3","true","false","false","false","false","false","true","0.1","1","1","1","1","75","0","0","100","0","0","0","30","2.5","2","60","1.6","0.4","20.5","6.7","16","8.21","365","14","1","0","0","299","299","1041","78916","78","181","301","10042","482","67251","true","33075","46","111","325","11780","12886","7308"
"1","0.1","3","true","false","false","false","false","false","true","0.1","1","1","1","1","75","0","0","100","0","0","0","30","2.5","2","60","1.6","0.4","20.5","6.7","16","8.21","365","14","1","0","0","299","299","1042","78939","78","183","286","10032","482","67251","true","33070","46","111","325","11784","12896","7310"
"1","0.1","3","true","false","false","false","false","false","true","0.1","1","1","1","1","75","0","0","100","0","0","0","30","2.5","2","60","1.6","0.4","20.5","6.7","16","8.21","365","14","1","0","0","299","299","1043","78970","64","172","290","10021","483","67251","true","33070","46","111","326","11791","12903","7312"
"1","0.1","3","true","false","false","false","false","false","true","0.1","1","1","1","1","75","0","0","100","0","0","0","30","2.5","2","60","1.6","0.4","20.5","6.7","16","8.21","365","14","1","0","0","299","299","1044","78991","55","170","296","10005","483","67251","true","33064","46","111","326","11797","12908","7317"
"1","0.1","3","true","false","false","false","false","false","true","0.1","1","1","1","1","75","0","0","100","0","0","0","30","2.5","2","60","1.6","0.4","20.5","6.7","16","8.21","365","14","1","0","0","299","299","1045","78996","59","173","287","10002","483","67251","true","33064","46","111","326","11802","12919","7321"
"1","0.1","3","true","false","false","false","false","false","true","0.1","1","1","1","1","75","0","0","100","0","0","0","30","2.5","2","60","1.6","0.4","20.5","6.7","16","8.21","365","14","1","0","0","299","299","1046","79017","68","173","272","9986","484","67251","true","33064","46","112","326","11805","12927","7323"
"1","0.1","3","true","false","false","false","false","false","true","0.1","1","1","1","1","75","0","0","100","0","0","0","30","2.5","2","60","1.6","0.4","20.5","6.7","16","8.21","365","14","1","0","0","299","299","1047","79032","73","179","256","9976","484","67251","true","33062","46","112","326","11811","12936","7329"
"1","0.1","3","true","false","false","false","false","false","true","0.1","1","1","1","1","75","0","0","100","0","0","0","30","2.5","2","60","1.6","0.4","20.5","6.7","16","8.21","365","14","1","0","0","299","299","1048","79055","70","180","256","9955","484","67251","true","33062","46","112","326","11815","12941","7334"
"1","0.1","3","true","false","false","false","false","false","true","0.1","1","1","1","1","75","0","0","100","0","0","0","30","2.5","2","60","1.6","0.4","20.5","6.7","16","8.21","365","14","1","0","0","299","299","1049","79077","61","178","253","9947","484","67251","true","33062","46","112","326","11821","12947","7341"
"1","0.1","3","true","false","false","false","false","false","true","0.1","1","1","1","1","75","0","0","100","0","0","0","30","2.5","2","60","1.6","0.4","20.5","6.7","16","8.21","365","14","1","0","0","299","299","1050","79093","64","176","252","9931","484","67251","true","33062","46","112","326","11825","12950","7343"
"1","0.1","3","true","false","false","false","false","false","true","0.1","1","1","1","1","75","0","0","100","0","0","0","30","2.5","2","60","1.6","0.4","20.5","6.7","16","8.21","365","14","1","0","0","299","299","1051","79111","57","174","252","9920","486","67251","true","33062","46","114","326","11834","12955","7345"
"1","0.1","3","true","false","false","false","false","false","true","0.1","1","1","1","1","75","0","0","100","0","0","0","30","2.5","2","60","1.6","0.4","20.5","6.7","16","8.21","365","14","1","0","0","299","299","1052","79138","57","176","244","9899","486","67251","true","33058","46","114","326","11837","12963","7348"
"1","0.1","3","true","false","false","false","false","false","true","0.1","1","1","1","1","75","0","0","100","0","0","0","30","2.5","2","60","1.6","0.4","20.5","6.7","16","8.21","365","14","1","0","0","299","299","1053","79148","58","172","243","9892","487","67251","true","33058","46","115","326","11844","12968","7353"
"1","0.1","3","true","false","false","false","false","false","true","0.1","1","1","1","1","75","0","0","100","0","0","0","30","2.5","2","60","1.6","0.4","20.5","6.7","16","8.21","365","14","1","0","0","299","299","1054","79171","54","171","239","9878","487","67251","true","33056","46","115","326","11850","12976","7357"
"1","0.1","3","true","false","false","false","false","false","true","0.1","1","1","1","1","75","0","0","100","0","0","0","30","2.5","2","60","1.6","0.4","20.5","6.7","16","8.21","365","14","1","0","0","299","299","1055","79181","62","169","235","9866","487","67251","true","33056","46","115","326","11854","12982","7361"
"1","0.1","3","true","false","false","false","false","false","true","0.1","1","1","1","1","75","0","0","100","0","0","0","30","2.5","2","60","1.6","0.4","20.5","6.7","16","8.21","365","14","1","0","0","299","299","1056","79198","59","171","234","9851","487","67251","true","33056","46","115","326","11858","12988","7371"
"1","0.1","3","true","false","false","false","false","false","true","0.1","1","1","1","1","75","0","0","100","0","0","0","30","2.5","2","60","1.6","0.4","20.5","6.7","16","8.21","365","14","1","0","0","299","299","1057","79212","61","167","226","9847","487","67251","true","33056","46","115","326","11863","12992","7374"
"1","0.1","3","true","false","false","false","false","false","true","0.1","1","1","1","1","75","0","0","100","0","0","0","30","2.5","2","60","1.6","0.4","20.5","6.7","16","8.21","365","14","1","0","0","299","299","1058","79236","63","168","215","9831","487","67251","true","33056","46","115","326","11866","12996","7380"
"1","0.1","3","true","false","false","false","false","false","true","0.1","1","1","1","1","75","0","0","100","0","0","0","30","2.5","2","60","1.6","0.4","20.5","6.7","16","8.21","365","14","1","0","0","299","299","1059","79253","60","160","213","9826","488","67251","true","33056","47","115","326","11873","13000","7382"
"1","0.1","3","true","false","false","false","false","false","true","0.1","1","1","1","1","75","0","0","100","0","0","0","30","2.5","2","60","1.6","0.4","20.5","6.7","16","8.21","365","14","1","0","0","299","299","1060","79273","60","157","210","9811","489","67251","true","33052","48","115","326","11877","13006","7389"
"1","0.1","3","true","false","false","false","false","false","true","0.1","1","1","1","1","75","0","0","100","0","0","0","30","2.5","2","60","1.6","0.4","20.5","6.7","16","8.21","365","14","1","0","0","299","299","1061","79284","63","157","207","9800","489","67251","true","33049","48","115","326","11881","13008","7395"
"1","0.1","3","true","false","false","false","false","false","true","0.1","1","1","1","1","75","0","0","100","0","0","0","30","2.5","2","60","1.6","0.4","20.5","6.7","16","8.21","365","14","1","0","0","299","299","1062","79302","62","153","213","9781","489","67251","true","33049","48","115","326","11885","13015","7401"
"1","0.1","3","true","false","false","false","false","false","true","0.1","1","1","1","1","75","0","0","100","0","0","0","30","2.5","2","60","1.6","0.4","20.5","6.7","16","8.21","365","14","1","0","0","299","299","1063","79304","59","151","217","9780","489","67251","true","33049","48","115","326","11891","13017","7403"
"1","0.1","3","true","false","false","false","false","false","true","0.1","1","1","1","1","75","0","0","100","0","0","0","30","2.5","2","60","1.6","0.4","20.5","6.7","16","8.21","365","14","1","0","0","299","299","1064","79305","70","149","214","9771","491","67251","true","33049","48","116","327","11893","13023","7407"
"1","0.1","3","true","false","false","false","false","false","true","0.1","1","1","1","1","75","0","0","100","0","0","0","30","2.5","2","60","1.6","0.4","20.5","6.7","16","8.21","365","14","1","0","0","299","299","1065","79321","67","149","211","9761","491","67251","true","33038","48","116","327","11897","13027","7410"
"1","0.1","3","true","false","false","false","false","false","true","0.1","1","1","1","1","75","0","0","100","0","0","0","30","2.5","2","60","1.6","0.4","20.5","6.7","16","8.21","365","14","1","0","0","299","299","1066","79333","57","149","215","9755","491","67251","true","33038","48","116","327","11908","13036","7413"
"1","0.1","3","true","false","false","false","false","false","true","0.1","1","1","1","1","75","0","0","100","0","0","0","30","2.5","2","60","1.6","0.4","20.5","6.7","16","8.21","365","14","1","0","0","299","299","1067","79340","54","146","215","9753","492","67251","true","33038","48","116","328","11915","13042","7418"
"1","0.1","3","true","false","false","false","false","false","true","0.1","1","1","1","1","75","0","0","100","0","0","0","30","2.5","2","60","1.6","0.4","20.5","6.7","16","8.21","365","14","1","0","0","299","299","1068","79358","53","145","205","9747","492","67251","true","33035","48","116","328","11919","13052","7419"
"1","0.1","3","true","false","false","false","false","false","true","0.1","1","1","1","1","75","0","0","100","0","0","0","30","2.5","2","60","1.6","0.4","20.5","6.7","16","8.21","365","14","1","0","0","299","299","1069","79363","47","145","209","9744","492","67251","true","33035","48","116","328","11923","13055","7425"
"1","0.1","3","true","false","false","false","false","false","true","0.1","1","1","1","1","75","0","0","100","0","0","0","30","2.5","2","60","1.6","0.4","20.5","6.7","16","8.21","365","14","1","0","0","299","299","1070","79368","45","145","208","9742","492","67251","true","33035","48","116","328","11926","13064","7426"
"1","0.1","3","true","false","false","false","false","false","true","0.1","1","1","1","1","75","0","0","100","0","0","0","30","2.5","2","60","1.6","0.4","20.5","6.7","16","8.21","365","14","1","0","0","299","299","1071","79385","48","152","198","9725","492","67251","true","33035","48","116","328","11927","13074","7432"
"1","0.1","3","true","false","false","false","false","false","true","0.1","1","1","1","1","75","0","0","100","0","0","0","30","2.5","2","60","1.6","0.4","20.5","6.7","16","8.21","365","14","1","0","0","299","299","1072","79385","56","151","190","9725","493","67251","true","33035","48","116","329","11933","13076","7433"
"1","0.1","3","true","false","false","false","false","false","true","0.1","1","1","1","1","75","0","0","100","0","0","0","30","2.5","2","60","1.6","0.4","20.5","6.7","16","8.21","365","14","1","0","0","299","299","1073","79405","52","149","188","9713","493","67251","true","33030","48","116","329","11938","13084","7435"
"1","0.1","3","true","false","false","false","false","false","true","0.1","1","1","1","1","75","0","0","100","0","0","0","30","2.5","2","60","1.6","0.4","20.5","6.7","16","8.21","365","14","1","0","0","299","299","1074","79419","49","146","182","9711","493","67251","true","33030","48","116","329","11939","13087","7437"
"1","0.1","3","true","false","false","false","false","false","true","0.1","1","1","1","1","75","0","0","100","0","0","0","30","2.5","2","60","1.6","0.4","20.5","6.7","16","8.21","365","14","1","0","0","299","299","1075","79421","46","145","186","9709","493","67251","true","33030","48","116","329","11940","13093","7439"
"1","0.1","3","true","false","false","false","false","false","true","0.1","1","1","1","1","75","0","0","100","0","0","0","30","2.5","2","60","1.6","0.4","20.5","6.7","16","8.21","365","14","1","0","0","299","299","1076","79439","47","145","181","9695","493","67251","true","33030","48","116","329","11944","13097","7444"
"1","0.1","3","true","false","false","false","false","false","true","0.1","1","1","1","1","75","0","0","100","0","0","0","30","2.5","2","60","1.6","0.4","20.5","6.7","16","8.21","365","14","1","0","0","299","299","1077","79452","53","141","169","9691","494","67251","true","33030","48","116","330","11946","13102","7444"
"1","0.1","3","true","false","false","false","false","false","true","0.1","1","1","1","1","75","0","0","100","0","0","0","30","2.5","2","60","1.6","0.4","20.5","6.7","16","8.21","365","14","1","0","0","299","299","1078","79453","53","139","170","9691","494","67251","true","33025","48","116","330","11951","13109","7447"
"1","0.1","3","true","false","false","false","false","false","true","0.1","1","1","1","1","75","0","0","100","0","0","0","30","2.5","2","60","1.6","0.4","20.5","6.7","16","8.21","365","14","1","0","0","299","299","1079","79463","51","142","169","9680","495","67251","true","33025","48","117","330","11957","13113","7448"
"1","0.1","3","true","false","false","false","false","false","true","0.1","1","1","1","1","75","0","0","100","0","0","0","30","2.5","2","60","1.6","0.4","20.5","6.7","16","8.21","365","14","1","0","0","299","299","1080","79472","52","144","166","9671","495","67251","true","33021","48","117","330","11962","13119","7451"
"1","0.1","3","true","false","false","false","false","false","true","0.1","1","1","1","1","75","0","0","100","0","0","0","30","2.5","2","60","1.6","0.4","20.5","6.7","16","8.21","365","14","1","0","0","299","299","1081","79479","50","141","168","9666","496","67251","true","33021","48","117","331","11968","13125","7454"
"1","0.1","3","true","false","false","false","false","false","true","0.1","1","1","1","1","75","0","0","100","0","0","0","30","2.5","2","60","1.6","0.4","20.5","6.7","16","8.21","365","14","1","0","0","299","299","1082","79476","52","139","157","9679","497","67251","true","33015","48","117","332","11969","13133","7455"
"1","0.1","3","true","false","false","false","false","false","true","0.1","1","1","1","1","75","0","0","100","0","0","0","30","2.5","2","60","1.6","0.4","20.5","6.7","16","8.21","365","14","1","0","0","299","299","1083","79490","50","137","157","9669","497","67251","true","33011","48","117","332","11971","13138","7456"
"1","0.1","3","true","false","false","false","false","false","true","0.1","1","1","1","1","75","0","0","100","0","0","0","30","2.5","2","60","1.6","0.4","20.5","6.7","16","8.21","365","14","1","0","0","299","299","1084","79498","55","136","160","9654","497","67251","true","33011","48","117","332","11973","13145","7459"
"1","0.1","3","true","false","false","false","false","false","true","0.1","1","1","1","1","75","0","0","100","0","0","0","30","2.5","2","60","1.6","0.4","20.5","6.7","16","8.21","365","14","1","0","0","299","299","1085","79503","44","133","168","9655","497","67251","true","33011","48","117","332","11976","13148","7462"
"1","0.1","3","true","false","false","false","false","false","true","0.1","1","1","1","1","75","0","0","100","0","0","0","30","2.5","2","60","1.6","0.4","20.5","6.7","16","8.21","365","14","1","0","0","299","299","1086","79500","46","132","170","9655","497","67251","true","33011","48","117","332","11982","13150","7463"
"1","0.1","3","true","false","false","false","false","false","true","0.1","1","1","1","1","75","0","0","100","0","0","0","30","2.5","2","60","1.6","0.4","20.5","6.7","16","8.21","365","14","1","0","0","299","299","1087","79512","44","129","163","9655","497","67251","true","33011","48","117","332","11989","13154","7464"
"1","0.1","3","true","false","false","false","false","false","true","0.1","1","1","1","1","75","0","0","100","0","0","0","30","2.5","2","60","1.6","0.4","20.5","6.7","16","8.21","365","14","1","0","0","299","299","1088","79513","45","130","159","9656","497","67251","true","33011","48","117","332","11994","13160","7466"
"1","0.1","3","true","false","false","false","false","false","true","0.1","1","1","1","1","75","0","0","100","0","0","0","30","2.5","2","60","1.6","0.4","20.5","6.7","16","8.21","365","14","1","0","0","299","299","1089","79517","48","126","152","9660","497","67251","true","33011","48","117","332","11996","13165","7470"
"1","0.1","3","true","false","false","false","false","false","true","0.1","1","1","1","1","75","0","0","100","0","0","0","30","2.5","2","60","1.6","0.4","20.5","6.7","16","8.21","365","14","1","0","0","299","299","1090","79522","44","123","154","9660","497","67251","true","33011","48","117","332","12003","13170","7471"
"1","0.1","3","true","false","false","false","false","false","true","0.1","1","1","1","1","75","0","0","100","0","0","0","30","2.5","2","60","1.6","0.4","20.5","6.7","16","8.21","365","14","1","0","0","299","299","1091","79521","52","123","147","9658","499","67251","true","33011","49","118","332","12006","13173","7475"
"1","0.1","3","true","false","false","false","false","false","true","0.1","1","1","1","1","75","0","0","100","0","0","0","30","2.5","2","60","1.6","0.4","20.5","6.7","16","8.21","365","14","1","0","0","299","299","1092","79526","52","118","154","9651","499","67251","true","33003","49","118","332","12012","13175","7479"
"1","0.1","3","true","false","false","false","false","false","true","0.1","1","1","1","1","75","0","0","100","0","0","0","30","2.5","2","60","1.6","0.4","20.5","6.7","16","8.21","365","14","1","0","0","299","299","1093","79529","47","113","156","9656","499","67251","true","33003","49","118","332","12015","13183","7481"
"1","0.1","3","true","false","false","false","false","false","true","0.1","1","1","1","1","75","0","0","100","0","0","0","30","2.5","2","60","1.6","0.4","20.5","6.7","16","8.21","365","14","1","0","0","299","299","1094","79522","48","110","163","9658","499","67251","true","33003","49","118","332","12018","13190","7483"
"1","0.1","3","true","false","false","false","false","false","true","0.1","1","1","1","1","75","0","0","100","0","0","0","30","2.5","2","60","1.6","0.4","20.5","6.7","16","8.21","365","14","1","0","0","299","299","1095","79522","50","110","158","9661","499","67251","true","33003","49","118","332","12020","13198","7485"
