"BehaviorSpace results (NetLogo 6.1.1)"
"model.nlogo"
"ld-only-p10"
"07/13/2020 22:31:20:988 +0100"
"min-pxcor","max-pxcor","min-pycor","max-pycor"
"0","49","0","49"
"[run number]","initial-inf","duration","imposed-lockdown?","personal-protection?","isolate-symptomatics?","test-and-trace?","shield-vulnerable?","closed-system?","lose-immunity?","lockdown-threshold","protection-threshold","isolate-threshold","testtrace-threshold","shield-threshold","lockdown-strictness","protection-strength","isolation-strictness","travel-strictness","shield-adherance","sym-test-coverage","asym-test-coverage","p-infect-init","p-death","z-contact-min","asym-infections","incubation-mean","incubation-stdev","recovery-mean","recovery-stdev","death-mean","death-stdev","immunity-mean","iso-countdown-max","mean-iso-reduction","min-pxcor","min-pycor","max-pxcor","max-pycor","[step]","count susceptibles","count exposeds","count symptomatics","count asymptomatics","count recovereds","count deads","count.locked","currently-locked?","num-contacts","dead-0-29","dead-30-59","dead-60+","count-infecteds-0-29","count-infecteds-30-59","count-infecteds-60+"
"1","0.1","0.5","true","false","false","false","false","false","false","0.1","1","1","1","1","75","0","0","100","0","0","0","10","2.5","2","60","1.6","0.4","20.5","6.7","16","8.21","365","14","1","0","0","299","299","0","89910","90","0","0","0","0","0","false","0","0","0","0","0","0","0"
"1","0.1","0.5","true","false","false","false","false","false","false","0.1","1","1","1","1","75","0","0","100","0","0","0","10","2.5","2","60","1.6","0.4","20.5","6.7","16","8.21","365","14","1","0","0","299","299","1","89910","83","0","7","0","0","0","false","538475","0","0","0","3","1","2"
"1","0.1","0.5","true","false","false","false","false","false","false","0.1","1","1","1","1","75","0","0","100","0","0","0","10","2.5","2","60","1.6","0.4","20.5","6.7","16","8.21","365","14","1","0","0","299","299","2","89903","81","0","16","0","0","0","false","538475","0","0","0","6","4","2"
"1","0.1","0.5","true","false","false","false","false","false","false","0.1","1","1","1","1","75","0","0","100","0","0","0","10","2.5","2","60","1.6","0.4","20.5","6.7","16","8.21","365","14","1","0","0","299","299","3","89881","94","0","25","0","0","0","false","538475","0","0","0","6","7","6"
"1","0.1","0.5","true","false","false","false","false","false","false","0.1","1","1","1","1","75","0","0","100","0","0","0","10","2.5","2","60","1.6","0.4","20.5","6.7","16","8.21","365","14","1","0","0","299","299","4","89864","89","2","45","0","0","0","false","538475","0","0","0","12","14","9"
"1","0.1","0.5","true","false","false","false","false","false","false","0.1","1","1","1","1","75","0","0","100","0","0","0","10","2.5","2","60","1.6","0.4","20.5","6.7","16","8.21","365","14","1","0","0","299","299","5","89819","113","4","64","0","0","0","false","538475","0","0","0","19","16","13"
"1","0.1","0.5","true","false","false","false","false","false","false","0.1","1","1","1","1","75","0","0","100","0","0","0","10","2.5","2","60","1.6","0.4","20.5","6.7","16","8.21","365","14","1","0","0","299","299","6","89759","145","8","88","0","0","0","false","538475","0","0","0","25","24","21"
"1","0.1","0.5","true","false","false","false","false","false","false","0.1","1","1","1","1","75","0","0","100","0","0","0","10","2.5","2","60","1.6","0.4","20.5","6.7","16","8.21","365","14","1","0","0","299","299","7","89686","195","11","108","0","0","0","false","538475","0","0","0","27","32","26"
"1","0.1","0.5","true","false","false","false","false","false","false","0.1","1","1","1","1","75","0","0","100","0","0","0","10","2.5","2","60","1.6","0.4","20.5","6.7","16","8.21","365","14","1","0","0","299","299","8","89595","240","23","142","0","0","0","false","538475","0","0","0","41","47","34"
"1","0.1","0.5","true","false","false","false","false","false","false","0.1","1","1","1","1","75","0","0","100","0","0","0","10","2.5","2","60","1.6","0.4","20.5","6.7","16","8.21","365","14","1","0","0","299","299","9","89481","306","37","176","0","0","0","false","538475","0","0","0","58","60","45"
"1","0.1","0.5","true","false","false","false","false","false","false","0.1","1","1","1","1","75","0","0","100","0","0","0","10","2.5","2","60","1.6","0.4","20.5","6.7","16","8.21","365","14","1","0","0","299","299","10","89364","369","52","215","0","0","0","false","538475","0","0","0","83","79","51"
"1","0.1","0.5","true","false","false","false","false","false","false","0.1","1","1","1","1","75","0","0","100","0","0","0","10","2.5","2","60","1.6","0.4","20.5","6.7","16","8.21","365","14","1","0","0","299","299","11","89235","432","65","268","0","0","0","false","538475","0","0","0","104","96","62"
"1","0.1","0.5","true","false","false","false","false","false","false","0.1","1","1","1","1","75","0","0","100","0","0","0","10","2.5","2","60","1.6","0.4","20.5","6.7","16","8.21","365","14","1","0","0","299","299","12","89080","506","86","328","0","0","0","false","538475","0","0","0","132","122","74"
"1","0.1","0.5","true","false","false","false","false","false","false","0.1","1","1","1","1","75","0","0","100","0","0","0","10","2.5","2","60","1.6","0.4","20.5","6.7","16","8.21","365","14","1","0","0","299","299","13","88912","578","113","397","0","0","67717","true","538475","0","0","0","171","154","89"
"1","0.1","0.5","true","false","false","false","false","false","false","0.1","1","1","1","1","75","0","0","100","0","0","0","10","2.5","2","60","1.6","0.4","20.5","6.7","16","8.21","365","14","1","0","0","299","299","14","88893","474","134","499","0","0","67717","true","33053","0","0","0","202","192","118"
"1","0.1","0.5","true","false","false","false","false","false","false","0.1","1","1","1","1","75","0","0","100","0","0","0","10","2.5","2","60","1.6","0.4","20.5","6.7","16","8.21","365","14","1","0","0","299","299","15","88880","367","172","581","0","0","67717","true","33053","0","0","0","250","227","143"
"1","0.1","0.5","true","false","false","false","false","false","false","0.1","1","1","1","1","75","0","0","100","0","0","0","10","2.5","2","60","1.6","0.4","20.5","6.7","16","8.21","365","14","1","0","0","299","299","16","88871","278","214","636","1","0","67717","true","33053","0","0","0","289","269","164"
"1","0.1","0.5","true","false","false","false","false","false","false","0.1","1","1","1","1","75","0","0","100","0","0","0","10","2.5","2","60","1.6","0.4","20.5","6.7","16","8.21","365","14","1","0","0","299","299","17","88841","221","256","680","2","0","67717","true","33053","0","0","0","328","302","188"
"1","0.1","0.5","true","false","false","false","false","false","false","0.1","1","1","1","1","75","0","0","100","0","0","0","10","2.5","2","60","1.6","0.4","20.5","6.7","16","8.21","365","14","1","0","0","299","299","18","88821","163","302","710","3","1","67716","true","33053","0","1","0","356","346","209"
"1","0.1","0.5","true","false","false","false","false","false","false","0.1","1","1","1","1","75","0","0","100","0","0","0","10","2.5","2","60","1.6","0.4","20.5","6.7","16","8.21","365","14","1","0","0","299","299","19","88795","139","336","722","7","1","67716","true","33053","0","1","0","379","377","222"
"1","0.1","0.5","true","false","false","false","false","false","false","0.1","1","1","1","1","75","0","0","100","0","0","0","10","2.5","2","60","1.6","0.4","20.5","6.7","16","8.21","365","14","1","0","0","299","299","20","88760","125","372","734","8","1","67716","true","33053","0","1","0","406","401","238"
"1","0.1","0.5","true","false","false","false","false","false","false","0.1","1","1","1","1","75","0","0","100","0","0","0","10","2.5","2","60","1.6","0.4","20.5","6.7","16","8.21","365","14","1","0","0","299","299","21","88736","128","402","722","11","1","67716","true","33053","0","1","0","422","419","248"
"1","0.1","0.5","true","false","false","false","false","false","false","0.1","1","1","1","1","75","0","0","100","0","0","0","10","2.5","2","60","1.6","0.4","20.5","6.7","16","8.21","365","14","1","0","0","299","299","22","88710","118","420","734","16","2","67715","true","33053","0","1","1","438","434","262"
"1","0.1","0.5","true","false","false","false","false","false","false","0.1","1","1","1","1","75","0","0","100","0","0","0","10","2.5","2","60","1.6","0.4","20.5","6.7","16","8.21","365","14","1","0","0","299","299","23","88679","117","430","741","31","2","67715","true","33053","0","1","1","451","445","270"
"1","0.1","0.5","true","false","false","false","false","false","false","0.1","1","1","1","1","75","0","0","100","0","0","0","10","2.5","2","60","1.6","0.4","20.5","6.7","16","8.21","365","14","1","0","0","299","299","24","88655","120","439","734","49","3","67714","true","33053","0","1","2","459","454","278"
"1","0.1","0.5","true","false","false","false","false","false","false","0.1","1","1","1","1","75","0","0","100","0","0","0","10","2.5","2","60","1.6","0.4","20.5","6.7","16","8.21","365","14","1","0","0","299","299","25","88631","125","446","726","69","3","67714","true","33053","0","1","2","465","462","285"
"1","0.1","0.5","true","false","false","false","false","false","false","0.1","1","1","1","1","75","0","0","100","0","0","0","10","2.5","2","60","1.6","0.4","20.5","6.7","16","8.21","365","14","1","0","0","299","299","26","88606","115","449","742","84","4","67713","true","33053","0","2","2","474","473","291"
"1","0.1","0.5","true","false","false","false","false","false","false","0.1","1","1","1","1","75","0","0","100","0","0","0","10","2.5","2","60","1.6","0.4","20.5","6.7","16","8.21","365","14","1","0","0","299","299","27","88584","109","452","739","112","4","67713","true","33053","0","2","2","479","487","297"
"1","0.1","0.5","true","false","false","false","false","false","false","0.1","1","1","1","1","75","0","0","100","0","0","0","10","2.5","2","60","1.6","0.4","20.5","6.7","16","8.21","365","14","1","0","0","299","299","28","88562","96","455","739","143","5","67713","true","33053","0","2","3","496","498","303"
"1","0.1","0.5","true","false","false","false","false","false","false","0.1","1","1","1","1","75","0","0","100","0","0","0","10","2.5","2","60","1.6","0.4","20.5","6.7","16","8.21","365","14","1","0","0","299","299","29","88531","106","457","714","186","6","67713","true","33049","0","3","3","507","510","310"
"1","0.1","0.5","true","false","false","false","false","false","false","0.1","1","1","1","1","75","0","0","100","0","0","0","10","2.5","2","60","1.6","0.4","20.5","6.7","16","8.21","365","14","1","0","0","299","299","30","88507","107","464","686","230","6","67713","true","33045","0","3","3","522","519","317"
"1","0.1","0.5","true","false","false","false","false","false","false","0.1","1","1","1","1","75","0","0","100","0","0","0","10","2.5","2","60","1.6","0.4","20.5","6.7","16","8.21","365","14","1","0","0","299","299","31","88476","111","457","666","282","8","67711","true","33045","0","3","5","531","530","323"
"1","0.1","0.5","true","false","false","false","false","false","false","0.1","1","1","1","1","75","0","0","100","0","0","0","10","2.5","2","60","1.6","0.4","20.5","6.7","16","8.21","365","14","1","0","0","299","299","32","88449","112","444","648","338","9","67710","true","33045","0","3","6","539","540","329"
"1","0.1","0.5","true","false","false","false","false","false","false","0.1","1","1","1","1","75","0","0","100","0","0","0","10","2.5","2","60","1.6","0.4","20.5","6.7","16","8.21","365","14","1","0","0","299","299","33","88432","105","434","627","392","10","67710","true","33045","0","3","7","551","547","334"
"1","0.1","0.5","true","false","false","false","false","false","false","0.1","1","1","1","1","75","0","0","100","0","0","0","10","2.5","2","60","1.6","0.4","20.5","6.7","16","8.21","365","14","1","0","0","299","299","34","88393","123","419","599","455","11","67709","true","33042","0","4","7","559","558","338"
"1","0.1","0.5","true","false","false","false","false","false","false","0.1","1","1","1","1","75","0","0","100","0","0","0","10","2.5","2","60","1.6","0.4","20.5","6.7","16","8.21","365","14","1","0","0","299","299","35","88366","116","411","594","501","12","67709","true","33042","0","4","8","575","570","343"
"1","0.1","0.5","true","false","false","false","false","false","false","0.1","1","1","1","1","75","0","0","100","0","0","0","10","2.5","2","60","1.6","0.4","20.5","6.7","16","8.21","365","14","1","0","0","299","299","36","88338","114","400","570","565","13","67708","true","33036","0","4","9","584","579","354"
"1","0.1","0.5","true","false","false","false","false","false","false","0.1","1","1","1","1","75","0","0","100","0","0","0","10","2.5","2","60","1.6","0.4","20.5","6.7","16","8.21","365","14","1","0","0","299","299","37","88324","102","381","537","642","14","67707","true","33036","1","4","9","593","588","364"
"1","0.1","0.5","true","false","false","false","false","false","false","0.1","1","1","1","1","75","0","0","100","0","0","0","10","2.5","2","60","1.6","0.4","20.5","6.7","16","8.21","365","14","1","0","0","299","299","38","88308","91","368","514","705","14","67707","true","33036","1","4","9","602","599","377"
"1","0.1","0.5","true","false","false","false","false","false","false","0.1","1","1","1","1","75","0","0","100","0","0","0","10","2.5","2","60","1.6","0.4","20.5","6.7","16","8.21","365","14","1","0","0","299","299","39","88279","97","364","497","748","15","67707","true","33036","2","4","9","616","610","382"
"1","0.1","0.5","true","false","false","false","false","false","false","0.1","1","1","1","1","75","0","0","100","0","0","0","10","2.5","2","60","1.6","0.4","20.5","6.7","16","8.21","365","14","1","0","0","299","299","40","88252","102","354","483","794","15","67707","true","33035","2","4","9","622","623","385"
"1","0.1","0.5","true","false","false","false","false","false","false","0.1","1","1","1","1","75","0","0","100","0","0","0","10","2.5","2","60","1.6","0.4","20.5","6.7","16","8.21","365","14","1","0","0","299","299","41","88222","107","328","467","861","15","67707","true","33035","2","4","9","633","630","387"
"1","0.1","0.5","true","false","false","false","false","false","false","0.1","1","1","1","1","75","0","0","100","0","0","0","10","2.5","2","60","1.6","0.4","20.5","6.7","16","8.21","365","14","1","0","0","299","299","42","88195","112","311","452","915","15","67707","true","33035","2","4","9","639","640","393"
"1","0.1","0.5","true","false","false","false","false","false","false","0.1","1","1","1","1","75","0","0","100","0","0","0","10","2.5","2","60","1.6","0.4","20.5","6.7","16","8.21","365","14","1","0","0","299","299","43","88173","107","295","447","963","15","67707","true","33035","2","4","9","646","648","399"
"1","0.1","0.5","true","false","false","false","false","false","false","0.1","1","1","1","1","75","0","0","100","0","0","0","10","2.5","2","60","1.6","0.4","20.5","6.7","16","8.21","365","14","1","0","0","299","299","44","88151","106","275","441","1012","15","67707","true","33035","2","4","9","656","653","403"
"1","0.1","0.5","true","false","false","false","false","false","false","0.1","1","1","1","1","75","0","0","100","0","0","0","10","2.5","2","60","1.6","0.4","20.5","6.7","16","8.21","365","14","1","0","0","299","299","45","88131","88","266","446","1054","15","67707","true","33035","2","4","9","666","665","414"
"1","0.1","0.5","true","false","false","false","false","false","false","0.1","1","1","1","1","75","0","0","100","0","0","0","10","2.5","2","60","1.6","0.4","20.5","6.7","16","8.21","365","14","1","0","0","299","299","46","88101","98","256","435","1093","17","67706","true","33035","2","5","10","673","672","421"
"1","0.1","0.5","true","false","false","false","false","false","false","0.1","1","1","1","1","75","0","0","100","0","0","0","10","2.5","2","60","1.6","0.4","20.5","6.7","16","8.21","365","14","1","0","0","299","299","47","88083","103","251","411","1134","18","67705","true","33030","3","5","10","677","683","427"
"1","0.1","0.5","true","false","false","false","false","false","false","0.1","1","1","1","1","75","0","0","100","0","0","0","10","2.5","2","60","1.6","0.4","20.5","6.7","16","8.21","365","14","1","0","0","299","299","48","88064","94","250","406","1168","18","67705","true","33030","3","5","10","687","696","433"
"1","0.1","0.5","true","false","false","false","false","false","false","0.1","1","1","1","1","75","0","0","100","0","0","0","10","2.5","2","60","1.6","0.4","20.5","6.7","16","8.21","365","14","1","0","0","299","299","49","88047","92","238","395","1209","19","67705","true","33030","3","5","11","692","704","438"
"1","0.1","0.5","true","false","false","false","false","false","false","0.1","1","1","1","1","75","0","0","100","0","0","0","10","2.5","2","60","1.6","0.4","20.5","6.7","16","8.21","365","14","1","0","0","299","299","50","88008","110","228","383","1251","20","67705","true","33028","3","5","12","697","713","446"
"1","0.1","0.5","true","false","false","false","false","false","false","0.1","1","1","1","1","75","0","0","100","0","0","0","10","2.5","2","60","1.6","0.4","20.5","6.7","16","8.21","365","14","1","0","0","299","299","51","87980","115","216","379","1289","21","67705","true","33023","3","5","13","703","717","451"
"1","0.1","0.5","true","false","false","false","false","false","false","0.1","1","1","1","1","75","0","0","100","0","0","0","10","2.5","2","60","1.6","0.4","20.5","6.7","16","8.21","365","14","1","0","0","299","299","52","87961","108","210","376","1324","21","67705","true","33018","3","5","13","712","726","458"
"1","0.1","0.5","true","false","false","false","false","false","false","0.1","1","1","1","1","75","0","0","100","0","0","0","10","2.5","2","60","1.6","0.4","20.5","6.7","16","8.21","365","14","1","0","0","299","299","53","87937","101","207","379","1355","21","67705","true","33018","3","5","13","722","738","467"
"1","0.1","0.5","true","false","false","false","false","false","false","0.1","1","1","1","1","75","0","0","100","0","0","0","10","2.5","2","60","1.6","0.4","20.5","6.7","16","8.21","365","14","1","0","0","299","299","54","87909","106","203","367","1393","22","67704","true","33018","3","5","14","730","747","472"
"1","0.1","0.5","true","false","false","false","false","false","false","0.1","1","1","1","1","75","0","0","100","0","0","0","10","2.5","2","60","1.6","0.4","20.5","6.7","16","8.21","365","14","1","0","0","299","299","55","87879","112","208","362","1417","22","67704","true","33018","3","5","14","735","757","483"
"1","0.1","0.5","true","false","false","false","false","false","false","0.1","1","1","1","1","75","0","0","100","0","0","0","10","2.5","2","60","1.6","0.4","20.5","6.7","16","8.21","365","14","1","0","0","299","299","56","87853","112","212","362","1439","22","67704","true","33018","3","5","14","751","765","486"
"1","0.1","0.5","true","false","false","false","false","false","false","0.1","1","1","1","1","75","0","0","100","0","0","0","10","2.5","2","60","1.6","0.4","20.5","6.7","16","8.21","365","14","1","0","0","299","299","57","87830","105","214","359","1470","22","67704","true","33018","3","5","14","760","777","493"
"1","0.1","0.5","true","false","false","false","false","false","false","0.1","1","1","1","1","75","0","0","100","0","0","0","10","2.5","2","60","1.6","0.4","20.5","6.7","16","8.21","365","14","1","0","0","299","299","58","87800","111","218","360","1488","23","67704","true","33018","3","5","15","774","787","496"
"1","0.1","0.5","true","false","false","false","false","false","false","0.1","1","1","1","1","75","0","0","100","0","0","0","10","2.5","2","60","1.6","0.4","20.5","6.7","16","8.21","365","14","1","0","0","299","299","59","87779","103","223","364","1508","23","67704","true","33015","3","5","15","780","801","501"
"1","0.1","0.5","true","false","false","false","false","false","false","0.1","1","1","1","1","75","0","0","100","0","0","0","10","2.5","2","60","1.6","0.4","20.5","6.7","16","8.21","365","14","1","0","0","299","299","60","87755","111","221","355","1535","23","67704","true","33015","3","5","15","787","811","507"
"1","0.1","0.5","true","false","false","false","false","false","false","0.1","1","1","1","1","75","0","0","100","0","0","0","10","2.5","2","60","1.6","0.4","20.5","6.7","16","8.21","365","14","1","0","0","299","299","61","87732","106","220","351","1568","23","67704","true","33015","3","5","15","797","824","513"
"1","0.1","0.5","true","false","false","false","false","false","false","0.1","1","1","1","1","75","0","0","100","0","0","0","10","2.5","2","60","1.6","0.4","20.5","6.7","16","8.21","365","14","1","0","0","299","299","62","87714","97","221","352","1593","23","67704","true","33015","3","5","15","809","829","523"
"1","0.1","0.5","true","false","false","false","false","false","false","0.1","1","1","1","1","75","0","0","100","0","0","0","10","2.5","2","60","1.6","0.4","20.5","6.7","16","8.21","365","14","1","0","0","299","299","63","87688","99","212","358","1620","23","67704","true","33015","3","5","15","816","838","529"
"1","0.1","0.5","true","false","false","false","false","false","false","0.1","1","1","1","1","75","0","0","100","0","0","0","10","2.5","2","60","1.6","0.4","20.5","6.7","16","8.21","365","14","1","0","0","299","299","64","87669","94","215","357","1642","23","67704","true","33015","3","5","15","827","846","537"
"1","0.1","0.5","true","false","false","false","false","false","false","0.1","1","1","1","1","75","0","0","100","0","0","0","10","2.5","2","60","1.6","0.4","20.5","6.7","16","8.21","365","14","1","0","0","299","299","65","87650","94","217","351","1665","23","67704","true","33015","3","5","15","836","852","545"
"1","0.1","0.5","true","false","false","false","false","false","false","0.1","1","1","1","1","75","0","0","100","0","0","0","10","2.5","2","60","1.6","0.4","20.5","6.7","16","8.21","365","14","1","0","0","299","299","66","87628","91","213","355","1690","23","67704","true","33015","3","5","15","845","856","553"
"1","0.1","0.5","true","false","false","false","false","false","false","0.1","1","1","1","1","75","0","0","100","0","0","0","10","2.5","2","60","1.6","0.4","20.5","6.7","16","8.21","365","14","1","0","0","299","299","67","87603","99","217","343","1713","25","67704","true","33015","3","5","17","856","862","557"
"1","0.1","0.5","true","false","false","false","false","false","false","0.1","1","1","1","1","75","0","0","100","0","0","0","10","2.5","2","60","1.6","0.4","20.5","6.7","16","8.21","365","14","1","0","0","299","299","68","87581","101","214","345","1734","25","67704","true","33009","3","5","17","864","867","559"
"1","0.1","0.5","true","false","false","false","false","false","false","0.1","1","1","1","1","75","0","0","100","0","0","0","10","2.5","2","60","1.6","0.4","20.5","6.7","16","8.21","365","14","1","0","0","299","299","69","87559","98","209","345","1764","25","67704","true","33009","3","5","17","873","877","561"
"1","0.1","0.5","true","false","false","false","false","false","false","0.1","1","1","1","1","75","0","0","100","0","0","0","10","2.5","2","60","1.6","0.4","20.5","6.7","16","8.21","365","14","1","0","0","299","299","70","87543","88","213","344","1787","25","67704","true","33009","3","5","17","889","887","565"
"1","0.1","0.5","true","false","false","false","false","false","false","0.1","1","1","1","1","75","0","0","100","0","0","0","10","2.5","2","60","1.6","0.4","20.5","6.7","16","8.21","365","14","1","0","0","299","299","71","87525","88","210","339","1811","27","67704","true","33009","3","5","19","897","888","572"
"1","0.1","0.5","true","false","false","false","false","false","false","0.1","1","1","1","1","75","0","0","100","0","0","0","10","2.5","2","60","1.6","0.4","20.5","6.7","16","8.21","365","14","1","0","0","299","299","72","87488","106","210","335","1834","27","67704","true","33000","3","5","19","909","896","574"
"1","0.1","0.5","true","false","false","false","false","false","false","0.1","1","1","1","1","75","0","0","100","0","0","0","10","2.5","2","60","1.6","0.4","20.5","6.7","16","8.21","365","14","1","0","0","299","299","73","87474","101","209","328","1860","28","67704","true","33000","3","5","20","914","908","578"
"1","0.1","0.5","true","false","false","false","false","false","false","0.1","1","1","1","1","75","0","0","100","0","0","0","10","2.5","2","60","1.6","0.4","20.5","6.7","16","8.21","365","14","1","0","0","299","299","74","87460","95","204","328","1885","28","67704","true","32994","3","5","20","919","917","584"
"1","0.1","0.5","true","false","false","false","false","false","false","0.1","1","1","1","1","75","0","0","100","0","0","0","10","2.5","2","60","1.6","0.4","20.5","6.7","16","8.21","365","14","1","0","0","299","299","75","87440","100","205","321","1905","29","67704","true","32994","4","5","20","928","923","588"
"1","0.1","0.5","true","false","false","false","false","false","false","0.1","1","1","1","1","75","0","0","100","0","0","0","10","2.5","2","60","1.6","0.4","20.5","6.7","16","8.21","365","14","1","0","0","299","299","76","87417","97","198","330","1929","29","67704","true","32989","4","5","20","935","937","590"
"1","0.1","0.5","true","false","false","false","false","false","false","0.1","1","1","1","1","75","0","0","100","0","0","0","10","2.5","2","60","1.6","0.4","20.5","6.7","16","8.21","365","14","1","0","0","299","299","77","87398","90","205","329","1949","29","67704","true","32989","4","5","20","948","945","597"
"1","0.1","0.5","true","false","false","false","false","false","false","0.1","1","1","1","1","75","0","0","100","0","0","0","10","2.5","2","60","1.6","0.4","20.5","6.7","16","8.21","365","14","1","0","0","299","299","78","87377","91","198","331","1974","29","67704","true","32989","4","5","20","953","954","598"
"1","0.1","0.5","true","false","false","false","false","false","false","0.1","1","1","1","1","75","0","0","100","0","0","0","10","2.5","2","60","1.6","0.4","20.5","6.7","16","8.21","365","14","1","0","0","299","299","79","87359","90","204","326","1992","29","67704","true","32989","4","5","20","958","965","606"
"1","0.1","0.5","true","false","false","false","false","false","false","0.1","1","1","1","1","75","0","0","100","0","0","0","10","2.5","2","60","1.6","0.4","20.5","6.7","16","8.21","365","14","1","0","0","299","299","80","87343","82","203","331","2012","29","67704","true","32989","4","5","20","965","972","609"
"1","0.1","0.5","true","false","false","false","false","false","false","0.1","1","1","1","1","75","0","0","100","0","0","0","10","2.5","2","60","1.6","0.4","20.5","6.7","16","8.21","365","14","1","0","0","299","299","81","87328","73","200","331","2039","29","67704","true","32989","4","5","20","974","980","616"
"1","0.1","0.5","true","false","false","false","false","false","false","0.1","1","1","1","1","75","0","0","100","0","0","0","10","2.5","2","60","1.6","0.4","20.5","6.7","16","8.21","365","14","1","0","0","299","299","82","87306","83","205","324","2052","30","67704","true","32989","4","5","21","984","986","619"
"1","0.1","0.5","true","false","false","false","false","false","false","0.1","1","1","1","1","75","0","0","100","0","0","0","10","2.5","2","60","1.6","0.4","20.5","6.7","16","8.21","365","14","1","0","0","299","299","83","87291","77","203","318","2081","30","67704","true","32987","4","5","21","990","999","627"
"1","0.1","0.5","true","false","false","false","false","false","false","0.1","1","1","1","1","75","0","0","100","0","0","0","10","2.5","2","60","1.6","0.4","20.5","6.7","16","8.21","365","14","1","0","0","299","299","84","87267","84","197","312","2110","30","67704","true","32987","4","5","21","998","1006","631"
"1","0.1","0.5","true","false","false","false","false","false","false","0.1","1","1","1","1","75","0","0","100","0","0","0","10","2.5","2","60","1.6","0.4","20.5","6.7","16","8.21","365","14","1","0","0","299","299","85","87242","88","189","308","2142","31","67704","true","32987","4","5","22","1002","1013","637"
"1","0.1","0.5","true","false","false","false","false","false","false","0.1","1","1","1","1","75","0","0","100","0","0","0","10","2.5","2","60","1.6","0.4","20.5","6.7","16","8.21","365","14","1","0","0","299","299","86","87223","89","184","305","2168","31","67704","true","32986","4","5","22","1008","1020","637"
"1","0.1","0.5","true","false","false","false","false","false","false","0.1","1","1","1","1","75","0","0","100","0","0","0","10","2.5","2","60","1.6","0.4","20.5","6.7","16","8.21","365","14","1","0","0","299","299","87","87206","85","182","307","2189","31","67704","true","32986","4","5","22","1014","1028","641"
"1","0.1","0.5","true","false","false","false","false","false","false","0.1","1","1","1","1","75","0","0","100","0","0","0","10","2.5","2","60","1.6","0.4","20.5","6.7","16","8.21","365","14","1","0","0","299","299","88","87187","86","176","311","2209","31","67704","true","32986","4","5","22","1020","1035","643"
"1","0.1","0.5","true","false","false","false","false","false","false","0.1","1","1","1","1","75","0","0","100","0","0","0","10","2.5","2","60","1.6","0.4","20.5","6.7","16","8.21","365","14","1","0","0","299","299","89","87165","85","180","303","2235","32","67704","true","32986","4","5","23","1027","1043","652"
"1","0.1","0.5","true","false","false","false","false","false","false","0.1","1","1","1","1","75","0","0","100","0","0","0","10","2.5","2","60","1.6","0.4","20.5","6.7","16","8.21","365","14","1","0","0","299","299","90","87140","90","176","303","2259","32","67704","true","32981","4","5","23","1034","1050","658"
"1","0.1","0.5","true","false","false","false","false","false","false","0.1","1","1","1","1","75","0","0","100","0","0","0","10","2.5","2","60","1.6","0.4","20.5","6.7","16","8.21","365","14","1","0","0","299","299","91","87119","87","181","300","2281","32","67704","true","32981","4","5","23","1044","1060","664"
"1","0.1","0.5","true","false","false","false","false","false","false","0.1","1","1","1","1","75","0","0","100","0","0","0","10","2.5","2","60","1.6","0.4","20.5","6.7","16","8.21","365","14","1","0","0","299","299","92","87100","90","174","298","2306","32","67704","true","32981","4","5","23","1044","1067","669"
"1","0.1","0.5","true","false","false","false","false","false","false","0.1","1","1","1","1","75","0","0","100","0","0","0","10","2.5","2","60","1.6","0.4","20.5","6.7","16","8.21","365","14","1","0","0","299","299","93","87084","83","180","292","2329","32","67704","true","32981","4","5","23","1052","1077","680"
"1","0.1","0.5","true","false","false","false","false","false","false","0.1","1","1","1","1","75","0","0","100","0","0","0","10","2.5","2","60","1.6","0.4","20.5","6.7","16","8.21","365","14","1","0","0","299","299","94","87075","74","177","290","2351","33","67704","true","32981","4","5","24","1058","1079","685"
"1","0.1","0.5","true","false","false","false","false","false","false","0.1","1","1","1","1","75","0","0","100","0","0","0","10","2.5","2","60","1.6","0.4","20.5","6.7","16","8.21","365","14","1","0","0","299","299","95","87052","82","174","287","2371","34","67704","true","32977","4","6","24","1068","1081","691"
"1","0.1","0.5","true","false","false","false","false","false","false","0.1","1","1","1","1","75","0","0","100","0","0","0","10","2.5","2","60","1.6","0.4","20.5","6.7","16","8.21","365","14","1","0","0","299","299","96","87035","81","176","279","2395","34","67704","true","32973","4","6","24","1075","1091","698"
"1","0.1","0.5","true","false","false","false","false","false","false","0.1","1","1","1","1","75","0","0","100","0","0","0","10","2.5","2","60","1.6","0.4","20.5","6.7","16","8.21","365","14","1","0","0","299","299","97","87020","75","178","280","2413","34","67704","true","32973","4","6","24","1081","1098","703"
"1","0.1","0.5","true","false","false","false","false","false","false","0.1","1","1","1","1","75","0","0","100","0","0","0","10","2.5","2","60","1.6","0.4","20.5","6.7","16","8.21","365","14","1","0","0","299","299","98","86999","77","177","276","2437","34","67704","true","32973","4","6","24","1086","1103","709"
"1","0.1","0.5","true","false","false","false","false","false","false","0.1","1","1","1","1","75","0","0","100","0","0","0","10","2.5","2","60","1.6","0.4","20.5","6.7","16","8.21","365","14","1","0","0","299","299","99","86978","79","170","280","2458","35","67704","true","32973","4","6","25","1093","1109","710"
"1","0.1","0.5","true","false","false","false","false","false","false","0.1","1","1","1","1","75","0","0","100","0","0","0","10","2.5","2","60","1.6","0.4","20.5","6.7","16","8.21","365","14","1","0","0","299","299","100","86965","79","169","273","2478","36","67704","true","32970","4","6","26","1104","1113","713"
"1","0.1","0.5","true","false","false","false","false","false","false","0.1","1","1","1","1","75","0","0","100","0","0","0","10","2.5","2","60","1.6","0.4","20.5","6.7","16","8.21","365","14","1","0","0","299","299","101","86947","78","168","274","2497","36","67704","true","32967","4","6","26","1109","1125","715"
"1","0.1","0.5","true","false","false","false","false","false","false","0.1","1","1","1","1","75","0","0","100","0","0","0","10","2.5","2","60","1.6","0.4","20.5","6.7","16","8.21","365","14","1","0","0","299","299","102","86923","87","169","269","2516","36","67704","true","32967","4","6","26","1120","1130","717"
"1","0.1","0.5","true","false","false","false","false","false","false","0.1","1","1","1","1","75","0","0","100","0","0","0","10","2.5","2","60","1.6","0.4","20.5","6.7","16","8.21","365","14","1","0","0","299","299","103","86909","85","177","266","2527","36","67704","true","32967","4","6","26","1127","1137","721"
"1","0.1","0.5","true","false","false","false","false","false","false","0.1","1","1","1","1","75","0","0","100","0","0","0","10","2.5","2","60","1.6","0.4","20.5","6.7","16","8.21","365","14","1","0","0","299","299","104","86894","80","178","267","2545","36","67704","true","32967","4","6","26","1132","1146","725"
"1","0.1","0.5","true","false","false","false","false","false","false","0.1","1","1","1","1","75","0","0","100","0","0","0","10","2.5","2","60","1.6","0.4","20.5","6.7","16","8.21","365","14","1","0","0","299","299","105","86875","80","181","264","2564","36","67704","true","32967","4","6","26","1137","1151","730"
"1","0.1","0.5","true","false","false","false","false","false","false","0.1","1","1","1","1","75","0","0","100","0","0","0","10","2.5","2","60","1.6","0.4","20.5","6.7","16","8.21","365","14","1","0","0","299","299","106","86858","87","189","251","2579","36","67704","true","32967","4","6","26","1139","1156","735"
"1","0.1","0.5","true","false","false","false","false","false","false","0.1","1","1","1","1","75","0","0","100","0","0","0","10","2.5","2","60","1.6","0.4","20.5","6.7","16","8.21","365","14","1","0","0","299","299","107","86845","78","189","253","2599","36","67704","true","32967","4","6","26","1142","1167","742"
"1","0.1","0.5","true","false","false","false","false","false","false","0.1","1","1","1","1","75","0","0","100","0","0","0","10","2.5","2","60","1.6","0.4","20.5","6.7","16","8.21","365","14","1","0","0","299","299","108","86831","71","187","257","2618","36","67704","true","32967","4","6","26","1151","1174","746"
"1","0.1","0.5","true","false","false","false","false","false","false","0.1","1","1","1","1","75","0","0","100","0","0","0","10","2.5","2","60","1.6","0.4","20.5","6.7","16","8.21","365","14","1","0","0","299","299","109","86816","72","185","253","2638","36","67704","true","32967","4","6","26","1156","1183","748"
"1","0.1","0.5","true","false","false","false","false","false","false","0.1","1","1","1","1","75","0","0","100","0","0","0","10","2.5","2","60","1.6","0.4","20.5","6.7","16","8.21","365","14","1","0","0","299","299","110","86807","61","182","254","2660","36","67704","true","32967","4","6","26","1160","1194","753"
"1","0.1","0.5","true","false","false","false","false","false","false","0.1","1","1","1","1","75","0","0","100","0","0","0","10","2.5","2","60","1.6","0.4","20.5","6.7","16","8.21","365","14","1","0","0","299","299","111","86798","48","182","252","2684","36","67704","true","32967","4","6","26","1170","1203","757"
"1","0.1","0.5","true","false","false","false","false","false","false","0.1","1","1","1","1","75","0","0","100","0","0","0","10","2.5","2","60","1.6","0.4","20.5","6.7","16","8.21","365","14","1","0","0","299","299","112","86780","53","182","244","2705","36","67704","true","32967","4","6","26","1176","1209","762"
"1","0.1","0.5","true","false","false","false","false","false","false","0.1","1","1","1","1","75","0","0","100","0","0","0","10","2.5","2","60","1.6","0.4","20.5","6.7","16","8.21","365","14","1","0","0","299","299","113","86775","41","178","245","2725","36","67704","true","32967","4","6","26","1182","1220","764"
"1","0.1","0.5","true","false","false","false","false","false","false","0.1","1","1","1","1","75","0","0","100","0","0","0","10","2.5","2","60","1.6","0.4","20.5","6.7","16","8.21","365","14","1","0","0","299","299","114","86755","50","180","235","2744","36","67704","true","32967","4","6","26","1189","1225","765"
"1","0.1","0.5","true","false","false","false","false","false","false","0.1","1","1","1","1","75","0","0","100","0","0","0","10","2.5","2","60","1.6","0.4","20.5","6.7","16","8.21","365","14","1","0","0","299","299","115","86745","53","178","225","2763","36","67704","true","32967","4","6","26","1192","1228","769"
"1","0.1","0.5","true","false","false","false","false","false","false","0.1","1","1","1","1","75","0","0","100","0","0","0","10","2.5","2","60","1.6","0.4","20.5","6.7","16","8.21","365","14","1","0","0","299","299","116","86732","53","173","224","2782","36","67704","true","32967","4","6","26","1195","1232","774"
"1","0.1","0.5","true","false","false","false","false","false","false","0.1","1","1","1","1","75","0","0","100","0","0","0","10","2.5","2","60","1.6","0.4","20.5","6.7","16","8.21","365","14","1","0","0","299","299","117","86720","51","162","229","2802","36","67704","true","32967","4","6","26","1196","1237","774"
"1","0.1","0.5","true","false","false","false","false","false","false","0.1","1","1","1","1","75","0","0","100","0","0","0","10","2.5","2","60","1.6","0.4","20.5","6.7","16","8.21","365","14","1","0","0","299","299","118","86708","52","162","222","2819","37","67704","true","32967","4","6","27","1202","1242","775"
"1","0.1","0.5","true","false","false","false","false","false","false","0.1","1","1","1","1","75","0","0","100","0","0","0","10","2.5","2","60","1.6","0.4","20.5","6.7","16","8.21","365","14","1","0","0","299","299","119","86694","60","158","207","2844","37","67704","true","32963","4","6","27","1207","1243","778"
"1","0.1","0.5","true","false","false","false","false","false","false","0.1","1","1","1","1","75","0","0","100","0","0","0","10","2.5","2","60","1.6","0.4","20.5","6.7","16","8.21","365","14","1","0","0","299","299","120","86673","66","154","206","2864","37","67704","true","32963","4","6","27","1211","1250","780"
"1","0.1","0.5","true","false","false","false","false","false","false","0.1","1","1","1","1","75","0","0","100","0","0","0","10","2.5","2","60","1.6","0.4","20.5","6.7","16","8.21","365","14","1","0","0","299","299","121","86660","69","154","199","2880","38","67704","true","32963","4","6","28","1217","1254","785"
"1","0.1","0.5","true","false","false","false","false","false","false","0.1","1","1","1","1","75","0","0","100","0","0","0","10","2.5","2","60","1.6","0.4","20.5","6.7","16","8.21","365","14","1","0","0","299","299","122","86645","60","154","210","2893","38","67704","true","32959","4","6","28","1223","1262","789"
"1","0.1","0.5","true","false","false","false","false","false","false","0.1","1","1","1","1","75","0","0","100","0","0","0","10","2.5","2","60","1.6","0.4","20.5","6.7","16","8.21","365","14","1","0","0","299","299","123","86632","63","150","201","2915","39","67704","true","32959","4","6","29","1228","1262","791"
"1","0.1","0.5","true","false","false","false","false","false","false","0.1","1","1","1","1","75","0","0","100","0","0","0","10","2.5","2","60","1.6","0.4","20.5","6.7","16","8.21","365","14","1","0","0","299","299","124","86622","64","156","191","2928","39","67704","true","32957","4","6","29","1231","1274","794"
"1","0.1","0.5","true","false","false","false","false","false","false","0.1","1","1","1","1","75","0","0","100","0","0","0","10","2.5","2","60","1.6","0.4","20.5","6.7","16","8.21","365","14","1","0","0","299","299","125","86612","58","147","197","2947","39","67704","true","32957","4","6","29","1237","1281","795"
"1","0.1","0.5","true","false","false","false","false","false","false","0.1","1","1","1","1","75","0","0","100","0","0","0","10","2.5","2","60","1.6","0.4","20.5","6.7","16","8.21","365","14","1","0","0","299","299","126","86602","57","148","194","2960","39","67704","true","32957","4","6","29","1241","1289","796"
"1","0.1","0.5","true","false","false","false","false","false","false","0.1","1","1","1","1","75","0","0","100","0","0","0","10","2.5","2","60","1.6","0.4","20.5","6.7","16","8.21","365","14","1","0","0","299","299","127","86588","54","150","197","2972","39","67704","true","32957","4","6","29","1246","1294","799"
"1","0.1","0.5","true","false","false","false","false","false","false","0.1","1","1","1","1","75","0","0","100","0","0","0","10","2.5","2","60","1.6","0.4","20.5","6.7","16","8.21","365","14","1","0","0","299","299","128","86576","49","151","201","2984","39","67704","true","32957","4","6","29","1250","1301","802"
"1","0.1","0.5","true","false","false","false","false","false","false","0.1","1","1","1","1","75","0","0","100","0","0","0","10","2.5","2","60","1.6","0.4","20.5","6.7","16","8.21","365","14","1","0","0","299","299","129","86565","46","150","194","3004","41","67704","true","32957","4","6","31","1257","1309","804"
"1","0.1","0.5","true","false","false","false","false","false","false","0.1","1","1","1","1","75","0","0","100","0","0","0","10","2.5","2","60","1.6","0.4","20.5","6.7","16","8.21","365","14","1","0","0","299","299","130","86554","46","149","190","3020","41","67704","true","32951","4","6","31","1261","1314","808"
"1","0.1","0.5","true","false","false","false","false","false","false","0.1","1","1","1","1","75","0","0","100","0","0","0","10","2.5","2","60","1.6","0.4","20.5","6.7","16","8.21","365","14","1","0","0","299","299","131","86544","45","144","192","3034","41","67704","true","32951","4","6","31","1266","1318","813"
"1","0.1","0.5","true","false","false","false","false","false","false","0.1","1","1","1","1","75","0","0","100","0","0","0","10","2.5","2","60","1.6","0.4","20.5","6.7","16","8.21","365","14","1","0","0","299","299","132","86532","44","148","188","3047","41","67704","true","32951","4","6","31","1270","1321","819"
"1","0.1","0.5","true","false","false","false","false","false","false","0.1","1","1","1","1","75","0","0","100","0","0","0","10","2.5","2","60","1.6","0.4","20.5","6.7","16","8.21","365","14","1","0","0","299","299","133","86521","49","143","180","3066","41","67704","true","32951","4","6","31","1273","1323","820"
"1","0.1","0.5","true","false","false","false","false","false","false","0.1","1","1","1","1","75","0","0","100","0","0","0","10","2.5","2","60","1.6","0.4","20.5","6.7","16","8.21","365","14","1","0","0","299","299","134","86507","58","141","168","3085","41","67704","true","32951","4","6","31","1276","1326","822"
"1","0.1","0.5","true","false","false","false","false","false","false","0.1","1","1","1","1","75","0","0","100","0","0","0","10","2.5","2","60","1.6","0.4","20.5","6.7","16","8.21","365","14","1","0","0","299","299","135","86498","59","134","170","3098","41","67704","true","32951","4","6","31","1277","1330","824"
"1","0.1","0.5","true","false","false","false","false","false","false","0.1","1","1","1","1","75","0","0","100","0","0","0","10","2.5","2","60","1.6","0.4","20.5","6.7","16","8.21","365","14","1","0","0","299","299","136","86490","47","126","178","3118","41","67704","true","32951","4","6","31","1280","1337","830"
"1","0.1","0.5","true","false","false","false","false","false","false","0.1","1","1","1","1","75","0","0","100","0","0","0","10","2.5","2","60","1.6","0.4","20.5","6.7","16","8.21","365","14","1","0","0","299","299","137","86473","47","123","181","3135","41","67704","true","32951","4","6","31","1286","1344","831"
"1","0.1","0.5","true","false","false","false","false","false","false","0.1","1","1","1","1","75","0","0","100","0","0","0","10","2.5","2","60","1.6","0.4","20.5","6.7","16","8.21","365","14","1","0","0","299","299","138","86458","46","125","188","3141","42","67704","true","32951","4","7","31","1294","1351","832"
"1","0.1","0.5","true","false","false","false","false","false","false","0.1","1","1","1","1","75","0","0","100","0","0","0","10","2.5","2","60","1.6","0.4","20.5","6.7","16","8.21","365","14","1","0","0","299","299","139","86448","47","123","177","3163","42","67704","true","32947","4","7","31","1299","1354","833"
"1","0.1","0.5","true","false","false","false","false","false","false","0.1","1","1","1","1","75","0","0","100","0","0","0","10","2.5","2","60","1.6","0.4","20.5","6.7","16","8.21","365","14","1","0","0","299","299","140","86439","46","125","170","3178","42","67704","true","32947","4","7","31","1302","1361","835"
"1","0.1","0.5","true","false","false","false","false","false","false","0.1","1","1","1","1","75","0","0","100","0","0","0","10","2.5","2","60","1.6","0.4","20.5","6.7","16","8.21","365","14","1","0","0","299","299","141","86425","52","126","169","3186","42","67704","true","32947","4","7","31","1303","1368","836"
"1","0.1","0.5","true","false","false","false","false","false","false","0.1","1","1","1","1","75","0","0","100","0","0","0","10","2.5","2","60","1.6","0.4","20.5","6.7","16","8.21","365","14","1","0","0","299","299","142","86413","51","128","167","3199","42","67704","true","32947","4","7","31","1310","1376","839"
"1","0.1","0.5","true","false","false","false","false","false","false","0.1","1","1","1","1","75","0","0","100","0","0","0","10","2.5","2","60","1.6","0.4","20.5","6.7","16","8.21","365","14","1","0","0","299","299","143","86399","49","125","175","3209","43","67704","true","32947","4","8","31","1314","1380","844"
"1","0.1","0.5","true","false","false","false","false","false","false","0.1","1","1","1","1","75","0","0","100","0","0","0","10","2.5","2","60","1.6","0.4","20.5","6.7","16","8.21","365","14","1","0","0","299","299","144","86388","45","119","178","3227","43","67704","true","32943","4","8","31","1319","1386","846"
"1","0.1","0.5","true","false","false","false","false","false","false","0.1","1","1","1","1","75","0","0","100","0","0","0","10","2.5","2","60","1.6","0.4","20.5","6.7","16","8.21","365","14","1","0","0","299","299","145","86372","47","120","177","3241","43","67704","true","32943","4","8","31","1324","1392","850"
"1","0.1","0.5","true","false","false","false","false","false","false","0.1","1","1","1","1","75","0","0","100","0","0","0","10","2.5","2","60","1.6","0.4","20.5","6.7","16","8.21","365","14","1","0","0","299","299","146","86354","57","115","170","3261","43","67704","true","32943","4","8","31","1327","1396","852"
"1","0.1","0.5","true","false","false","false","false","false","false","0.1","1","1","1","1","75","0","0","100","0","0","0","10","2.5","2","60","1.6","0.4","20.5","6.7","16","8.21","365","14","1","0","0","299","299","147","86342","58","114","166","3277","43","67704","true","32943","4","8","31","1332","1399","858"
"1","0.1","0.5","true","false","false","false","false","false","false","0.1","1","1","1","1","75","0","0","100","0","0","0","10","2.5","2","60","1.6","0.4","20.5","6.7","16","8.21","365","14","1","0","0","299","299","148","86333","51","109","172","3291","44","67704","true","32943","5","8","31","1337","1403","862"
"1","0.1","0.5","true","false","false","false","false","false","false","0.1","1","1","1","1","75","0","0","100","0","0","0","10","2.5","2","60","1.6","0.4","20.5","6.7","16","8.21","365","14","1","0","0","299","299","149","86323","44","106","183","3299","45","67704","true","32941","5","9","31","1339","1407","866"
"1","0.1","0.5","true","false","false","false","false","false","false","0.1","1","1","1","1","75","0","0","100","0","0","0","10","2.5","2","60","1.6","0.4","20.5","6.7","16","8.21","365","14","1","0","0","299","299","150","86304","53","103","186","3309","45","67704","true","32935","5","9","31","1341","1411","867"
"1","0.1","0.5","true","false","false","false","false","false","false","0.1","1","1","1","1","75","0","0","100","0","0","0","10","2.5","2","60","1.6","0.4","20.5","6.7","16","8.21","365","14","1","0","0","299","299","151","86291","57","102","178","3326","46","67704","true","32935","5","9","32","1345","1415","871"
"1","0.1","0.5","true","false","false","false","false","false","false","0.1","1","1","1","1","75","0","0","100","0","0","0","10","2.5","2","60","1.6","0.4","20.5","6.7","16","8.21","365","14","1","0","0","299","299","152","86283","51","104","177","3339","46","67704","true","32931","5","9","32","1351","1419","877"
"1","0.1","0.5","true","false","false","false","false","false","false","0.1","1","1","1","1","75","0","0","100","0","0","0","10","2.5","2","60","1.6","0.4","20.5","6.7","16","8.21","365","14","1","0","0","299","299","153","86270","51","108","177","3348","46","67704","true","32931","5","9","32","1359","1425","880"
"1","0.1","0.5","true","false","false","false","false","false","false","0.1","1","1","1","1","75","0","0","100","0","0","0","10","2.5","2","60","1.6","0.4","20.5","6.7","16","8.21","365","14","1","0","0","299","299","154","86260","47","108","179","3360","46","67704","true","32931","5","9","32","1360","1431","885"
"1","0.1","0.5","true","false","false","false","false","false","false","0.1","1","1","1","1","75","0","0","100","0","0","0","10","2.5","2","60","1.6","0.4","20.5","6.7","16","8.21","365","14","1","0","0","299","299","155","86249","44","107","181","3373","46","67704","true","32931","5","9","32","1363","1433","890"
"1","0.1","0.5","true","false","false","false","false","false","false","0.1","1","1","1","1","75","0","0","100","0","0","0","10","2.5","2","60","1.6","0.4","20.5","6.7","16","8.21","365","14","1","0","0","299","299","156","86234","49","111","181","3378","47","67704","true","32931","5","10","32","1367","1442","891"
"1","0.1","0.5","true","false","false","false","false","false","false","0.1","1","1","1","1","75","0","0","100","0","0","0","10","2.5","2","60","1.6","0.4","20.5","6.7","16","8.21","365","14","1","0","0","299","299","157","86218","52","114","175","3394","47","67704","true","32928","5","10","32","1372","1448","894"
"1","0.1","0.5","true","false","false","false","false","false","false","0.1","1","1","1","1","75","0","0","100","0","0","0","10","2.5","2","60","1.6","0.4","20.5","6.7","16","8.21","365","14","1","0","0","299","299","158","86204","58","115","171","3405","47","67704","true","32928","5","10","32","1376","1454","896"
"1","0.1","0.5","true","false","false","false","false","false","false","0.1","1","1","1","1","75","0","0","100","0","0","0","10","2.5","2","60","1.6","0.4","20.5","6.7","16","8.21","365","14","1","0","0","299","299","159","86195","61","116","166","3415","47","67704","true","32928","5","10","32","1380","1456","898"
"1","0.1","0.5","true","false","false","false","false","false","false","0.1","1","1","1","1","75","0","0","100","0","0","0","10","2.5","2","60","1.6","0.4","20.5","6.7","16","8.21","365","14","1","0","0","299","299","160","86181","61","113","174","3424","47","67704","true","32928","5","10","32","1385","1459","903"
"1","0.1","0.5","true","false","false","false","false","false","false","0.1","1","1","1","1","75","0","0","100","0","0","0","10","2.5","2","60","1.6","0.4","20.5","6.7","16","8.21","365","14","1","0","0","299","299","161","86170","53","112","184","3434","47","67704","true","32928","5","10","32","1388","1467","908"
"1","0.1","0.5","true","false","false","false","false","false","false","0.1","1","1","1","1","75","0","0","100","0","0","0","10","2.5","2","60","1.6","0.4","20.5","6.7","16","8.21","365","14","1","0","0","299","299","162","86160","42","109","196","3446","47","67704","true","32928","5","10","32","1396","1472","914"
"1","0.1","0.5","true","false","false","false","false","false","false","0.1","1","1","1","1","75","0","0","100","0","0","0","10","2.5","2","60","1.6","0.4","20.5","6.7","16","8.21","365","14","1","0","0","299","299","163","86148","46","111","191","3457","47","67704","true","32928","5","10","32","1397","1476","915"
"1","0.1","0.5","true","false","false","false","false","false","false","0.1","1","1","1","1","75","0","0","100","0","0","0","10","2.5","2","60","1.6","0.4","20.5","6.7","16","8.21","365","14","1","0","0","299","299","164","86143","38","111","193","3468","47","67704","true","32928","5","10","32","1401","1480","916"
"1","0.1","0.5","true","false","false","false","false","false","false","0.1","1","1","1","1","75","0","0","100","0","0","0","10","2.5","2","60","1.6","0.4","20.5","6.7","16","8.21","365","14","1","0","0","299","299","165","86134","38","114","189","3478","47","67704","true","32928","5","10","32","1408","1483","917"
"1","0.1","0.5","true","false","false","false","false","false","false","0.1","1","1","1","1","75","0","0","100","0","0","0","10","2.5","2","60","1.6","0.4","20.5","6.7","16","8.21","365","14","1","0","0","299","299","166","86124","34","122","178","3495","47","67704","true","32928","5","10","32","1419","1491","921"
"1","0.1","0.5","true","false","false","false","false","false","false","0.1","1","1","1","1","75","0","0","100","0","0","0","10","2.5","2","60","1.6","0.4","20.5","6.7","16","8.21","365","14","1","0","0","299","299","167","86104","45","119","178","3507","47","67704","true","32928","5","10","32","1421","1493","924"
"1","0.1","0.5","true","false","false","false","false","false","false","0.1","1","1","1","1","75","0","0","100","0","0","0","10","2.5","2","60","1.6","0.4","20.5","6.7","16","8.21","365","14","1","0","0","299","299","168","86094","41","115","178","3524","48","67704","true","32928","5","10","33","1426","1497","928"
"1","0.1","0.5","true","false","false","false","false","false","false","0.1","1","1","1","1","75","0","0","100","0","0","0","10","2.5","2","60","1.6","0.4","20.5","6.7","16","8.21","365","14","1","0","0","299","299","169","86085","40","115","179","3533","48","67704","true","32927","5","10","33","1429","1503","933"
"1","0.1","0.5","true","false","false","false","false","false","false","0.1","1","1","1","1","75","0","0","100","0","0","0","10","2.5","2","60","1.6","0.4","20.5","6.7","16","8.21","365","14","1","0","0","299","299","170","86081","40","115","173","3543","48","67704","true","32927","5","10","33","1431","1506","933"
"1","0.1","0.5","true","false","false","false","false","false","false","0.1","1","1","1","1","75","0","0","100","0","0","0","10","2.5","2","60","1.6","0.4","20.5","6.7","16","8.21","365","14","1","0","0","299","299","171","86068","44","116","164","3560","48","67704","true","32927","5","10","33","1433","1511","936"
"1","0.1","0.5","true","false","false","false","false","false","false","0.1","1","1","1","1","75","0","0","100","0","0","0","10","2.5","2","60","1.6","0.4","20.5","6.7","16","8.21","365","14","1","0","0","299","299","172","86055","46","110","164","3577","48","67704","true","32927","5","10","33","1437","1516","937"
"1","0.1","0.5","true","false","false","false","false","false","false","0.1","1","1","1","1","75","0","0","100","0","0","0","10","2.5","2","60","1.6","0.4","20.5","6.7","16","8.21","365","14","1","0","0","299","299","173","86050","42","106","163","3591","48","67704","true","32927","5","10","33","1440","1521","937"
"1","0.1","0.5","true","false","false","false","false","false","false","0.1","1","1","1","1","75","0","0","100","0","0","0","10","2.5","2","60","1.6","0.4","20.5","6.7","16","8.21","365","14","1","0","0","299","299","174","86044","38","102","165","3602","49","67704","true","32927","6","10","33","1442","1523","940"
"1","0.1","0.5","true","false","false","false","false","false","false","0.1","1","1","1","1","75","0","0","100","0","0","0","10","2.5","2","60","1.6","0.4","20.5","6.7","16","8.21","365","14","1","0","0","299","299","175","86036","38","103","158","3616","49","67704","true","32922","6","10","33","1447","1529","941"
"1","0.1","0.5","true","false","false","false","false","false","false","0.1","1","1","1","1","75","0","0","100","0","0","0","10","2.5","2","60","1.6","0.4","20.5","6.7","16","8.21","365","14","1","0","0","299","299","176","86028","38","103","153","3628","50","67704","true","32922","6","10","34","1448","1533","944"
"1","0.1","0.5","true","false","false","false","false","false","false","0.1","1","1","1","1","75","0","0","100","0","0","0","10","2.5","2","60","1.6","0.4","20.5","6.7","16","8.21","365","14","1","0","0","299","299","177","86018","40","102","145","3645","50","67704","true","32921","6","10","34","1451","1534","949"
"1","0.1","0.5","true","false","false","false","false","false","false","0.1","1","1","1","1","75","0","0","100","0","0","0","10","2.5","2","60","1.6","0.4","20.5","6.7","16","8.21","365","14","1","0","0","299","299","178","86009","39","100","147","3654","51","67704","true","32921","6","10","35","1454","1536","951"
"1","0.1","0.5","true","false","false","false","false","false","false","0.1","1","1","1","1","75","0","0","100","0","0","0","10","2.5","2","60","1.6","0.4","20.5","6.7","16","8.21","365","14","1","0","0","299","299","179","85998","41","99","145","3666","51","67704","true","32916","6","10","35","1455","1540","952"
"1","0.1","0.5","true","false","false","false","false","false","false","0.1","1","1","1","1","75","0","0","100","0","0","0","10","2.5","2","60","1.6","0.4","20.5","6.7","16","8.21","365","14","1","0","0","299","299","180","85991","46","97","137","3677","52","67704","true","32916","6","10","36","1458","1542","954"
"1","0.1","0.5","true","false","false","false","false","false","false","0.1","1","1","1","1","75","0","0","100","0","0","0","10","2.5","2","60","1.6","0.4","20.5","6.7","16","8.21","365","14","1","0","0","299","299","181","85983","46","94","131","3694","52","67704","true","32913","6","10","36","1466","1546","954"
"1","0.1","0.5","true","false","false","false","false","false","false","0.1","1","1","1","1","75","0","0","100","0","0","0","10","2.5","2","60","1.6","0.4","20.5","6.7","16","8.21","365","14","1","0","0","299","299","182","85977","38","95","134","3704","52","67704","true","32913","6","10","36","1472","1551","956"
"1","0.1","0.5","true","false","false","false","false","false","false","0.1","1","1","1","1","75","0","0","100","0","0","0","10","2.5","2","60","1.6","0.4","20.5","6.7","16","8.21","365","14","1","0","0","299","299","183","85968","38","92","135","3715","52","67704","true","32913","6","10","36","1476","1554","957"
