"BehaviorSpace results (NetLogo 6.1.1)"
"model.nlogo"
"p-death-0"
"06/16/2020 16:47:58:676 +0100"
"min-pxcor","max-pxcor","min-pycor","max-pycor"
"0","49","0","49"
"[run number]","initial-inf","incubation-mean","imposed-lockdown?","death-stdev","closed-system?","control-threshold","recovery-stdev","immunity-mean","isolate-symptomatics?","control-measures?","asym-infections","iso-countdown-max","p-infect-init","protection-strength","duration","travel-strictness","lockdown-threshold","isolation-strictness","incubation-stdev","recovery-mean","p-death","death-mean","mean-iso-reduction","isolate-threshold","lockdown-strictness","z-contact-min","min-pxcor","min-pycor","max-pxcor","max-pycor","[step]","count susceptibles","count latents","count symptomatics","count asymptomatics","count recovereds","count deads","count.lockdown","num-contacts","dead-0-29","dead-30-59","dead-60+"
"1","0.4","1.6","true","8.21","false","4","6.7","365","true","true","60","14","30","60","3","40","4","50","0.4","20.5","0","16","1","4","80","2","0","0","299","299","0","89640","360","0","0","0","0","0","0","0","0","0"
"1","0.4","1.6","true","8.21","false","4","6.7","365","true","true","60","14","30","60","3","40","4","50","0.4","20.5","0","16","1","4","80","2","0","0","299","299","1","88364","1636","0","0","0","0","0","539817","0","0","0"
"1","0.4","1.6","true","8.21","false","4","6.7","365","true","true","60","14","30","60","3","40","4","50","0.4","20.5","0","16","1","4","80","2","0","0","299","299","2","84668","5331","0","1","0","0","0","543796","0","0","0"
"1","0.4","1.6","true","8.21","false","4","6.7","365","true","true","60","14","30","60","3","40","4","50","0.4","20.5","0","16","1","4","80","2","0","0","299","299","3","77854","12121","12","13","0","0","0","553387","0","0","0"
"1","0.4","1.6","true","8.21","false","4","6.7","365","true","true","60","14","30","60","3","40","4","50","0.4","20.5","0","16","1","4","80","2","0","0","299","299","4","68544","21315","53","88","0","0","0","564234","0","0","0"
"1","0.4","1.6","true","8.21","false","4","6.7","365","true","true","60","14","30","60","3","40","4","50","0.4","20.5","0","16","1","4","80","2","0","0","299","299","5","57398","32055","211","336","0","0","0","567435","0","0","0"
"1","0.4","1.6","true","8.21","false","4","6.7","365","true","true","60","14","30","60","3","40","4","50","0.4","20.5","0","16","1","4","80","2","0","0","299","299","6","46034","42221","679","1066","0","0","0","565392","0","0","0"
"1","0.4","1.6","true","8.21","false","4","6.7","365","true","true","60","14","30","60","3","40","4","50","0.4","20.5","0","16","1","4","80","2","0","0","299","299","7","35317","50463","1606","2614","0","0","0","563296","0","0","0"
"1","0.4","1.6","true","8.21","false","4","6.7","365","true","true","60","14","30","60","3","40","4","50","0.4","20.5","0","16","1","4","80","2","0","0","299","299","8","25909","55499","3323","5269","0","0","0","566971","0","0","0"
"1","0.4","1.6","true","8.21","false","4","6.7","365","true","true","60","14","30","60","3","40","4","50","0.4","20.5","0","16","1","4","80","2","0","0","299","299","9","18084","57177","5873","8866","0","0","73108","574056","0","0","0"
"1","0.4","1.6","true","8.21","false","4","6.7","365","true","true","60","14","30","60","3","40","4","50","0.4","20.5","0","16","1","4","80","2","0","0","299","299","10","17909","49609","8972","13510","0","0","73746","50204","0","0","0"
"1","0.4","1.6","true","8.21","false","4","6.7","365","true","true","60","14","30","60","3","40","4","50","0.4","20.5","0","16","1","4","80","2","0","0","299","299","11","17752","40708","12598","18942","0","0","74497","53020","0","0","0"
"1","0.4","1.6","true","8.21","false","4","6.7","365","true","true","60","14","30","60","3","40","4","50","0.4","20.5","0","16","1","4","80","2","0","0","299","299","12","17618","31371","16445","24566","0","0","75276","54885","0","0","0"
"1","0.4","1.6","true","8.21","false","4","6.7","365","true","true","60","14","30","60","3","40","4","50","0.4","20.5","0","16","1","4","80","2","0","0","299","299","13","17503","22403","20139","29955","0","0","76031","53191","0","0","0"
"1","0.4","1.6","true","8.21","false","4","6.7","365","true","true","60","14","30","60","3","40","4","50","0.4","20.5","0","16","1","4","80","2","0","0","299","299","14","17400","15031","23067","34502","0","0","76605","48471","0","0","0"
"1","0.4","1.6","true","8.21","false","4","6.7","365","true","true","60","14","30","60","3","40","4","50","0.4","20.5","0","16","1","4","80","2","0","0","299","299","15","17305","9557","25354","37784","0","0","77078","42863","0","0","0"
"1","0.4","1.6","true","8.21","false","4","6.7","365","true","true","60","14","30","60","3","40","4","50","0.4","20.5","0","16","1","4","80","2","0","0","299","299","16","17225","6045","26793","39937","0","0","77374","35533","0","0","0"
"1","0.4","1.6","true","8.21","false","4","6.7","365","true","true","60","14","30","60","3","40","4","50","0.4","20.5","0","16","1","4","80","2","0","0","299","299","17","17157","3822","27736","41285","0","0","77603","29318","0","0","0"
"1","0.4","1.6","true","8.21","false","4","6.7","365","true","true","60","14","30","60","3","40","4","50","0.4","20.5","0","16","1","4","80","2","0","0","299","299","18","17093","2430","28298","42173","6","0","77763","24665","0","0","0"
"1","0.4","1.6","true","8.21","false","4","6.7","365","true","true","60","14","30","60","3","40","4","50","0.4","20.5","0","16","1","4","80","2","0","0","299","299","19","17036","1600","28623","42719","22","0","77853","20989","0","0","0"
"1","0.4","1.6","true","8.21","false","4","6.7","365","true","true","60","14","30","60","3","40","4","50","0.4","20.5","0","16","1","4","80","2","0","0","299","299","20","16987","1078","28824","43010","101","0","77930","19210","0","0","0"
"1","0.4","1.6","true","8.21","false","4","6.7","365","true","true","60","14","30","60","3","40","4","50","0.4","20.5","0","16","1","4","80","2","0","0","299","299","21","16934","795","28878","43052","341","0","77997","18274","0","0","0"
"1","0.4","1.6","true","8.21","false","4","6.7","365","true","true","60","14","30","60","3","40","4","50","0.4","20.5","0","16","1","4","80","2","0","0","299","299","22","16902","589","28784","42870","855","0","78042","16870","0","0","0"
"1","0.4","1.6","true","8.21","false","4","6.7","365","true","true","60","14","30","60","3","40","4","50","0.4","20.5","0","16","1","4","80","2","0","0","299","299","23","16849","482","28428","42318","1923","0","78070","16285","0","0","0"
"1","0.4","1.6","true","8.21","false","4","6.7","365","true","true","60","14","30","60","3","40","4","50","0.4","20.5","0","16","1","4","80","2","0","0","299","299","24","16818","408","27841","41481","3452","0","78096","17171","0","0","0"
"1","0.4","1.6","true","8.21","false","4","6.7","365","true","true","60","14","30","60","3","40","4","50","0.4","20.5","0","16","1","4","80","2","0","0","299","299","25","16787","331","27036","40220","5626","0","78131","17720","0","0","0"
"1","0.4","1.6","true","8.21","false","4","6.7","365","true","true","60","14","30","60","3","40","4","50","0.4","20.5","0","16","1","4","80","2","0","0","299","299","26","16748","274","25970","38558","8450","0","78160","20087","0","0","0"
"1","0.4","1.6","true","8.21","false","4","6.7","365","true","true","60","14","30","60","3","40","4","50","0.4","20.5","0","16","1","4","80","2","0","0","299","299","27","16721","246","24644","36612","11777","0","78179","21058","0","0","0"
"1","0.4","1.6","true","8.21","false","4","6.7","365","true","true","60","14","30","60","3","40","4","50","0.4","20.5","0","16","1","4","80","2","0","0","299","299","28","16693","224","23174","34363","15546","0","78202","23282","0","0","0"
"1","0.4","1.6","true","8.21","false","4","6.7","365","true","true","60","14","30","60","3","40","4","50","0.4","20.5","0","16","1","4","80","2","0","0","299","299","29","16660","219","21657","31968","19496","0","78218","24808","0","0","0"
"1","0.4","1.6","true","8.21","false","4","6.7","365","true","true","60","14","30","60","3","40","4","50","0.4","20.5","0","16","1","4","80","2","0","0","299","299","30","16638","199","19959","29575","23629","0","78234","26159","0","0","0"
"1","0.4","1.6","true","8.21","false","4","6.7","365","true","true","60","14","30","60","3","40","4","50","0.4","20.5","0","16","1","4","80","2","0","0","299","299","31","16613","191","18369","27213","27614","0","78246","27295","0","0","0"
"1","0.4","1.6","true","8.21","false","4","6.7","365","true","true","60","14","30","60","3","40","4","50","0.4","20.5","0","16","1","4","80","2","0","0","299","299","32","16588","172","16708","24865","31667","0","78263","27792","0","0","0"
"1","0.4","1.6","true","8.21","false","4","6.7","365","true","true","60","14","30","60","3","40","4","50","0.4","20.5","0","16","1","4","80","2","0","0","299","299","33","16564","167","15052","22417","35800","0","78274","28326","0","0","0"
"1","0.4","1.6","true","8.21","false","4","6.7","365","true","true","60","14","30","60","3","40","4","50","0.4","20.5","0","16","1","4","80","2","0","0","299","299","34","16538","166","13493","20078","39725","0","78283","28594","0","0","0"
"1","0.4","1.6","true","8.21","false","4","6.7","365","true","true","60","14","30","60","3","40","4","50","0.4","20.5","0","16","1","4","80","2","0","0","299","299","35","16513","163","11919","17740","43665","0","78297","28178","0","0","0"
"1","0.4","1.6","true","8.21","false","4","6.7","365","true","true","60","14","30","60","3","40","4","50","0.4","20.5","0","16","1","4","80","2","0","0","299","299","36","16497","155","10444","15504","47400","0","78310","27187","0","0","0"
"1","0.4","1.6","true","8.21","false","4","6.7","365","true","true","60","14","30","60","3","40","4","50","0.4","20.5","0","16","1","4","80","2","0","0","299","299","37","16480","142","9035","13380","50963","0","78320","26379","0","0","0"
"1","0.4","1.6","true","8.21","false","4","6.7","365","true","true","60","14","30","60","3","40","4","50","0.4","20.5","0","16","1","4","80","2","0","0","299","299","38","16470","128","7689","11379","54334","0","78327","25339","0","0","0"
"1","0.4","1.6","true","8.21","false","4","6.7","365","true","true","60","14","30","60","3","40","4","50","0.4","20.5","0","16","1","4","80","2","0","0","299","299","39","16465","105","6497","9628","57305","0","78344","23872","0","0","0"
"1","0.4","1.6","true","8.21","false","4","6.7","365","true","true","60","14","30","60","3","40","4","50","0.4","20.5","0","16","1","4","80","2","0","0","299","299","40","16455","96","5472","7998","59979","0","78353","22414","0","0","0"
"1","0.4","1.6","true","8.21","false","4","6.7","365","true","true","60","14","30","60","3","40","4","50","0.4","20.5","0","16","1","4","80","2","0","0","299","299","41","16440","85","4506","6624","62345","0","78364","21007","0","0","0"
"1","0.4","1.6","true","8.21","false","4","6.7","365","true","true","60","14","30","60","3","40","4","50","0.4","20.5","0","16","1","4","80","2","0","0","299","299","42","16430","84","3653","5381","64452","0","78366","19605","0","0","0"
"1","0.4","1.6","true","8.21","false","4","6.7","365","true","true","60","14","30","60","3","40","4","50","0.4","20.5","0","16","1","4","80","2","0","0","299","299","43","16420","79","2971","4377","66153","0","142","18235","0","0","0"
"1","0.4","1.6","true","8.21","false","4","6.7","365","true","true","60","14","30","60","3","40","4","50","0.4","20.5","0","16","1","4","80","2","0","0","299","299","44","15378","1109","2362","3453","67698","0","132","569940","0","0","0"
"1","0.4","1.6","true","8.21","false","4","6.7","365","true","true","60","14","30","60","3","40","4","50","0.4","20.5","0","16","1","4","80","2","0","0","299","299","45","13993","2483","1877","2763","68884","0","123","566015","0","0","0"
"1","0.4","1.6","true","8.21","false","4","6.7","365","true","true","60","14","30","60","3","40","4","50","0.4","20.5","0","16","1","4","80","2","0","0","299","299","46","12200","4260","1492","2157","69891","0","114","564012","0","0","0"
"1","0.4","1.6","true","8.21","false","4","6.7","365","true","true","60","14","30","60","3","40","4","50","0.4","20.5","0","16","1","4","80","2","0","0","299","299","47","10209","6178","1208","1715","70690","0","130","561823","0","0","0"
"1","0.4","1.6","true","8.21","false","4","6.7","365","true","true","60","14","30","60","3","40","4","50","0.4","20.5","0","16","1","4","80","2","0","0","299","299","48","8257","7919","1005","1507","71312","0","198","559534","0","0","0"
"1","0.4","1.6","true","8.21","false","4","6.7","365","true","true","60","14","30","60","3","40","4","50","0.4","20.5","0","16","1","4","80","2","0","0","299","299","49","6423","9228","1023","1528","71798","0","404","557154","0","0","0"
"1","0.4","1.6","true","8.21","false","4","6.7","365","true","true","60","14","30","60","3","40","4","50","0.4","20.5","0","16","1","4","80","2","0","0","299","299","50","4859","9937","1231","1793","72180","0","754","554231","0","0","0"
"1","0.4","1.6","true","8.21","false","4","6.7","365","true","true","60","14","30","60","3","40","4","50","0.4","20.5","0","16","1","4","80","2","0","0","299","299","51","3584","10027","1600","2314","72475","0","1231","550203","0","0","0"
"1","0.4","1.6","true","8.21","false","4","6.7","365","true","true","60","14","30","60","3","40","4","50","0.4","20.5","0","16","1","4","80","2","0","0","299","299","52","2602","9561","2094","3037","72706","0","1807","546933","0","0","0"
"1","0.4","1.6","true","8.21","false","4","6.7","365","true","true","60","14","30","60","3","40","4","50","0.4","20.5","0","16","1","4","80","2","0","0","299","299","53","1848","8754","2668","3855","72875","0","2429","543833","0","0","0"
"1","0.4","1.6","true","8.21","false","4","6.7","365","true","true","60","14","30","60","3","40","4","50","0.4","20.5","0","16","1","4","80","2","0","0","299","299","54","1266","7708","3281","4756","72989","0","3079","539206","0","0","0"
"1","0.4","1.6","true","8.21","false","4","6.7","365","true","true","60","14","30","60","3","40","4","50","0.4","20.5","0","16","1","4","80","2","0","0","299","299","55","879","6436","3909","5676","73100","0","72791","533681","0","0","0"
"1","0.4","1.6","true","8.21","false","4","6.7","365","true","true","60","14","30","60","3","40","4","50","0.4","20.5","0","16","1","4","80","2","0","0","299","299","56","855","5038","4447","6486","73174","0","72892","33112","0","0","0"
"1","0.4","1.6","true","8.21","false","4","6.7","365","true","true","60","14","30","60","3","40","4","50","0.4","20.5","0","16","1","4","80","2","0","0","299","299","57","846","3769","4949","7202","73234","0","73009","32453","0","0","0"
"1","0.4","1.6","true","8.21","false","4","6.7","365","true","true","60","14","30","60","3","40","4","50","0.4","20.5","0","16","1","4","80","2","0","0","299","299","58","836","2730","5353","7798","73283","0","73112","31717","0","0","0"
"1","0.4","1.6","true","8.21","false","4","6.7","365","true","true","60","14","30","60","3","40","4","50","0.4","20.5","0","16","1","4","80","2","0","0","299","299","59","829","1856","5659","8331","73325","0","73181","30995","0","0","0"
"1","0.4","1.6","true","8.21","false","4","6.7","365","true","true","60","14","30","60","3","40","4","50","0.4","20.5","0","16","1","4","80","2","0","0","299","299","60","819","1247","5910","8671","73353","0","73225","30555","0","0","0"
"1","0.4","1.6","true","8.21","false","4","6.7","365","true","true","60","14","30","60","3","40","4","50","0.4","20.5","0","16","1","4","80","2","0","0","299","299","61","813","775","6092","8937","73383","0","73272","29794","0","0","0"
"1","0.4","1.6","true","8.21","false","4","6.7","365","true","true","60","14","30","60","3","40","4","50","0.4","20.5","0","16","1","4","80","2","0","0","299","299","62","809","501","6180","9095","73415","0","73295","28462","0","0","0"
"1","0.4","1.6","true","8.21","false","4","6.7","365","true","true","60","14","30","60","3","40","4","50","0.4","20.5","0","16","1","4","80","2","0","0","299","299","63","808","294","6231","9185","73482","0","73315","27750","0","0","0"
"1","0.4","1.6","true","8.21","false","4","6.7","365","true","true","60","14","30","60","3","40","4","50","0.4","20.5","0","16","1","4","80","2","0","0","299","299","64","807","177","6211","9200","73605","0","73329","27322","0","0","0"
"1","0.4","1.6","true","8.21","false","4","6.7","365","true","true","60","14","30","60","3","40","4","50","0.4","20.5","0","16","1","4","80","2","0","0","299","299","65","804","106","6145","9128","73817","0","73339","26994","0","0","0"
"1","0.4","1.6","true","8.21","false","4","6.7","365","true","true","60","14","30","60","3","40","4","50","0.4","20.5","0","16","1","4","80","2","0","0","299","299","66","801","69","6022","8946","74162","0","73346","26781","0","0","0"
"1","0.4","1.6","true","8.21","false","4","6.7","365","true","true","60","14","30","60","3","40","4","50","0.4","20.5","0","16","1","4","80","2","0","0","299","299","67","798","43","5847","8708","74604","0","73351","26683","0","0","0"
"1","0.4","1.6","true","8.21","false","4","6.7","365","true","true","60","14","30","60","3","40","4","50","0.4","20.5","0","16","1","4","80","2","0","0","299","299","68","797","28","5638","8412","75125","0","73352","26523","0","0","0"
"1","0.4","1.6","true","8.21","false","4","6.7","365","true","true","60","14","30","60","3","40","4","50","0.4","20.5","0","16","1","4","80","2","0","0","299","299","69","794","21","5408","8084","75693","0","73354","26462","0","0","0"
"1","0.4","1.6","true","8.21","false","4","6.7","365","true","true","60","14","30","60","3","40","4","50","0.4","20.5","0","16","1","4","80","2","0","0","299","299","70","793","19","5156","7643","76389","0","73354","26343","0","0","0"
"1","0.4","1.6","true","8.21","false","4","6.7","365","true","true","60","14","30","60","3","40","4","50","0.4","20.5","0","16","1","4","80","2","0","0","299","299","71","792","14","4862","7208","77124","0","73354","26193","0","0","0"
"1","0.4","1.6","true","8.21","false","4","6.7","365","true","true","60","14","30","60","3","40","4","50","0.4","20.5","0","16","1","4","80","2","0","0","299","299","72","791","10","4545","6766","77888","0","73354","26107","0","0","0"
"1","0.4","1.6","true","8.21","false","4","6.7","365","true","true","60","14","30","60","3","40","4","50","0.4","20.5","0","16","1","4","80","2","0","0","299","299","73","791","8","4203","6285","78713","0","73355","25869","0","0","0"
"1","0.4","1.6","true","8.21","false","4","6.7","365","true","true","60","14","30","60","3","40","4","50","0.4","20.5","0","16","1","4","80","2","0","0","299","299","74","790","7","3861","5812","79530","0","73355","25699","0","0","0"
"1","0.4","1.6","true","8.21","false","4","6.7","365","true","true","60","14","30","60","3","40","4","50","0.4","20.5","0","16","1","4","80","2","0","0","299","299","75","788","8","3492","5244","80468","0","210","25500","0","0","0"
"1","0.4","1.6","true","8.21","false","4","6.7","365","true","true","60","14","30","60","3","40","4","50","0.4","20.5","0","16","1","4","80","2","0","0","299","299","76","629","164","3137","4745","81325","0","132","552877","0","0","0"
"1","0.4","1.6","true","8.21","false","4","6.7","365","true","true","60","14","30","60","3","40","4","50","0.4","20.5","0","16","1","4","80","2","0","0","299","299","77","500","293","2803","4264","82140","0","85","552627","0","0","0"
"1","0.4","1.6","true","8.21","false","4","6.7","365","true","true","60","14","30","60","3","40","4","50","0.4","20.5","0","16","1","4","80","2","0","0","299","299","78","402","390","2510","3800","82898","0","52","552603","0","0","0"
"1","0.4","1.6","true","8.21","false","4","6.7","365","true","true","60","14","30","60","3","40","4","50","0.4","20.5","0","16","1","4","80","2","0","0","299","299","79","343","439","2186","3309","83723","0","36","551295","0","0","0"
"1","0.4","1.6","true","8.21","false","4","6.7","365","true","true","60","14","30","60","3","40","4","50","0.4","20.5","0","16","1","4","80","2","0","0","299","299","80","297","454","1907","2902","84440","0","36","550308","0","0","0"
"1","0.4","1.6","true","8.21","false","4","6.7","365","true","true","60","14","30","60","3","40","4","50","0.4","20.5","0","16","1","4","80","2","0","0","299","299","81","271","424","1670","2495","85140","0","59","548416","0","0","0"
"1","0.4","1.6","true","8.21","false","4","6.7","365","true","true","60","14","30","60","3","40","4","50","0.4","20.5","0","16","1","4","80","2","0","0","299","299","82","239","363","1461","2145","85792","0","99","547076","0","0","0"
"1","0.4","1.6","true","8.21","false","4","6.7","365","true","true","60","14","30","60","3","40","4","50","0.4","20.5","0","16","1","4","80","2","0","0","299","299","83","222","298","1275","1848","86357","0","120","545306","0","0","0"
"1","0.4","1.6","true","8.21","false","4","6.7","365","true","true","60","14","30","60","3","40","4","50","0.4","20.5","0","16","1","4","80","2","0","0","299","299","84","210","245","1114","1592","86839","0","146","544099","0","0","0"
"1","0.4","1.6","true","8.21","false","4","6.7","365","true","true","60","14","30","60","3","40","4","50","0.4","20.5","0","16","1","4","80","2","0","0","299","299","85","204","202","963","1369","87262","0","161","542922","0","0","0"
"1","0.4","1.6","true","8.21","false","4","6.7","365","true","true","60","14","30","60","3","40","4","50","0.4","20.5","0","16","1","4","80","2","0","0","299","299","86","199","150","823","1170","87658","0","173","541818","0","0","0"
"1","0.4","1.6","true","8.21","false","4","6.7","365","true","true","60","14","30","60","3","40","4","50","0.4","20.5","0","16","1","4","80","2","0","0","299","299","87","196","110","705","1000","87989","0","194","540723","0","0","0"
"1","0.4","1.6","true","8.21","false","4","6.7","365","true","true","60","14","30","60","3","40","4","50","0.4","20.5","0","16","1","4","80","2","0","0","299","299","88","193","74","604","862","88267","0","211","539763","0","0","0"
"1","0.4","1.6","true","8.21","false","4","6.7","365","true","true","60","14","30","60","3","40","4","50","0.4","20.5","0","16","1","4","80","2","0","0","299","299","89","193","56","534","751","88466","0","217","539088","0","0","0"
"1","0.4","1.6","true","8.21","false","4","6.7","365","true","true","60","14","30","60","3","40","4","50","0.4","20.5","0","16","1","4","80","2","0","0","299","299","90","191","35","486","668","88620","0","227","538535","0","0","0"
"1","0.4","1.6","true","8.21","false","4","6.7","365","true","true","60","14","30","60","3","40","4","50","0.4","20.5","0","16","1","4","80","2","0","0","299","299","91","189","25","420","592","88774","0","230","538163","0","0","0"
"1","0.4","1.6","true","8.21","false","4","6.7","365","true","true","60","14","30","60","3","40","4","50","0.4","20.5","0","16","1","4","80","2","0","0","299","299","92","189","19","377","540","88875","0","224","537888","0","0","0"
"1","0.4","1.6","true","8.21","false","4","6.7","365","true","true","60","14","30","60","3","40","4","50","0.4","20.5","0","16","1","4","80","2","0","0","299","299","93","189","15","339","494","88963","0","206","537794","0","0","0"
"1","0.4","1.6","true","8.21","false","4","6.7","365","true","true","60","14","30","60","3","40","4","50","0.4","20.5","0","16","1","4","80","2","0","0","299","299","94","189","12","317","461","89021","0","182","537845","0","0","0"
"1","0.4","1.6","true","8.21","false","4","6.7","365","true","true","60","14","30","60","3","40","4","50","0.4","20.5","0","16","1","4","80","2","0","0","299","299","95","189","8","293","430","89080","0","148","538013","0","0","0"
"1","0.4","1.6","true","8.21","false","4","6.7","365","true","true","60","14","30","60","3","40","4","50","0.4","20.5","0","16","1","4","80","2","0","0","299","299","96","188","7","271","405","89129","0","123","538288","0","0","0"
"1","0.4","1.6","true","8.21","false","4","6.7","365","true","true","60","14","30","60","3","40","4","50","0.4","20.5","0","16","1","4","80","2","0","0","299","299","97","188","4","253","371","89184","0","104","538525","0","0","0"
"1","0.4","1.6","true","8.21","false","4","6.7","365","true","true","60","14","30","60","3","40","4","50","0.4","20.5","0","16","1","4","80","2","0","0","299","299","98","187","3","229","345","89236","0","84","538653","0","0","0"
"1","0.4","1.6","true","8.21","false","4","6.7","365","true","true","60","14","30","60","3","40","4","50","0.4","20.5","0","16","1","4","80","2","0","0","299","299","99","187","3","209","326","89275","0","69","538806","0","0","0"
"1","0.4","1.6","true","8.21","false","4","6.7","365","true","true","60","14","30","60","3","40","4","50","0.4","20.5","0","16","1","4","80","2","0","0","299","299","100","187","2","185","300","89326","0","51","538912","0","0","0"
"1","0.4","1.6","true","8.21","false","4","6.7","365","true","true","60","14","30","60","3","40","4","50","0.4","20.5","0","16","1","4","80","2","0","0","299","299","101","186","2","173","278","89361","0","35","539023","0","0","0"
"1","0.4","1.6","true","8.21","false","4","6.7","365","true","true","60","14","30","60","3","40","4","50","0.4","20.5","0","16","1","4","80","2","0","0","299","299","102","186","2","163","254","89395","0","24","539151","0","0","0"
"1","0.4","1.6","true","8.21","false","4","6.7","365","true","true","60","14","30","60","3","40","4","50","0.4","20.5","0","16","1","4","80","2","0","0","299","299","103","184","4","147","233","89432","0","15","539204","0","0","0"
"1","0.4","1.6","true","8.21","false","4","6.7","365","true","true","60","14","30","60","3","40","4","50","0.4","20.5","0","16","1","4","80","2","0","0","299","299","104","183","4","135","217","89461","0","10","539218","0","0","0"
"1","0.4","1.6","true","8.21","false","4","6.7","365","true","true","60","14","30","60","3","40","4","50","0.4","20.5","0","16","1","4","80","2","0","0","299","299","105","183","4","119","193","89501","0","8","539233","0","0","0"
"1","0.4","1.6","true","8.21","false","4","6.7","365","true","true","60","14","30","60","3","40","4","50","0.4","20.5","0","16","1","4","80","2","0","0","299","299","106","182","2","107","170","89539","0","5","539204","0","0","0"
"1","0.4","1.6","true","8.21","false","4","6.7","365","true","true","60","14","30","60","3","40","4","50","0.4","20.5","0","16","1","4","80","2","0","0","299","299","107","182","2","96","147","89573","0","4","539150","0","0","0"
"1","0.4","1.6","true","8.21","false","4","6.7","365","true","true","60","14","30","60","3","40","4","50","0.4","20.5","0","16","1","4","80","2","0","0","299","299","108","182","2","79","128","89609","0","3","539086","0","0","0"
"1","0.4","1.6","true","8.21","false","4","6.7","365","true","true","60","14","30","60","3","40","4","50","0.4","20.5","0","16","1","4","80","2","0","0","299","299","109","182","2","69","110","89637","0","0","539028","0","0","0"
"1","0.4","1.6","true","8.21","false","4","6.7","365","true","true","60","14","30","60","3","40","4","50","0.4","20.5","0","16","1","4","80","2","0","0","299","299","110","182","2","61","102","89653","0","0","538993","0","0","0"
"1","0.4","1.6","true","8.21","false","4","6.7","365","true","true","60","14","30","60","3","40","4","50","0.4","20.5","0","16","1","4","80","2","0","0","299","299","111","182","2","55","84","89677","0","0","538967","0","0","0"
"1","0.4","1.6","true","8.21","false","4","6.7","365","true","true","60","14","30","60","3","40","4","50","0.4","20.5","0","16","1","4","80","2","0","0","299","299","112","182","2","48","69","89699","0","0","538912","0","0","0"
"1","0.4","1.6","true","8.21","false","4","6.7","365","true","true","60","14","30","60","3","40","4","50","0.4","20.5","0","16","1","4","80","2","0","0","299","299","113","182","1","40","54","89723","0","1","538867","0","0","0"
"1","0.4","1.6","true","8.21","false","4","6.7","365","true","true","60","14","30","60","3","40","4","50","0.4","20.5","0","16","1","4","80","2","0","0","299","299","114","182","0","34","45","89739","0","1","538814","0","0","0"
"1","0.4","1.6","true","8.21","false","4","6.7","365","true","true","60","14","30","60","3","40","4","50","0.4","20.5","0","16","1","4","80","2","0","0","299","299","115","182","0","28","39","89751","0","1","538792","0","0","0"
"1","0.4","1.6","true","8.21","false","4","6.7","365","true","true","60","14","30","60","3","40","4","50","0.4","20.5","0","16","1","4","80","2","0","0","299","299","116","182","0","25","33","89760","0","1","538774","0","0","0"
"1","0.4","1.6","true","8.21","false","4","6.7","365","true","true","60","14","30","60","3","40","4","50","0.4","20.5","0","16","1","4","80","2","0","0","299","299","117","182","0","20","29","89769","0","1","538753","0","0","0"
"1","0.4","1.6","true","8.21","false","4","6.7","365","true","true","60","14","30","60","3","40","4","50","0.4","20.5","0","16","1","4","80","2","0","0","299","299","118","182","0","16","23","89779","0","1","538738","0","0","0"
"1","0.4","1.6","true","8.21","false","4","6.7","365","true","true","60","14","30","60","3","40","4","50","0.4","20.5","0","16","1","4","80","2","0","0","299","299","119","182","0","13","16","89789","0","1","538706","0","0","0"
"1","0.4","1.6","true","8.21","false","4","6.7","365","true","true","60","14","30","60","3","40","4","50","0.4","20.5","0","16","1","4","80","2","0","0","299","299","120","182","0","9","14","89795","0","1","538690","0","0","0"
"1","0.4","1.6","true","8.21","false","4","6.7","365","true","true","60","14","30","60","3","40","4","50","0.4","20.5","0","16","1","4","80","2","0","0","299","299","121","182","0","7","12","89799","0","1","538686","0","0","0"
"1","0.4","1.6","true","8.21","false","4","6.7","365","true","true","60","14","30","60","3","40","4","50","0.4","20.5","0","16","1","4","80","2","0","0","299","299","122","182","0","7","11","89800","0","1","538681","0","0","0"
"1","0.4","1.6","true","8.21","false","4","6.7","365","true","true","60","14","30","60","3","40","4","50","0.4","20.5","0","16","1","4","80","2","0","0","299","299","123","182","0","7","8","89803","0","1","538677","0","0","0"
"1","0.4","1.6","true","8.21","false","4","6.7","365","true","true","60","14","30","60","3","40","4","50","0.4","20.5","0","16","1","4","80","2","0","0","299","299","124","182","0","3","7","89808","0","1","538671","0","0","0"
"1","0.4","1.6","true","8.21","false","4","6.7","365","true","true","60","14","30","60","3","40","4","50","0.4","20.5","0","16","1","4","80","2","0","0","299","299","125","182","0","2","7","89809","0","1","538665","0","0","0"
"1","0.4","1.6","true","8.21","false","4","6.7","365","true","true","60","14","30","60","3","40","4","50","0.4","20.5","0","16","1","4","80","2","0","0","299","299","126","182","0","1","6","89811","0","1","538665","0","0","0"
"1","0.4","1.6","true","8.21","false","4","6.7","365","true","true","60","14","30","60","3","40","4","50","0.4","20.5","0","16","1","4","80","2","0","0","299","299","127","182","0","1","3","89814","0","0","538662","0","0","0"
"1","0.4","1.6","true","8.21","false","4","6.7","365","true","true","60","14","30","60","3","40","4","50","0.4","20.5","0","16","1","4","80","2","0","0","299","299","128","182","0","1","3","89814","0","0","538664","0","0","0"
"1","0.4","1.6","true","8.21","false","4","6.7","365","true","true","60","14","30","60","3","40","4","50","0.4","20.5","0","16","1","4","80","2","0","0","299","299","129","182","0","1","3","89814","0","0","538664","0","0","0"
"1","0.4","1.6","true","8.21","false","4","6.7","365","true","true","60","14","30","60","3","40","4","50","0.4","20.5","0","16","1","4","80","2","0","0","299","299","130","182","0","1","2","89815","0","0","538664","0","0","0"
"1","0.4","1.6","true","8.21","false","4","6.7","365","true","true","60","14","30","60","3","40","4","50","0.4","20.5","0","16","1","4","80","2","0","0","299","299","131","182","0","1","2","89815","0","0","538660","0","0","0"
"1","0.4","1.6","true","8.21","false","4","6.7","365","true","true","60","14","30","60","3","40","4","50","0.4","20.5","0","16","1","4","80","2","0","0","299","299","132","182","0","1","2","89815","0","0","538660","0","0","0"
"1","0.4","1.6","true","8.21","false","4","6.7","365","true","true","60","14","30","60","3","40","4","50","0.4","20.5","0","16","1","4","80","2","0","0","299","299","133","182","0","1","1","89816","0","0","538660","0","0","0"
"1","0.4","1.6","true","8.21","false","4","6.7","365","true","true","60","14","30","60","3","40","4","50","0.4","20.5","0","16","1","4","80","2","0","0","299","299","134","182","0","1","1","89816","0","0","538660","0","0","0"
"1","0.4","1.6","true","8.21","false","4","6.7","365","true","true","60","14","30","60","3","40","4","50","0.4","20.5","0","16","1","4","80","2","0","0","299","299","135","182","0","0","1","89817","0","0","538660","0","0","0"
"1","0.4","1.6","true","8.21","false","4","6.7","365","true","true","60","14","30","60","3","40","4","50","0.4","20.5","0","16","1","4","80","2","0","0","299","299","136","182","0","0","1","89817","0","0","538660","0","0","0"
"1","0.4","1.6","true","8.21","false","4","6.7","365","true","true","60","14","30","60","3","40","4","50","0.4","20.5","0","16","1","4","80","2","0","0","299","299","137","182","0","0","1","89817","0","0","538660","0","0","0"
"1","0.4","1.6","true","8.21","false","4","6.7","365","true","true","60","14","30","60","3","40","4","50","0.4","20.5","0","16","1","4","80","2","0","0","299","299","138","182","0","0","1","89817","0","0","538660","0","0","0"
"1","0.4","1.6","true","8.21","false","4","6.7","365","true","true","60","14","30","60","3","40","4","50","0.4","20.5","0","16","1","4","80","2","0","0","299","299","139","182","0","0","1","89817","0","0","538660","0","0","0"
"1","0.4","1.6","true","8.21","false","4","6.7","365","true","true","60","14","30","60","3","40","4","50","0.4","20.5","0","16","1","4","80","2","0","0","299","299","140","182","0","0","1","89817","0","0","538660","0","0","0"
"1","0.4","1.6","true","8.21","false","4","6.7","365","true","true","60","14","30","60","3","40","4","50","0.4","20.5","0","16","1","4","80","2","0","0","299","299","141","182","0","0","1","89817","0","0","538660","0","0","0"
"1","0.4","1.6","true","8.21","false","4","6.7","365","true","true","60","14","30","60","3","40","4","50","0.4","20.5","0","16","1","4","80","2","0","0","299","299","142","182","0","0","1","89817","0","0","538660","0","0","0"
"1","0.4","1.6","true","8.21","false","4","6.7","365","true","true","60","14","30","60","3","40","4","50","0.4","20.5","0","16","1","4","80","2","0","0","299","299","143","182","0","0","1","89817","0","0","538660","0","0","0"
"1","0.4","1.6","true","8.21","false","4","6.7","365","true","true","60","14","30","60","3","40","4","50","0.4","20.5","0","16","1","4","80","2","0","0","299","299","144","182","0","0","1","89817","0","0","538660","0","0","0"
"1","0.4","1.6","true","8.21","false","4","6.7","365","true","true","60","14","30","60","3","40","4","50","0.4","20.5","0","16","1","4","80","2","0","0","299","299","145","182","0","0","1","89817","0","0","538660","0","0","0"
"1","0.4","1.6","true","8.21","false","4","6.7","365","true","true","60","14","30","60","3","40","4","50","0.4","20.5","0","16","1","4","80","2","0","0","299","299","146","182","0","0","1","89817","0","0","538660","0","0","0"
"1","0.4","1.6","true","8.21","false","4","6.7","365","true","true","60","14","30","60","3","40","4","50","0.4","20.5","0","16","1","4","80","2","0","0","299","299","147","182","0","0","1","89817","0","0","538660","0","0","0"
"1","0.4","1.6","true","8.21","false","4","6.7","365","true","true","60","14","30","60","3","40","4","50","0.4","20.5","0","16","1","4","80","2","0","0","299","299","148","182","0","0","0","89818","0","0","538660","0","0","0"
"1","0.4","1.6","true","8.21","false","4","6.7","365","true","true","60","14","30","60","3","40","4","50","0.4","20.5","0","16","1","4","80","2","0","0","299","299","149","182","0","0","0","89818","0","0","538657","0","0","0"
"1","0.4","1.6","true","8.21","false","4","6.7","365","true","true","60","14","30","60","3","40","4","50","0.4","20.5","0","16","1","4","80","2","0","0","299","299","150","182","0","0","0","89818","0","0","538657","0","0","0"
"1","0.4","1.6","true","8.21","false","4","6.7","365","true","true","60","14","30","60","3","40","4","50","0.4","20.5","0","16","1","4","80","2","0","0","299","299","151","182","0","0","0","89818","0","0","538657","0","0","0"
"1","0.4","1.6","true","8.21","false","4","6.7","365","true","true","60","14","30","60","3","40","4","50","0.4","20.5","0","16","1","4","80","2","0","0","299","299","152","182","0","0","0","89818","0","0","538657","0","0","0"
"1","0.4","1.6","true","8.21","false","4","6.7","365","true","true","60","14","30","60","3","40","4","50","0.4","20.5","0","16","1","4","80","2","0","0","299","299","153","182","0","0","0","89818","0","0","538657","0","0","0"
"1","0.4","1.6","true","8.21","false","4","6.7","365","true","true","60","14","30","60","3","40","4","50","0.4","20.5","0","16","1","4","80","2","0","0","299","299","154","182","0","0","0","89818","0","0","538657","0","0","0"
"1","0.4","1.6","true","8.21","false","4","6.7","365","true","true","60","14","30","60","3","40","4","50","0.4","20.5","0","16","1","4","80","2","0","0","299","299","155","182","0","0","0","89818","0","0","538657","0","0","0"
"1","0.4","1.6","true","8.21","false","4","6.7","365","true","true","60","14","30","60","3","40","4","50","0.4","20.5","0","16","1","4","80","2","0","0","299","299","156","182","0","0","0","89818","0","0","538657","0","0","0"
"1","0.4","1.6","true","8.21","false","4","6.7","365","true","true","60","14","30","60","3","40","4","50","0.4","20.5","0","16","1","4","80","2","0","0","299","299","157","182","0","0","0","89818","0","0","538657","0","0","0"
"1","0.4","1.6","true","8.21","false","4","6.7","365","true","true","60","14","30","60","3","40","4","50","0.4","20.5","0","16","1","4","80","2","0","0","299","299","158","182","0","0","0","89818","0","0","538657","0","0","0"
"1","0.4","1.6","true","8.21","false","4","6.7","365","true","true","60","14","30","60","3","40","4","50","0.4","20.5","0","16","1","4","80","2","0","0","299","299","159","182","0","0","0","89818","0","0","538657","0","0","0"
"1","0.4","1.6","true","8.21","false","4","6.7","365","true","true","60","14","30","60","3","40","4","50","0.4","20.5","0","16","1","4","80","2","0","0","299","299","160","182","0","0","0","89818","0","0","538657","0","0","0"
"1","0.4","1.6","true","8.21","false","4","6.7","365","true","true","60","14","30","60","3","40","4","50","0.4","20.5","0","16","1","4","80","2","0","0","299","299","161","182","0","0","0","89818","0","0","538657","0","0","0"
"1","0.4","1.6","true","8.21","false","4","6.7","365","true","true","60","14","30","60","3","40","4","50","0.4","20.5","0","16","1","4","80","2","0","0","299","299","162","182","0","0","0","89818","0","0","538657","0","0","0"
"1","0.4","1.6","true","8.21","false","4","6.7","365","true","true","60","14","30","60","3","40","4","50","0.4","20.5","0","16","1","4","80","2","0","0","299","299","163","182","0","0","0","89818","0","0","538657","0","0","0"
"1","0.4","1.6","true","8.21","false","4","6.7","365","true","true","60","14","30","60","3","40","4","50","0.4","20.5","0","16","1","4","80","2","0","0","299","299","164","182","0","0","0","89818","0","0","538657","0","0","0"
"1","0.4","1.6","true","8.21","false","4","6.7","365","true","true","60","14","30","60","3","40","4","50","0.4","20.5","0","16","1","4","80","2","0","0","299","299","165","182","0","0","0","89818","0","0","538657","0","0","0"
"1","0.4","1.6","true","8.21","false","4","6.7","365","true","true","60","14","30","60","3","40","4","50","0.4","20.5","0","16","1","4","80","2","0","0","299","299","166","182","0","0","0","89818","0","0","538657","0","0","0"
"1","0.4","1.6","true","8.21","false","4","6.7","365","true","true","60","14","30","60","3","40","4","50","0.4","20.5","0","16","1","4","80","2","0","0","299","299","167","182","0","0","0","89818","0","0","538657","0","0","0"
"1","0.4","1.6","true","8.21","false","4","6.7","365","true","true","60","14","30","60","3","40","4","50","0.4","20.5","0","16","1","4","80","2","0","0","299","299","168","182","0","0","0","89818","0","0","538657","0","0","0"
"1","0.4","1.6","true","8.21","false","4","6.7","365","true","true","60","14","30","60","3","40","4","50","0.4","20.5","0","16","1","4","80","2","0","0","299","299","169","182","0","0","0","89818","0","0","538657","0","0","0"
"1","0.4","1.6","true","8.21","false","4","6.7","365","true","true","60","14","30","60","3","40","4","50","0.4","20.5","0","16","1","4","80","2","0","0","299","299","170","182","0","0","0","89818","0","0","538657","0","0","0"
"1","0.4","1.6","true","8.21","false","4","6.7","365","true","true","60","14","30","60","3","40","4","50","0.4","20.5","0","16","1","4","80","2","0","0","299","299","171","182","0","0","0","89818","0","0","538657","0","0","0"
"1","0.4","1.6","true","8.21","false","4","6.7","365","true","true","60","14","30","60","3","40","4","50","0.4","20.5","0","16","1","4","80","2","0","0","299","299","172","182","0","0","0","89818","0","0","538657","0","0","0"
"1","0.4","1.6","true","8.21","false","4","6.7","365","true","true","60","14","30","60","3","40","4","50","0.4","20.5","0","16","1","4","80","2","0","0","299","299","173","182","0","0","0","89818","0","0","538657","0","0","0"
"1","0.4","1.6","true","8.21","false","4","6.7","365","true","true","60","14","30","60","3","40","4","50","0.4","20.5","0","16","1","4","80","2","0","0","299","299","174","182","0","0","0","89818","0","0","538657","0","0","0"
"1","0.4","1.6","true","8.21","false","4","6.7","365","true","true","60","14","30","60","3","40","4","50","0.4","20.5","0","16","1","4","80","2","0","0","299","299","175","182","0","0","0","89818","0","0","538657","0","0","0"
"1","0.4","1.6","true","8.21","false","4","6.7","365","true","true","60","14","30","60","3","40","4","50","0.4","20.5","0","16","1","4","80","2","0","0","299","299","176","182","0","0","0","89818","0","0","538657","0","0","0"
"1","0.4","1.6","true","8.21","false","4","6.7","365","true","true","60","14","30","60","3","40","4","50","0.4","20.5","0","16","1","4","80","2","0","0","299","299","177","182","0","0","0","89818","0","0","538657","0","0","0"
"1","0.4","1.6","true","8.21","false","4","6.7","365","true","true","60","14","30","60","3","40","4","50","0.4","20.5","0","16","1","4","80","2","0","0","299","299","178","182","0","0","0","89818","0","0","538657","0","0","0"
"1","0.4","1.6","true","8.21","false","4","6.7","365","true","true","60","14","30","60","3","40","4","50","0.4","20.5","0","16","1","4","80","2","0","0","299","299","179","182","0","0","0","89818","0","0","538657","0","0","0"
"1","0.4","1.6","true","8.21","false","4","6.7","365","true","true","60","14","30","60","3","40","4","50","0.4","20.5","0","16","1","4","80","2","0","0","299","299","180","182","0","0","0","89818","0","0","538657","0","0","0"
"1","0.4","1.6","true","8.21","false","4","6.7","365","true","true","60","14","30","60","3","40","4","50","0.4","20.5","0","16","1","4","80","2","0","0","299","299","181","182","0","0","0","89818","0","0","538657","0","0","0"
"1","0.4","1.6","true","8.21","false","4","6.7","365","true","true","60","14","30","60","3","40","4","50","0.4","20.5","0","16","1","4","80","2","0","0","299","299","182","182","0","0","0","89818","0","0","538657","0","0","0"
"1","0.4","1.6","true","8.21","false","4","6.7","365","true","true","60","14","30","60","3","40","4","50","0.4","20.5","0","16","1","4","80","2","0","0","299","299","183","182","0","0","0","89818","0","0","538657","0","0","0"
"1","0.4","1.6","true","8.21","false","4","6.7","365","true","true","60","14","30","60","3","40","4","50","0.4","20.5","0","16","1","4","80","2","0","0","299","299","184","182","0","0","0","89818","0","0","538657","0","0","0"
"1","0.4","1.6","true","8.21","false","4","6.7","365","true","true","60","14","30","60","3","40","4","50","0.4","20.5","0","16","1","4","80","2","0","0","299","299","185","182","0","0","0","89818","0","0","538657","0","0","0"
"1","0.4","1.6","true","8.21","false","4","6.7","365","true","true","60","14","30","60","3","40","4","50","0.4","20.5","0","16","1","4","80","2","0","0","299","299","186","182","0","0","0","89818","0","0","538657","0","0","0"
"1","0.4","1.6","true","8.21","false","4","6.7","365","true","true","60","14","30","60","3","40","4","50","0.4","20.5","0","16","1","4","80","2","0","0","299","299","187","182","0","0","0","89818","0","0","538657","0","0","0"
"1","0.4","1.6","true","8.21","false","4","6.7","365","true","true","60","14","30","60","3","40","4","50","0.4","20.5","0","16","1","4","80","2","0","0","299","299","188","182","0","0","0","89818","0","0","538657","0","0","0"
"1","0.4","1.6","true","8.21","false","4","6.7","365","true","true","60","14","30","60","3","40","4","50","0.4","20.5","0","16","1","4","80","2","0","0","299","299","189","182","0","0","0","89818","0","0","538657","0","0","0"
"1","0.4","1.6","true","8.21","false","4","6.7","365","true","true","60","14","30","60","3","40","4","50","0.4","20.5","0","16","1","4","80","2","0","0","299","299","190","182","0","0","0","89818","0","0","538657","0","0","0"
"1","0.4","1.6","true","8.21","false","4","6.7","365","true","true","60","14","30","60","3","40","4","50","0.4","20.5","0","16","1","4","80","2","0","0","299","299","191","182","0","0","0","89818","0","0","538657","0","0","0"
"1","0.4","1.6","true","8.21","false","4","6.7","365","true","true","60","14","30","60","3","40","4","50","0.4","20.5","0","16","1","4","80","2","0","0","299","299","192","182","0","0","0","89818","0","0","538657","0","0","0"
"1","0.4","1.6","true","8.21","false","4","6.7","365","true","true","60","14","30","60","3","40","4","50","0.4","20.5","0","16","1","4","80","2","0","0","299","299","193","182","0","0","0","89818","0","0","538657","0","0","0"
"1","0.4","1.6","true","8.21","false","4","6.7","365","true","true","60","14","30","60","3","40","4","50","0.4","20.5","0","16","1","4","80","2","0","0","299","299","194","182","0","0","0","89818","0","0","538657","0","0","0"
"1","0.4","1.6","true","8.21","false","4","6.7","365","true","true","60","14","30","60","3","40","4","50","0.4","20.5","0","16","1","4","80","2","0","0","299","299","195","182","0","0","0","89818","0","0","538657","0","0","0"
"1","0.4","1.6","true","8.21","false","4","6.7","365","true","true","60","14","30","60","3","40","4","50","0.4","20.5","0","16","1","4","80","2","0","0","299","299","196","182","0","0","0","89818","0","0","538657","0","0","0"
"1","0.4","1.6","true","8.21","false","4","6.7","365","true","true","60","14","30","60","3","40","4","50","0.4","20.5","0","16","1","4","80","2","0","0","299","299","197","182","0","0","0","89818","0","0","538657","0","0","0"
"1","0.4","1.6","true","8.21","false","4","6.7","365","true","true","60","14","30","60","3","40","4","50","0.4","20.5","0","16","1","4","80","2","0","0","299","299","198","182","0","0","0","89818","0","0","538657","0","0","0"
"1","0.4","1.6","true","8.21","false","4","6.7","365","true","true","60","14","30","60","3","40","4","50","0.4","20.5","0","16","1","4","80","2","0","0","299","299","199","182","0","0","0","89818","0","0","538657","0","0","0"
"1","0.4","1.6","true","8.21","false","4","6.7","365","true","true","60","14","30","60","3","40","4","50","0.4","20.5","0","16","1","4","80","2","0","0","299","299","200","182","0","0","0","89818","0","0","538657","0","0","0"
"1","0.4","1.6","true","8.21","false","4","6.7","365","true","true","60","14","30","60","3","40","4","50","0.4","20.5","0","16","1","4","80","2","0","0","299","299","201","182","0","0","0","89818","0","0","538657","0","0","0"
"1","0.4","1.6","true","8.21","false","4","6.7","365","true","true","60","14","30","60","3","40","4","50","0.4","20.5","0","16","1","4","80","2","0","0","299","299","202","182","0","0","0","89818","0","0","538657","0","0","0"
"1","0.4","1.6","true","8.21","false","4","6.7","365","true","true","60","14","30","60","3","40","4","50","0.4","20.5","0","16","1","4","80","2","0","0","299","299","203","182","0","0","0","89818","0","0","538657","0","0","0"
"1","0.4","1.6","true","8.21","false","4","6.7","365","true","true","60","14","30","60","3","40","4","50","0.4","20.5","0","16","1","4","80","2","0","0","299","299","204","182","0","0","0","89818","0","0","538657","0","0","0"
"1","0.4","1.6","true","8.21","false","4","6.7","365","true","true","60","14","30","60","3","40","4","50","0.4","20.5","0","16","1","4","80","2","0","0","299","299","205","182","0","0","0","89818","0","0","538657","0","0","0"
"1","0.4","1.6","true","8.21","false","4","6.7","365","true","true","60","14","30","60","3","40","4","50","0.4","20.5","0","16","1","4","80","2","0","0","299","299","206","182","0","0","0","89818","0","0","538657","0","0","0"
"1","0.4","1.6","true","8.21","false","4","6.7","365","true","true","60","14","30","60","3","40","4","50","0.4","20.5","0","16","1","4","80","2","0","0","299","299","207","182","0","0","0","89818","0","0","538657","0","0","0"
"1","0.4","1.6","true","8.21","false","4","6.7","365","true","true","60","14","30","60","3","40","4","50","0.4","20.5","0","16","1","4","80","2","0","0","299","299","208","182","0","0","0","89818","0","0","538657","0","0","0"
"1","0.4","1.6","true","8.21","false","4","6.7","365","true","true","60","14","30","60","3","40","4","50","0.4","20.5","0","16","1","4","80","2","0","0","299","299","209","182","0","0","0","89818","0","0","538657","0","0","0"
"1","0.4","1.6","true","8.21","false","4","6.7","365","true","true","60","14","30","60","3","40","4","50","0.4","20.5","0","16","1","4","80","2","0","0","299","299","210","182","0","0","0","89818","0","0","538657","0","0","0"
"1","0.4","1.6","true","8.21","false","4","6.7","365","true","true","60","14","30","60","3","40","4","50","0.4","20.5","0","16","1","4","80","2","0","0","299","299","211","182","0","0","0","89818","0","0","538657","0","0","0"
"1","0.4","1.6","true","8.21","false","4","6.7","365","true","true","60","14","30","60","3","40","4","50","0.4","20.5","0","16","1","4","80","2","0","0","299","299","212","182","0","0","0","89818","0","0","538657","0","0","0"
"1","0.4","1.6","true","8.21","false","4","6.7","365","true","true","60","14","30","60","3","40","4","50","0.4","20.5","0","16","1","4","80","2","0","0","299","299","213","182","0","0","0","89818","0","0","538657","0","0","0"
"1","0.4","1.6","true","8.21","false","4","6.7","365","true","true","60","14","30","60","3","40","4","50","0.4","20.5","0","16","1","4","80","2","0","0","299","299","214","182","0","0","0","89818","0","0","538657","0","0","0"
"1","0.4","1.6","true","8.21","false","4","6.7","365","true","true","60","14","30","60","3","40","4","50","0.4","20.5","0","16","1","4","80","2","0","0","299","299","215","182","0","0","0","89818","0","0","538657","0","0","0"
"1","0.4","1.6","true","8.21","false","4","6.7","365","true","true","60","14","30","60","3","40","4","50","0.4","20.5","0","16","1","4","80","2","0","0","299","299","216","182","0","0","0","89818","0","0","538657","0","0","0"
"1","0.4","1.6","true","8.21","false","4","6.7","365","true","true","60","14","30","60","3","40","4","50","0.4","20.5","0","16","1","4","80","2","0","0","299","299","217","182","0","0","0","89818","0","0","538657","0","0","0"
"1","0.4","1.6","true","8.21","false","4","6.7","365","true","true","60","14","30","60","3","40","4","50","0.4","20.5","0","16","1","4","80","2","0","0","299","299","218","182","0","0","0","89818","0","0","538657","0","0","0"
"1","0.4","1.6","true","8.21","false","4","6.7","365","true","true","60","14","30","60","3","40","4","50","0.4","20.5","0","16","1","4","80","2","0","0","299","299","219","182","0","0","0","89818","0","0","538657","0","0","0"
"1","0.4","1.6","true","8.21","false","4","6.7","365","true","true","60","14","30","60","3","40","4","50","0.4","20.5","0","16","1","4","80","2","0","0","299","299","220","182","0","0","0","89818","0","0","538657","0","0","0"
"1","0.4","1.6","true","8.21","false","4","6.7","365","true","true","60","14","30","60","3","40","4","50","0.4","20.5","0","16","1","4","80","2","0","0","299","299","221","182","0","0","0","89818","0","0","538657","0","0","0"
"1","0.4","1.6","true","8.21","false","4","6.7","365","true","true","60","14","30","60","3","40","4","50","0.4","20.5","0","16","1","4","80","2","0","0","299","299","222","182","0","0","0","89818","0","0","538657","0","0","0"
"1","0.4","1.6","true","8.21","false","4","6.7","365","true","true","60","14","30","60","3","40","4","50","0.4","20.5","0","16","1","4","80","2","0","0","299","299","223","182","0","0","0","89818","0","0","538657","0","0","0"
"1","0.4","1.6","true","8.21","false","4","6.7","365","true","true","60","14","30","60","3","40","4","50","0.4","20.5","0","16","1","4","80","2","0","0","299","299","224","182","0","0","0","89818","0","0","538657","0","0","0"
"1","0.4","1.6","true","8.21","false","4","6.7","365","true","true","60","14","30","60","3","40","4","50","0.4","20.5","0","16","1","4","80","2","0","0","299","299","225","182","0","0","0","89818","0","0","538657","0","0","0"
"1","0.4","1.6","true","8.21","false","4","6.7","365","true","true","60","14","30","60","3","40","4","50","0.4","20.5","0","16","1","4","80","2","0","0","299","299","226","182","0","0","0","89818","0","0","538657","0","0","0"
"1","0.4","1.6","true","8.21","false","4","6.7","365","true","true","60","14","30","60","3","40","4","50","0.4","20.5","0","16","1","4","80","2","0","0","299","299","227","182","0","0","0","89818","0","0","538657","0","0","0"
"1","0.4","1.6","true","8.21","false","4","6.7","365","true","true","60","14","30","60","3","40","4","50","0.4","20.5","0","16","1","4","80","2","0","0","299","299","228","182","0","0","0","89818","0","0","538657","0","0","0"
"1","0.4","1.6","true","8.21","false","4","6.7","365","true","true","60","14","30","60","3","40","4","50","0.4","20.5","0","16","1","4","80","2","0","0","299","299","229","182","0","0","0","89818","0","0","538657","0","0","0"
"1","0.4","1.6","true","8.21","false","4","6.7","365","true","true","60","14","30","60","3","40","4","50","0.4","20.5","0","16","1","4","80","2","0","0","299","299","230","182","0","0","0","89818","0","0","538657","0","0","0"
"1","0.4","1.6","true","8.21","false","4","6.7","365","true","true","60","14","30","60","3","40","4","50","0.4","20.5","0","16","1","4","80","2","0","0","299","299","231","182","0","0","0","89818","0","0","538657","0","0","0"
"1","0.4","1.6","true","8.21","false","4","6.7","365","true","true","60","14","30","60","3","40","4","50","0.4","20.5","0","16","1","4","80","2","0","0","299","299","232","182","0","0","0","89818","0","0","538657","0","0","0"
"1","0.4","1.6","true","8.21","false","4","6.7","365","true","true","60","14","30","60","3","40","4","50","0.4","20.5","0","16","1","4","80","2","0","0","299","299","233","182","0","0","0","89818","0","0","538657","0","0","0"
"1","0.4","1.6","true","8.21","false","4","6.7","365","true","true","60","14","30","60","3","40","4","50","0.4","20.5","0","16","1","4","80","2","0","0","299","299","234","182","0","0","0","89818","0","0","538657","0","0","0"
"1","0.4","1.6","true","8.21","false","4","6.7","365","true","true","60","14","30","60","3","40","4","50","0.4","20.5","0","16","1","4","80","2","0","0","299","299","235","182","0","0","0","89818","0","0","538657","0","0","0"
"1","0.4","1.6","true","8.21","false","4","6.7","365","true","true","60","14","30","60","3","40","4","50","0.4","20.5","0","16","1","4","80","2","0","0","299","299","236","182","0","0","0","89818","0","0","538657","0","0","0"
"1","0.4","1.6","true","8.21","false","4","6.7","365","true","true","60","14","30","60","3","40","4","50","0.4","20.5","0","16","1","4","80","2","0","0","299","299","237","182","0","0","0","89818","0","0","538657","0","0","0"
"1","0.4","1.6","true","8.21","false","4","6.7","365","true","true","60","14","30","60","3","40","4","50","0.4","20.5","0","16","1","4","80","2","0","0","299","299","238","182","0","0","0","89818","0","0","538657","0","0","0"
"1","0.4","1.6","true","8.21","false","4","6.7","365","true","true","60","14","30","60","3","40","4","50","0.4","20.5","0","16","1","4","80","2","0","0","299","299","239","182","0","0","0","89818","0","0","538657","0","0","0"
"1","0.4","1.6","true","8.21","false","4","6.7","365","true","true","60","14","30","60","3","40","4","50","0.4","20.5","0","16","1","4","80","2","0","0","299","299","240","182","0","0","0","89818","0","0","538657","0","0","0"
"1","0.4","1.6","true","8.21","false","4","6.7","365","true","true","60","14","30","60","3","40","4","50","0.4","20.5","0","16","1","4","80","2","0","0","299","299","241","182","0","0","0","89818","0","0","538657","0","0","0"
"1","0.4","1.6","true","8.21","false","4","6.7","365","true","true","60","14","30","60","3","40","4","50","0.4","20.5","0","16","1","4","80","2","0","0","299","299","242","182","0","0","0","89818","0","0","538657","0","0","0"
"1","0.4","1.6","true","8.21","false","4","6.7","365","true","true","60","14","30","60","3","40","4","50","0.4","20.5","0","16","1","4","80","2","0","0","299","299","243","182","0","0","0","89818","0","0","538657","0","0","0"
"1","0.4","1.6","true","8.21","false","4","6.7","365","true","true","60","14","30","60","3","40","4","50","0.4","20.5","0","16","1","4","80","2","0","0","299","299","244","182","0","0","0","89818","0","0","538657","0","0","0"
"1","0.4","1.6","true","8.21","false","4","6.7","365","true","true","60","14","30","60","3","40","4","50","0.4","20.5","0","16","1","4","80","2","0","0","299","299","245","182","0","0","0","89818","0","0","538657","0","0","0"
"1","0.4","1.6","true","8.21","false","4","6.7","365","true","true","60","14","30","60","3","40","4","50","0.4","20.5","0","16","1","4","80","2","0","0","299","299","246","182","0","0","0","89818","0","0","538657","0","0","0"
"1","0.4","1.6","true","8.21","false","4","6.7","365","true","true","60","14","30","60","3","40","4","50","0.4","20.5","0","16","1","4","80","2","0","0","299","299","247","182","0","0","0","89818","0","0","538657","0","0","0"
"1","0.4","1.6","true","8.21","false","4","6.7","365","true","true","60","14","30","60","3","40","4","50","0.4","20.5","0","16","1","4","80","2","0","0","299","299","248","182","0","0","0","89818","0","0","538657","0","0","0"
"1","0.4","1.6","true","8.21","false","4","6.7","365","true","true","60","14","30","60","3","40","4","50","0.4","20.5","0","16","1","4","80","2","0","0","299","299","249","182","0","0","0","89818","0","0","538657","0","0","0"
"1","0.4","1.6","true","8.21","false","4","6.7","365","true","true","60","14","30","60","3","40","4","50","0.4","20.5","0","16","1","4","80","2","0","0","299","299","250","182","0","0","0","89818","0","0","538657","0","0","0"
"1","0.4","1.6","true","8.21","false","4","6.7","365","true","true","60","14","30","60","3","40","4","50","0.4","20.5","0","16","1","4","80","2","0","0","299","299","251","182","0","0","0","89818","0","0","538657","0","0","0"
"1","0.4","1.6","true","8.21","false","4","6.7","365","true","true","60","14","30","60","3","40","4","50","0.4","20.5","0","16","1","4","80","2","0","0","299","299","252","182","0","0","0","89818","0","0","538657","0","0","0"
"1","0.4","1.6","true","8.21","false","4","6.7","365","true","true","60","14","30","60","3","40","4","50","0.4","20.5","0","16","1","4","80","2","0","0","299","299","253","182","0","0","0","89818","0","0","538657","0","0","0"
"1","0.4","1.6","true","8.21","false","4","6.7","365","true","true","60","14","30","60","3","40","4","50","0.4","20.5","0","16","1","4","80","2","0","0","299","299","254","182","0","0","0","89818","0","0","538657","0","0","0"
"1","0.4","1.6","true","8.21","false","4","6.7","365","true","true","60","14","30","60","3","40","4","50","0.4","20.5","0","16","1","4","80","2","0","0","299","299","255","182","0","0","0","89818","0","0","538657","0","0","0"
"1","0.4","1.6","true","8.21","false","4","6.7","365","true","true","60","14","30","60","3","40","4","50","0.4","20.5","0","16","1","4","80","2","0","0","299","299","256","182","0","0","0","89818","0","0","538657","0","0","0"
"1","0.4","1.6","true","8.21","false","4","6.7","365","true","true","60","14","30","60","3","40","4","50","0.4","20.5","0","16","1","4","80","2","0","0","299","299","257","182","0","0","0","89818","0","0","538657","0","0","0"
"1","0.4","1.6","true","8.21","false","4","6.7","365","true","true","60","14","30","60","3","40","4","50","0.4","20.5","0","16","1","4","80","2","0","0","299","299","258","182","0","0","0","89818","0","0","538657","0","0","0"
"1","0.4","1.6","true","8.21","false","4","6.7","365","true","true","60","14","30","60","3","40","4","50","0.4","20.5","0","16","1","4","80","2","0","0","299","299","259","182","0","0","0","89818","0","0","538657","0","0","0"
"1","0.4","1.6","true","8.21","false","4","6.7","365","true","true","60","14","30","60","3","40","4","50","0.4","20.5","0","16","1","4","80","2","0","0","299","299","260","182","0","0","0","89818","0","0","538657","0","0","0"
"1","0.4","1.6","true","8.21","false","4","6.7","365","true","true","60","14","30","60","3","40","4","50","0.4","20.5","0","16","1","4","80","2","0","0","299","299","261","182","0","0","0","89818","0","0","538657","0","0","0"
"1","0.4","1.6","true","8.21","false","4","6.7","365","true","true","60","14","30","60","3","40","4","50","0.4","20.5","0","16","1","4","80","2","0","0","299","299","262","182","0","0","0","89818","0","0","538657","0","0","0"
"1","0.4","1.6","true","8.21","false","4","6.7","365","true","true","60","14","30","60","3","40","4","50","0.4","20.5","0","16","1","4","80","2","0","0","299","299","263","182","0","0","0","89818","0","0","538657","0","0","0"
"1","0.4","1.6","true","8.21","false","4","6.7","365","true","true","60","14","30","60","3","40","4","50","0.4","20.5","0","16","1","4","80","2","0","0","299","299","264","182","0","0","0","89818","0","0","538657","0","0","0"
"1","0.4","1.6","true","8.21","false","4","6.7","365","true","true","60","14","30","60","3","40","4","50","0.4","20.5","0","16","1","4","80","2","0","0","299","299","265","182","0","0","0","89818","0","0","538657","0","0","0"
"1","0.4","1.6","true","8.21","false","4","6.7","365","true","true","60","14","30","60","3","40","4","50","0.4","20.5","0","16","1","4","80","2","0","0","299","299","266","182","0","0","0","89818","0","0","538657","0","0","0"
"1","0.4","1.6","true","8.21","false","4","6.7","365","true","true","60","14","30","60","3","40","4","50","0.4","20.5","0","16","1","4","80","2","0","0","299","299","267","182","0","0","0","89818","0","0","538657","0","0","0"
"1","0.4","1.6","true","8.21","false","4","6.7","365","true","true","60","14","30","60","3","40","4","50","0.4","20.5","0","16","1","4","80","2","0","0","299","299","268","182","0","0","0","89818","0","0","538657","0","0","0"
"1","0.4","1.6","true","8.21","false","4","6.7","365","true","true","60","14","30","60","3","40","4","50","0.4","20.5","0","16","1","4","80","2","0","0","299","299","269","182","0","0","0","89818","0","0","538657","0","0","0"
"1","0.4","1.6","true","8.21","false","4","6.7","365","true","true","60","14","30","60","3","40","4","50","0.4","20.5","0","16","1","4","80","2","0","0","299","299","270","182","0","0","0","89818","0","0","538657","0","0","0"
"1","0.4","1.6","true","8.21","false","4","6.7","365","true","true","60","14","30","60","3","40","4","50","0.4","20.5","0","16","1","4","80","2","0","0","299","299","271","182","0","0","0","89818","0","0","538657","0","0","0"
"1","0.4","1.6","true","8.21","false","4","6.7","365","true","true","60","14","30","60","3","40","4","50","0.4","20.5","0","16","1","4","80","2","0","0","299","299","272","182","0","0","0","89818","0","0","538657","0","0","0"
"1","0.4","1.6","true","8.21","false","4","6.7","365","true","true","60","14","30","60","3","40","4","50","0.4","20.5","0","16","1","4","80","2","0","0","299","299","273","182","0","0","0","89818","0","0","538657","0","0","0"
"1","0.4","1.6","true","8.21","false","4","6.7","365","true","true","60","14","30","60","3","40","4","50","0.4","20.5","0","16","1","4","80","2","0","0","299","299","274","182","0","0","0","89818","0","0","538657","0","0","0"
"1","0.4","1.6","true","8.21","false","4","6.7","365","true","true","60","14","30","60","3","40","4","50","0.4","20.5","0","16","1","4","80","2","0","0","299","299","275","182","0","0","0","89818","0","0","538657","0","0","0"
"1","0.4","1.6","true","8.21","false","4","6.7","365","true","true","60","14","30","60","3","40","4","50","0.4","20.5","0","16","1","4","80","2","0","0","299","299","276","182","0","0","0","89818","0","0","538657","0","0","0"
"1","0.4","1.6","true","8.21","false","4","6.7","365","true","true","60","14","30","60","3","40","4","50","0.4","20.5","0","16","1","4","80","2","0","0","299","299","277","182","0","0","0","89818","0","0","538657","0","0","0"
"1","0.4","1.6","true","8.21","false","4","6.7","365","true","true","60","14","30","60","3","40","4","50","0.4","20.5","0","16","1","4","80","2","0","0","299","299","278","182","0","0","0","89818","0","0","538657","0","0","0"
"1","0.4","1.6","true","8.21","false","4","6.7","365","true","true","60","14","30","60","3","40","4","50","0.4","20.5","0","16","1","4","80","2","0","0","299","299","279","182","0","0","0","89818","0","0","538657","0","0","0"
"1","0.4","1.6","true","8.21","false","4","6.7","365","true","true","60","14","30","60","3","40","4","50","0.4","20.5","0","16","1","4","80","2","0","0","299","299","280","182","0","0","0","89818","0","0","538657","0","0","0"
"1","0.4","1.6","true","8.21","false","4","6.7","365","true","true","60","14","30","60","3","40","4","50","0.4","20.5","0","16","1","4","80","2","0","0","299","299","281","182","0","0","0","89818","0","0","538657","0","0","0"
"1","0.4","1.6","true","8.21","false","4","6.7","365","true","true","60","14","30","60","3","40","4","50","0.4","20.5","0","16","1","4","80","2","0","0","299","299","282","182","0","0","0","89818","0","0","538657","0","0","0"
"1","0.4","1.6","true","8.21","false","4","6.7","365","true","true","60","14","30","60","3","40","4","50","0.4","20.5","0","16","1","4","80","2","0","0","299","299","283","182","0","0","0","89818","0","0","538657","0","0","0"
"1","0.4","1.6","true","8.21","false","4","6.7","365","true","true","60","14","30","60","3","40","4","50","0.4","20.5","0","16","1","4","80","2","0","0","299","299","284","182","0","0","0","89818","0","0","538657","0","0","0"
"1","0.4","1.6","true","8.21","false","4","6.7","365","true","true","60","14","30","60","3","40","4","50","0.4","20.5","0","16","1","4","80","2","0","0","299","299","285","182","0","0","0","89818","0","0","538657","0","0","0"
"1","0.4","1.6","true","8.21","false","4","6.7","365","true","true","60","14","30","60","3","40","4","50","0.4","20.5","0","16","1","4","80","2","0","0","299","299","286","182","0","0","0","89818","0","0","538657","0","0","0"
"1","0.4","1.6","true","8.21","false","4","6.7","365","true","true","60","14","30","60","3","40","4","50","0.4","20.5","0","16","1","4","80","2","0","0","299","299","287","182","0","0","0","89818","0","0","538657","0","0","0"
"1","0.4","1.6","true","8.21","false","4","6.7","365","true","true","60","14","30","60","3","40","4","50","0.4","20.5","0","16","1","4","80","2","0","0","299","299","288","182","0","0","0","89818","0","0","538657","0","0","0"
"1","0.4","1.6","true","8.21","false","4","6.7","365","true","true","60","14","30","60","3","40","4","50","0.4","20.5","0","16","1","4","80","2","0","0","299","299","289","182","0","0","0","89818","0","0","538657","0","0","0"
"1","0.4","1.6","true","8.21","false","4","6.7","365","true","true","60","14","30","60","3","40","4","50","0.4","20.5","0","16","1","4","80","2","0","0","299","299","290","182","0","0","0","89818","0","0","538657","0","0","0"
"1","0.4","1.6","true","8.21","false","4","6.7","365","true","true","60","14","30","60","3","40","4","50","0.4","20.5","0","16","1","4","80","2","0","0","299","299","291","182","0","0","0","89818","0","0","538657","0","0","0"
"1","0.4","1.6","true","8.21","false","4","6.7","365","true","true","60","14","30","60","3","40","4","50","0.4","20.5","0","16","1","4","80","2","0","0","299","299","292","182","0","0","0","89818","0","0","538657","0","0","0"
"1","0.4","1.6","true","8.21","false","4","6.7","365","true","true","60","14","30","60","3","40","4","50","0.4","20.5","0","16","1","4","80","2","0","0","299","299","293","182","0","0","0","89818","0","0","538657","0","0","0"
"1","0.4","1.6","true","8.21","false","4","6.7","365","true","true","60","14","30","60","3","40","4","50","0.4","20.5","0","16","1","4","80","2","0","0","299","299","294","182","0","0","0","89818","0","0","538657","0","0","0"
"1","0.4","1.6","true","8.21","false","4","6.7","365","true","true","60","14","30","60","3","40","4","50","0.4","20.5","0","16","1","4","80","2","0","0","299","299","295","182","0","0","0","89818","0","0","538657","0","0","0"
"1","0.4","1.6","true","8.21","false","4","6.7","365","true","true","60","14","30","60","3","40","4","50","0.4","20.5","0","16","1","4","80","2","0","0","299","299","296","182","0","0","0","89818","0","0","538657","0","0","0"
"1","0.4","1.6","true","8.21","false","4","6.7","365","true","true","60","14","30","60","3","40","4","50","0.4","20.5","0","16","1","4","80","2","0","0","299","299","297","182","0","0","0","89818","0","0","538657","0","0","0"
"1","0.4","1.6","true","8.21","false","4","6.7","365","true","true","60","14","30","60","3","40","4","50","0.4","20.5","0","16","1","4","80","2","0","0","299","299","298","182","0","0","0","89818","0","0","538657","0","0","0"
"1","0.4","1.6","true","8.21","false","4","6.7","365","true","true","60","14","30","60","3","40","4","50","0.4","20.5","0","16","1","4","80","2","0","0","299","299","299","182","0","0","0","89818","0","0","538657","0","0","0"
"1","0.4","1.6","true","8.21","false","4","6.7","365","true","true","60","14","30","60","3","40","4","50","0.4","20.5","0","16","1","4","80","2","0","0","299","299","300","182","0","0","0","89818","0","0","538657","0","0","0"
"1","0.4","1.6","true","8.21","false","4","6.7","365","true","true","60","14","30","60","3","40","4","50","0.4","20.5","0","16","1","4","80","2","0","0","299","299","301","182","0","0","0","89818","0","0","538657","0","0","0"
"1","0.4","1.6","true","8.21","false","4","6.7","365","true","true","60","14","30","60","3","40","4","50","0.4","20.5","0","16","1","4","80","2","0","0","299","299","302","182","0","0","0","89818","0","0","538657","0","0","0"
"1","0.4","1.6","true","8.21","false","4","6.7","365","true","true","60","14","30","60","3","40","4","50","0.4","20.5","0","16","1","4","80","2","0","0","299","299","303","182","0","0","0","89818","0","0","538657","0","0","0"
"1","0.4","1.6","true","8.21","false","4","6.7","365","true","true","60","14","30","60","3","40","4","50","0.4","20.5","0","16","1","4","80","2","0","0","299","299","304","182","0","0","0","89818","0","0","538657","0","0","0"
"1","0.4","1.6","true","8.21","false","4","6.7","365","true","true","60","14","30","60","3","40","4","50","0.4","20.5","0","16","1","4","80","2","0","0","299","299","305","182","0","0","0","89818","0","0","538657","0","0","0"
"1","0.4","1.6","true","8.21","false","4","6.7","365","true","true","60","14","30","60","3","40","4","50","0.4","20.5","0","16","1","4","80","2","0","0","299","299","306","182","0","0","0","89818","0","0","538657","0","0","0"
"1","0.4","1.6","true","8.21","false","4","6.7","365","true","true","60","14","30","60","3","40","4","50","0.4","20.5","0","16","1","4","80","2","0","0","299","299","307","182","0","0","0","89818","0","0","538657","0","0","0"
"1","0.4","1.6","true","8.21","false","4","6.7","365","true","true","60","14","30","60","3","40","4","50","0.4","20.5","0","16","1","4","80","2","0","0","299","299","308","182","0","0","0","89818","0","0","538657","0","0","0"
"1","0.4","1.6","true","8.21","false","4","6.7","365","true","true","60","14","30","60","3","40","4","50","0.4","20.5","0","16","1","4","80","2","0","0","299","299","309","182","0","0","0","89818","0","0","538657","0","0","0"
"1","0.4","1.6","true","8.21","false","4","6.7","365","true","true","60","14","30","60","3","40","4","50","0.4","20.5","0","16","1","4","80","2","0","0","299","299","310","182","0","0","0","89818","0","0","538657","0","0","0"
"1","0.4","1.6","true","8.21","false","4","6.7","365","true","true","60","14","30","60","3","40","4","50","0.4","20.5","0","16","1","4","80","2","0","0","299","299","311","182","0","0","0","89818","0","0","538657","0","0","0"
"1","0.4","1.6","true","8.21","false","4","6.7","365","true","true","60","14","30","60","3","40","4","50","0.4","20.5","0","16","1","4","80","2","0","0","299","299","312","182","0","0","0","89818","0","0","538657","0","0","0"
"1","0.4","1.6","true","8.21","false","4","6.7","365","true","true","60","14","30","60","3","40","4","50","0.4","20.5","0","16","1","4","80","2","0","0","299","299","313","182","0","0","0","89818","0","0","538657","0","0","0"
"1","0.4","1.6","true","8.21","false","4","6.7","365","true","true","60","14","30","60","3","40","4","50","0.4","20.5","0","16","1","4","80","2","0","0","299","299","314","182","0","0","0","89818","0","0","538657","0","0","0"
"1","0.4","1.6","true","8.21","false","4","6.7","365","true","true","60","14","30","60","3","40","4","50","0.4","20.5","0","16","1","4","80","2","0","0","299","299","315","182","0","0","0","89818","0","0","538657","0","0","0"
"1","0.4","1.6","true","8.21","false","4","6.7","365","true","true","60","14","30","60","3","40","4","50","0.4","20.5","0","16","1","4","80","2","0","0","299","299","316","182","0","0","0","89818","0","0","538657","0","0","0"
"1","0.4","1.6","true","8.21","false","4","6.7","365","true","true","60","14","30","60","3","40","4","50","0.4","20.5","0","16","1","4","80","2","0","0","299","299","317","182","0","0","0","89818","0","0","538657","0","0","0"
"1","0.4","1.6","true","8.21","false","4","6.7","365","true","true","60","14","30","60","3","40","4","50","0.4","20.5","0","16","1","4","80","2","0","0","299","299","318","182","0","0","0","89818","0","0","538657","0","0","0"
"1","0.4","1.6","true","8.21","false","4","6.7","365","true","true","60","14","30","60","3","40","4","50","0.4","20.5","0","16","1","4","80","2","0","0","299","299","319","182","0","0","0","89818","0","0","538657","0","0","0"
"1","0.4","1.6","true","8.21","false","4","6.7","365","true","true","60","14","30","60","3","40","4","50","0.4","20.5","0","16","1","4","80","2","0","0","299","299","320","182","0","0","0","89818","0","0","538657","0","0","0"
"1","0.4","1.6","true","8.21","false","4","6.7","365","true","true","60","14","30","60","3","40","4","50","0.4","20.5","0","16","1","4","80","2","0","0","299","299","321","182","0","0","0","89818","0","0","538657","0","0","0"
"1","0.4","1.6","true","8.21","false","4","6.7","365","true","true","60","14","30","60","3","40","4","50","0.4","20.5","0","16","1","4","80","2","0","0","299","299","322","183","0","0","0","89817","0","0","538657","0","0","0"
"1","0.4","1.6","true","8.21","false","4","6.7","365","true","true","60","14","30","60","3","40","4","50","0.4","20.5","0","16","1","4","80","2","0","0","299","299","323","184","0","0","0","89816","0","0","538657","0","0","0"
"1","0.4","1.6","true","8.21","false","4","6.7","365","true","true","60","14","30","60","3","40","4","50","0.4","20.5","0","16","1","4","80","2","0","0","299","299","324","184","0","0","0","89816","0","0","538657","0","0","0"
"1","0.4","1.6","true","8.21","false","4","6.7","365","true","true","60","14","30","60","3","40","4","50","0.4","20.5","0","16","1","4","80","2","0","0","299","299","325","184","0","0","0","89816","0","0","538657","0","0","0"
"1","0.4","1.6","true","8.21","false","4","6.7","365","true","true","60","14","30","60","3","40","4","50","0.4","20.5","0","16","1","4","80","2","0","0","299","299","326","184","0","0","0","89816","0","0","538657","0","0","0"
"1","0.4","1.6","true","8.21","false","4","6.7","365","true","true","60","14","30","60","3","40","4","50","0.4","20.5","0","16","1","4","80","2","0","0","299","299","327","185","0","0","0","89815","0","0","538657","0","0","0"
"1","0.4","1.6","true","8.21","false","4","6.7","365","true","true","60","14","30","60","3","40","4","50","0.4","20.5","0","16","1","4","80","2","0","0","299","299","328","187","0","0","0","89813","0","0","538657","0","0","0"
"1","0.4","1.6","true","8.21","false","4","6.7","365","true","true","60","14","30","60","3","40","4","50","0.4","20.5","0","16","1","4","80","2","0","0","299","299","329","190","0","0","0","89810","0","0","538657","0","0","0"
"1","0.4","1.6","true","8.21","false","4","6.7","365","true","true","60","14","30","60","3","40","4","50","0.4","20.5","0","16","1","4","80","2","0","0","299","299","330","192","0","0","0","89808","0","0","538657","0","0","0"
"1","0.4","1.6","true","8.21","false","4","6.7","365","true","true","60","14","30","60","3","40","4","50","0.4","20.5","0","16","1","4","80","2","0","0","299","299","331","197","0","0","0","89803","0","0","538657","0","0","0"
"1","0.4","1.6","true","8.21","false","4","6.7","365","true","true","60","14","30","60","3","40","4","50","0.4","20.5","0","16","1","4","80","2","0","0","299","299","332","203","0","0","0","89797","0","0","538961","0","0","0"
"1","0.4","1.6","true","8.21","false","4","6.7","365","true","true","60","14","30","60","3","40","4","50","0.4","20.5","0","16","1","4","80","2","0","0","299","299","333","209","0","0","0","89791","0","0","538961","0","0","0"
"1","0.4","1.6","true","8.21","false","4","6.7","365","true","true","60","14","30","60","3","40","4","50","0.4","20.5","0","16","1","4","80","2","0","0","299","299","334","219","0","0","0","89781","0","0","538961","0","0","0"
"1","0.4","1.6","true","8.21","false","4","6.7","365","true","true","60","14","30","60","3","40","4","50","0.4","20.5","0","16","1","4","80","2","0","0","299","299","335","223","0","0","0","89777","0","0","538960","0","0","0"
"1","0.4","1.6","true","8.21","false","4","6.7","365","true","true","60","14","30","60","3","40","4","50","0.4","20.5","0","16","1","4","80","2","0","0","299","299","336","229","0","0","0","89771","0","0","538960","0","0","0"
"1","0.4","1.6","true","8.21","false","4","6.7","365","true","true","60","14","30","60","3","40","4","50","0.4","20.5","0","16","1","4","80","2","0","0","299","299","337","236","0","0","0","89764","0","0","538960","0","0","0"
"1","0.4","1.6","true","8.21","false","4","6.7","365","true","true","60","14","30","60","3","40","4","50","0.4","20.5","0","16","1","4","80","2","0","0","299","299","338","250","0","0","0","89750","0","0","538960","0","0","0"
"1","0.4","1.6","true","8.21","false","4","6.7","365","true","true","60","14","30","60","3","40","4","50","0.4","20.5","0","16","1","4","80","2","0","0","299","299","339","262","0","0","0","89738","0","0","538960","0","0","0"
"1","0.4","1.6","true","8.21","false","4","6.7","365","true","true","60","14","30","60","3","40","4","50","0.4","20.5","0","16","1","4","80","2","0","0","299","299","340","274","0","0","0","89726","0","0","538960","0","0","0"
"1","0.4","1.6","true","8.21","false","4","6.7","365","true","true","60","14","30","60","3","40","4","50","0.4","20.5","0","16","1","4","80","2","0","0","299","299","341","293","0","0","0","89707","0","0","538960","0","0","0"
"1","0.4","1.6","true","8.21","false","4","6.7","365","true","true","60","14","30","60","3","40","4","50","0.4","20.5","0","16","1","4","80","2","0","0","299","299","342","322","0","0","0","89678","0","0","539262","0","0","0"
"1","0.4","1.6","true","8.21","false","4","6.7","365","true","true","60","14","30","60","3","40","4","50","0.4","20.5","0","16","1","4","80","2","0","0","299","299","343","342","0","0","0","89658","0","0","539262","0","0","0"
"1","0.4","1.6","true","8.21","false","4","6.7","365","true","true","60","14","30","60","3","40","4","50","0.4","20.5","0","16","1","4","80","2","0","0","299","299","344","370","0","0","0","89630","0","0","539277","0","0","0"
"1","0.4","1.6","true","8.21","false","4","6.7","365","true","true","60","14","30","60","3","40","4","50","0.4","20.5","0","16","1","4","80","2","0","0","299","299","345","412","0","0","0","89588","0","0","539277","0","0","0"
"1","0.4","1.6","true","8.21","false","4","6.7","365","true","true","60","14","30","60","3","40","4","50","0.4","20.5","0","16","1","4","80","2","0","0","299","299","346","442","0","0","0","89558","0","0","539579","0","0","0"
"1","0.4","1.6","true","8.21","false","4","6.7","365","true","true","60","14","30","60","3","40","4","50","0.4","20.5","0","16","1","4","80","2","0","0","299","299","347","482","0","0","0","89518","0","0","539594","0","0","0"
"1","0.4","1.6","true","8.21","false","4","6.7","365","true","true","60","14","30","60","3","40","4","50","0.4","20.5","0","16","1","4","80","2","0","0","299","299","348","534","0","0","0","89466","0","0","539625","0","0","0"
"1","0.4","1.6","true","8.21","false","4","6.7","365","true","true","60","14","30","60","3","40","4","50","0.4","20.5","0","16","1","4","80","2","0","0","299","299","349","578","0","0","0","89422","0","0","539920","0","0","0"
"1","0.4","1.6","true","8.21","false","4","6.7","365","true","true","60","14","30","60","3","40","4","50","0.4","20.5","0","16","1","4","80","2","0","0","299","299","350","636","0","0","0","89364","0","0","539936","0","0","0"
"1","0.4","1.6","true","8.21","false","4","6.7","365","true","true","60","14","30","60","3","40","4","50","0.4","20.5","0","16","1","4","80","2","0","0","299","299","351","699","0","0","0","89301","0","0","539935","0","0","0"
"1","0.4","1.6","true","8.21","false","4","6.7","365","true","true","60","14","30","60","3","40","4","50","0.4","20.5","0","16","1","4","80","2","0","0","299","299","352","781","0","0","0","89219","0","0","539945","0","0","0"
"1","0.4","1.6","true","8.21","false","4","6.7","365","true","true","60","14","30","60","3","40","4","50","0.4","20.5","0","16","1","4","80","2","0","0","299","299","353","863","0","0","0","89137","0","0","540541","0","0","0"
"1","0.4","1.6","true","8.21","false","4","6.7","365","true","true","60","14","30","60","3","40","4","50","0.4","20.5","0","16","1","4","80","2","0","0","299","299","354","961","0","0","0","89039","0","0","540983","0","0","0"
"1","0.4","1.6","true","8.21","false","4","6.7","365","true","true","60","14","30","60","3","40","4","50","0.4","20.5","0","16","1","4","80","2","0","0","299","299","355","1068","0","0","0","88932","0","0","541275","0","0","0"
"1","0.4","1.6","true","8.21","false","4","6.7","365","true","true","60","14","30","60","3","40","4","50","0.4","20.5","0","16","1","4","80","2","0","0","299","299","356","1197","0","0","0","88803","0","0","541288","0","0","0"
"1","0.4","1.6","true","8.21","false","4","6.7","365","true","true","60","14","30","60","3","40","4","50","0.4","20.5","0","16","1","4","80","2","0","0","299","299","357","1339","0","0","0","88661","0","0","541312","0","0","0"
"1","0.4","1.6","true","8.21","false","4","6.7","365","true","true","60","14","30","60","3","40","4","50","0.4","20.5","0","16","1","4","80","2","0","0","299","299","358","1511","0","0","0","88489","0","0","542220","0","0","0"
"1","0.4","1.6","true","8.21","false","4","6.7","365","true","true","60","14","30","60","3","40","4","50","0.4","20.5","0","16","1","4","80","2","0","0","299","299","359","1676","0","0","0","88324","0","0","542827","0","0","0"
"1","0.4","1.6","true","8.21","false","4","6.7","365","true","true","60","14","30","60","3","40","4","50","0.4","20.5","0","16","1","4","80","2","0","0","299","299","360","1848","0","0","0","88152","0","0","543736","0","0","0"
"1","0.4","1.6","true","8.21","false","4","6.7","365","true","true","60","14","30","60","3","40","4","50","0.4","20.5","0","16","1","4","80","2","0","0","299","299","361","2060","0","0","0","87940","0","0","544592","0","0","0"
"1","0.4","1.6","true","8.21","false","4","6.7","365","true","true","60","14","30","60","3","40","4","50","0.4","20.5","0","16","1","4","80","2","0","0","299","299","362","2293","0","0","0","87707","0","0","545227","0","0","0"
"1","0.4","1.6","true","8.21","false","4","6.7","365","true","true","60","14","30","60","3","40","4","50","0.4","20.5","0","16","1","4","80","2","0","0","299","299","363","2564","0","0","0","87436","0","0","546128","0","0","0"
"1","0.4","1.6","true","8.21","false","4","6.7","365","true","true","60","14","30","60","3","40","4","50","0.4","20.5","0","16","1","4","80","2","0","0","299","299","364","2825","0","0","0","87175","0","0","547884","0","0","0"
"1","0.4","1.6","true","8.21","false","4","6.7","365","true","true","60","14","30","60","3","40","4","50","0.4","20.5","0","16","1","4","80","2","0","0","299","299","365","3095","0","0","0","86905","0","0","549285","0","0","0"
"1","0.4","1.6","true","8.21","false","4","6.7","365","true","true","60","14","30","60","3","40","4","50","0.4","20.5","0","16","1","4","80","2","0","0","299","299","366","3477","0","0","0","86523","0","0","550383","0","0","0"
"1","0.4","1.6","true","8.21","false","4","6.7","365","true","true","60","14","30","60","3","40","4","50","0.4","20.5","0","16","1","4","80","2","0","0","299","299","367","3845","0","0","0","86155","0","0","550622","0","0","0"
"1","0.4","1.6","true","8.21","false","4","6.7","365","true","true","60","14","30","60","3","40","4","50","0.4","20.5","0","16","1","4","80","2","0","0","299","299","368","4246","0","0","0","85754","0","0","552201","0","0","0"
"1","0.4","1.6","true","8.21","false","4","6.7","365","true","true","60","14","30","60","3","40","4","50","0.4","20.5","0","16","1","4","80","2","0","0","299","299","369","4707","0","0","0","85293","0","0","554204","0","0","0"
"1","0.4","1.6","true","8.21","false","4","6.7","365","true","true","60","14","30","60","3","40","4","50","0.4","20.5","0","16","1","4","80","2","0","0","299","299","370","5184","0","0","0","84816","0","0","554488","0","0","0"
"1","0.4","1.6","true","8.21","false","4","6.7","365","true","true","60","14","30","60","3","40","4","50","0.4","20.5","0","16","1","4","80","2","0","0","299","299","371","5724","0","0","0","84276","0","0","555583","0","0","0"
"1","0.4","1.6","true","8.21","false","4","6.7","365","true","true","60","14","30","60","3","40","4","50","0.4","20.5","0","16","1","4","80","2","0","0","299","299","372","6257","0","0","0","83743","0","0","556356","0","0","0"
"1","0.4","1.6","true","8.21","false","4","6.7","365","true","true","60","14","30","60","3","40","4","50","0.4","20.5","0","16","1","4","80","2","0","0","299","299","373","6852","0","0","0","83148","0","0","558706","0","0","0"
"1","0.4","1.6","true","8.21","false","4","6.7","365","true","true","60","14","30","60","3","40","4","50","0.4","20.5","0","16","1","4","80","2","0","0","299","299","374","7506","0","0","0","82494","0","0","559921","0","0","0"
"1","0.4","1.6","true","8.21","false","4","6.7","365","true","true","60","14","30","60","3","40","4","50","0.4","20.5","0","16","1","4","80","2","0","0","299","299","375","8185","0","0","0","81815","0","0","562873","0","0","0"
"1","0.4","1.6","true","8.21","false","4","6.7","365","true","true","60","14","30","60","3","40","4","50","0.4","20.5","0","16","1","4","80","2","0","0","299","299","376","8913","0","0","0","81087","0","0","564308","0","0","0"
"1","0.4","1.6","true","8.21","false","4","6.7","365","true","true","60","14","30","60","3","40","4","50","0.4","20.5","0","16","1","4","80","2","0","0","299","299","377","9634","0","0","0","80366","0","0","566262","0","0","0"
"1","0.4","1.6","true","8.21","false","4","6.7","365","true","true","60","14","30","60","3","40","4","50","0.4","20.5","0","16","1","4","80","2","0","0","299","299","378","10462","1","0","0","79537","0","0","568392","0","0","0"
"1","0.4","1.6","true","8.21","false","4","6.7","365","true","true","60","14","30","60","3","40","4","50","0.4","20.5","0","16","1","4","80","2","0","0","299","299","379","11318","1","0","0","78681","0","0","568953","0","0","0"
"1","0.4","1.6","true","8.21","false","4","6.7","365","true","true","60","14","30","60","3","40","4","50","0.4","20.5","0","16","1","4","80","2","0","0","299","299","380","12203","1","0","0","77796","0","0","571001","0","0","0"
"1","0.4","1.6","true","8.21","false","4","6.7","365","true","true","60","14","30","60","3","40","4","50","0.4","20.5","0","16","1","4","80","2","0","0","299","299","381","13112","1","0","0","76887","0","0","572554","0","0","0"
"1","0.4","1.6","true","8.21","false","4","6.7","365","true","true","60","14","30","60","3","40","4","50","0.4","20.5","0","16","1","4","80","2","0","0","299","299","382","14143","0","0","1","75856","0","0","575415","0","0","0"
"1","0.4","1.6","true","8.21","false","4","6.7","365","true","true","60","14","30","60","3","40","4","50","0.4","20.5","0","16","1","4","80","2","0","0","299","299","383","15121","0","0","1","74878","0","0","577224","0","0","0"
"1","0.4","1.6","true","8.21","false","4","6.7","365","true","true","60","14","30","60","3","40","4","50","0.4","20.5","0","16","1","4","80","2","0","0","299","299","384","16200","1","0","1","73798","0","0","578195","0","0","0"
"1","0.4","1.6","true","8.21","false","4","6.7","365","true","true","60","14","30","60","3","40","4","50","0.4","20.5","0","16","1","4","80","2","0","0","299","299","385","17313","3","0","1","72683","0","0","583144","0","0","0"
"1","0.4","1.6","true","8.21","false","4","6.7","365","true","true","60","14","30","60","3","40","4","50","0.4","20.5","0","16","1","4","80","2","0","0","299","299","386","18407","5","0","1","71587","0","0","584933","0","0","0"
"1","0.4","1.6","true","8.21","false","4","6.7","365","true","true","60","14","30","60","3","40","4","50","0.4","20.5","0","16","1","4","80","2","0","0","299","299","387","19643","7","0","1","70349","0","0","588270","0","0","0"
"1","0.4","1.6","true","8.21","false","4","6.7","365","true","true","60","14","30","60","3","40","4","50","0.4","20.5","0","16","1","4","80","2","0","0","299","299","388","20934","7","0","1","69058","0","0","590276","0","0","0"
"1","0.4","1.6","true","8.21","false","4","6.7","365","true","true","60","14","30","60","3","40","4","50","0.4","20.5","0","16","1","4","80","2","0","0","299","299","389","22213","7","0","1","67779","0","0","593467","0","0","0"
"1","0.4","1.6","true","8.21","false","4","6.7","365","true","true","60","14","30","60","3","40","4","50","0.4","20.5","0","16","1","4","80","2","0","0","299","299","390","23492","7","3","1","66497","0","3","596728","0","0","0"
"1","0.4","1.6","true","8.21","false","4","6.7","365","true","true","60","14","30","60","3","40","4","50","0.4","20.5","0","16","1","4","80","2","0","0","299","299","391","24776","9","3","1","65211","0","3","599292","0","0","0"
"1","0.4","1.6","true","8.21","false","4","6.7","365","true","true","60","14","30","60","3","40","4","50","0.4","20.5","0","16","1","4","80","2","0","0","299","299","392","26091","9","4","3","63893","0","4","600355","0","0","0"
"1","0.4","1.6","true","8.21","false","4","6.7","365","true","true","60","14","30","60","3","40","4","50","0.4","20.5","0","16","1","4","80","2","0","0","299","299","393","27453","10","4","4","62529","0","4","601821","0","0","0"
"1","0.4","1.6","true","8.21","false","4","6.7","365","true","true","60","14","30","60","3","40","4","50","0.4","20.5","0","16","1","4","80","2","0","0","299","299","394","28821","15","4","4","61156","0","4","602891","0","0","0"
"1","0.4","1.6","true","8.21","false","4","6.7","365","true","true","60","14","30","60","3","40","4","50","0.4","20.5","0","16","1","4","80","2","0","0","299","299","395","30275","21","4","4","59696","0","4","603319","0","0","0"
"1","0.4","1.6","true","8.21","false","4","6.7","365","true","true","60","14","30","60","3","40","4","50","0.4","20.5","0","16","1","4","80","2","0","0","299","299","396","31702","30","4","4","58260","0","4","605186","0","0","0"
"1","0.4","1.6","true","8.21","false","4","6.7","365","true","true","60","14","30","60","3","40","4","50","0.4","20.5","0","16","1","4","80","2","0","0","299","299","397","33133","35","6","5","56821","0","6","606397","0","0","0"
"1","0.4","1.6","true","8.21","false","4","6.7","365","true","true","60","14","30","60","3","40","4","50","0.4","20.5","0","16","1","4","80","2","0","0","299","299","398","34537","40","8","7","55408","0","8","607423","0","0","0"
"1","0.4","1.6","true","8.21","false","4","6.7","365","true","true","60","14","30","60","3","40","4","50","0.4","20.5","0","16","1","4","80","2","0","0","299","299","399","36014","51","8","11","53916","0","8","608604","0","0","0"
"1","0.4","1.6","true","8.21","false","4","6.7","365","true","true","60","14","30","60","3","40","4","50","0.4","20.5","0","16","1","4","80","2","0","0","299","299","400","37540","64","10","15","52371","0","10","609760","0","0","0"
"1","0.4","1.6","true","8.21","false","4","6.7","365","true","true","60","14","30","60","3","40","4","50","0.4","20.5","0","16","1","4","80","2","0","0","299","299","401","38956","85","10","19","50930","0","10","610851","0","0","0"
"1","0.4","1.6","true","8.21","false","4","6.7","365","true","true","60","14","30","60","3","40","4","50","0.4","20.5","0","16","1","4","80","2","0","0","299","299","402","40403","110","12","22","49453","0","12","611985","0","0","0"
"1","0.4","1.6","true","8.21","false","4","6.7","365","true","true","60","14","30","60","3","40","4","50","0.4","20.5","0","16","1","4","80","2","0","0","299","299","403","41886","136","17","28","47933","0","15","611818","0","0","0"
"1","0.4","1.6","true","8.21","false","4","6.7","365","true","true","60","14","30","60","3","40","4","50","0.4","20.5","0","16","1","4","80","2","0","0","299","299","404","43332","191","20","33","46424","0","17","612146","0","0","0"
"1","0.4","1.6","true","8.21","false","4","6.7","365","true","true","60","14","30","60","3","40","4","50","0.4","20.5","0","16","1","4","80","2","0","0","299","299","405","44723","237","25","42","44973","0","22","611195","0","0","0"
"1","0.4","1.6","true","8.21","false","4","6.7","365","true","true","60","14","30","60","3","40","4","50","0.4","20.5","0","16","1","4","80","2","0","0","299","299","406","46062","281","33","57","43567","0","30","609846","0","0","0"
"1","0.4","1.6","true","8.21","false","4","6.7","365","true","true","60","14","30","60","3","40","4","50","0.4","20.5","0","16","1","4","80","2","0","0","299","299","407","47391","348","40","77","42144","0","38","609664","0","0","0"
"1","0.4","1.6","true","8.21","false","4","6.7","365","true","true","60","14","30","60","3","40","4","50","0.4","20.5","0","16","1","4","80","2","0","0","299","299","408","48697","414","52","103","40734","0","50","609311","0","0","0"
"1","0.4","1.6","true","8.21","false","4","6.7","365","true","true","60","14","30","60","3","40","4","50","0.4","20.5","0","16","1","4","80","2","0","0","299","299","409","49967","485","74","123","39351","0","71","608257","0","0","0"
"1","0.4","1.6","true","8.21","false","4","6.7","365","true","true","60","14","30","60","3","40","4","50","0.4","20.5","0","16","1","4","80","2","0","0","299","299","410","51230","547","93","158","37972","0","90","608201","0","0","0"
"1","0.4","1.6","true","8.21","false","4","6.7","365","true","true","60","14","30","60","3","40","4","50","0.4","20.5","0","16","1","4","80","2","0","0","299","299","411","52373","627","108","200","36692","0","103","607974","0","0","0"
"1","0.4","1.6","true","8.21","false","4","6.7","365","true","true","60","14","30","60","3","40","4","50","0.4","20.5","0","16","1","4","80","2","0","0","299","299","412","53550","709","131","248","35362","0","127","607500","0","0","0"
"1","0.4","1.6","true","8.21","false","4","6.7","365","true","true","60","14","30","60","3","40","4","50","0.4","20.5","0","16","1","4","80","2","0","0","299","299","413","54644","793","166","293","34104","0","161","606329","0","0","0"
"1","0.4","1.6","true","8.21","false","4","6.7","365","true","true","60","14","30","60","3","40","4","50","0.4","20.5","0","16","1","4","80","2","0","0","299","299","414","55664","881","207","349","32899","0","201","605361","0","0","0"
"1","0.4","1.6","true","8.21","false","4","6.7","365","true","true","60","14","30","60","3","40","4","50","0.4","20.5","0","16","1","4","80","2","0","0","299","299","415","56684","984","252","415","31665","0","246","603694","0","0","0"
"1","0.4","1.6","true","8.21","false","4","6.7","365","true","true","60","14","30","60","3","40","4","50","0.4","20.5","0","16","1","4","80","2","0","0","299","299","416","57584","1140","297","488","30491","0","287","601473","0","0","0"
"1","0.4","1.6","true","8.21","false","4","6.7","365","true","true","60","14","30","60","3","40","4","50","0.4","20.5","0","16","1","4","80","2","0","0","299","299","417","58473","1298","351","568","29310","0","335","599851","0","0","0"
"1","0.4","1.6","true","8.21","false","4","6.7","365","true","true","60","14","30","60","3","40","4","50","0.4","20.5","0","16","1","4","80","2","0","0","299","299","418","59296","1501","392","640","28171","0","373","598009","0","0","0"
"1","0.4","1.6","true","8.21","false","4","6.7","365","true","true","60","14","30","60","3","40","4","50","0.4","20.5","0","16","1","4","80","2","0","0","299","299","419","60001","1696","467","748","27088","0","442","596722","0","0","0"
"1","0.4","1.6","true","8.21","false","4","6.7","365","true","true","60","14","30","60","3","40","4","50","0.4","20.5","0","16","1","4","80","2","0","0","299","299","420","60650","1903","545","871","26031","0","517","594191","0","0","0"
"1","0.4","1.6","true","8.21","false","4","6.7","365","true","true","60","14","30","60","3","40","4","50","0.4","20.5","0","16","1","4","80","2","0","0","299","299","421","61233","2145","615","990","25017","0","576","592053","0","0","0"
"1","0.4","1.6","true","8.21","false","4","6.7","365","true","true","60","14","30","60","3","40","4","50","0.4","20.5","0","16","1","4","80","2","0","0","299","299","422","61747","2342","725","1138","24048","0","671","591558","0","0","0"
"1","0.4","1.6","true","8.21","false","4","6.7","365","true","true","60","14","30","60","3","40","4","50","0.4","20.5","0","16","1","4","80","2","0","0","299","299","423","62213","2596","833","1284","23074","0","753","588858","0","0","0"
"1","0.4","1.6","true","8.21","false","4","6.7","365","true","true","60","14","30","60","3","40","4","50","0.4","20.5","0","16","1","4","80","2","0","0","299","299","424","62629","2833","951","1475","22112","0","858","586791","0","0","0"
"1","0.4","1.6","true","8.21","false","4","6.7","365","true","true","60","14","30","60","3","40","4","50","0.4","20.5","0","16","1","4","80","2","0","0","299","299","425","62884","3044","1101","1693","21278","0","992","584520","0","0","0"
"1","0.4","1.6","true","8.21","false","4","6.7","365","true","true","60","14","30","60","3","40","4","50","0.4","20.5","0","16","1","4","80","2","0","0","299","299","426","63069","3290","1264","1908","20469","0","1122","582380","0","0","0"
"1","0.4","1.6","true","8.21","false","4","6.7","365","true","true","60","14","30","60","3","40","4","50","0.4","20.5","0","16","1","4","80","2","0","0","299","299","427","63141","3560","1453","2158","19688","0","1281","579813","0","0","0"
"1","0.4","1.6","true","8.21","false","4","6.7","365","true","true","60","14","30","60","3","40","4","50","0.4","20.5","0","16","1","4","80","2","0","0","299","299","428","63142","3889","1635","2423","18911","0","1429","577238","0","0","0"
"1","0.4","1.6","true","8.21","false","4","6.7","365","true","true","60","14","30","60","3","40","4","50","0.4","20.5","0","16","1","4","80","2","0","0","299","299","429","63053","4244","1812","2728","18163","0","1569","575459","0","0","0"
"1","0.4","1.6","true","8.21","false","4","6.7","365","true","true","60","14","30","60","3","40","4","50","0.4","20.5","0","16","1","4","80","2","0","0","299","299","430","62894","4652","1985","3004","17465","0","1718","573360","0","0","0"
"1","0.4","1.6","true","8.21","false","4","6.7","365","true","true","60","14","30","60","3","40","4","50","0.4","20.5","0","16","1","4","80","2","0","0","299","299","431","62651","4998","2204","3341","16806","0","1888","571751","0","0","0"
"1","0.4","1.6","true","8.21","false","4","6.7","365","true","true","60","14","30","60","3","40","4","50","0.4","20.5","0","16","1","4","80","2","0","0","299","299","432","62358","5401","2423","3668","16150","0","2073","569540","0","0","0"
"1","0.4","1.6","true","8.21","false","4","6.7","365","true","true","60","14","30","60","3","40","4","50","0.4","20.5","0","16","1","4","80","2","0","0","299","299","433","61952","5760","2677","4063","15548","0","2282","566893","0","0","0"
"1","0.4","1.6","true","8.21","false","4","6.7","365","true","true","60","14","30","60","3","40","4","50","0.4","20.5","0","16","1","4","80","2","0","0","299","299","434","61521","6086","2925","4480","14988","0","2486","565473","0","0","0"
"1","0.4","1.6","true","8.21","false","4","6.7","365","true","true","60","14","30","60","3","40","4","50","0.4","20.5","0","16","1","4","80","2","0","0","299","299","435","61065","6378","3210","4901","14446","0","2702","563001","0","0","0"
"1","0.4","1.6","true","8.21","false","4","6.7","365","true","true","60","14","30","60","3","40","4","50","0.4","20.5","0","16","1","4","80","2","0","0","299","299","436","60471","6606","3552","5415","13956","0","2978","561590","0","0","0"
"1","0.4","1.6","true","8.21","false","4","6.7","365","true","true","60","14","30","60","3","40","4","50","0.4","20.5","0","16","1","4","80","2","0","0","299","299","437","59903","6921","3903","5859","13414","0","72815","558852","0","0","0"
"1","0.4","1.6","true","8.21","false","4","6.7","365","true","true","60","14","30","60","3","40","4","50","0.4","20.5","0","16","1","4","80","2","0","0","299","299","438","60392","6000","4221","6374","13013","0","72885","48992","0","0","0"
"1","0.4","1.6","true","8.21","false","4","6.7","365","true","true","60","14","30","60","3","40","4","50","0.4","20.5","0","16","1","4","80","2","0","0","299","299","439","60830","5039","4574","6876","12681","0","72979","48371","0","0","0"
"1","0.4","1.6","true","8.21","false","4","6.7","365","true","true","60","14","30","60","3","40","4","50","0.4","20.5","0","16","1","4","80","2","0","0","299","299","440","61322","3994","4936","7447","12301","0","73062","46666","0","0","0"
"1","0.4","1.6","true","8.21","false","4","6.7","365","true","true","60","14","30","60","3","40","4","50","0.4","20.5","0","16","1","4","80","2","0","0","299","299","441","61758","3018","5262","7945","12017","0","73131","45775","0","0","0"
"1","0.4","1.6","true","8.21","false","4","6.7","365","true","true","60","14","30","60","3","40","4","50","0.4","20.5","0","16","1","4","80","2","0","0","299","299","442","62178","2111","5534","8393","11784","0","73203","44624","0","0","0"
"1","0.4","1.6","true","8.21","false","4","6.7","365","true","true","60","14","30","60","3","40","4","50","0.4","20.5","0","16","1","4","80","2","0","0","299","299","443","62597","1447","5718","8661","11577","0","73272","43391","0","0","0"
"1","0.4","1.6","true","8.21","false","4","6.7","365","true","true","60","14","30","60","3","40","4","50","0.4","20.5","0","16","1","4","80","2","0","0","299","299","444","63006","1008","5797","8778","11411","0","73325","42186","0","0","0"
"1","0.4","1.6","true","8.21","false","4","6.7","365","true","true","60","14","30","60","3","40","4","50","0.4","20.5","0","16","1","4","80","2","0","0","299","299","445","63427","701","5825","8793","11254","0","73371","41038","0","0","0"
"1","0.4","1.6","true","8.21","false","4","6.7","365","true","true","60","14","30","60","3","40","4","50","0.4","20.5","0","16","1","4","80","2","0","0","299","299","446","63830","523","5778","8703","11166","0","73404","40565","0","0","0"
"1","0.4","1.6","true","8.21","false","4","6.7","365","true","true","60","14","30","60","3","40","4","50","0.4","20.5","0","16","1","4","80","2","0","0","299","299","447","64249","413","5710","8551","11077","0","73438","39710","0","0","0"
"1","0.4","1.6","true","8.21","false","4","6.7","365","true","true","60","14","30","60","3","40","4","50","0.4","20.5","0","16","1","4","80","2","0","0","299","299","448","64633","339","5575","8362","11091","0","73462","39015","0","0","0"
"1","0.4","1.6","true","8.21","false","4","6.7","365","true","true","60","14","30","60","3","40","4","50","0.4","20.5","0","16","1","4","80","2","0","0","299","299","449","64962","296","5422","8120","11200","0","73485","38083","0","0","0"
"1","0.4","1.6","true","8.21","false","4","6.7","365","true","true","60","14","30","60","3","40","4","50","0.4","20.5","0","16","1","4","80","2","0","0","299","299","450","65260","270","5237","7871","11362","0","73503","37400","0","0","0"
"1","0.4","1.6","true","8.21","false","4","6.7","365","true","true","60","14","30","60","3","40","4","50","0.4","20.5","0","16","1","4","80","2","0","0","299","299","451","65592","242","5031","7559","11576","0","73520","36922","0","0","0"
"1","0.4","1.6","true","8.21","false","4","6.7","365","true","true","60","14","30","60","3","40","4","50","0.4","20.5","0","16","1","4","80","2","0","0","299","299","452","65881","231","4832","7238","11818","0","73535","36573","0","0","0"
"1","0.4","1.6","true","8.21","false","4","6.7","365","true","true","60","14","30","60","3","40","4","50","0.4","20.5","0","16","1","4","80","2","0","0","299","299","453","66195","203","4600","6904","12098","0","73556","36071","0","0","0"
"1","0.4","1.6","true","8.21","false","4","6.7","365","true","true","60","14","30","60","3","40","4","50","0.4","20.5","0","16","1","4","80","2","0","0","299","299","454","66467","192","4328","6488","12525","0","73568","35663","0","0","0"
"1","0.4","1.6","true","8.21","false","4","6.7","365","true","true","60","14","30","60","3","40","4","50","0.4","20.5","0","16","1","4","80","2","0","0","299","299","455","66743","170","4076","6032","12979","0","73588","35138","0","0","0"
"1","0.4","1.6","true","8.21","false","4","6.7","365","true","true","60","14","30","60","3","40","4","50","0.4","20.5","0","16","1","4","80","2","0","0","299","299","456","67030","164","3783","5594","13429","0","73607","34386","0","0","0"
"1","0.4","1.6","true","8.21","false","4","6.7","365","true","true","60","14","30","60","3","40","4","50","0.4","20.5","0","16","1","4","80","2","0","0","299","299","457","67307","159","3492","5105","13937","0","565","33678","0","0","0"
"1","0.4","1.6","true","8.21","false","4","6.7","365","true","true","60","14","30","60","3","40","4","50","0.4","20.5","0","16","1","4","80","2","0","0","299","299","458","66311","1368","3189","4663","14469","0","429","567844","0","0","0"
"1","0.4","1.6","true","8.21","false","4","6.7","365","true","true","60","14","30","60","3","40","4","50","0.4","20.5","0","16","1","4","80","2","0","0","299","299","459","64957","2960","2873","4223","14987","0","335","568753","0","0","0"
"1","0.4","1.6","true","8.21","false","4","6.7","365","true","true","60","14","30","60","3","40","4","50","0.4","20.5","0","16","1","4","80","2","0","0","299","299","460","63335","4807","2635","3821","15402","0","269","569540","0","0","0"
"1","0.4","1.6","true","8.21","false","4","6.7","365","true","true","60","14","30","60","3","40","4","50","0.4","20.5","0","16","1","4","80","2","0","0","299","299","461","61564","6732","2413","3461","15830","0","260","570018","0","0","0"
"1","0.4","1.6","true","8.21","false","4","6.7","365","true","true","60","14","30","60","3","40","4","50","0.4","20.5","0","16","1","4","80","2","0","0","299","299","462","59805","8456","2264","3244","16231","0","324","569985","0","0","0"
"1","0.4","1.6","true","8.21","false","4","6.7","365","true","true","60","14","30","60","3","40","4","50","0.4","20.5","0","16","1","4","80","2","0","0","299","299","463","57968","9928","2259","3197","16648","0","523","569892","0","0","0"
"1","0.4","1.6","true","8.21","false","4","6.7","365","true","true","60","14","30","60","3","40","4","50","0.4","20.5","0","16","1","4","80","2","0","0","299","299","464","56252","10936","2369","3449","16994","0","861","568317","0","0","0"
"1","0.4","1.6","true","8.21","false","4","6.7","365","true","true","60","14","30","60","3","40","4","50","0.4","20.5","0","16","1","4","80","2","0","0","299","299","465","54521","11540","2689","3889","17361","0","1377","565616","0","0","0"
"1","0.4","1.6","true","8.21","false","4","6.7","365","true","true","60","14","30","60","3","40","4","50","0.4","20.5","0","16","1","4","80","2","0","0","299","299","466","52773","11936","3082","4530","17679","0","1950","562713","0","0","0"
"1","0.4","1.6","true","8.21","false","4","6.7","365","true","true","60","14","30","60","3","40","4","50","0.4","20.5","0","16","1","4","80","2","0","0","299","299","467","51054","12118","3595","5286","17947","0","2621","559211","0","0","0"
"1","0.4","1.6","true","8.21","false","4","6.7","365","true","true","60","14","30","60","3","40","4","50","0.4","20.5","0","16","1","4","80","2","0","0","299","299","468","49340","12198","4150","6168","18144","0","72724","553012","0","0","0"
"1","0.4","1.6","true","8.21","false","4","6.7","365","true","true","60","14","30","60","3","40","4","50","0.4","20.5","0","16","1","4","80","2","0","0","299","299","469","49410","10455","4759","7076","18300","0","72867","40624","0","0","0"
"1","0.4","1.6","true","8.21","false","4","6.7","365","true","true","60","14","30","60","3","40","4","50","0.4","20.5","0","16","1","4","80","2","0","0","299","299","470","49449","8585","5393","8083","18490","0","73014","39863","0","0","0"
"1","0.4","1.6","true","8.21","false","4","6.7","365","true","true","60","14","30","60","3","40","4","50","0.4","20.5","0","16","1","4","80","2","0","0","299","299","471","49502","6747","6039","9089","18623","0","73166","39173","0","0","0"
"1","0.4","1.6","true","8.21","false","4","6.7","365","true","true","60","14","30","60","3","40","4","50","0.4","20.5","0","16","1","4","80","2","0","0","299","299","472","49576","4896","6746","10042","18740","0","73309","38161","0","0","0"
"1","0.4","1.6","true","8.21","false","4","6.7","365","true","true","60","14","30","60","3","40","4","50","0.4","20.5","0","16","1","4","80","2","0","0","299","299","473","49615","3358","7307","10897","18823","0","73441","36950","0","0","0"
"1","0.4","1.6","true","8.21","false","4","6.7","365","true","true","60","14","30","60","3","40","4","50","0.4","20.5","0","16","1","4","80","2","0","0","299","299","474","49652","2274","7679","11514","18881","0","73551","35116","0","0","0"
"1","0.4","1.6","true","8.21","false","4","6.7","365","true","true","60","14","30","60","3","40","4","50","0.4","20.5","0","16","1","4","80","2","0","0","299","299","475","49697","1542","7934","11920","18907","0","73623","33695","0","0","0"
"1","0.4","1.6","true","8.21","false","4","6.7","365","true","true","60","14","30","60","3","40","4","50","0.4","20.5","0","16","1","4","80","2","0","0","299","299","476","49752","1069","8086","12160","18933","0","73678","32611","0","0","0"
"1","0.4","1.6","true","8.21","false","4","6.7","365","true","true","60","14","30","60","3","40","4","50","0.4","20.5","0","16","1","4","80","2","0","0","299","299","477","49807","796","8157","12286","18954","0","73714","31446","0","0","0"
"1","0.4","1.6","true","8.21","false","4","6.7","365","true","true","60","14","30","60","3","40","4","50","0.4","20.5","0","16","1","4","80","2","0","0","299","299","478","49837","599","8202","12321","19041","0","73756","30744","0","0","0"
"1","0.4","1.6","true","8.21","false","4","6.7","365","true","true","60","14","30","60","3","40","4","50","0.4","20.5","0","16","1","4","80","2","0","0","299","299","479","49888","451","8180","12281","19200","0","73803","30057","0","0","0"
"1","0.4","1.6","true","8.21","false","4","6.7","365","true","true","60","14","30","60","3","40","4","50","0.4","20.5","0","16","1","4","80","2","0","0","299","299","480","49935","358","8064","12132","19511","0","73830","29475","0","0","0"
"1","0.4","1.6","true","8.21","false","4","6.7","365","true","true","60","14","30","60","3","40","4","50","0.4","20.5","0","16","1","4","80","2","0","0","299","299","481","49958","309","7890","11872","19971","0","73847","29079","0","0","0"
"1","0.4","1.6","true","8.21","false","4","6.7","365","true","true","60","14","30","60","3","40","4","50","0.4","20.5","0","16","1","4","80","2","0","0","299","299","482","49989","272","7677","11557","20505","0","73860","28847","0","0","0"
"1","0.4","1.6","true","8.21","false","4","6.7","365","true","true","60","14","30","60","3","40","4","50","0.4","20.5","0","16","1","4","80","2","0","0","299","299","483","50002","245","7438","11202","21113","0","73885","28704","0","0","0"
"1","0.4","1.6","true","8.21","false","4","6.7","365","true","true","60","14","30","60","3","40","4","50","0.4","20.5","0","16","1","4","80","2","0","0","299","299","484","50029","222","7147","10770","21832","0","73904","28570","0","0","0"
"1","0.4","1.6","true","8.21","false","4","6.7","365","true","true","60","14","30","60","3","40","4","50","0.4","20.5","0","16","1","4","80","2","0","0","299","299","485","50049","202","6788","10250","22711","0","73919","28387","0","0","0"
"1","0.4","1.6","true","8.21","false","4","6.7","365","true","true","60","14","30","60","3","40","4","50","0.4","20.5","0","16","1","4","80","2","0","0","299","299","486","50067","193","6417","9663","23660","0","73934","28238","0","0","0"
"1","0.4","1.6","true","8.21","false","4","6.7","365","true","true","60","14","30","60","3","40","4","50","0.4","20.5","0","16","1","4","80","2","0","0","299","299","487","50089","188","6014","9046","24663","0","73947","27902","0","0","0"
"1","0.4","1.6","true","8.21","false","4","6.7","365","true","true","60","14","30","60","3","40","4","50","0.4","20.5","0","16","1","4","80","2","0","0","299","299","488","50092","183","5551","8352","25822","0","73967","27575","0","0","0"
"1","0.4","1.6","true","8.21","false","4","6.7","365","true","true","60","14","30","60","3","40","4","50","0.4","20.5","0","16","1","4","80","2","0","0","299","299","489","50099","185","5077","7638","27001","0","73975","27559","0","0","0"
"1","0.4","1.6","true","8.21","false","4","6.7","365","true","true","60","14","30","60","3","40","4","50","0.4","20.5","0","16","1","4","80","2","0","0","299","299","490","50104","173","4631","6965","28127","0","73987","27488","0","0","0"
"1","0.4","1.6","true","8.21","false","4","6.7","365","true","true","60","14","30","60","3","40","4","50","0.4","20.5","0","16","1","4","80","2","0","0","299","299","491","50116","160","4209","6304","29211","0","74000","27251","0","0","0"
"1","0.4","1.6","true","8.21","false","4","6.7","365","true","true","60","14","30","60","3","40","4","50","0.4","20.5","0","16","1","4","80","2","0","0","299","299","492","50123","149","3804","5645","30279","0","74013","26945","0","0","0"
"1","0.4","1.6","true","8.21","false","4","6.7","365","true","true","60","14","30","60","3","40","4","50","0.4","20.5","0","16","1","4","80","2","0","0","299","299","493","50125","139","3381","5052","31303","0","241","26449","0","0","0"
"1","0.4","1.6","true","8.21","false","4","6.7","365","true","true","60","14","30","60","3","40","4","50","0.4","20.5","0","16","1","4","80","2","0","0","299","299","494","48846","1415","2983","4481","32275","0","222","563414","0","0","0"
"1","0.4","1.6","true","8.21","false","4","6.7","365","true","true","60","14","30","60","3","40","4","50","0.4","20.5","0","16","1","4","80","2","0","0","299","299","495","47232","3027","2608","3875","33258","0","191","563430","0","0","0"
"1","0.4","1.6","true","8.21","false","4","6.7","365","true","true","60","14","30","60","3","40","4","50","0.4","20.5","0","16","1","4","80","2","0","0","299","299","496","45348","4914","2263","3348","34127","0","171","562852","0","0","0"
"1","0.4","1.6","true","8.21","false","4","6.7","365","true","true","60","14","30","60","3","40","4","50","0.4","20.5","0","16","1","4","80","2","0","0","299","299","497","43404","6800","1966","2935","34895","0","183","562267","0","0","0"
"1","0.4","1.6","true","8.21","false","4","6.7","365","true","true","60","14","30","60","3","40","4","50","0.4","20.5","0","16","1","4","80","2","0","0","299","299","498","41507","8439","1762","2638","35654","0","262","560839","0","0","0"
"1","0.4","1.6","true","8.21","false","4","6.7","365","true","true","60","14","30","60","3","40","4","50","0.4","20.5","0","16","1","4","80","2","0","0","299","299","499","39705","9658","1747","2604","36286","0","479","560221","0","0","0"
"1","0.4","1.6","true","8.21","false","4","6.7","365","true","true","60","14","30","60","3","40","4","50","0.4","20.5","0","16","1","4","80","2","0","0","299","299","500","38078","10344","1927","2814","36837","0","870","558662","0","0","0"
"1","0.4","1.6","true","8.21","false","4","6.7","365","true","true","60","14","30","60","3","40","4","50","0.4","20.5","0","16","1","4","80","2","0","0","299","299","501","36638","10490","2240","3290","37342","0","1378","557001","0","0","0"
"1","0.4","1.6","true","8.21","false","4","6.7","365","true","true","60","14","30","60","3","40","4","50","0.4","20.5","0","16","1","4","80","2","0","0","299","299","502","35243","10345","2695","3940","37777","0","2017","552243","0","0","0"
"1","0.4","1.6","true","8.21","false","4","6.7","365","true","true","60","14","30","60","3","40","4","50","0.4","20.5","0","16","1","4","80","2","0","0","299","299","503","33793","10163","3205","4735","38104","0","2655","548561","0","0","0"
"1","0.4","1.6","true","8.21","false","4","6.7","365","true","true","60","14","30","60","3","40","4","50","0.4","20.5","0","16","1","4","80","2","0","0","299","299","504","32353","9871","3737","5675","38364","0","72654","543922","0","0","0"
"1","0.4","1.6","true","8.21","false","4","6.7","365","true","true","60","14","30","60","3","40","4","50","0.4","20.5","0","16","1","4","80","2","0","0","299","299","505","32285","8311","4325","6489","38590","0","72784","36951","0","0","0"
"1","0.4","1.6","true","8.21","false","4","6.7","365","true","true","60","14","30","60","3","40","4","50","0.4","20.5","0","16","1","4","80","2","0","0","299","299","506","32215","6777","4866","7366","38776","0","72927","36178","0","0","0"
"1","0.4","1.6","true","8.21","false","4","6.7","365","true","true","60","14","30","60","3","40","4","50","0.4","20.5","0","16","1","4","80","2","0","0","299","299","507","32168","5309","5426","8149","38948","0","73054","34535","0","0","0"
"1","0.4","1.6","true","8.21","false","4","6.7","365","true","true","60","14","30","60","3","40","4","50","0.4","20.5","0","16","1","4","80","2","0","0","299","299","508","32123","3911","5916","8972","39078","0","73161","33922","0","0","0"
"1","0.4","1.6","true","8.21","false","4","6.7","365","true","true","60","14","30","60","3","40","4","50","0.4","20.5","0","16","1","4","80","2","0","0","299","299","509","32085","2686","6404","9648","39177","0","73277","32996","0","0","0"
"1","0.4","1.6","true","8.21","false","4","6.7","365","true","true","60","14","30","60","3","40","4","50","0.4","20.5","0","16","1","4","80","2","0","0","299","299","510","32040","1830","6724","10150","39256","0","73357","31511","0","0","0"
"1","0.4","1.6","true","8.21","false","4","6.7","365","true","true","60","14","30","60","3","40","4","50","0.4","20.5","0","16","1","4","80","2","0","0","299","299","511","31995","1231","6950","10504","39320","0","73420","30253","0","0","0"
"1","0.4","1.6","true","8.21","false","4","6.7","365","true","true","60","14","30","60","3","40","4","50","0.4","20.5","0","16","1","4","80","2","0","0","299","299","512","31966","824","7090","10745","39375","0","73463","29061","0","0","0"
"1","0.4","1.6","true","8.21","false","4","6.7","365","true","true","60","14","30","60","3","40","4","50","0.4","20.5","0","16","1","4","80","2","0","0","299","299","513","31941","580","7158","10850","39471","0","73497","28500","0","0","0"
"1","0.4","1.6","true","8.21","false","4","6.7","365","true","true","60","14","30","60","3","40","4","50","0.4","20.5","0","16","1","4","80","2","0","0","299","299","514","31916","424","7176","10869","39615","0","73526","27840","0","0","0"
"1","0.4","1.6","true","8.21","false","4","6.7","365","true","true","60","14","30","60","3","40","4","50","0.4","20.5","0","16","1","4","80","2","0","0","299","299","515","31895","316","7131","10796","39862","0","73558","27547","0","0","0"
"1","0.4","1.6","true","8.21","false","4","6.7","365","true","true","60","14","30","60","3","40","4","50","0.4","20.5","0","16","1","4","80","2","0","0","299","299","516","31876","259","7036","10632","40197","0","73581","27190","0","0","0"
"1","0.4","1.6","true","8.21","false","4","6.7","365","true","true","60","14","30","60","3","40","4","50","0.4","20.5","0","16","1","4","80","2","0","0","299","299","517","31857","214","6867","10381","40681","0","73598","26896","0","0","0"
"1","0.4","1.6","true","8.21","false","4","6.7","365","true","true","60","14","30","60","3","40","4","50","0.4","20.5","0","16","1","4","80","2","0","0","299","299","518","31838","197","6674","10056","41235","0","73607","26682","0","0","0"
"1","0.4","1.6","true","8.21","false","4","6.7","365","true","true","60","14","30","60","3","40","4","50","0.4","20.5","0","16","1","4","80","2","0","0","299","299","519","31827","175","6420","9672","41906","0","73614","26369","0","0","0"
"1","0.4","1.6","true","8.21","false","4","6.7","365","true","true","60","14","30","60","3","40","4","50","0.4","20.5","0","16","1","4","80","2","0","0","299","299","520","31807","163","6129","9272","42629","0","73627","26230","0","0","0"
"1","0.4","1.6","true","8.21","false","4","6.7","365","true","true","60","14","30","60","3","40","4","50","0.4","20.5","0","16","1","4","80","2","0","0","299","299","521","31791","139","5822","8818","43430","0","73643","26311","0","0","0"
"1","0.4","1.6","true","8.21","false","4","6.7","365","true","true","60","14","30","60","3","40","4","50","0.4","20.5","0","16","1","4","80","2","0","0","299","299","522","31783","121","5446","8308","44342","0","73655","26193","0","0","0"
"1","0.4","1.6","true","8.21","false","4","6.7","365","true","true","60","14","30","60","3","40","4","50","0.4","20.5","0","16","1","4","80","2","0","0","299","299","523","31772","106","5084","7742","45296","0","73663","26224","0","0","0"
"1","0.4","1.6","true","8.21","false","4","6.7","365","true","true","60","14","30","60","3","40","4","50","0.4","20.5","0","16","1","4","80","2","0","0","299","299","524","31758","101","4696","7098","46347","0","73674","26023","0","0","0"
"1","0.4","1.6","true","8.21","false","4","6.7","365","true","true","60","14","30","60","3","40","4","50","0.4","20.5","0","16","1","4","80","2","0","0","299","299","525","31752","98","4295","6490","47365","0","73681","25986","0","0","0"
"1","0.4","1.6","true","8.21","false","4","6.7","365","true","true","60","14","30","60","3","40","4","50","0.4","20.5","0","16","1","4","80","2","0","0","299","299","526","31741","90","3883","5887","48399","0","73689","25792","0","0","0"
"1","0.4","1.6","true","8.21","false","4","6.7","365","true","true","60","14","30","60","3","40","4","50","0.4","20.5","0","16","1","4","80","2","0","0","299","299","527","31732","73","3482","5316","49397","0","240","25493","0","0","0"
"1","0.4","1.6","true","8.21","false","4","6.7","365","true","true","60","14","30","60","3","40","4","50","0.4","20.5","0","16","1","4","80","2","0","0","299","299","528","30898","893","3106","4751","50352","0","194","560016","0","0","0"
"1","0.4","1.6","true","8.21","false","4","6.7","365","true","true","60","14","30","60","3","40","4","50","0.4","20.5","0","16","1","4","80","2","0","0","299","299","529","29687","2091","2758","4206","51258","0","159","559308","0","0","0"
"1","0.4","1.6","true","8.21","false","4","6.7","365","true","true","60","14","30","60","3","40","4","50","0.4","20.5","0","16","1","4","80","2","0","0","299","299","530","28316","3447","2405","3707","52125","0","137","559699","0","0","0"
"1","0.4","1.6","true","8.21","false","4","6.7","365","true","true","60","14","30","60","3","40","4","50","0.4","20.5","0","16","1","4","80","2","0","0","299","299","531","26860","4844","2131","3260","52905","0","140","559253","0","0","0"
"1","0.4","1.6","true","8.21","false","4","6.7","365","true","true","60","14","30","60","3","40","4","50","0.4","20.5","0","16","1","4","80","2","0","0","299","299","532","25428","6089","1925","2915","53643","0","211","558899","0","0","0"
"1","0.4","1.6","true","8.21","false","4","6.7","365","true","true","60","14","30","60","3","40","4","50","0.4","20.5","0","16","1","4","80","2","0","0","299","299","533","24093","7011","1847","2690","54359","0","380","558424","0","0","0"
"1","0.4","1.6","true","8.21","false","4","6.7","365","true","true","60","14","30","60","3","40","4","50","0.4","20.5","0","16","1","4","80","2","0","0","299","299","534","22856","7562","1860","2737","54985","0","637","556729","0","0","0"
"1","0.4","1.6","true","8.21","false","4","6.7","365","true","true","60","14","30","60","3","40","4","50","0.4","20.5","0","16","1","4","80","2","0","0","299","299","535","21649","7818","1989","3041","55503","0","969","554487","0","0","0"
"1","0.4","1.6","true","8.21","false","4","6.7","365","true","true","60","14","30","60","3","40","4","50","0.4","20.5","0","16","1","4","80","2","0","0","299","299","536","20529","7858","2227","3417","55969","0","1386","551708","0","0","0"
"1","0.4","1.6","true","8.21","false","4","6.7","365","true","true","60","14","30","60","3","40","4","50","0.4","20.5","0","16","1","4","80","2","0","0","299","299","537","19521","7669","2578","3850","56382","0","1886","549445","0","0","0"
"1","0.4","1.6","true","8.21","false","4","6.7","365","true","true","60","14","30","60","3","40","4","50","0.4","20.5","0","16","1","4","80","2","0","0","299","299","538","18527","7424","2904","4417","56728","0","2336","544235","0","0","0"
"1","0.4","1.6","true","8.21","false","4","6.7","365","true","true","60","14","30","60","3","40","4","50","0.4","20.5","0","16","1","4","80","2","0","0","299","299","539","17614","7070","3299","4997","57020","0","2835","539337","0","0","0"
"1","0.4","1.6","true","8.21","false","4","6.7","365","true","true","60","14","30","60","3","40","4","50","0.4","20.5","0","16","1","4","80","2","0","0","299","299","540","16682","6742","3671","5628","57277","0","72808","533775","0","0","0"
"1","0.4","1.6","true","8.21","false","4","6.7","365","true","true","60","14","30","60","3","40","4","50","0.4","20.5","0","16","1","4","80","2","0","0","299","299","541","16638","5578","4063","6246","57475","0","72896","32160","0","0","0"
"1","0.4","1.6","true","8.21","false","4","6.7","365","true","true","60","14","30","60","3","40","4","50","0.4","20.5","0","16","1","4","80","2","0","0","299","299","542","16598","4466","4446","6858","57632","0","72996","31099","0","0","0"
"1","0.4","1.6","true","8.21","false","4","6.7","365","true","true","60","14","30","60","3","40","4","50","0.4","20.5","0","16","1","4","80","2","0","0","299","299","543","16562","3497","4823","7342","57776","0","73078","30175","0","0","0"
"1","0.4","1.6","true","8.21","false","4","6.7","365","true","true","60","14","30","60","3","40","4","50","0.4","20.5","0","16","1","4","80","2","0","0","299","299","544","16540","2514","5168","7900","57878","0","73150","29343","0","0","0"
"1","0.4","1.6","true","8.21","false","4","6.7","365","true","true","60","14","30","60","3","40","4","50","0.4","20.5","0","16","1","4","80","2","0","0","299","299","545","16510","1756","5415","8365","57954","0","73198","28716","0","0","0"
"1","0.4","1.6","true","8.21","false","4","6.7","365","true","true","60","14","30","60","3","40","4","50","0.4","20.5","0","16","1","4","80","2","0","0","299","299","546","16491","1177","5651","8665","58016","0","73256","28149","0","0","0"
"1","0.4","1.6","true","8.21","false","4","6.7","365","true","true","60","14","30","60","3","40","4","50","0.4","20.5","0","16","1","4","80","2","0","0","299","299","547","16467","757","5800","8871","58105","0","73303","27173","0","0","0"
"1","0.4","1.6","true","8.21","false","4","6.7","365","true","true","60","14","30","60","3","40","4","50","0.4","20.5","0","16","1","4","80","2","0","0","299","299","548","16440","497","5845","8969","58249","0","73329","26242","0","0","0"
"1","0.4","1.6","true","8.21","false","4","6.7","365","true","true","60","14","30","60","3","40","4","50","0.4","20.5","0","16","1","4","80","2","0","0","299","299","549","16420","356","5839","8955","58430","0","73355","25583","0","0","0"
"1","0.4","1.6","true","8.21","false","4","6.7","365","true","true","60","14","30","60","3","40","4","50","0.4","20.5","0","16","1","4","80","2","0","0","299","299","550","16408","265","5782","8859","58686","0","73371","25125","0","0","0"
"1","0.4","1.6","true","8.21","false","4","6.7","365","true","true","60","14","30","60","3","40","4","50","0.4","20.5","0","16","1","4","80","2","0","0","299","299","551","16392","205","5687","8689","59027","0","73382","24932","0","0","0"
"1","0.4","1.6","true","8.21","false","4","6.7","365","true","true","60","14","30","60","3","40","4","50","0.4","20.5","0","16","1","4","80","2","0","0","299","299","552","16369","174","5548","8523","59386","0","73396","24671","0","0","0"
"1","0.4","1.6","true","8.21","false","4","6.7","365","true","true","60","14","30","60","3","40","4","50","0.4","20.5","0","16","1","4","80","2","0","0","299","299","553","16355","153","5377","8245","59870","0","73409","24457","0","0","0"
"1","0.4","1.6","true","8.21","false","4","6.7","365","true","true","60","14","30","60","3","40","4","50","0.4","20.5","0","16","1","4","80","2","0","0","299","299","554","16339","135","5177","7905","60444","0","73421","24620","0","0","0"
"1","0.4","1.6","true","8.21","false","4","6.7","365","true","true","60","14","30","60","3","40","4","50","0.4","20.5","0","16","1","4","80","2","0","0","299","299","555","16323","119","4943","7574","61041","0","73430","24535","0","0","0"
"1","0.4","1.6","true","8.21","false","4","6.7","365","true","true","60","14","30","60","3","40","4","50","0.4","20.5","0","16","1","4","80","2","0","0","299","299","556","16317","106","4660","7229","61688","0","73435","24593","0","0","0"
"1","0.4","1.6","true","8.21","false","4","6.7","365","true","true","60","14","30","60","3","40","4","50","0.4","20.5","0","16","1","4","80","2","0","0","299","299","557","16301","99","4380","6790","62430","0","73447","24379","0","0","0"
"1","0.4","1.6","true","8.21","false","4","6.7","365","true","true","60","14","30","60","3","40","4","50","0.4","20.5","0","16","1","4","80","2","0","0","299","299","558","16291","87","4076","6339","63207","0","73457","24424","0","0","0"
"1","0.4","1.6","true","8.21","false","4","6.7","365","true","true","60","14","30","60","3","40","4","50","0.4","20.5","0","16","1","4","80","2","0","0","299","299","559","16286","76","3741","5851","64046","0","73460","24491","0","0","0"
"1","0.4","1.6","true","8.21","false","4","6.7","365","true","true","60","14","30","60","3","40","4","50","0.4","20.5","0","16","1","4","80","2","0","0","299","299","560","16280","64","3419","5379","64858","0","379","24513","0","0","0"
"1","0.4","1.6","true","8.21","false","4","6.7","365","true","true","60","14","30","60","3","40","4","50","0.4","20.5","0","16","1","4","80","2","0","0","299","299","561","15720","615","3061","4867","65737","0","262","552159","0","0","0"
"1","0.4","1.6","true","8.21","false","4","6.7","365","true","true","60","14","30","60","3","40","4","50","0.4","20.5","0","16","1","4","80","2","0","0","299","299","562","14977","1346","2786","4363","66528","0","199","553035","0","0","0"
"1","0.4","1.6","true","8.21","false","4","6.7","365","true","true","60","14","30","60","3","40","4","50","0.4","20.5","0","16","1","4","80","2","0","0","299","299","563","14140","2170","2503","3870","67317","0","158","553424","0","0","0"
"1","0.4","1.6","true","8.21","false","4","6.7","365","true","true","60","14","30","60","3","40","4","50","0.4","20.5","0","16","1","4","80","2","0","0","299","299","564","13269","3008","2237","3401","68085","0","141","554475","0","0","0"
"1","0.4","1.6","true","8.21","false","4","6.7","365","true","true","60","14","30","60","3","40","4","50","0.4","20.5","0","16","1","4","80","2","0","0","299","299","565","12456","3705","1990","3069","68780","0","158","554496","0","0","0"
"1","0.4","1.6","true","8.21","false","4","6.7","365","true","true","60","14","30","60","3","40","4","50","0.4","20.5","0","16","1","4","80","2","0","0","299","299","566","11712","4196","1839","2844","69409","0","247","554480","0","0","0"
"1","0.4","1.6","true","8.21","false","4","6.7","365","true","true","60","14","30","60","3","40","4","50","0.4","20.5","0","16","1","4","80","2","0","0","299","299","567","11045","4421","1813","2724","69997","0","424","553445","0","0","0"
"1","0.4","1.6","true","8.21","false","4","6.7","365","true","true","60","14","30","60","3","40","4","50","0.4","20.5","0","16","1","4","80","2","0","0","299","299","568","10446","4459","1844","2732","70519","0","645","552723","0","0","0"
"1","0.4","1.6","true","8.21","false","4","6.7","365","true","true","60","14","30","60","3","40","4","50","0.4","20.5","0","16","1","4","80","2","0","0","299","299","569","9916","4276","1932","2860","71016","0","931","551928","0","0","0"
"1","0.4","1.6","true","8.21","false","4","6.7","365","true","true","60","14","30","60","3","40","4","50","0.4","20.5","0","16","1","4","80","2","0","0","299","299","570","9398","4057","2016","3046","71483","0","1207","549845","0","0","0"
"1","0.4","1.6","true","8.21","false","4","6.7","365","true","true","60","14","30","60","3","40","4","50","0.4","20.5","0","16","1","4","80","2","0","0","299","299","571","8884","3846","2163","3228","71879","0","1480","546549","0","0","0"
"1","0.4","1.6","true","8.21","false","4","6.7","365","true","true","60","14","30","60","3","40","4","50","0.4","20.5","0","16","1","4","80","2","0","0","299","299","572","8406","3619","2322","3445","72208","0","1764","543114","0","0","0"
"1","0.4","1.6","true","8.21","false","4","6.7","365","true","true","60","14","30","60","3","40","4","50","0.4","20.5","0","16","1","4","80","2","0","0","299","299","573","7971","3454","2448","3631","72496","0","2007","539256","0","0","0"
"1","0.4","1.6","true","8.21","false","4","6.7","365","true","true","60","14","30","60","3","40","4","50","0.4","20.5","0","16","1","4","80","2","0","0","299","299","574","7496","3320","2585","3862","72737","0","2236","536411","0","0","0"
"1","0.4","1.6","true","8.21","false","4","6.7","365","true","true","60","14","30","60","3","40","4","50","0.4","20.5","0","16","1","4","80","2","0","0","299","299","575","7050","3162","2731","4141","72916","0","2446","533326","0","0","0"
"1","0.4","1.6","true","8.21","false","4","6.7","365","true","true","60","14","30","60","3","40","4","50","0.4","20.5","0","16","1","4","80","2","0","0","299","299","576","6638","3047","2879","4360","73076","0","2639","531204","0","0","0"
"1","0.4","1.6","true","8.21","false","4","6.7","365","true","true","60","14","30","60","3","40","4","50","0.4","20.5","0","16","1","4","80","2","0","0","299","299","577","6215","2928","3058","4601","73198","0","2835","528564","0","0","0"
"1","0.4","1.6","true","8.21","false","4","6.7","365","true","true","60","14","30","60","3","40","4","50","0.4","20.5","0","16","1","4","80","2","0","0","299","299","578","5845","2795","3225","4828","73307","0","2983","525374","0","0","0"
"1","0.4","1.6","true","8.21","false","4","6.7","365","true","true","60","14","30","60","3","40","4","50","0.4","20.5","0","16","1","4","80","2","0","0","299","299","579","5481","2649","3392","5072","73406","0","3075","523708","0","0","0"
"1","0.4","1.6","true","8.21","false","4","6.7","365","true","true","60","14","30","60","3","40","4","50","0.4","20.5","0","16","1","4","80","2","0","0","299","299","580","5133","2505","3535","5317","73510","0","3082","521244","0","0","0"
"1","0.4","1.6","true","8.21","false","4","6.7","365","true","true","60","14","30","60","3","40","4","50","0.4","20.5","0","16","1","4","80","2","0","0","299","299","581","4813","2411","3671","5494","73611","0","72774","521413","0","0","0"
"1","0.4","1.6","true","8.21","false","4","6.7","365","true","true","60","14","30","60","3","40","4","50","0.4","20.5","0","16","1","4","80","2","0","0","299","299","582","4802","1994","3785","5681","73738","0","72811","25555","0","0","0"
"1","0.4","1.6","true","8.21","false","4","6.7","365","true","true","60","14","30","60","3","40","4","50","0.4","20.5","0","16","1","4","80","2","0","0","299","299","583","4786","1561","3914","5814","73925","0","72852","25433","0","0","0"
"1","0.4","1.6","true","8.21","false","4","6.7","365","true","true","60","14","30","60","3","40","4","50","0.4","20.5","0","16","1","4","80","2","0","0","299","299","584","4776","1203","3957","5926","74138","0","72872","24940","0","0","0"
"1","0.4","1.6","true","8.21","false","4","6.7","365","true","true","60","14","30","60","3","40","4","50","0.4","20.5","0","16","1","4","80","2","0","0","299","299","585","4765","875","4010","5951","74399","0","72906","24912","0","0","0"
"1","0.4","1.6","true","8.21","false","4","6.7","365","true","true","60","14","30","60","3","40","4","50","0.4","20.5","0","16","1","4","80","2","0","0","299","299","586","4753","583","4027","5977","74660","0","72925","24859","0","0","0"
"1","0.4","1.6","true","8.21","false","4","6.7","365","true","true","60","14","30","60","3","40","4","50","0.4","20.5","0","16","1","4","80","2","0","0","299","299","587","4746","403","4007","5870","74974","0","72944","24391","0","0","0"
"1","0.4","1.6","true","8.21","false","4","6.7","365","true","true","60","14","30","60","3","40","4","50","0.4","20.5","0","16","1","4","80","2","0","0","299","299","588","4740","261","3928","5761","75310","0","72959","24309","0","0","0"
"1","0.4","1.6","true","8.21","false","4","6.7","365","true","true","60","14","30","60","3","40","4","50","0.4","20.5","0","16","1","4","80","2","0","0","299","299","589","4734","185","3791","5577","75713","0","72966","24088","0","0","0"
"1","0.4","1.6","true","8.21","false","4","6.7","365","true","true","60","14","30","60","3","40","4","50","0.4","20.5","0","16","1","4","80","2","0","0","299","299","590","4728","127","3663","5352","76130","0","72977","23969","0","0","0"
"1","0.4","1.6","true","8.21","false","4","6.7","365","true","true","60","14","30","60","3","40","4","50","0.4","20.5","0","16","1","4","80","2","0","0","299","299","591","4723","90","3485","5111","76591","0","1549","23840","0","0","0"
"1","0.4","1.6","true","8.21","false","4","6.7","365","true","true","60","14","30","60","3","40","4","50","0.4","20.5","0","16","1","4","80","2","0","0","299","299","592","4577","203","3296","4847","77077","0","1387","534904","0","0","0"
"1","0.4","1.6","true","8.21","false","4","6.7","365","true","true","60","14","30","60","3","40","4","50","0.4","20.5","0","16","1","4","80","2","0","0","299","299","593","4402","361","3113","4607","77517","0","1189","536443","0","0","0"
"1","0.4","1.6","true","8.21","false","4","6.7","365","true","true","60","14","30","60","3","40","4","50","0.4","20.5","0","16","1","4","80","2","0","0","299","299","594","4136","613","2923","4312","78016","0","1019","538880","0","0","0"
"1","0.4","1.6","true","8.21","false","4","6.7","365","true","true","60","14","30","60","3","40","4","50","0.4","20.5","0","16","1","4","80","2","0","0","299","299","595","3870","862","2747","4036","78485","0","846","540773","0","0","0"
"1","0.4","1.6","true","8.21","false","4","6.7","365","true","true","60","14","30","60","3","40","4","50","0.4","20.5","0","16","1","4","80","2","0","0","299","299","596","3583","1117","2573","3776","78951","0","690","542591","0","0","0"
"1","0.4","1.6","true","8.21","false","4","6.7","365","true","true","60","14","30","60","3","40","4","50","0.4","20.5","0","16","1","4","80","2","0","0","299","299","597","3291","1353","2396","3530","79430","0","564","543693","0","0","0"
"1","0.4","1.6","true","8.21","false","4","6.7","365","true","true","60","14","30","60","3","40","4","50","0.4","20.5","0","16","1","4","80","2","0","0","299","299","598","3013","1501","2219","3282","79985","0","467","545099","0","0","0"
"1","0.4","1.6","true","8.21","false","4","6.7","365","true","true","60","14","30","60","3","40","4","50","0.4","20.5","0","16","1","4","80","2","0","0","299","299","599","2800","1548","2065","3070","80517","0","412","546244","0","0","0"
"1","0.4","1.6","true","8.21","false","4","6.7","365","true","true","60","14","30","60","3","40","4","50","0.4","20.5","0","16","1","4","80","2","0","0","299","299","600","2601","1536","1956","2931","80976","0","404","546101","0","0","0"
"1","0.4","1.6","true","8.21","false","4","6.7","365","true","true","60","14","30","60","3","40","4","50","0.4","20.5","0","16","1","4","80","2","0","0","299","299","601","2412","1488","1886","2815","81399","0","448","545621","0","0","0"
"1","0.4","1.6","true","8.21","false","4","6.7","365","true","true","60","14","30","60","3","40","4","50","0.4","20.5","0","16","1","4","80","2","0","0","299","299","602","2250","1384","1806","2711","81849","0","503","545138","0","0","0"
"1","0.4","1.6","true","8.21","false","4","6.7","365","true","true","60","14","30","60","3","40","4","50","0.4","20.5","0","16","1","4","80","2","0","0","299","299","603","2063","1350","1727","2607","82253","0","567","544226","0","0","0"
"1","0.4","1.6","true","8.21","false","4","6.7","365","true","true","60","14","30","60","3","40","4","50","0.4","20.5","0","16","1","4","80","2","0","0","299","299","604","1889","1274","1681","2523","82633","0","643","543184","0","0","0"
"1","0.4","1.6","true","8.21","false","4","6.7","365","true","true","60","14","30","60","3","40","4","50","0.4","20.5","0","16","1","4","80","2","0","0","299","299","605","1726","1233","1627","2428","82986","0","713","542163","0","0","0"
"1","0.4","1.6","true","8.21","false","4","6.7","365","true","true","60","14","30","60","3","40","4","50","0.4","20.5","0","16","1","4","80","2","0","0","299","299","606","1544","1188","1563","2377","83328","0","786","540517","0","0","0"
"1","0.4","1.6","true","8.21","false","4","6.7","365","true","true","60","14","30","60","3","40","4","50","0.4","20.5","0","16","1","4","80","2","0","0","299","299","607","1381","1133","1548","2330","83608","0","878","539447","0","0","0"
"1","0.4","1.6","true","8.21","false","4","6.7","365","true","true","60","14","30","60","3","40","4","50","0.4","20.5","0","16","1","4","80","2","0","0","299","299","608","1228","1099","1520","2283","83870","0","956","538386","0","0","0"
"1","0.4","1.6","true","8.21","false","4","6.7","365","true","true","60","14","30","60","3","40","4","50","0.4","20.5","0","16","1","4","80","2","0","0","299","299","609","1075","1095","1484","2220","84126","0","1001","537289","0","0","0"
"1","0.4","1.6","true","8.21","false","4","6.7","365","true","true","60","14","30","60","3","40","4","50","0.4","20.5","0","16","1","4","80","2","0","0","299","299","610","958","1026","1501","2200","84315","0","1066","536275","0","0","0"
"1","0.4","1.6","true","8.21","false","4","6.7","365","true","true","60","14","30","60","3","40","4","50","0.4","20.5","0","16","1","4","80","2","0","0","299","299","611","851","947","1503","2201","84498","0","1105","535416","0","0","0"
"1","0.4","1.6","true","8.21","false","4","6.7","365","true","true","60","14","30","60","3","40","4","50","0.4","20.5","0","16","1","4","80","2","0","0","299","299","612","748","873","1503","2206","84670","0","1115","534705","0","0","0"
"1","0.4","1.6","true","8.21","false","4","6.7","365","true","true","60","14","30","60","3","40","4","50","0.4","20.5","0","16","1","4","80","2","0","0","299","299","613","658","789","1514","2205","84834","0","1112","534193","0","0","0"
"1","0.4","1.6","true","8.21","false","4","6.7","365","true","true","60","14","30","60","3","40","4","50","0.4","20.5","0","16","1","4","80","2","0","0","299","299","614","581","728","1493","2218","84980","0","1058","534003","0","0","0"
"1","0.4","1.6","true","8.21","false","4","6.7","365","true","true","60","14","30","60","3","40","4","50","0.4","20.5","0","16","1","4","80","2","0","0","299","299","615","513","650","1506","2235","85096","0","1032","533894","0","0","0"
"1","0.4","1.6","true","8.21","false","4","6.7","365","true","true","60","14","30","60","3","40","4","50","0.4","20.5","0","16","1","4","80","2","0","0","299","299","616","461","574","1506","2238","85221","0","980","533360","0","0","0"
"1","0.4","1.6","true","8.21","false","4","6.7","365","true","true","60","14","30","60","3","40","4","50","0.4","20.5","0","16","1","4","80","2","0","0","299","299","617","426","506","1471","2223","85374","0","930","533445","0","0","0"
"1","0.4","1.6","true","8.21","false","4","6.7","365","true","true","60","14","30","60","3","40","4","50","0.4","20.5","0","16","1","4","80","2","0","0","299","299","618","400","424","1456","2183","85537","0","870","534060","0","0","0"
"1","0.4","1.6","true","8.21","false","4","6.7","365","true","true","60","14","30","60","3","40","4","50","0.4","20.5","0","16","1","4","80","2","0","0","299","299","619","387","343","1437","2155","85678","0","824","534693","0","0","0"
"1","0.4","1.6","true","8.21","false","4","6.7","365","true","true","60","14","30","60","3","40","4","50","0.4","20.5","0","16","1","4","80","2","0","0","299","299","620","380","273","1422","2125","85800","0","780","535140","0","0","0"
"1","0.4","1.6","true","8.21","false","4","6.7","365","true","true","60","14","30","60","3","40","4","50","0.4","20.5","0","16","1","4","80","2","0","0","299","299","621","378","190","1389","2063","85980","0","730","535144","0","0","0"
"1","0.4","1.6","true","8.21","false","4","6.7","365","true","true","60","14","30","60","3","40","4","50","0.4","20.5","0","16","1","4","80","2","0","0","299","299","622","375","130","1355","1994","86146","0","687","535601","0","0","0"
"1","0.4","1.6","true","8.21","false","4","6.7","365","true","true","60","14","30","60","3","40","4","50","0.4","20.5","0","16","1","4","80","2","0","0","299","299","623","373","87","1299","1926","86315","0","617","535880","0","0","0"
"1","0.4","1.6","true","8.21","false","4","6.7","365","true","true","60","14","30","60","3","40","4","50","0.4","20.5","0","16","1","4","80","2","0","0","299","299","624","372","63","1241","1835","86489","0","553","536262","0","0","0"
"1","0.4","1.6","true","8.21","false","4","6.7","365","true","true","60","14","30","60","3","40","4","50","0.4","20.5","0","16","1","4","80","2","0","0","299","299","625","372","45","1168","1736","86679","0","478","536821","0","0","0"
"1","0.4","1.6","true","8.21","false","4","6.7","365","true","true","60","14","30","60","3","40","4","50","0.4","20.5","0","16","1","4","80","2","0","0","299","299","626","372","29","1111","1643","86845","0","421","537686","0","0","0"
"1","0.4","1.6","true","8.21","false","4","6.7","365","true","true","60","14","30","60","3","40","4","50","0.4","20.5","0","16","1","4","80","2","0","0","299","299","627","372","20","1051","1546","87011","0","374","538129","0","0","0"
"1","0.4","1.6","true","8.21","false","4","6.7","365","true","true","60","14","30","60","3","40","4","50","0.4","20.5","0","16","1","4","80","2","0","0","299","299","628","372","13","978","1452","87185","0","325","538565","0","0","0"
"1","0.4","1.6","true","8.21","false","4","6.7","365","true","true","60","14","30","60","3","40","4","50","0.4","20.5","0","16","1","4","80","2","0","0","299","299","629","372","9","916","1364","87339","0","272","538863","0","0","0"
"1","0.4","1.6","true","8.21","false","4","6.7","365","true","true","60","14","30","60","3","40","4","50","0.4","20.5","0","16","1","4","80","2","0","0","299","299","630","372","7","849","1250","87522","0","227","539563","0","0","0"
"1","0.4","1.6","true","8.21","false","4","6.7","365","true","true","60","14","30","60","3","40","4","50","0.4","20.5","0","16","1","4","80","2","0","0","299","299","631","372","4","773","1128","87723","0","182","539637","0","0","0"
"1","0.4","1.6","true","8.21","false","4","6.7","365","true","true","60","14","30","60","3","40","4","50","0.4","20.5","0","16","1","4","80","2","0","0","299","299","632","372","2","708","1021","87897","0","148","539629","0","0","0"
"1","0.4","1.6","true","8.21","false","4","6.7","365","true","true","60","14","30","60","3","40","4","50","0.4","20.5","0","16","1","4","80","2","0","0","299","299","633","372","1","647","925","88055","0","115","539914","0","0","0"
"1","0.4","1.6","true","8.21","false","4","6.7","365","true","true","60","14","30","60","3","40","4","50","0.4","20.5","0","16","1","4","80","2","0","0","299","299","634","372","0","586","838","88204","0","76","540012","0","0","0"
"1","0.4","1.6","true","8.21","false","4","6.7","365","true","true","60","14","30","60","3","40","4","50","0.4","20.5","0","16","1","4","80","2","0","0","299","299","635","372","0","519","756","88353","0","59","540169","0","0","0"
"1","0.4","1.6","true","8.21","false","4","6.7","365","true","true","60","14","30","60","3","40","4","50","0.4","20.5","0","16","1","4","80","2","0","0","299","299","636","372","0","453","673","88502","0","35","540180","0","0","0"
"1","0.4","1.6","true","8.21","false","4","6.7","365","true","true","60","14","30","60","3","40","4","50","0.4","20.5","0","16","1","4","80","2","0","0","299","299","637","372","0","395","588","88645","0","24","540246","0","0","0"
"1","0.4","1.6","true","8.21","false","4","6.7","365","true","true","60","14","30","60","3","40","4","50","0.4","20.5","0","16","1","4","80","2","0","0","299","299","638","372","0","342","496","88790","0","17","540230","0","0","0"
"1","0.4","1.6","true","8.21","false","4","6.7","365","true","true","60","14","30","60","3","40","4","50","0.4","20.5","0","16","1","4","80","2","0","0","299","299","639","372","0","294","429","88905","0","9","539938","0","0","0"
"1","0.4","1.6","true","8.21","false","4","6.7","365","true","true","60","14","30","60","3","40","4","50","0.4","20.5","0","16","1","4","80","2","0","0","299","299","640","372","0","254","370","89004","0","6","539938","0","0","0"
"1","0.4","1.6","true","8.21","false","4","6.7","365","true","true","60","14","30","60","3","40","4","50","0.4","20.5","0","16","1","4","80","2","0","0","299","299","641","372","0","210","319","89099","0","3","539979","0","0","0"
"1","0.4","1.6","true","8.21","false","4","6.7","365","true","true","60","14","30","60","3","40","4","50","0.4","20.5","0","16","1","4","80","2","0","0","299","299","642","372","0","178","268","89182","0","0","539892","0","0","0"
"1","0.4","1.6","true","8.21","false","4","6.7","365","true","true","60","14","30","60","3","40","4","50","0.4","20.5","0","16","1","4","80","2","0","0","299","299","643","372","0","156","220","89252","0","0","539818","0","0","0"
"1","0.4","1.6","true","8.21","false","4","6.7","365","true","true","60","14","30","60","3","40","4","50","0.4","20.5","0","16","1","4","80","2","0","0","299","299","644","372","0","121","191","89316","0","0","539558","0","0","0"
"1","0.4","1.6","true","8.21","false","4","6.7","365","true","true","60","14","30","60","3","40","4","50","0.4","20.5","0","16","1","4","80","2","0","0","299","299","645","372","0","96","155","89377","0","0","539513","0","0","0"
"1","0.4","1.6","true","8.21","false","4","6.7","365","true","true","60","14","30","60","3","40","4","50","0.4","20.5","0","16","1","4","80","2","0","0","299","299","646","372","0","77","124","89427","0","0","539458","0","0","0"
"1","0.4","1.6","true","8.21","false","4","6.7","365","true","true","60","14","30","60","3","40","4","50","0.4","20.5","0","16","1","4","80","2","0","0","299","299","647","372","0","62","96","89470","0","0","539381","0","0","0"
"1","0.4","1.6","true","8.21","false","4","6.7","365","true","true","60","14","30","60","3","40","4","50","0.4","20.5","0","16","1","4","80","2","0","0","299","299","648","372","0","49","79","89500","0","0","539334","0","0","0"
"1","0.4","1.6","true","8.21","false","4","6.7","365","true","true","60","14","30","60","3","40","4","50","0.4","20.5","0","16","1","4","80","2","0","0","299","299","649","372","0","41","60","89527","0","0","539299","0","0","0"
"1","0.4","1.6","true","8.21","false","4","6.7","365","true","true","60","14","30","60","3","40","4","50","0.4","20.5","0","16","1","4","80","2","0","0","299","299","650","372","0","34","49","89545","0","0","539260","0","0","0"
"1","0.4","1.6","true","8.21","false","4","6.7","365","true","true","60","14","30","60","3","40","4","50","0.4","20.5","0","16","1","4","80","2","0","0","299","299","651","372","0","27","36","89565","0","0","539243","0","0","0"
"1","0.4","1.6","true","8.21","false","4","6.7","365","true","true","60","14","30","60","3","40","4","50","0.4","20.5","0","16","1","4","80","2","0","0","299","299","652","372","0","20","27","89581","0","0","539214","0","0","0"
"1","0.4","1.6","true","8.21","false","4","6.7","365","true","true","60","14","30","60","3","40","4","50","0.4","20.5","0","16","1","4","80","2","0","0","299","299","653","372","0","16","20","89592","0","0","539203","0","0","0"
"1","0.4","1.6","true","8.21","false","4","6.7","365","true","true","60","14","30","60","3","40","4","50","0.4","20.5","0","16","1","4","80","2","0","0","299","299","654","372","0","12","17","89599","0","0","539186","0","0","0"
"1","0.4","1.6","true","8.21","false","4","6.7","365","true","true","60","14","30","60","3","40","4","50","0.4","20.5","0","16","1","4","80","2","0","0","299","299","655","372","0","10","13","89605","0","0","538981","0","0","0"
"1","0.4","1.6","true","8.21","false","4","6.7","365","true","true","60","14","30","60","3","40","4","50","0.4","20.5","0","16","1","4","80","2","0","0","299","299","656","372","0","4","10","89614","0","0","538970","0","0","0"
"1","0.4","1.6","true","8.21","false","4","6.7","365","true","true","60","14","30","60","3","40","4","50","0.4","20.5","0","16","1","4","80","2","0","0","299","299","657","372","0","1","8","89619","0","0","538962","0","0","0"
"1","0.4","1.6","true","8.21","false","4","6.7","365","true","true","60","14","30","60","3","40","4","50","0.4","20.5","0","16","1","4","80","2","0","0","299","299","658","372","0","1","6","89621","0","0","538958","0","0","0"
"1","0.4","1.6","true","8.21","false","4","6.7","365","true","true","60","14","30","60","3","40","4","50","0.4","20.5","0","16","1","4","80","2","0","0","299","299","659","372","0","0","4","89624","0","0","538953","0","0","0"
"1","0.4","1.6","true","8.21","false","4","6.7","365","true","true","60","14","30","60","3","40","4","50","0.4","20.5","0","16","1","4","80","2","0","0","299","299","660","372","0","0","4","89624","0","0","538952","0","0","0"
"1","0.4","1.6","true","8.21","false","4","6.7","365","true","true","60","14","30","60","3","40","4","50","0.4","20.5","0","16","1","4","80","2","0","0","299","299","661","372","0","0","2","89626","0","0","538952","0","0","0"
"1","0.4","1.6","true","8.21","false","4","6.7","365","true","true","60","14","30","60","3","40","4","50","0.4","20.5","0","16","1","4","80","2","0","0","299","299","662","372","0","0","1","89627","0","0","538947","0","0","0"
"1","0.4","1.6","true","8.21","false","4","6.7","365","true","true","60","14","30","60","3","40","4","50","0.4","20.5","0","16","1","4","80","2","0","0","299","299","663","372","0","0","0","89628","0","0","538943","0","0","0"
"1","0.4","1.6","true","8.21","false","4","6.7","365","true","true","60","14","30","60","3","40","4","50","0.4","20.5","0","16","1","4","80","2","0","0","299","299","664","372","0","0","0","89628","0","0","538941","0","0","0"
"1","0.4","1.6","true","8.21","false","4","6.7","365","true","true","60","14","30","60","3","40","4","50","0.4","20.5","0","16","1","4","80","2","0","0","299","299","665","372","0","0","0","89628","0","0","538941","0","0","0"
"1","0.4","1.6","true","8.21","false","4","6.7","365","true","true","60","14","30","60","3","40","4","50","0.4","20.5","0","16","1","4","80","2","0","0","299","299","666","372","0","0","0","89628","0","0","538941","0","0","0"
"1","0.4","1.6","true","8.21","false","4","6.7","365","true","true","60","14","30","60","3","40","4","50","0.4","20.5","0","16","1","4","80","2","0","0","299","299","667","372","0","0","0","89628","0","0","538941","0","0","0"
"1","0.4","1.6","true","8.21","false","4","6.7","365","true","true","60","14","30","60","3","40","4","50","0.4","20.5","0","16","1","4","80","2","0","0","299","299","668","372","0","0","0","89628","0","0","538941","0","0","0"
"1","0.4","1.6","true","8.21","false","4","6.7","365","true","true","60","14","30","60","3","40","4","50","0.4","20.5","0","16","1","4","80","2","0","0","299","299","669","372","0","0","0","89628","0","0","538941","0","0","0"
"1","0.4","1.6","true","8.21","false","4","6.7","365","true","true","60","14","30","60","3","40","4","50","0.4","20.5","0","16","1","4","80","2","0","0","299","299","670","372","0","0","0","89628","0","0","538941","0","0","0"
"1","0.4","1.6","true","8.21","false","4","6.7","365","true","true","60","14","30","60","3","40","4","50","0.4","20.5","0","16","1","4","80","2","0","0","299","299","671","372","0","0","0","89628","0","0","538941","0","0","0"
"1","0.4","1.6","true","8.21","false","4","6.7","365","true","true","60","14","30","60","3","40","4","50","0.4","20.5","0","16","1","4","80","2","0","0","299","299","672","372","0","0","0","89628","0","0","538941","0","0","0"
"1","0.4","1.6","true","8.21","false","4","6.7","365","true","true","60","14","30","60","3","40","4","50","0.4","20.5","0","16","1","4","80","2","0","0","299","299","673","372","0","0","0","89628","0","0","538941","0","0","0"
"1","0.4","1.6","true","8.21","false","4","6.7","365","true","true","60","14","30","60","3","40","4","50","0.4","20.5","0","16","1","4","80","2","0","0","299","299","674","372","0","0","0","89628","0","0","538941","0","0","0"
"1","0.4","1.6","true","8.21","false","4","6.7","365","true","true","60","14","30","60","3","40","4","50","0.4","20.5","0","16","1","4","80","2","0","0","299","299","675","372","0","0","0","89628","0","0","538941","0","0","0"
"1","0.4","1.6","true","8.21","false","4","6.7","365","true","true","60","14","30","60","3","40","4","50","0.4","20.5","0","16","1","4","80","2","0","0","299","299","676","372","0","0","0","89628","0","0","538941","0","0","0"
"1","0.4","1.6","true","8.21","false","4","6.7","365","true","true","60","14","30","60","3","40","4","50","0.4","20.5","0","16","1","4","80","2","0","0","299","299","677","372","0","0","0","89628","0","0","538941","0","0","0"
"1","0.4","1.6","true","8.21","false","4","6.7","365","true","true","60","14","30","60","3","40","4","50","0.4","20.5","0","16","1","4","80","2","0","0","299","299","678","372","0","0","0","89628","0","0","538941","0","0","0"
"1","0.4","1.6","true","8.21","false","4","6.7","365","true","true","60","14","30","60","3","40","4","50","0.4","20.5","0","16","1","4","80","2","0","0","299","299","679","371","1","0","0","89628","0","0","538941","0","0","0"
"1","0.4","1.6","true","8.21","false","4","6.7","365","true","true","60","14","30","60","3","40","4","50","0.4","20.5","0","16","1","4","80","2","0","0","299","299","680","371","1","0","0","89628","0","0","538941","0","0","0"
"1","0.4","1.6","true","8.21","false","4","6.7","365","true","true","60","14","30","60","3","40","4","50","0.4","20.5","0","16","1","4","80","2","0","0","299","299","681","371","1","0","0","89628","0","0","538941","0","0","0"
"1","0.4","1.6","true","8.21","false","4","6.7","365","true","true","60","14","30","60","3","40","4","50","0.4","20.5","0","16","1","4","80","2","0","0","299","299","682","371","0","1","0","89628","0","1","538941","0","0","0"
"1","0.4","1.6","true","8.21","false","4","6.7","365","true","true","60","14","30","60","3","40","4","50","0.4","20.5","0","16","1","4","80","2","0","0","299","299","683","371","0","1","0","89628","0","1","538929","0","0","0"
"1","0.4","1.6","true","8.21","false","4","6.7","365","true","true","60","14","30","60","3","40","4","50","0.4","20.5","0","16","1","4","80","2","0","0","299","299","684","371","0","1","0","89628","0","1","538929","0","0","0"
"1","0.4","1.6","true","8.21","false","4","6.7","365","true","true","60","14","30","60","3","40","4","50","0.4","20.5","0","16","1","4","80","2","0","0","299","299","685","371","0","1","0","89628","0","1","538929","0","0","0"
"1","0.4","1.6","true","8.21","false","4","6.7","365","true","true","60","14","30","60","3","40","4","50","0.4","20.5","0","16","1","4","80","2","0","0","299","299","686","371","0","1","0","89628","0","1","538929","0","0","0"
"1","0.4","1.6","true","8.21","false","4","6.7","365","true","true","60","14","30","60","3","40","4","50","0.4","20.5","0","16","1","4","80","2","0","0","299","299","687","371","0","1","0","89628","0","1","538929","0","0","0"
"1","0.4","1.6","true","8.21","false","4","6.7","365","true","true","60","14","30","60","3","40","4","50","0.4","20.5","0","16","1","4","80","2","0","0","299","299","688","371","0","1","0","89628","0","1","538929","0","0","0"
"1","0.4","1.6","true","8.21","false","4","6.7","365","true","true","60","14","30","60","3","40","4","50","0.4","20.5","0","16","1","4","80","2","0","0","299","299","689","371","0","1","0","89628","0","1","538929","0","0","0"
"1","0.4","1.6","true","8.21","false","4","6.7","365","true","true","60","14","30","60","3","40","4","50","0.4","20.5","0","16","1","4","80","2","0","0","299","299","690","371","0","1","0","89628","0","1","538929","0","0","0"
"1","0.4","1.6","true","8.21","false","4","6.7","365","true","true","60","14","30","60","3","40","4","50","0.4","20.5","0","16","1","4","80","2","0","0","299","299","691","371","0","1","0","89628","0","1","538929","0","0","0"
"1","0.4","1.6","true","8.21","false","4","6.7","365","true","true","60","14","30","60","3","40","4","50","0.4","20.5","0","16","1","4","80","2","0","0","299","299","692","371","0","1","0","89628","0","1","538929","0","0","0"
"1","0.4","1.6","true","8.21","false","4","6.7","365","true","true","60","14","30","60","3","40","4","50","0.4","20.5","0","16","1","4","80","2","0","0","299","299","693","371","0","1","0","89628","0","1","538929","0","0","0"
"1","0.4","1.6","true","8.21","false","4","6.7","365","true","true","60","14","30","60","3","40","4","50","0.4","20.5","0","16","1","4","80","2","0","0","299","299","694","371","0","1","0","89628","0","1","538929","0","0","0"
"1","0.4","1.6","true","8.21","false","4","6.7","365","true","true","60","14","30","60","3","40","4","50","0.4","20.5","0","16","1","4","80","2","0","0","299","299","695","371","0","1","0","89628","0","0","538929","0","0","0"
"1","0.4","1.6","true","8.21","false","4","6.7","365","true","true","60","14","30","60","3","40","4","50","0.4","20.5","0","16","1","4","80","2","0","0","299","299","696","371","0","1","0","89628","0","0","538941","0","0","0"
"1","0.4","1.6","true","8.21","false","4","6.7","365","true","true","60","14","30","60","3","40","4","50","0.4","20.5","0","16","1","4","80","2","0","0","299","299","697","371","0","1","0","89628","0","0","538941","0","0","0"
"1","0.4","1.6","true","8.21","false","4","6.7","365","true","true","60","14","30","60","3","40","4","50","0.4","20.5","0","16","1","4","80","2","0","0","299","299","698","371","0","1","0","89628","0","0","538941","0","0","0"
"1","0.4","1.6","true","8.21","false","4","6.7","365","true","true","60","14","30","60","3","40","4","50","0.4","20.5","0","16","1","4","80","2","0","0","299","299","699","371","0","1","0","89628","0","0","538941","0","0","0"
"1","0.4","1.6","true","8.21","false","4","6.7","365","true","true","60","14","30","60","3","40","4","50","0.4","20.5","0","16","1","4","80","2","0","0","299","299","700","371","0","1","0","89628","0","0","538941","0","0","0"
"1","0.4","1.6","true","8.21","false","4","6.7","365","true","true","60","14","30","60","3","40","4","50","0.4","20.5","0","16","1","4","80","2","0","0","299","299","701","371","0","1","0","89628","0","0","538941","0","0","0"
"1","0.4","1.6","true","8.21","false","4","6.7","365","true","true","60","14","30","60","3","40","4","50","0.4","20.5","0","16","1","4","80","2","0","0","299","299","702","371","0","0","0","89629","0","0","538941","0","0","0"
"1","0.4","1.6","true","8.21","false","4","6.7","365","true","true","60","14","30","60","3","40","4","50","0.4","20.5","0","16","1","4","80","2","0","0","299","299","703","371","0","0","0","89629","0","0","538941","0","0","0"
"1","0.4","1.6","true","8.21","false","4","6.7","365","true","true","60","14","30","60","3","40","4","50","0.4","20.5","0","16","1","4","80","2","0","0","299","299","704","371","0","0","0","89629","0","0","538941","0","0","0"
"1","0.4","1.6","true","8.21","false","4","6.7","365","true","true","60","14","30","60","3","40","4","50","0.4","20.5","0","16","1","4","80","2","0","0","299","299","705","371","0","0","0","89629","0","0","538941","0","0","0"
"1","0.4","1.6","true","8.21","false","4","6.7","365","true","true","60","14","30","60","3","40","4","50","0.4","20.5","0","16","1","4","80","2","0","0","299","299","706","371","0","0","0","89629","0","0","538941","0","0","0"
"1","0.4","1.6","true","8.21","false","4","6.7","365","true","true","60","14","30","60","3","40","4","50","0.4","20.5","0","16","1","4","80","2","0","0","299","299","707","371","0","0","0","89629","0","0","538941","0","0","0"
"1","0.4","1.6","true","8.21","false","4","6.7","365","true","true","60","14","30","60","3","40","4","50","0.4","20.5","0","16","1","4","80","2","0","0","299","299","708","371","0","0","0","89629","0","0","538941","0","0","0"
"1","0.4","1.6","true","8.21","false","4","6.7","365","true","true","60","14","30","60","3","40","4","50","0.4","20.5","0","16","1","4","80","2","0","0","299","299","709","371","0","0","0","89629","0","0","538941","0","0","0"
"1","0.4","1.6","true","8.21","false","4","6.7","365","true","true","60","14","30","60","3","40","4","50","0.4","20.5","0","16","1","4","80","2","0","0","299","299","710","371","0","0","0","89629","0","0","538941","0","0","0"
"1","0.4","1.6","true","8.21","false","4","6.7","365","true","true","60","14","30","60","3","40","4","50","0.4","20.5","0","16","1","4","80","2","0","0","299","299","711","371","0","0","0","89629","0","0","538941","0","0","0"
"1","0.4","1.6","true","8.21","false","4","6.7","365","true","true","60","14","30","60","3","40","4","50","0.4","20.5","0","16","1","4","80","2","0","0","299","299","712","371","0","0","0","89629","0","0","538941","0","0","0"
"1","0.4","1.6","true","8.21","false","4","6.7","365","true","true","60","14","30","60","3","40","4","50","0.4","20.5","0","16","1","4","80","2","0","0","299","299","713","371","0","0","0","89629","0","0","538941","0","0","0"
"1","0.4","1.6","true","8.21","false","4","6.7","365","true","true","60","14","30","60","3","40","4","50","0.4","20.5","0","16","1","4","80","2","0","0","299","299","714","371","0","0","0","89629","0","0","538941","0","0","0"
"1","0.4","1.6","true","8.21","false","4","6.7","365","true","true","60","14","30","60","3","40","4","50","0.4","20.5","0","16","1","4","80","2","0","0","299","299","715","371","0","0","0","89629","0","0","538941","0","0","0"
"1","0.4","1.6","true","8.21","false","4","6.7","365","true","true","60","14","30","60","3","40","4","50","0.4","20.5","0","16","1","4","80","2","0","0","299","299","716","371","0","0","0","89629","0","0","538941","0","0","0"
"1","0.4","1.6","true","8.21","false","4","6.7","365","true","true","60","14","30","60","3","40","4","50","0.4","20.5","0","16","1","4","80","2","0","0","299","299","717","371","0","0","0","89629","0","0","538941","0","0","0"
"1","0.4","1.6","true","8.21","false","4","6.7","365","true","true","60","14","30","60","3","40","4","50","0.4","20.5","0","16","1","4","80","2","0","0","299","299","718","371","0","0","0","89629","0","0","538941","0","0","0"
"1","0.4","1.6","true","8.21","false","4","6.7","365","true","true","60","14","30","60","3","40","4","50","0.4","20.5","0","16","1","4","80","2","0","0","299","299","719","371","0","0","0","89629","0","0","538941","0","0","0"
"1","0.4","1.6","true","8.21","false","4","6.7","365","true","true","60","14","30","60","3","40","4","50","0.4","20.5","0","16","1","4","80","2","0","0","299","299","720","371","0","0","0","89629","0","0","538941","0","0","0"
"1","0.4","1.6","true","8.21","false","4","6.7","365","true","true","60","14","30","60","3","40","4","50","0.4","20.5","0","16","1","4","80","2","0","0","299","299","721","371","0","0","0","89629","0","0","538941","0","0","0"
"1","0.4","1.6","true","8.21","false","4","6.7","365","true","true","60","14","30","60","3","40","4","50","0.4","20.5","0","16","1","4","80","2","0","0","299","299","722","371","0","0","0","89629","0","0","538941","0","0","0"
"1","0.4","1.6","true","8.21","false","4","6.7","365","true","true","60","14","30","60","3","40","4","50","0.4","20.5","0","16","1","4","80","2","0","0","299","299","723","371","0","0","0","89629","0","0","538941","0","0","0"
"1","0.4","1.6","true","8.21","false","4","6.7","365","true","true","60","14","30","60","3","40","4","50","0.4","20.5","0","16","1","4","80","2","0","0","299","299","724","370","1","0","0","89629","0","0","538941","0","0","0"
"1","0.4","1.6","true","8.21","false","4","6.7","365","true","true","60","14","30","60","3","40","4","50","0.4","20.5","0","16","1","4","80","2","0","0","299","299","725","370","1","0","0","89629","0","0","538941","0","0","0"
"1","0.4","1.6","true","8.21","false","4","6.7","365","true","true","60","14","30","60","3","40","4","50","0.4","20.5","0","16","1","4","80","2","0","0","299","299","726","371","0","0","1","89628","0","0","538941","0","0","0"
"1","0.4","1.6","true","8.21","false","4","6.7","365","true","true","60","14","30","60","3","40","4","50","0.4","20.5","0","16","1","4","80","2","0","0","299","299","727","371","0","0","1","89628","0","0","538942","0","0","0"
"1","0.4","1.6","true","8.21","false","4","6.7","365","true","true","60","14","30","60","3","40","4","50","0.4","20.5","0","16","1","4","80","2","0","0","299","299","728","371","0","0","1","89628","0","0","538942","0","0","0"
"1","0.4","1.6","true","8.21","false","4","6.7","365","true","true","60","14","30","60","3","40","4","50","0.4","20.5","0","16","1","4","80","2","0","0","299","299","729","371","0","0","1","89628","0","0","538942","0","0","0"
"1","0.4","1.6","true","8.21","false","4","6.7","365","true","true","60","14","30","60","3","40","4","50","0.4","20.5","0","16","1","4","80","2","0","0","299","299","730","371","0","0","1","89628","0","0","538942","0","0","0"
"1","0.4","1.6","true","8.21","false","4","6.7","365","true","true","60","14","30","60","3","40","4","50","0.4","20.5","0","16","1","4","80","2","0","0","299","299","731","370","1","0","1","89628","0","0","538942","0","0","0"
"1","0.4","1.6","true","8.21","false","4","6.7","365","true","true","60","14","30","60","3","40","4","50","0.4","20.5","0","16","1","4","80","2","0","0","299","299","732","370","1","0","1","89628","0","0","538942","0","0","0"
"1","0.4","1.6","true","8.21","false","4","6.7","365","true","true","60","14","30","60","3","40","4","50","0.4","20.5","0","16","1","4","80","2","0","0","299","299","733","370","1","0","1","89628","0","0","538942","0","0","0"
"1","0.4","1.6","true","8.21","false","4","6.7","365","true","true","60","14","30","60","3","40","4","50","0.4","20.5","0","16","1","4","80","2","0","0","299","299","734","370","1","0","1","89628","0","0","538942","0","0","0"
"1","0.4","1.6","true","8.21","false","4","6.7","365","true","true","60","14","30","60","3","40","4","50","0.4","20.5","0","16","1","4","80","2","0","0","299","299","735","370","1","0","1","89628","0","0","538942","0","0","0"
"1","0.4","1.6","true","8.21","false","4","6.7","365","true","true","60","14","30","60","3","40","4","50","0.4","20.5","0","16","1","4","80","2","0","0","299","299","736","370","1","0","1","89628","0","0","538942","0","0","0"
"1","0.4","1.6","true","8.21","false","4","6.7","365","true","true","60","14","30","60","3","40","4","50","0.4","20.5","0","16","1","4","80","2","0","0","299","299","737","370","1","0","1","89628","0","0","538942","0","0","0"
"1","0.4","1.6","true","8.21","false","4","6.7","365","true","true","60","14","30","60","3","40","4","50","0.4","20.5","0","16","1","4","80","2","0","0","299","299","738","370","1","0","1","89628","0","0","538942","0","0","0"
"1","0.4","1.6","true","8.21","false","4","6.7","365","true","true","60","14","30","60","3","40","4","50","0.4","20.5","0","16","1","4","80","2","0","0","299","299","739","371","1","0","1","89627","0","0","538942","0","0","0"
"1","0.4","1.6","true","8.21","false","4","6.7","365","true","true","60","14","30","60","3","40","4","50","0.4","20.5","0","16","1","4","80","2","0","0","299","299","740","371","1","0","1","89627","0","0","538942","0","0","0"
"1","0.4","1.6","true","8.21","false","4","6.7","365","true","true","60","14","30","60","3","40","4","50","0.4","20.5","0","16","1","4","80","2","0","0","299","299","741","372","1","0","1","89626","0","0","538942","0","0","0"
"1","0.4","1.6","true","8.21","false","4","6.7","365","true","true","60","14","30","60","3","40","4","50","0.4","20.5","0","16","1","4","80","2","0","0","299","299","742","374","0","0","2","89624","0","0","538942","0","0","0"
"1","0.4","1.6","true","8.21","false","4","6.7","365","true","true","60","14","30","60","3","40","4","50","0.4","20.5","0","16","1","4","80","2","0","0","299","299","743","374","0","0","2","89624","0","0","538946","0","0","0"
"1","0.4","1.6","true","8.21","false","4","6.7","365","true","true","60","14","30","60","3","40","4","50","0.4","20.5","0","16","1","4","80","2","0","0","299","299","744","374","0","0","2","89624","0","0","538946","0","0","0"
"1","0.4","1.6","true","8.21","false","4","6.7","365","true","true","60","14","30","60","3","40","4","50","0.4","20.5","0","16","1","4","80","2","0","0","299","299","745","376","0","0","2","89622","0","0","538946","0","0","0"
"1","0.4","1.6","true","8.21","false","4","6.7","365","true","true","60","14","30","60","3","40","4","50","0.4","20.5","0","16","1","4","80","2","0","0","299","299","746","378","0","0","2","89620","0","0","538946","0","0","0"
"1","0.4","1.6","true","8.21","false","4","6.7","365","true","true","60","14","30","60","3","40","4","50","0.4","20.5","0","16","1","4","80","2","0","0","299","299","747","378","0","0","2","89620","0","0","538946","0","0","0"
"1","0.4","1.6","true","8.21","false","4","6.7","365","true","true","60","14","30","60","3","40","4","50","0.4","20.5","0","16","1","4","80","2","0","0","299","299","748","378","0","0","2","89620","0","0","538946","0","0","0"
"1","0.4","1.6","true","8.21","false","4","6.7","365","true","true","60","14","30","60","3","40","4","50","0.4","20.5","0","16","1","4","80","2","0","0","299","299","749","378","0","0","2","89620","0","0","538946","0","0","0"
"1","0.4","1.6","true","8.21","false","4","6.7","365","true","true","60","14","30","60","3","40","4","50","0.4","20.5","0","16","1","4","80","2","0","0","299","299","750","382","0","0","2","89616","0","0","538946","0","0","0"
"1","0.4","1.6","true","8.21","false","4","6.7","365","true","true","60","14","30","60","3","40","4","50","0.4","20.5","0","16","1","4","80","2","0","0","299","299","751","383","0","0","2","89615","0","0","538946","0","0","0"
"1","0.4","1.6","true","8.21","false","4","6.7","365","true","true","60","14","30","60","3","40","4","50","0.4","20.5","0","16","1","4","80","2","0","0","299","299","752","384","0","0","2","89614","0","0","538946","0","0","0"
"1","0.4","1.6","true","8.21","false","4","6.7","365","true","true","60","14","30","60","3","40","4","50","0.4","20.5","0","16","1","4","80","2","0","0","299","299","753","385","0","0","1","89614","0","0","538946","0","0","0"
"1","0.4","1.6","true","8.21","false","4","6.7","365","true","true","60","14","30","60","3","40","4","50","0.4","20.5","0","16","1","4","80","2","0","0","299","299","754","387","0","0","1","89612","0","0","538945","0","0","0"
"1","0.4","1.6","true","8.21","false","4","6.7","365","true","true","60","14","30","60","3","40","4","50","0.4","20.5","0","16","1","4","80","2","0","0","299","299","755","391","0","0","1","89608","0","0","539161","0","0","0"
"1","0.4","1.6","true","8.21","false","4","6.7","365","true","true","60","14","30","60","3","40","4","50","0.4","20.5","0","16","1","4","80","2","0","0","299","299","756","392","0","0","1","89607","0","0","539161","0","0","0"
"1","0.4","1.6","true","8.21","false","4","6.7","365","true","true","60","14","30","60","3","40","4","50","0.4","20.5","0","16","1","4","80","2","0","0","299","299","757","395","0","0","0","89605","0","0","539161","0","0","0"
"1","0.4","1.6","true","8.21","false","4","6.7","365","true","true","60","14","30","60","3","40","4","50","0.4","20.5","0","16","1","4","80","2","0","0","299","299","758","398","0","0","0","89602","0","0","539157","0","0","0"
"1","0.4","1.6","true","8.21","false","4","6.7","365","true","true","60","14","30","60","3","40","4","50","0.4","20.5","0","16","1","4","80","2","0","0","299","299","759","401","0","0","0","89599","0","0","539157","0","0","0"
"1","0.4","1.6","true","8.21","false","4","6.7","365","true","true","60","14","30","60","3","40","4","50","0.4","20.5","0","16","1","4","80","2","0","0","299","299","760","410","0","0","0","89590","0","0","539156","0","0","0"
"1","0.4","1.6","true","8.21","false","4","6.7","365","true","true","60","14","30","60","3","40","4","50","0.4","20.5","0","16","1","4","80","2","0","0","299","299","761","411","0","0","0","89589","0","0","539170","0","0","0"
"1","0.4","1.6","true","8.21","false","4","6.7","365","true","true","60","14","30","60","3","40","4","50","0.4","20.5","0","16","1","4","80","2","0","0","299","299","762","416","0","0","0","89584","0","0","539170","0","0","0"
"1","0.4","1.6","true","8.21","false","4","6.7","365","true","true","60","14","30","60","3","40","4","50","0.4","20.5","0","16","1","4","80","2","0","0","299","299","763","420","0","0","0","89580","0","0","539170","0","0","0"
"1","0.4","1.6","true","8.21","false","4","6.7","365","true","true","60","14","30","60","3","40","4","50","0.4","20.5","0","16","1","4","80","2","0","0","299","299","764","432","0","0","0","89568","0","0","539170","0","0","0"
"1","0.4","1.6","true","8.21","false","4","6.7","365","true","true","60","14","30","60","3","40","4","50","0.4","20.5","0","16","1","4","80","2","0","0","299","299","765","448","0","0","0","89552","0","0","539469","0","0","0"
"1","0.4","1.6","true","8.21","false","4","6.7","365","true","true","60","14","30","60","3","40","4","50","0.4","20.5","0","16","1","4","80","2","0","0","299","299","766","464","0","0","0","89536","0","0","539766","0","0","0"
"1","0.4","1.6","true","8.21","false","4","6.7","365","true","true","60","14","30","60","3","40","4","50","0.4","20.5","0","16","1","4","80","2","0","0","299","299","767","481","0","0","0","89519","0","0","539763","0","0","0"
"1","0.4","1.6","true","8.21","false","4","6.7","365","true","true","60","14","30","60","3","40","4","50","0.4","20.5","0","16","1","4","80","2","0","0","299","299","768","492","0","0","0","89508","0","0","539763","0","0","0"
"1","0.4","1.6","true","8.21","false","4","6.7","365","true","true","60","14","30","60","3","40","4","50","0.4","20.5","0","16","1","4","80","2","0","0","299","299","769","502","0","0","0","89498","0","0","539762","0","0","0"
"1","0.4","1.6","true","8.21","false","4","6.7","365","true","true","60","14","30","60","3","40","4","50","0.4","20.5","0","16","1","4","80","2","0","0","299","299","770","524","0","0","0","89476","0","0","539760","0","0","0"
"1","0.4","1.6","true","8.21","false","4","6.7","365","true","true","60","14","30","60","3","40","4","50","0.4","20.5","0","16","1","4","80","2","0","0","299","299","771","543","0","0","0","89457","0","0","539760","0","0","0"
"1","0.4","1.6","true","8.21","false","4","6.7","365","true","true","60","14","30","60","3","40","4","50","0.4","20.5","0","16","1","4","80","2","0","0","299","299","772","560","0","0","0","89440","0","0","539758","0","0","0"
"1","0.4","1.6","true","8.21","false","4","6.7","365","true","true","60","14","30","60","3","40","4","50","0.4","20.5","0","16","1","4","80","2","0","0","299","299","773","586","0","0","0","89414","0","0","539758","0","0","0"
"1","0.4","1.6","true","8.21","false","4","6.7","365","true","true","60","14","30","60","3","40","4","50","0.4","20.5","0","16","1","4","80","2","0","0","299","299","774","608","0","0","0","89392","0","0","539772","0","0","0"
"1","0.4","1.6","true","8.21","false","4","6.7","365","true","true","60","14","30","60","3","40","4","50","0.4","20.5","0","16","1","4","80","2","0","0","299","299","775","642","0","0","0","89358","0","0","540066","0","0","0"
"1","0.4","1.6","true","8.21","false","4","6.7","365","true","true","60","14","30","60","3","40","4","50","0.4","20.5","0","16","1","4","80","2","0","0","299","299","776","678","0","0","0","89322","0","0","540353","0","0","0"
"1","0.4","1.6","true","8.21","false","4","6.7","365","true","true","60","14","30","60","3","40","4","50","0.4","20.5","0","16","1","4","80","2","0","0","299","299","777","716","0","0","0","89284","0","0","540352","0","0","0"
"1","0.4","1.6","true","8.21","false","4","6.7","365","true","true","60","14","30","60","3","40","4","50","0.4","20.5","0","16","1","4","80","2","0","0","299","299","778","760","0","0","0","89240","0","0","540349","0","0","0"
"1","0.4","1.6","true","8.21","false","4","6.7","365","true","true","60","14","30","60","3","40","4","50","0.4","20.5","0","16","1","4","80","2","0","0","299","299","779","797","0","0","0","89203","0","0","540637","0","0","0"
"1","0.4","1.6","true","8.21","false","4","6.7","365","true","true","60","14","30","60","3","40","4","50","0.4","20.5","0","16","1","4","80","2","0","0","299","299","780","841","0","0","0","89159","0","0","540630","0","0","0"
"1","0.4","1.6","true","8.21","false","4","6.7","365","true","true","60","14","30","60","3","40","4","50","0.4","20.5","0","16","1","4","80","2","0","0","299","299","781","898","0","0","0","89102","0","0","540637","0","0","0"
"1","0.4","1.6","true","8.21","false","4","6.7","365","true","true","60","14","30","60","3","40","4","50","0.4","20.5","0","16","1","4","80","2","0","0","299","299","782","960","0","0","0","89040","0","0","540630","0","0","0"
"1","0.4","1.6","true","8.21","false","4","6.7","365","true","true","60","14","30","60","3","40","4","50","0.4","20.5","0","16","1","4","80","2","0","0","299","299","783","1033","0","0","0","88967","0","0","540641","0","0","0"
"1","0.4","1.6","true","8.21","false","4","6.7","365","true","true","60","14","30","60","3","40","4","50","0.4","20.5","0","16","1","4","80","2","0","0","299","299","784","1103","0","0","0","88897","0","0","541175","0","0","0"
"1","0.4","1.6","true","8.21","false","4","6.7","365","true","true","60","14","30","60","3","40","4","50","0.4","20.5","0","16","1","4","80","2","0","0","299","299","785","1175","0","0","0","88825","0","0","541184","0","0","0"
"1","0.4","1.6","true","8.21","false","4","6.7","365","true","true","60","14","30","60","3","40","4","50","0.4","20.5","0","16","1","4","80","2","0","0","299","299","786","1253","0","0","0","88747","0","0","541309","0","0","0"
"1","0.4","1.6","true","8.21","false","4","6.7","365","true","true","60","14","30","60","3","40","4","50","0.4","20.5","0","16","1","4","80","2","0","0","299","299","787","1339","0","0","0","88661","0","0","541579","0","0","0"
"1","0.4","1.6","true","8.21","false","4","6.7","365","true","true","60","14","30","60","3","40","4","50","0.4","20.5","0","16","1","4","80","2","0","0","299","299","788","1434","0","0","0","88566","0","0","542114","0","0","0"
"1","0.4","1.6","true","8.21","false","4","6.7","365","true","true","60","14","30","60","3","40","4","50","0.4","20.5","0","16","1","4","80","2","0","0","299","299","789","1542","0","0","0","88458","0","0","542123","0","0","0"
"1","0.4","1.6","true","8.21","false","4","6.7","365","true","true","60","14","30","60","3","40","4","50","0.4","20.5","0","16","1","4","80","2","0","0","299","299","790","1659","0","0","0","88341","0","0","542897","0","0","0"
"1","0.4","1.6","true","8.21","false","4","6.7","365","true","true","60","14","30","60","3","40","4","50","0.4","20.5","0","16","1","4","80","2","0","0","299","299","791","1765","0","0","0","88235","0","0","542865","0","0","0"
"1","0.4","1.6","true","8.21","false","4","6.7","365","true","true","60","14","30","60","3","40","4","50","0.4","20.5","0","16","1","4","80","2","0","0","299","299","792","1901","0","0","0","88099","0","0","544211","0","0","0"
"1","0.4","1.6","true","8.21","false","4","6.7","365","true","true","60","14","30","60","3","40","4","50","0.4","20.5","0","16","1","4","80","2","0","0","299","299","793","2027","0","0","0","87973","0","0","545268","0","0","0"
"1","0.4","1.6","true","8.21","false","4","6.7","365","true","true","60","14","30","60","3","40","4","50","0.4","20.5","0","16","1","4","80","2","0","0","299","299","794","2141","0","0","0","87859","0","0","545753","0","0","0"
"1","0.4","1.6","true","8.21","false","4","6.7","365","true","true","60","14","30","60","3","40","4","50","0.4","20.5","0","16","1","4","80","2","0","0","299","299","795","2281","0","0","0","87719","0","0","546005","0","0","0"
"1","0.4","1.6","true","8.21","false","4","6.7","365","true","true","60","14","30","60","3","40","4","50","0.4","20.5","0","16","1","4","80","2","0","0","299","299","796","2446","0","0","0","87554","0","0","546221","0","0","0"
"1","0.4","1.6","true","8.21","false","4","6.7","365","true","true","60","14","30","60","3","40","4","50","0.4","20.5","0","16","1","4","80","2","0","0","299","299","797","2611","0","0","0","87389","0","0","546871","0","0","0"
"1","0.4","1.6","true","8.21","false","4","6.7","365","true","true","60","14","30","60","3","40","4","50","0.4","20.5","0","16","1","4","80","2","0","0","299","299","798","2770","0","0","0","87230","0","0","548627","0","0","0"
"1","0.4","1.6","true","8.21","false","4","6.7","365","true","true","60","14","30","60","3","40","4","50","0.4","20.5","0","16","1","4","80","2","0","0","299","299","799","2952","0","0","0","87048","0","0","549057","0","0","0"
"1","0.4","1.6","true","8.21","false","4","6.7","365","true","true","60","14","30","60","3","40","4","50","0.4","20.5","0","16","1","4","80","2","0","0","299","299","800","3166","0","0","0","86834","0","0","550036","0","0","0"
"1","0.4","1.6","true","8.21","false","4","6.7","365","true","true","60","14","30","60","3","40","4","50","0.4","20.5","0","16","1","4","80","2","0","0","299","299","801","3378","0","0","0","86622","0","0","550743","0","0","0"
"1","0.4","1.6","true","8.21","false","4","6.7","365","true","true","60","14","30","60","3","40","4","50","0.4","20.5","0","16","1","4","80","2","0","0","299","299","802","3590","0","0","0","86410","0","0","550903","0","0","0"
"1","0.4","1.6","true","8.21","false","4","6.7","365","true","true","60","14","30","60","3","40","4","50","0.4","20.5","0","16","1","4","80","2","0","0","299","299","803","3815","0","0","0","86185","0","0","551319","0","0","0"
"1","0.4","1.6","true","8.21","false","4","6.7","365","true","true","60","14","30","60","3","40","4","50","0.4","20.5","0","16","1","4","80","2","0","0","299","299","804","4073","0","0","0","85927","0","0","551908","0","0","0"
"1","0.4","1.6","true","8.21","false","4","6.7","365","true","true","60","14","30","60","3","40","4","50","0.4","20.5","0","16","1","4","80","2","0","0","299","299","805","4337","0","0","0","85663","0","0","552283","0","0","0"
"1","0.4","1.6","true","8.21","false","4","6.7","365","true","true","60","14","30","60","3","40","4","50","0.4","20.5","0","16","1","4","80","2","0","0","299","299","806","4604","0","0","0","85396","0","0","552782","0","0","0"
"1","0.4","1.6","true","8.21","false","4","6.7","365","true","true","60","14","30","60","3","40","4","50","0.4","20.5","0","16","1","4","80","2","0","0","299","299","807","4885","0","0","0","85115","0","0","552817","0","0","0"
"1","0.4","1.6","true","8.21","false","4","6.7","365","true","true","60","14","30","60","3","40","4","50","0.4","20.5","0","16","1","4","80","2","0","0","299","299","808","5178","0","0","0","84822","0","0","553535","0","0","0"
"1","0.4","1.6","true","8.21","false","4","6.7","365","true","true","60","14","30","60","3","40","4","50","0.4","20.5","0","16","1","4","80","2","0","0","299","299","809","5494","0","0","0","84506","0","0","554714","0","0","0"
"1","0.4","1.6","true","8.21","false","4","6.7","365","true","true","60","14","30","60","3","40","4","50","0.4","20.5","0","16","1","4","80","2","0","0","299","299","810","5781","0","0","0","84219","0","0","556191","0","0","0"
"1","0.4","1.6","true","8.21","false","4","6.7","365","true","true","60","14","30","60","3","40","4","50","0.4","20.5","0","16","1","4","80","2","0","0","299","299","811","6093","0","0","0","83907","0","0","557035","0","0","0"
"1","0.4","1.6","true","8.21","false","4","6.7","365","true","true","60","14","30","60","3","40","4","50","0.4","20.5","0","16","1","4","80","2","0","0","299","299","812","6421","0","0","0","83579","0","0","557702","0","0","0"
"1","0.4","1.6","true","8.21","false","4","6.7","365","true","true","60","14","30","60","3","40","4","50","0.4","20.5","0","16","1","4","80","2","0","0","299","299","813","6753","0","0","0","83247","0","0","559332","0","0","0"
"1","0.4","1.6","true","8.21","false","4","6.7","365","true","true","60","14","30","60","3","40","4","50","0.4","20.5","0","16","1","4","80","2","0","0","299","299","814","7116","0","0","0","82884","0","0","560313","0","0","0"
"1","0.4","1.6","true","8.21","false","4","6.7","365","true","true","60","14","30","60","3","40","4","50","0.4","20.5","0","16","1","4","80","2","0","0","299","299","815","7473","0","0","0","82527","0","0","560913","0","0","0"
"1","0.4","1.6","true","8.21","false","4","6.7","365","true","true","60","14","30","60","3","40","4","50","0.4","20.5","0","16","1","4","80","2","0","0","299","299","816","7847","0","0","0","82153","0","0","561804","0","0","0"
"1","0.4","1.6","true","8.21","false","4","6.7","365","true","true","60","14","30","60","3","40","4","50","0.4","20.5","0","16","1","4","80","2","0","0","299","299","817","8206","1","0","0","81793","0","0","562371","0","0","0"
"1","0.4","1.6","true","8.21","false","4","6.7","365","true","true","60","14","30","60","3","40","4","50","0.4","20.5","0","16","1","4","80","2","0","0","299","299","818","8575","3","0","0","81422","0","0","562805","0","0","0"
"1","0.4","1.6","true","8.21","false","4","6.7","365","true","true","60","14","30","60","3","40","4","50","0.4","20.5","0","16","1","4","80","2","0","0","299","299","819","8990","5","0","0","81005","0","0","563461","0","0","0"
"1","0.4","1.6","true","8.21","false","4","6.7","365","true","true","60","14","30","60","3","40","4","50","0.4","20.5","0","16","1","4","80","2","0","0","299","299","820","9417","7","0","0","80576","0","0","563887","0","0","0"
"1","0.4","1.6","true","8.21","false","4","6.7","365","true","true","60","14","30","60","3","40","4","50","0.4","20.5","0","16","1","4","80","2","0","0","299","299","821","9807","13","0","0","80180","0","0","565708","0","0","0"
"1","0.4","1.6","true","8.21","false","4","6.7","365","true","true","60","14","30","60","3","40","4","50","0.4","20.5","0","16","1","4","80","2","0","0","299","299","822","10237","14","0","0","79749","0","0","566344","0","0","0"
"1","0.4","1.6","true","8.21","false","4","6.7","365","true","true","60","14","30","60","3","40","4","50","0.4","20.5","0","16","1","4","80","2","0","0","299","299","823","10654","13","2","3","79328","0","2","566549","0","0","0"
"1","0.4","1.6","true","8.21","false","4","6.7","365","true","true","60","14","30","60","3","40","4","50","0.4","20.5","0","16","1","4","80","2","0","0","299","299","824","11106","24","2","3","78865","0","2","566207","0","0","0"
"1","0.4","1.6","true","8.21","false","4","6.7","365","true","true","60","14","30","60","3","40","4","50","0.4","20.5","0","16","1","4","80","2","0","0","299","299","825","11530","29","2","5","78434","0","2","566539","0","0","0"
"1","0.4","1.6","true","8.21","false","4","6.7","365","true","true","60","14","30","60","3","40","4","50","0.4","20.5","0","16","1","4","80","2","0","0","299","299","826","11957","35","4","5","77999","0","4","566652","0","0","0"
"1","0.4","1.6","true","8.21","false","4","6.7","365","true","true","60","14","30","60","3","40","4","50","0.4","20.5","0","16","1","4","80","2","0","0","299","299","827","12387","42","5","6","77560","0","5","567005","0","0","0"
"1","0.4","1.6","true","8.21","false","4","6.7","365","true","true","60","14","30","60","3","40","4","50","0.4","20.5","0","16","1","4","80","2","0","0","299","299","828","12873","49","9","6","77063","0","9","567459","0","0","0"
"1","0.4","1.6","true","8.21","false","4","6.7","365","true","true","60","14","30","60","3","40","4","50","0.4","20.5","0","16","1","4","80","2","0","0","299","299","829","13320","56","11","8","76605","0","11","567632","0","0","0"
"1","0.4","1.6","true","8.21","false","4","6.7","365","true","true","60","14","30","60","3","40","4","50","0.4","20.5","0","16","1","4","80","2","0","0","299","299","830","13781","66","13","11","76129","0","13","568576","0","0","0"
"1","0.4","1.6","true","8.21","false","4","6.7","365","true","true","60","14","30","60","3","40","4","50","0.4","20.5","0","16","1","4","80","2","0","0","299","299","831","14269","72","14","15","75630","0","14","569308","0","0","0"
"1","0.4","1.6","true","8.21","false","4","6.7","365","true","true","60","14","30","60","3","40","4","50","0.4","20.5","0","16","1","4","80","2","0","0","299","299","832","14755","73","22","21","75129","0","22","569762","0","0","0"
"1","0.4","1.6","true","8.21","false","4","6.7","365","true","true","60","14","30","60","3","40","4","50","0.4","20.5","0","16","1","4","80","2","0","0","299","299","833","15243","89","24","24","74620","0","24","570208","0","0","0"
"1","0.4","1.6","true","8.21","false","4","6.7","365","true","true","60","14","30","60","3","40","4","50","0.4","20.5","0","16","1","4","80","2","0","0","299","299","834","15696","103","27","30","74144","0","26","570869","0","0","0"
"1","0.4","1.6","true","8.21","false","4","6.7","365","true","true","60","14","30","60","3","40","4","50","0.4","20.5","0","16","1","4","80","2","0","0","299","299","835","16177","111","36","37","73639","0","35","571417","0","0","0"
"1","0.4","1.6","true","8.21","false","4","6.7","365","true","true","60","14","30","60","3","40","4","50","0.4","20.5","0","16","1","4","80","2","0","0","299","299","836","16684","120","41","48","73107","0","39","571465","0","0","0"
"1","0.4","1.6","true","8.21","false","4","6.7","365","true","true","60","14","30","60","3","40","4","50","0.4","20.5","0","16","1","4","80","2","0","0","299","299","837","17175","133","45","54","72593","0","43","571315","0","0","0"
"1","0.4","1.6","true","8.21","false","4","6.7","365","true","true","60","14","30","60","3","40","4","50","0.4","20.5","0","16","1","4","80","2","0","0","299","299","838","17669","144","50","66","72071","0","48","572012","0","0","0"
"1","0.4","1.6","true","8.21","false","4","6.7","365","true","true","60","14","30","60","3","40","4","50","0.4","20.5","0","16","1","4","80","2","0","0","299","299","839","18149","154","55","80","71562","0","53","572069","0","0","0"
"1","0.4","1.6","true","8.21","false","4","6.7","365","true","true","60","14","30","60","3","40","4","50","0.4","20.5","0","16","1","4","80","2","0","0","299","299","840","18637","169","63","94","71037","0","59","572265","0","0","0"
"1","0.4","1.6","true","8.21","false","4","6.7","365","true","true","60","14","30","60","3","40","4","50","0.4","20.5","0","16","1","4","80","2","0","0","299","299","841","19166","182","72","108","70472","0","67","572069","0","0","0"
"1","0.4","1.6","true","8.21","false","4","6.7","365","true","true","60","14","30","60","3","40","4","50","0.4","20.5","0","16","1","4","80","2","0","0","299","299","842","19629","201","83","125","69962","0","73","572340","0","0","0"
"1","0.4","1.6","true","8.21","false","4","6.7","365","true","true","60","14","30","60","3","40","4","50","0.4","20.5","0","16","1","4","80","2","0","0","299","299","843","20130","221","96","137","69416","0","84","572079","0","0","0"
"1","0.4","1.6","true","8.21","false","4","6.7","365","true","true","60","14","30","60","3","40","4","50","0.4","20.5","0","16","1","4","80","2","0","0","299","299","844","20617","249","109","147","68878","0","97","572547","0","0","0"
"1","0.4","1.6","true","8.21","false","4","6.7","365","true","true","60","14","30","60","3","40","4","50","0.4","20.5","0","16","1","4","80","2","0","0","299","299","845","21159","287","119","158","68277","0","102","571727","0","0","0"
"1","0.4","1.6","true","8.21","false","4","6.7","365","true","true","60","14","30","60","3","40","4","50","0.4","20.5","0","16","1","4","80","2","0","0","299","299","846","21636","309","135","178","67742","0","112","572574","0","0","0"
"1","0.4","1.6","true","8.21","false","4","6.7","365","true","true","60","14","30","60","3","40","4","50","0.4","20.5","0","16","1","4","80","2","0","0","299","299","847","22146","315","144","209","67186","0","123","572239","0","0","0"
"1","0.4","1.6","true","8.21","false","4","6.7","365","true","true","60","14","30","60","3","40","4","50","0.4","20.5","0","16","1","4","80","2","0","0","299","299","848","22665","334","161","232","66608","0","133","572504","0","0","0"
"1","0.4","1.6","true","8.21","false","4","6.7","365","true","true","60","14","30","60","3","40","4","50","0.4","20.5","0","16","1","4","80","2","0","0","299","299","849","23172","376","177","255","66020","0","149","572658","0","0","0"
"1","0.4","1.6","true","8.21","false","4","6.7","365","true","true","60","14","30","60","3","40","4","50","0.4","20.5","0","16","1","4","80","2","0","0","299","299","850","23673","424","192","277","65434","0","165","572337","0","0","0"
"1","0.4","1.6","true","8.21","false","4","6.7","365","true","true","60","14","30","60","3","40","4","50","0.4","20.5","0","16","1","4","80","2","0","0","299","299","851","24121","465","203","310","64901","0","174","572481","0","0","0"
"1","0.4","1.6","true","8.21","false","4","6.7","365","true","true","60","14","30","60","3","40","4","50","0.4","20.5","0","16","1","4","80","2","0","0","299","299","852","24579","510","219","336","64356","0","184","572638","0","0","0"
"1","0.4","1.6","true","8.21","false","4","6.7","365","true","true","60","14","30","60","3","40","4","50","0.4","20.5","0","16","1","4","80","2","0","0","299","299","853","25058","549","246","375","63772","0","205","572884","0","0","0"
"1","0.4","1.6","true","8.21","false","4","6.7","365","true","true","60","14","30","60","3","40","4","50","0.4","20.5","0","16","1","4","80","2","0","0","299","299","854","25514","608","274","416","63188","0","224","572807","0","0","0"
"1","0.4","1.6","true","8.21","false","4","6.7","365","true","true","60","14","30","60","3","40","4","50","0.4","20.5","0","16","1","4","80","2","0","0","299","299","855","25938","679","300","453","62630","0","241","572297","0","0","0"
"1","0.4","1.6","true","8.21","false","4","6.7","365","true","true","60","14","30","60","3","40","4","50","0.4","20.5","0","16","1","4","80","2","0","0","299","299","856","26389","740","328","495","62048","0","258","572865","0","0","0"
"1","0.4","1.6","true","8.21","false","4","6.7","365","true","true","60","14","30","60","3","40","4","50","0.4","20.5","0","16","1","4","80","2","0","0","299","299","857","26836","782","373","538","61471","0","295","572974","0","0","0"
"1","0.4","1.6","true","8.21","false","4","6.7","365","true","true","60","14","30","60","3","40","4","50","0.4","20.5","0","16","1","4","80","2","0","0","299","299","858","27279","828","399","597","60897","0","323","572610","0","0","0"
"1","0.4","1.6","true","8.21","false","4","6.7","365","true","true","60","14","30","60","3","40","4","50","0.4","20.5","0","16","1","4","80","2","0","0","299","299","859","27683","871","437","662","60347","0","357","572480","0","0","0"
"1","0.4","1.6","true","8.21","false","4","6.7","365","true","true","60","14","30","60","3","40","4","50","0.4","20.5","0","16","1","4","80","2","0","0","299","299","860","28077","960","473","710","59780","0","380","572458","0","0","0"
"1","0.4","1.6","true","8.21","false","4","6.7","365","true","true","60","14","30","60","3","40","4","50","0.4","20.5","0","16","1","4","80","2","0","0","299","299","861","28481","1022","516","773","59208","0","419","572102","0","0","0"
"1","0.4","1.6","true","8.21","false","4","6.7","365","true","true","60","14","30","60","3","40","4","50","0.4","20.5","0","16","1","4","80","2","0","0","299","299","862","28832","1078","579","845","58666","0","467","572291","0","0","0"
"1","0.4","1.6","true","8.21","false","4","6.7","365","true","true","60","14","30","60","3","40","4","50","0.4","20.5","0","16","1","4","80","2","0","0","299","299","863","29205","1174","620","908","58093","0","502","572017","0","0","0"
"1","0.4","1.6","true","8.21","false","4","6.7","365","true","true","60","14","30","60","3","40","4","50","0.4","20.5","0","16","1","4","80","2","0","0","299","299","864","29545","1273","666","996","57520","0","541","571974","0","0","0"
"1","0.4","1.6","true","8.21","false","4","6.7","365","true","true","60","14","30","60","3","40","4","50","0.4","20.5","0","16","1","4","80","2","0","0","299","299","865","29818","1388","724","1061","57009","0","586","571085","0","0","0"
"1","0.4","1.6","true","8.21","false","4","6.7","365","true","true","60","14","30","60","3","40","4","50","0.4","20.5","0","16","1","4","80","2","0","0","299","299","866","30055","1531","791","1155","56468","0","642","571044","0","0","0"
"1","0.4","1.6","true","8.21","false","4","6.7","365","true","true","60","14","30","60","3","40","4","50","0.4","20.5","0","16","1","4","80","2","0","0","299","299","867","30309","1613","851","1267","55960","0","684","571168","0","0","0"
"1","0.4","1.6","true","8.21","false","4","6.7","365","true","true","60","14","30","60","3","40","4","50","0.4","20.5","0","16","1","4","80","2","0","0","299","299","868","30607","1743","919","1368","55363","0","740","571987","0","0","0"
"1","0.4","1.6","true","8.21","false","4","6.7","365","true","true","60","14","30","60","3","40","4","50","0.4","20.5","0","16","1","4","80","2","0","0","299","299","869","30838","1877","984","1482","54819","0","784","571550","0","0","0"
"1","0.4","1.6","true","8.21","false","4","6.7","365","true","true","60","14","30","60","3","40","4","50","0.4","20.5","0","16","1","4","80","2","0","0","299","299","870","31109","1974","1059","1595","54263","0","839","570771","0","0","0"
"1","0.4","1.6","true","8.21","false","4","6.7","365","true","true","60","14","30","60","3","40","4","50","0.4","20.5","0","16","1","4","80","2","0","0","299","299","871","31359","2041","1167","1735","53698","0","906","571158","0","0","0"
"1","0.4","1.6","true","8.21","false","4","6.7","365","true","true","60","14","30","60","3","40","4","50","0.4","20.5","0","16","1","4","80","2","0","0","299","299","872","31572","2130","1263","1857","53178","0","990","570157","0","0","0"
"1","0.4","1.6","true","8.21","false","4","6.7","365","true","true","60","14","30","60","3","40","4","50","0.4","20.5","0","16","1","4","80","2","0","0","299","299","873","31775","2183","1387","1998","52657","0","1077","568331","0","0","0"
"1","0.4","1.6","true","8.21","false","4","6.7","365","true","true","60","14","30","60","3","40","4","50","0.4","20.5","0","16","1","4","80","2","0","0","299","299","874","31949","2207","1509","2159","52176","0","1179","567792","0","0","0"
"1","0.4","1.6","true","8.21","false","4","6.7","365","true","true","60","14","30","60","3","40","4","50","0.4","20.5","0","16","1","4","80","2","0","0","299","299","875","32139","2218","1604","2335","51704","0","1255","566568","0","0","0"
"1","0.4","1.6","true","8.21","false","4","6.7","365","true","true","60","14","30","60","3","40","4","50","0.4","20.5","0","16","1","4","80","2","0","0","299","299","876","32276","2326","1714","2455","51229","0","1344","566097","0","0","0"
"1","0.4","1.6","true","8.21","false","4","6.7","365","true","true","60","14","30","60","3","40","4","50","0.4","20.5","0","16","1","4","80","2","0","0","299","299","877","32406","2447","1811","2610","50726","0","1405","565331","0","0","0"
"1","0.4","1.6","true","8.21","false","4","6.7","365","true","true","60","14","30","60","3","40","4","50","0.4","20.5","0","16","1","4","80","2","0","0","299","299","878","32527","2515","1923","2790","50245","0","1500","564551","0","0","0"
"1","0.4","1.6","true","8.21","false","4","6.7","365","true","true","60","14","30","60","3","40","4","50","0.4","20.5","0","16","1","4","80","2","0","0","299","299","879","32700","2594","2004","2934","49768","0","1557","563020","0","0","0"
"1","0.4","1.6","true","8.21","false","4","6.7","365","true","true","60","14","30","60","3","40","4","50","0.4","20.5","0","16","1","4","80","2","0","0","299","299","880","32821","2690","2092","3098","49299","0","1605","563569","0","0","0"
"1","0.4","1.6","true","8.21","false","4","6.7","365","true","true","60","14","30","60","3","40","4","50","0.4","20.5","0","16","1","4","80","2","0","0","299","299","881","32920","2755","2181","3271","48873","0","1668","563067","0","0","0"
"1","0.4","1.6","true","8.21","false","4","6.7","365","true","true","60","14","30","60","3","40","4","50","0.4","20.5","0","16","1","4","80","2","0","0","299","299","882","32985","2845","2288","3455","48427","0","1727","563378","0","0","0"
"1","0.4","1.6","true","8.21","false","4","6.7","365","true","true","60","14","30","60","3","40","4","50","0.4","20.5","0","16","1","4","80","2","0","0","299","299","883","33036","2936","2409","3637","47982","0","1810","562490","0","0","0"
"1","0.4","1.6","true","8.21","false","4","6.7","365","true","true","60","14","30","60","3","40","4","50","0.4","20.5","0","16","1","4","80","2","0","0","299","299","884","33044","3050","2518","3822","47566","0","1866","562622","0","0","0"
"1","0.4","1.6","true","8.21","false","4","6.7","365","true","true","60","14","30","60","3","40","4","50","0.4","20.5","0","16","1","4","80","2","0","0","299","299","885","33026","3176","2649","3984","47165","0","1919","562114","0","0","0"
"1","0.4","1.6","true","8.21","false","4","6.7","365","true","true","60","14","30","60","3","40","4","50","0.4","20.5","0","16","1","4","80","2","0","0","299","299","886","33057","3255","2752","4147","46789","0","1948","562002","0","0","0"
"1","0.4","1.6","true","8.21","false","4","6.7","365","true","true","60","14","30","60","3","40","4","50","0.4","20.5","0","16","1","4","80","2","0","0","299","299","887","33066","3344","2861","4334","46395","0","2006","562571","0","0","0"
"1","0.4","1.6","true","8.21","false","4","6.7","365","true","true","60","14","30","60","3","40","4","50","0.4","20.5","0","16","1","4","80","2","0","0","299","299","888","33045","3398","2998","4500","46059","0","2087","561450","0","0","0"
"1","0.4","1.6","true","8.21","false","4","6.7","365","true","true","60","14","30","60","3","40","4","50","0.4","20.5","0","16","1","4","80","2","0","0","299","299","889","32978","3515","3109","4676","45722","0","2145","560304","0","0","0"
"1","0.4","1.6","true","8.21","false","4","6.7","365","true","true","60","14","30","60","3","40","4","50","0.4","20.5","0","16","1","4","80","2","0","0","299","299","890","32864","3663","3237","4840","45396","0","2217","559091","0","0","0"
"1","0.4","1.6","true","8.21","false","4","6.7","365","true","true","60","14","30","60","3","40","4","50","0.4","20.5","0","16","1","4","80","2","0","0","299","299","891","32737","3788","3333","5054","45088","0","2289","559044","0","0","0"
"1","0.4","1.6","true","8.21","false","4","6.7","365","true","true","60","14","30","60","3","40","4","50","0.4","20.5","0","16","1","4","80","2","0","0","299","299","892","32575","3913","3443","5259","44810","0","2369","558164","0","0","0"
"1","0.4","1.6","true","8.21","false","4","6.7","365","true","true","60","14","30","60","3","40","4","50","0.4","20.5","0","16","1","4","80","2","0","0","299","299","893","32361","4148","3546","5374","44571","0","2440","556268","0","0","0"
"1","0.4","1.6","true","8.21","false","4","6.7","365","true","true","60","14","30","60","3","40","4","50","0.4","20.5","0","16","1","4","80","2","0","0","299","299","894","32096","4313","3669","5549","44373","0","72697","556544","0","0","0"
"1","0.4","1.6","true","8.21","false","4","6.7","365","true","true","60","14","30","60","3","40","4","50","0.4","20.5","0","16","1","4","80","2","0","0","299","299","895","32555","3755","3797","5741","44152","0","72752","44004","0","0","0"
"1","0.4","1.6","true","8.21","false","4","6.7","365","true","true","60","14","30","60","3","40","4","50","0.4","20.5","0","16","1","4","80","2","0","0","299","299","896","33047","3129","3970","5920","43934","0","72802","43935","0","0","0"
"1","0.4","1.6","true","8.21","false","4","6.7","365","true","true","60","14","30","60","3","40","4","50","0.4","20.5","0","16","1","4","80","2","0","0","299","299","897","33514","2480","4120","6147","43739","0","72859","43571","0","0","0"
"1","0.4","1.6","true","8.21","false","4","6.7","365","true","true","60","14","30","60","3","40","4","50","0.4","20.5","0","16","1","4","80","2","0","0","299","299","898","33985","1863","4242","6355","43555","0","72914","42910","0","0","0"
"1","0.4","1.6","true","8.21","false","4","6.7","365","true","true","60","14","30","60","3","40","4","50","0.4","20.5","0","16","1","4","80","2","0","0","299","299","899","34484","1311","4313","6528","43364","0","72957","42258","0","0","0"
"1","0.4","1.6","true","8.21","false","4","6.7","365","true","true","60","14","30","60","3","40","4","50","0.4","20.5","0","16","1","4","80","2","0","0","299","299","900","35006","896","4363","6585","43150","0","72996","41545","0","0","0"
"1","0.4","1.6","true","8.21","false","4","6.7","365","true","true","60","14","30","60","3","40","4","50","0.4","20.5","0","16","1","4","80","2","0","0","299","299","901","35536","591","4319","6563","42991","0","73028","40910","0","0","0"
"1","0.4","1.6","true","8.21","false","4","6.7","365","true","true","60","14","30","60","3","40","4","50","0.4","20.5","0","16","1","4","80","2","0","0","299","299","902","36022","411","4265","6453","42849","0","73050","40447","0","0","0"
"1","0.4","1.6","true","8.21","false","4","6.7","365","true","true","60","14","30","60","3","40","4","50","0.4","20.5","0","16","1","4","80","2","0","0","299","299","903","36477","303","4128","6294","42798","0","73066","40127","0","0","0"
"1","0.4","1.6","true","8.21","false","4","6.7","365","true","true","60","14","30","60","3","40","4","50","0.4","20.5","0","16","1","4","80","2","0","0","299","299","904","36972","224","4027","6116","42661","0","73087","39644","0","0","0"
"1","0.4","1.6","true","8.21","false","4","6.7","365","true","true","60","14","30","60","3","40","4","50","0.4","20.5","0","16","1","4","80","2","0","0","299","299","905","37466","170","3878","5894","42592","0","73102","39630","0","0","0"
"1","0.4","1.6","true","8.21","false","4","6.7","365","true","true","60","14","30","60","3","40","4","50","0.4","20.5","0","16","1","4","80","2","0","0","299","299","906","37911","143","3723","5653","42570","0","73112","39578","0","0","0"
"1","0.4","1.6","true","8.21","false","4","6.7","365","true","true","60","14","30","60","3","40","4","50","0.4","20.5","0","16","1","4","80","2","0","0","299","299","907","38371","123","3575","5410","42521","0","1788","39261","0","0","0"
"1","0.4","1.6","true","8.21","false","4","6.7","365","true","true","60","14","30","60","3","40","4","50","0.4","20.5","0","16","1","4","80","2","0","0","299","299","908","38294","628","3417","5156","42505","0","1545","557480","0","0","0"
"1","0.4","1.6","true","8.21","false","4","6.7","365","true","true","60","14","30","60","3","40","4","50","0.4","20.5","0","16","1","4","80","2","0","0","299","299","909","38102","1297","3250","4873","42478","0","1278","560670","0","0","0"
"1","0.4","1.6","true","8.21","false","4","6.7","365","true","true","60","14","30","60","3","40","4","50","0.4","20.5","0","16","1","4","80","2","0","0","299","299","910","37742","2141","3050","4584","42483","0","1027","563608","0","0","0"
"1","0.4","1.6","true","8.21","false","4","6.7","365","true","true","60","14","30","60","3","40","4","50","0.4","20.5","0","16","1","4","80","2","0","0","299","299","911","37264","3091","2846","4293","42506","0","814","566061","0","0","0"
"1","0.4","1.6","true","8.21","false","4","6.7","365","true","true","60","14","30","60","3","40","4","50","0.4","20.5","0","16","1","4","80","2","0","0","299","299","912","36636","4082","2663","4058","42561","0","629","568508","0","0","0"
"1","0.4","1.6","true","8.21","false","4","6.7","365","true","true","60","14","30","60","3","40","4","50","0.4","20.5","0","16","1","4","80","2","0","0","299","299","913","36012","4941","2546","3915","42586","0","553","570501","0","0","0"
"1","0.4","1.6","true","8.21","false","4","6.7","365","true","true","60","14","30","60","3","40","4","50","0.4","20.5","0","16","1","4","80","2","0","0","299","299","914","35444","5617","2517","3815","42607","0","616","571845","0","0","0"
"1","0.4","1.6","true","8.21","false","4","6.7","365","true","true","60","14","30","60","3","40","4","50","0.4","20.5","0","16","1","4","80","2","0","0","299","299","915","34821","6084","2555","3862","42678","0","775","571892","0","0","0"
"1","0.4","1.6","true","8.21","false","4","6.7","365","true","true","60","14","30","60","3","40","4","50","0.4","20.5","0","16","1","4","80","2","0","0","299","299","916","34223","6416","2656","3987","42718","0","1024","571774","0","0","0"
"1","0.4","1.6","true","8.21","false","4","6.7","365","true","true","60","14","30","60","3","40","4","50","0.4","20.5","0","16","1","4","80","2","0","0","299","299","917","33587","6637","2807","4227","42742","0","1337","569988","0","0","0"
"1","0.4","1.6","true","8.21","false","4","6.7","365","true","true","60","14","30","60","3","40","4","50","0.4","20.5","0","16","1","4","80","2","0","0","299","299","918","32972","6715","3062","4519","42732","0","1744","568080","0","0","0"
"1","0.4","1.6","true","8.21","false","4","6.7","365","true","true","60","14","30","60","3","40","4","50","0.4","20.5","0","16","1","4","80","2","0","0","299","299","919","32380","6791","3277","4907","42645","0","2098","565632","0","0","0"
"1","0.4","1.6","true","8.21","false","4","6.7","365","true","true","60","14","30","60","3","40","4","50","0.4","20.5","0","16","1","4","80","2","0","0","299","299","920","31820","6802","3520","5282","42576","0","2491","562712","0","0","0"
"1","0.4","1.6","true","8.21","false","4","6.7","365","true","true","60","14","30","60","3","40","4","50","0.4","20.5","0","16","1","4","80","2","0","0","299","299","921","31194","6813","3815","5670","42508","0","72617","559204","0","0","0"
"1","0.4","1.6","true","8.21","false","4","6.7","365","true","true","60","14","30","60","3","40","4","50","0.4","20.5","0","16","1","4","80","2","0","0","299","299","922","31580","5774","4123","6110","42413","0","72709","46431","0","0","0"
"1","0.4","1.6","true","8.21","false","4","6.7","365","true","true","60","14","30","60","3","40","4","50","0.4","20.5","0","16","1","4","80","2","0","0","299","299","923","31999","4751","4409","6564","42277","0","72809","45512","0","0","0"
"1","0.4","1.6","true","8.21","false","4","6.7","365","true","true","60","14","30","60","3","40","4","50","0.4","20.5","0","16","1","4","80","2","0","0","299","299","924","32449","3746","4725","7035","42045","0","72883","44692","0","0","0"
"1","0.4","1.6","true","8.21","false","4","6.7","365","true","true","60","14","30","60","3","40","4","50","0.4","20.5","0","16","1","4","80","2","0","0","299","299","925","32874","2742","5008","7570","41806","0","72977","45088","0","0","0"
"1","0.4","1.6","true","8.21","false","4","6.7","365","true","true","60","14","30","60","3","40","4","50","0.4","20.5","0","16","1","4","80","2","0","0","299","299","926","33258","1886","5315","7947","41594","0","73055","43680","0","0","0"
"1","0.4","1.6","true","8.21","false","4","6.7","365","true","true","60","14","30","60","3","40","4","50","0.4","20.5","0","16","1","4","80","2","0","0","299","299","927","33660","1263","5510","8195","41372","0","73110","43189","0","0","0"
"1","0.4","1.6","true","8.21","false","4","6.7","365","true","true","60","14","30","60","3","40","4","50","0.4","20.5","0","16","1","4","80","2","0","0","299","299","928","34048","848","5604","8320","41180","0","73154","42555","0","0","0"
"1","0.4","1.6","true","8.21","false","4","6.7","365","true","true","60","14","30","60","3","40","4","50","0.4","20.5","0","16","1","4","80","2","0","0","299","299","929","34449","592","5635","8354","40970","0","73191","41603","0","0","0"
"1","0.4","1.6","true","8.21","false","4","6.7","365","true","true","60","14","30","60","3","40","4","50","0.4","20.5","0","16","1","4","80","2","0","0","299","299","930","34898","421","5624","8300","40757","0","73221","40668","0","0","0"
"1","0.4","1.6","true","8.21","false","4","6.7","365","true","true","60","14","30","60","3","40","4","50","0.4","20.5","0","16","1","4","80","2","0","0","299","299","931","35313","318","5552","8204","40613","0","73245","40671","0","0","0"
"1","0.4","1.6","true","8.21","false","4","6.7","365","true","true","60","14","30","60","3","40","4","50","0.4","20.5","0","16","1","4","80","2","0","0","299","299","932","35718","259","5484","8030","40509","0","73271","39994","0","0","0"
"1","0.4","1.6","true","8.21","false","4","6.7","365","true","true","60","14","30","60","3","40","4","50","0.4","20.5","0","16","1","4","80","2","0","0","299","299","933","36114","216","5323","7837","40510","0","73289","39369","0","0","0"
"1","0.4","1.6","true","8.21","false","4","6.7","365","true","true","60","14","30","60","3","40","4","50","0.4","20.5","0","16","1","4","80","2","0","0","299","299","934","36529","175","5204","7614","40478","0","73301","39079","0","0","0"
"1","0.4","1.6","true","8.21","false","4","6.7","365","true","true","60","14","30","60","3","40","4","50","0.4","20.5","0","16","1","4","80","2","0","0","299","299","935","36925","165","5022","7361","40527","0","73317","38850","0","0","0"
"1","0.4","1.6","true","8.21","false","4","6.7","365","true","true","60","14","30","60","3","40","4","50","0.4","20.5","0","16","1","4","80","2","0","0","299","299","936","37317","157","4821","7050","40655","0","73329","38760","0","0","0"
"1","0.4","1.6","true","8.21","false","4","6.7","365","true","true","60","14","30","60","3","40","4","50","0.4","20.5","0","16","1","4","80","2","0","0","299","299","937","37733","146","4596","6710","40815","0","73338","38468","0","0","0"
"1","0.4","1.6","true","8.21","false","4","6.7","365","true","true","60","14","30","60","3","40","4","50","0.4","20.5","0","16","1","4","80","2","0","0","299","299","938","38153","133","4345","6343","41026","0","73351","38165","0","0","0"
"1","0.4","1.6","true","8.21","false","4","6.7","365","true","true","60","14","30","60","3","40","4","50","0.4","20.5","0","16","1","4","80","2","0","0","299","299","939","38533","124","4065","5958","41320","0","73359","38610","0","0","0"
"1","0.4","1.6","true","8.21","false","4","6.7","365","true","true","60","14","30","60","3","40","4","50","0.4","20.5","0","16","1","4","80","2","0","0","299","299","940","38874","124","3766","5483","41753","0","73366","38440","0","0","0"
"1","0.4","1.6","true","8.21","false","4","6.7","365","true","true","60","14","30","60","3","40","4","50","0.4","20.5","0","16","1","4","80","2","0","0","299","299","941","39277","122","3472","5041","42088","0","452","38247","0","0","0"
"1","0.4","1.6","true","8.21","false","4","6.7","365","true","true","60","14","30","60","3","40","4","50","0.4","20.5","0","16","1","4","80","2","0","0","299","299","942","38756","1015","3150","4574","42505","0","315","574642","0","0","0"
"1","0.4","1.6","true","8.21","false","4","6.7","365","true","true","60","14","30","60","3","40","4","50","0.4","20.5","0","16","1","4","80","2","0","0","299","299","943","38002","2128","2889","4129","42852","0","248","576305","0","0","0"
"1","0.4","1.6","true","8.21","false","4","6.7","365","true","true","60","14","30","60","3","40","4","50","0.4","20.5","0","16","1","4","80","2","0","0","299","299","944","37049","3447","2578","3693","43233","0","197","576640","0","0","0"
"1","0.4","1.6","true","8.21","false","4","6.7","365","true","true","60","14","30","60","3","40","4","50","0.4","20.5","0","16","1","4","80","2","0","0","299","299","945","36042","4811","2321","3313","43513","0","173","577427","0","0","0"
"1","0.4","1.6","true","8.21","false","4","6.7","365","true","true","60","14","30","60","3","40","4","50","0.4","20.5","0","16","1","4","80","2","0","0","299","299","946","34975","6041","2139","3058","43787","0","233","577023","0","0","0"
"1","0.4","1.6","true","8.21","false","4","6.7","365","true","true","60","14","30","60","3","40","4","50","0.4","20.5","0","16","1","4","80","2","0","0","299","299","947","33963","7014","2051","2936","44036","0","363","577249","0","0","0"
"1","0.4","1.6","true","8.21","false","4","6.7","365","true","true","60","14","30","60","3","40","4","50","0.4","20.5","0","16","1","4","80","2","0","0","299","299","948","33032","7605","2077","3031","44255","0","643","576113","0","0","0"
"1","0.4","1.6","true","8.21","false","4","6.7","365","true","true","60","14","30","60","3","40","4","50","0.4","20.5","0","16","1","4","80","2","0","0","299","299","949","32061","7992","2271","3290","44386","0","1011","573776","0","0","0"
"1","0.4","1.6","true","8.21","false","4","6.7","365","true","true","60","14","30","60","3","40","4","50","0.4","20.5","0","16","1","4","80","2","0","0","299","299","950","31065","8250","2518","3697","44470","0","1449","571384","0","0","0"
"1","0.4","1.6","true","8.21","false","4","6.7","365","true","true","60","14","30","60","3","40","4","50","0.4","20.5","0","16","1","4","80","2","0","0","299","299","951","30041","8496","2804","4143","44516","0","1894","569305","0","0","0"
"1","0.4","1.6","true","8.21","false","4","6.7","365","true","true","60","14","30","60","3","40","4","50","0.4","20.5","0","16","1","4","80","2","0","0","299","299","952","29059","8564","3172","4685","44520","0","2421","565701","0","0","0"
"1","0.4","1.6","true","8.21","false","4","6.7","365","true","true","60","14","30","60","3","40","4","50","0.4","20.5","0","16","1","4","80","2","0","0","299","299","953","28032","8578","3589","5282","44519","0","2960","560430","0","0","0"
"1","0.4","1.6","true","8.21","false","4","6.7","365","true","true","60","14","30","60","3","40","4","50","0.4","20.5","0","16","1","4","80","2","0","0","299","299","954","26996","8656","3944","5917","44487","0","72777","554938","0","0","0"
"1","0.4","1.6","true","8.21","false","4","6.7","365","true","true","60","14","30","60","3","40","4","50","0.4","20.5","0","16","1","4","80","2","0","0","299","299","955","27279","7389","4354","6571","44407","0","72881","44306","0","0","0"
"1","0.4","1.6","true","8.21","false","4","6.7","365","true","true","60","14","30","60","3","40","4","50","0.4","20.5","0","16","1","4","80","2","0","0","299","299","956","27571","6089","4819","7240","44281","0","73000","43676","0","0","0"
"1","0.4","1.6","true","8.21","false","4","6.7","365","true","true","60","14","30","60","3","40","4","50","0.4","20.5","0","16","1","4","80","2","0","0","299","299","957","27871","4784","5322","7926","44097","0","73095","42678","0","0","0"
"1","0.4","1.6","true","8.21","false","4","6.7","365","true","true","60","14","30","60","3","40","4","50","0.4","20.5","0","16","1","4","80","2","0","0","299","299","958","28151","3590","5776","8561","43922","0","73202","41997","0","0","0"
"1","0.4","1.6","true","8.21","false","4","6.7","365","true","true","60","14","30","60","3","40","4","50","0.4","20.5","0","16","1","4","80","2","0","0","299","299","959","28465","2482","6158","9206","43689","0","73295","40887","0","0","0"
"1","0.4","1.6","true","8.21","false","4","6.7","365","true","true","60","14","30","60","3","40","4","50","0.4","20.5","0","16","1","4","80","2","0","0","299","299","960","28788","1675","6452","9654","43431","0","73370","39742","0","0","0"
"1","0.4","1.6","true","8.21","false","4","6.7","365","true","true","60","14","30","60","3","40","4","50","0.4","20.5","0","16","1","4","80","2","0","0","299","299","961","29068","1145","6628","9931","43228","0","73436","38349","0","0","0"
"1","0.4","1.6","true","8.21","false","4","6.7","365","true","true","60","14","30","60","3","40","4","50","0.4","20.5","0","16","1","4","80","2","0","0","299","299","962","29352","740","6741","10096","43071","0","73474","37494","0","0","0"
"1","0.4","1.6","true","8.21","false","4","6.7","365","true","true","60","14","30","60","3","40","4","50","0.4","20.5","0","16","1","4","80","2","0","0","299","299","963","29665","518","6763","10110","42944","0","73507","36780","0","0","0"
"1","0.4","1.6","true","8.21","false","4","6.7","365","true","true","60","14","30","60","3","40","4","50","0.4","20.5","0","16","1","4","80","2","0","0","299","299","964","29966","372","6716","10038","42908","0","73539","36240","0","0","0"
"1","0.4","1.6","true","8.21","false","4","6.7","365","true","true","60","14","30","60","3","40","4","50","0.4","20.5","0","16","1","4","80","2","0","0","299","299","965","30264","273","6635","9878","42950","0","73564","35523","0","0","0"
"1","0.4","1.6","true","8.21","false","4","6.7","365","true","true","60","14","30","60","3","40","4","50","0.4","20.5","0","16","1","4","80","2","0","0","299","299","966","30533","211","6498","9675","43083","0","73581","35032","0","0","0"
"1","0.4","1.6","true","8.21","false","4","6.7","365","true","true","60","14","30","60","3","40","4","50","0.4","20.5","0","16","1","4","80","2","0","0","299","299","967","30782","171","6322","9434","43291","0","73597","34713","0","0","0"
"1","0.4","1.6","true","8.21","false","4","6.7","365","true","true","60","14","30","60","3","40","4","50","0.4","20.5","0","16","1","4","80","2","0","0","299","299","968","31096","139","6104","9137","43524","0","73605","34630","0","0","0"
"1","0.4","1.6","true","8.21","false","4","6.7","365","true","true","60","14","30","60","3","40","4","50","0.4","20.5","0","16","1","4","80","2","0","0","299","299","969","31378","118","5892","8807","43805","0","73614","34452","0","0","0"
"1","0.4","1.6","true","8.21","false","4","6.7","365","true","true","60","14","30","60","3","40","4","50","0.4","20.5","0","16","1","4","80","2","0","0","299","299","970","31637","103","5616","8394","44250","0","73622","34428","0","0","0"
"1","0.4","1.6","true","8.21","false","4","6.7","365","true","true","60","14","30","60","3","40","4","50","0.4","20.5","0","16","1","4","80","2","0","0","299","299","971","31904","101","5315","7936","44744","0","73629","34289","0","0","0"
"1","0.4","1.6","true","8.21","false","4","6.7","365","true","true","60","14","30","60","3","40","4","50","0.4","20.5","0","16","1","4","80","2","0","0","299","299","972","32185","98","4965","7468","45284","0","73631","34548","0","0","0"
"1","0.4","1.6","true","8.21","false","4","6.7","365","true","true","60","14","30","60","3","40","4","50","0.4","20.5","0","16","1","4","80","2","0","0","299","299","973","32427","91","4623","6932","45927","0","73637","34203","0","0","0"
"1","0.4","1.6","true","8.21","false","4","6.7","365","true","true","60","14","30","60","3","40","4","50","0.4","20.5","0","16","1","4","80","2","0","0","299","299","974","32663","82","4259","6377","46619","0","73647","33861","0","0","0"
"1","0.4","1.6","true","8.21","false","4","6.7","365","true","true","60","14","30","60","3","40","4","50","0.4","20.5","0","16","1","4","80","2","0","0","299","299","975","32912","75","3892","5812","47309","0","73652","33672","0","0","0"
"1","0.4","1.6","true","8.21","false","4","6.7","365","true","true","60","14","30","60","3","40","4","50","0.4","20.5","0","16","1","4","80","2","0","0","299","299","976","33163","73","3519","5291","47954","0","248","33438","0","0","0"
"1","0.4","1.6","true","8.21","false","4","6.7","365","true","true","60","14","30","60","3","40","4","50","0.4","20.5","0","16","1","4","80","2","0","0","299","299","977","32468","1027","3152","4764","48589","0","175","571419","0","0","0"
"1","0.4","1.6","true","8.21","false","4","6.7","365","true","true","60","14","30","60","3","40","4","50","0.4","20.5","0","16","1","4","80","2","0","0","299","299","978","31435","2301","2843","4233","49188","0","141","571824","0","0","0"
"1","0.4","1.6","true","8.21","false","4","6.7","365","true","true","60","14","30","60","3","40","4","50","0.4","20.5","0","16","1","4","80","2","0","0","299","299","979","30186","3748","2498","3732","49836","0","119","571368","0","0","0"
"1","0.4","1.6","true","8.21","false","4","6.7","365","true","true","60","14","30","60","3","40","4","50","0.4","20.5","0","16","1","4","80","2","0","0","299","299","980","28856","5271","2192","3260","50421","0","116","571018","0","0","0"
"1","0.4","1.6","true","8.21","false","4","6.7","365","true","true","60","14","30","60","3","40","4","50","0.4","20.5","0","16","1","4","80","2","0","0","299","299","981","27530","6650","1998","2944","50878","0","174","571086","0","0","0"
"1","0.4","1.6","true","8.21","false","4","6.7","365","true","true","60","14","30","60","3","40","4","50","0.4","20.5","0","16","1","4","80","2","0","0","299","299","982","26269","7655","1919","2827","51330","0","361","570594","0","0","0"
"1","0.4","1.6","true","8.21","false","4","6.7","365","true","true","60","14","30","60","3","40","4","50","0.4","20.5","0","16","1","4","80","2","0","0","299","299","983","25087","8248","2011","2923","51731","0","697","568545","0","0","0"
"1","0.4","1.6","true","8.21","false","4","6.7","365","true","true","60","14","30","60","3","40","4","50","0.4","20.5","0","16","1","4","80","2","0","0","299","299","984","24020","8504","2200","3211","52065","0","1098","566194","0","0","0"
"1","0.4","1.6","true","8.21","false","4","6.7","365","true","true","60","14","30","60","3","40","4","50","0.4","20.5","0","16","1","4","80","2","0","0","299","299","985","23021","8535","2468","3635","52341","0","1560","563101","0","0","0"
"1","0.4","1.6","true","8.21","false","4","6.7","365","true","true","60","14","30","60","3","40","4","50","0.4","20.5","0","16","1","4","80","2","0","0","299","299","986","22090","8324","2823","4207","52556","0","2106","560288","0","0","0"
"1","0.4","1.6","true","8.21","false","4","6.7","365","true","true","60","14","30","60","3","40","4","50","0.4","20.5","0","16","1","4","80","2","0","0","299","299","987","21174","8071","3234","4779","52742","0","2643","554338","0","0","0"
"1","0.4","1.6","true","8.21","false","4","6.7","365","true","true","60","14","30","60","3","40","4","50","0.4","20.5","0","16","1","4","80","2","0","0","299","299","988","20310","7717","3686","5438","52849","0","72748","548825","0","0","0"
"1","0.4","1.6","true","8.21","false","4","6.7","365","true","true","60","14","30","60","3","40","4","50","0.4","20.5","0","16","1","4","80","2","0","0","299","299","989","20440","6429","4116","6066","52949","0","72849","39936","0","0","0"
"1","0.4","1.6","true","8.21","false","4","6.7","365","true","true","60","14","30","60","3","40","4","50","0.4","20.5","0","16","1","4","80","2","0","0","299","299","990","20604","5219","4541","6702","52934","0","72936","39235","0","0","0"
"1","0.4","1.6","true","8.21","false","4","6.7","365","true","true","60","14","30","60","3","40","4","50","0.4","20.5","0","16","1","4","80","2","0","0","299","299","991","20729","4046","4923","7361","52941","0","73027","37830","0","0","0"
"1","0.4","1.6","true","8.21","false","4","6.7","365","true","true","60","14","30","60","3","40","4","50","0.4","20.5","0","16","1","4","80","2","0","0","299","299","992","20839","2995","5310","7951","52905","0","73112","36520","0","0","0"
"1","0.4","1.6","true","8.21","false","4","6.7","365","true","true","60","14","30","60","3","40","4","50","0.4","20.5","0","16","1","4","80","2","0","0","299","299","993","20970","2079","5633","8444","52874","0","73187","35592","0","0","0"
"1","0.4","1.6","true","8.21","false","4","6.7","365","true","true","60","14","30","60","3","40","4","50","0.4","20.5","0","16","1","4","80","2","0","0","299","299","994","21115","1400","5906","8811","52768","0","73254","34870","0","0","0"
"1","0.4","1.6","true","8.21","false","4","6.7","365","true","true","60","14","30","60","3","40","4","50","0.4","20.5","0","16","1","4","80","2","0","0","299","299","995","21245","923","6096","9061","52675","0","73308","33709","0","0","0"
"1","0.4","1.6","true","8.21","false","4","6.7","365","true","true","60","14","30","60","3","40","4","50","0.4","20.5","0","16","1","4","80","2","0","0","299","299","996","21364","636","6204","9186","52610","0","73346","32985","0","0","0"
"1","0.4","1.6","true","8.21","false","4","6.7","365","true","true","60","14","30","60","3","40","4","50","0.4","20.5","0","16","1","4","80","2","0","0","299","299","997","21486","456","6239","9210","52609","0","73371","32223","0","0","0"
"1","0.4","1.6","true","8.21","false","4","6.7","365","true","true","60","14","30","60","3","40","4","50","0.4","20.5","0","16","1","4","80","2","0","0","299","299","998","21621","330","6207","9166","52676","0","73401","31652","0","0","0"
"1","0.4","1.6","true","8.21","false","4","6.7","365","true","true","60","14","30","60","3","40","4","50","0.4","20.5","0","16","1","4","80","2","0","0","299","299","999","21739","263","6128","9068","52802","0","73412","31124","0","0","0"
"1","0.4","1.6","true","8.21","false","4","6.7","365","true","true","60","14","30","60","3","40","4","50","0.4","20.5","0","16","1","4","80","2","0","0","299","299","1000","21839","206","6009","8908","53038","0","73432","30720","0","0","0"
"1","0.4","1.6","true","8.21","false","4","6.7","365","true","true","60","14","30","60","3","40","4","50","0.4","20.5","0","16","1","4","80","2","0","0","299","299","1001","21930","177","5839","8660","53394","0","73445","30332","0","0","0"
"1","0.4","1.6","true","8.21","false","4","6.7","365","true","true","60","14","30","60","3","40","4","50","0.4","20.5","0","16","1","4","80","2","0","0","299","299","1002","22044","144","5654","8393","53765","0","73460","30134","0","0","0"
"1","0.4","1.6","true","8.21","false","4","6.7","365","true","true","60","14","30","60","3","40","4","50","0.4","20.5","0","16","1","4","80","2","0","0","299","299","1003","22145","129","5404","8017","54305","0","73474","29928","0","0","0"
"1","0.4","1.6","true","8.21","false","4","6.7","365","true","true","60","14","30","60","3","40","4","50","0.4","20.5","0","16","1","4","80","2","0","0","299","299","1004","22242","113","5172","7652","54821","0","73484","29824","0","0","0"
"1","0.4","1.6","true","8.21","false","4","6.7","365","true","true","60","14","30","60","3","40","4","50","0.4","20.5","0","16","1","4","80","2","0","0","299","299","1005","22354","104","4879","7212","55451","0","73494","29711","0","0","0"
"1","0.4","1.6","true","8.21","false","4","6.7","365","true","true","60","14","30","60","3","40","4","50","0.4","20.5","0","16","1","4","80","2","0","0","299","299","1006","22433","95","4559","6759","56154","0","73500","29736","0","0","0"
"1","0.4","1.6","true","8.21","false","4","6.7","365","true","true","60","14","30","60","3","40","4","50","0.4","20.5","0","16","1","4","80","2","0","0","299","299","1007","22535","84","4226","6284","56871","0","73505","29596","0","0","0"
"1","0.4","1.6","true","8.21","false","4","6.7","365","true","true","60","14","30","60","3","40","4","50","0.4","20.5","0","16","1","4","80","2","0","0","299","299","1008","22612","87","3921","5799","57581","0","73510","29212","0","0","0"
"1","0.4","1.6","true","8.21","false","4","6.7","365","true","true","60","14","30","60","3","40","4","50","0.4","20.5","0","16","1","4","80","2","0","0","299","299","1009","22684","80","3535","5278","58423","0","348","28764","0","0","0"
"1","0.4","1.6","true","8.21","false","4","6.7","365","true","true","60","14","30","60","3","40","4","50","0.4","20.5","0","16","1","4","80","2","0","0","299","299","1010","22109","727","3223","4786","59155","0","247","559954","0","0","0"
"1","0.4","1.6","true","8.21","false","4","6.7","365","true","true","60","14","30","60","3","40","4","50","0.4","20.5","0","16","1","4","80","2","0","0","299","299","1011","21314","1577","2922","4296","59891","0","188","560145","0","0","0"
"1","0.4","1.6","true","8.21","false","4","6.7","365","true","true","60","14","30","60","3","40","4","50","0.4","20.5","0","16","1","4","80","2","0","0","299","299","1012","20386","2577","2640","3785","60612","0","153","560450","0","0","0"
"1","0.4","1.6","true","8.21","false","4","6.7","365","true","true","60","14","30","60","3","40","4","50","0.4","20.5","0","16","1","4","80","2","0","0","299","299","1013","19374","3608","2400","3331","61287","0","149","560026","0","0","0"
"1","0.4","1.6","true","8.21","false","4","6.7","365","true","true","60","14","30","60","3","40","4","50","0.4","20.5","0","16","1","4","80","2","0","0","299","299","1014","18406","4472","2157","3019","61946","0","183","559660","0","0","0"
"1","0.4","1.6","true","8.21","false","4","6.7","365","true","true","60","14","30","60","3","40","4","50","0.4","20.5","0","16","1","4","80","2","0","0","299","299","1015","17549","5087","1995","2821","62548","0","299","558884","0","0","0"
"1","0.4","1.6","true","8.21","false","4","6.7","365","true","true","60","14","30","60","3","40","4","50","0.4","20.5","0","16","1","4","80","2","0","0","299","299","1016","16794","5427","1925","2742","63112","0","453","556576","0","0","0"
"1","0.4","1.6","true","8.21","false","4","6.7","365","true","true","60","14","30","60","3","40","4","50","0.4","20.5","0","16","1","4","80","2","0","0","299","299","1017","16075","5524","1951","2839","63611","0","702","554494","0","0","0"
"1","0.4","1.6","true","8.21","false","4","6.7","365","true","true","60","14","30","60","3","40","4","50","0.4","20.5","0","16","1","4","80","2","0","0","299","299","1018","15405","5410","2068","3063","64054","0","1008","552326","0","0","0"
"1","0.4","1.6","true","8.21","false","4","6.7","365","true","true","60","14","30","60","3","40","4","50","0.4","20.5","0","16","1","4","80","2","0","0","299","299","1019","14776","5258","2192","3312","64462","0","1328","549572","0","0","0"
"1","0.4","1.6","true","8.21","false","4","6.7","365","true","true","60","14","30","60","3","40","4","50","0.4","20.5","0","16","1","4","80","2","0","0","299","299","1020","14235","4971","2373","3672","64749","0","1651","547005","0","0","0"
"1","0.4","1.6","true","8.21","false","4","6.7","365","true","true","60","14","30","60","3","40","4","50","0.4","20.5","0","16","1","4","80","2","0","0","299","299","1021","13694","4678","2584","4002","65042","0","1996","543460","0","0","0"
"1","0.4","1.6","true","8.21","false","4","6.7","365","true","true","60","14","30","60","3","40","4","50","0.4","20.5","0","16","1","4","80","2","0","0","299","299","1022","13224","4300","2815","4371","65290","0","2336","539474","0","0","0"
"1","0.4","1.6","true","8.21","false","4","6.7","365","true","true","60","14","30","60","3","40","4","50","0.4","20.5","0","16","1","4","80","2","0","0","299","299","1023","12762","4024","3042","4692","65480","0","2647","535551","0","0","0"
"1","0.4","1.6","true","8.21","false","4","6.7","365","true","true","60","14","30","60","3","40","4","50","0.4","20.5","0","16","1","4","80","2","0","0","299","299","1024","12372","3700","3253","5061","65614","0","2928","531488","0","0","0"
"1","0.4","1.6","true","8.21","false","4","6.7","365","true","true","60","14","30","60","3","40","4","50","0.4","20.5","0","16","1","4","80","2","0","0","299","299","1025","11997","3419","3487","5373","65724","0","3207","527492","0","0","0"
"1","0.4","1.6","true","8.21","false","4","6.7","365","true","true","60","14","30","60","3","40","4","50","0.4","20.5","0","16","1","4","80","2","0","0","299","299","1026","11628","3192","3690","5665","65825","0","72652","524420","0","0","0"
"1","0.4","1.6","true","8.21","false","4","6.7","365","true","true","60","14","30","60","3","40","4","50","0.4","20.5","0","16","1","4","80","2","0","0","299","299","1027","11645","2572","3906","5991","65886","0","72698","28442","0","0","0"
"1","0.4","1.6","true","8.21","false","4","6.7","365","true","true","60","14","30","60","3","40","4","50","0.4","20.5","0","16","1","4","80","2","0","0","299","299","1028","11665","2050","4075","6261","65949","0","72737","28090","0","0","0"
"1","0.4","1.6","true","8.21","false","4","6.7","365","true","true","60","14","30","60","3","40","4","50","0.4","20.5","0","16","1","4","80","2","0","0","299","299","1029","11674","1613","4219","6470","66024","0","72772","27683","0","0","0"
"1","0.4","1.6","true","8.21","false","4","6.7","365","true","true","60","14","30","60","3","40","4","50","0.4","20.5","0","16","1","4","80","2","0","0","299","299","1030","11680","1148","4366","6688","66118","0","72817","27363","0","0","0"
"1","0.4","1.6","true","8.21","false","4","6.7","365","true","true","60","14","30","60","3","40","4","50","0.4","20.5","0","16","1","4","80","2","0","0","299","299","1031","11676","812","4450","6797","66265","0","72849","26431","0","0","0"
"1","0.4","1.6","true","8.21","false","4","6.7","365","true","true","60","14","30","60","3","40","4","50","0.4","20.5","0","16","1","4","80","2","0","0","299","299","1032","11685","540","4470","6857","66448","0","72875","25964","0","0","0"
"1","0.4","1.6","true","8.21","false","4","6.7","365","true","true","60","14","30","60","3","40","4","50","0.4","20.5","0","16","1","4","80","2","0","0","299","299","1033","11701","379","4428","6817","66675","0","72893","25624","0","0","0"
"1","0.4","1.6","true","8.21","false","4","6.7","365","true","true","60","14","30","60","3","40","4","50","0.4","20.5","0","16","1","4","80","2","0","0","299","299","1034","11704","261","4366","6705","66964","0","72905","25297","0","0","0"
"1","0.4","1.6","true","8.21","false","4","6.7","365","true","true","60","14","30","60","3","40","4","50","0.4","20.5","0","16","1","4","80","2","0","0","299","299","1035","11709","171","4265","6571","67284","0","72918","24808","0","0","0"
"1","0.4","1.6","true","8.21","false","4","6.7","365","true","true","60","14","30","60","3","40","4","50","0.4","20.5","0","16","1","4","80","2","0","0","299","299","1036","11718","125","4113","6388","67656","0","72927","24554","0","0","0"
"1","0.4","1.6","true","8.21","false","4","6.7","365","true","true","60","14","30","60","3","40","4","50","0.4","20.5","0","16","1","4","80","2","0","0","299","299","1037","11719","100","3938","6156","68087","0","72935","24120","0","0","0"
"1","0.4","1.6","true","8.21","false","4","6.7","365","true","true","60","14","30","60","3","40","4","50","0.4","20.5","0","16","1","4","80","2","0","0","299","299","1038","11721","84","3758","5869","68568","0","72941","23989","0","0","0"
"1","0.4","1.6","true","8.21","false","4","6.7","365","true","true","60","14","30","60","3","40","4","50","0.4","20.5","0","16","1","4","80","2","0","0","299","299","1039","11728","69","3560","5560","69083","0","1310","23957","0","0","0"
"1","0.4","1.6","true","8.21","false","4","6.7","365","true","true","60","14","30","60","3","40","4","50","0.4","20.5","0","16","1","4","80","2","0","0","299","299","1040","11542","259","3347","5236","69616","0","1073","541782","0","0","0"
"1","0.4","1.6","true","8.21","false","4","6.7","365","true","true","60","14","30","60","3","40","4","50","0.4","20.5","0","16","1","4","80","2","0","0","299","299","1041","11242","551","3136","4920","70151","0","856","543755","0","0","0"
"1","0.4","1.6","true","8.21","false","4","6.7","365","true","true","60","14","30","60","3","40","4","50","0.4","20.5","0","16","1","4","80","2","0","0","299","299","1042","10829","957","2900","4568","70746","0","661","545383","0","0","0"
"1","0.4","1.6","true","8.21","false","4","6.7","365","true","true","60","14","30","60","3","40","4","50","0.4","20.5","0","16","1","4","80","2","0","0","299","299","1043","10390","1386","2672","4190","71362","0","503","547037","0","0","0"
"1","0.4","1.6","true","8.21","false","4","6.7","365","true","true","60","14","30","60","3","40","4","50","0.4","20.5","0","16","1","4","80","2","0","0","299","299","1044","9959","1773","2466","3847","71955","0","359","548377","0","0","0"
"1","0.4","1.6","true","8.21","false","4","6.7","365","true","true","60","14","30","60","3","40","4","50","0.4","20.5","0","16","1","4","80","2","0","0","299","299","1045","9514","2120","2261","3532","72573","0","288","549602","0","0","0"
"1","0.4","1.6","true","8.21","false","4","6.7","365","true","true","60","14","30","60","3","40","4","50","0.4","20.5","0","16","1","4","80","2","0","0","299","299","1046","9105","2350","2084","3282","73179","0","281","549455","0","0","0"
"1","0.4","1.6","true","8.21","false","4","6.7","365","true","true","60","14","30","60","3","40","4","50","0.4","20.5","0","16","1","4","80","2","0","0","299","299","1047","8710","2475","1951","3105","73759","0","344","548875","0","0","0"
"1","0.4","1.6","true","8.21","false","4","6.7","365","true","true","60","14","30","60","3","40","4","50","0.4","20.5","0","16","1","4","80","2","0","0","299","299","1048","8314","2561","1896","2968","74261","0","444","548036","0","0","0"
"1","0.4","1.6","true","8.21","false","4","6.7","365","true","true","60","14","30","60","3","40","4","50","0.4","20.5","0","16","1","4","80","2","0","0","299","299","1049","7986","2533","1850","2868","74763","0","572","546447","0","0","0"
"1","0.4","1.6","true","8.21","false","4","6.7","365","true","true","60","14","30","60","3","40","4","50","0.4","20.5","0","16","1","4","80","2","0","0","299","299","1050","7670","2420","1849","2851","75210","0","730","544960","0","0","0"
"1","0.4","1.6","true","8.21","false","4","6.7","365","true","true","60","14","30","60","3","40","4","50","0.4","20.5","0","16","1","4","80","2","0","0","299","299","1051","7384","2301","1872","2858","75585","0","884","542794","0","0","0"
"1","0.4","1.6","true","8.21","false","4","6.7","365","true","true","60","14","30","60","3","40","4","50","0.4","20.5","0","16","1","4","80","2","0","0","299","299","1052","7104","2190","1896","2868","75942","0","1037","540301","0","0","0"
"1","0.4","1.6","true","8.21","false","4","6.7","365","true","true","60","14","30","60","3","40","4","50","0.4","20.5","0","16","1","4","80","2","0","0","299","299","1053","6827","2088","1919","2892","76274","0","1190","538567","0","0","0"
"1","0.4","1.6","true","8.21","false","4","6.7","365","true","true","60","14","30","60","3","40","4","50","0.4","20.5","0","16","1","4","80","2","0","0","299","299","1054","6567","1972","1947","2941","76573","0","1339","536267","0","0","0"
"1","0.4","1.6","true","8.21","false","4","6.7","365","true","true","60","14","30","60","3","40","4","50","0.4","20.5","0","16","1","4","80","2","0","0","299","299","1055","6332","1822","1994","2992","76860","0","1483","534275","0","0","0"
"1","0.4","1.6","true","8.21","false","4","6.7","365","true","true","60","14","30","60","3","40","4","50","0.4","20.5","0","16","1","4","80","2","0","0","299","299","1056","6100","1720","2050","3032","77098","0","1614","532326","0","0","0"
"1","0.4","1.6","true","8.21","false","4","6.7","365","true","true","60","14","30","60","3","40","4","50","0.4","20.5","0","16","1","4","80","2","0","0","299","299","1057","5873","1667","2082","3101","77277","0","1697","530485","0","0","0"
"1","0.4","1.6","true","8.21","false","4","6.7","365","true","true","60","14","30","60","3","40","4","50","0.4","20.5","0","16","1","4","80","2","0","0","299","299","1058","5627","1638","2121","3161","77453","0","1752","529555","0","0","0"
"1","0.4","1.6","true","8.21","false","4","6.7","365","true","true","60","14","30","60","3","40","4","50","0.4","20.5","0","16","1","4","80","2","0","0","299","299","1059","5415","1579","2162","3241","77603","0","1788","529413","0","0","0"
"1","0.4","1.6","true","8.21","false","4","6.7","365","true","true","60","14","30","60","3","40","4","50","0.4","20.5","0","16","1","4","80","2","0","0","299","299","1060","5224","1493","2235","3325","77723","0","1795","528398","0","0","0"
"1","0.4","1.6","true","8.21","false","4","6.7","365","true","true","60","14","30","60","3","40","4","50","0.4","20.5","0","16","1","4","80","2","0","0","299","299","1061","5018","1431","2272","3420","77859","0","1763","528432","0","0","0"
"1","0.4","1.6","true","8.21","false","4","6.7","365","true","true","60","14","30","60","3","40","4","50","0.4","20.5","0","16","1","4","80","2","0","0","299","299","1062","4849","1359","2304","3483","78005","0","1705","528627","0","0","0"
"1","0.4","1.6","true","8.21","false","4","6.7","365","true","true","60","14","30","60","3","40","4","50","0.4","20.5","0","16","1","4","80","2","0","0","299","299","1063","4660","1307","2341","3545","78147","0","1652","529383","0","0","0"
"1","0.4","1.6","true","8.21","false","4","6.7","365","true","true","60","14","30","60","3","40","4","50","0.4","20.5","0","16","1","4","80","2","0","0","299","299","1064","4508","1225","2357","3603","78307","0","1570","530068","0","0","0"
"1","0.4","1.6","true","8.21","false","4","6.7","365","true","true","60","14","30","60","3","40","4","50","0.4","20.5","0","16","1","4","80","2","0","0","299","299","1065","4355","1173","2363","3621","78488","0","1497","530613","0","0","0"
"1","0.4","1.6","true","8.21","false","4","6.7","365","true","true","60","14","30","60","3","40","4","50","0.4","20.5","0","16","1","4","80","2","0","0","299","299","1066","4213","1117","2359","3604","78707","0","1404","531605","0","0","0"
"1","0.4","1.6","true","8.21","false","4","6.7","365","true","true","60","14","30","60","3","40","4","50","0.4","20.5","0","16","1","4","80","2","0","0","299","299","1067","4072","1068","2357","3580","78923","0","1337","532968","0","0","0"
"1","0.4","1.6","true","8.21","false","4","6.7","365","true","true","60","14","30","60","3","40","4","50","0.4","20.5","0","16","1","4","80","2","0","0","299","299","1068","3917","1027","2344","3569","79143","0","1274","533964","0","0","0"
"1","0.4","1.6","true","8.21","false","4","6.7","365","true","true","60","14","30","60","3","40","4","50","0.4","20.5","0","16","1","4","80","2","0","0","299","299","1069","3754","1002","2336","3535","79373","0","1205","533800","0","0","0"
"1","0.4","1.6","true","8.21","false","4","6.7","365","true","true","60","14","30","60","3","40","4","50","0.4","20.5","0","16","1","4","80","2","0","0","299","299","1070","3607","980","2279","3501","79633","0","1149","534905","0","0","0"
"1","0.4","1.6","true","8.21","false","4","6.7","365","true","true","60","14","30","60","3","40","4","50","0.4","20.5","0","16","1","4","80","2","0","0","299","299","1071","3466","958","2240","3453","79883","0","1097","535678","0","0","0"
"1","0.4","1.6","true","8.21","false","4","6.7","365","true","true","60","14","30","60","3","40","4","50","0.4","20.5","0","16","1","4","80","2","0","0","299","299","1072","3310","950","2187","3376","80177","0","1055","535937","0","0","0"
"1","0.4","1.6","true","8.21","false","4","6.7","365","true","true","60","14","30","60","3","40","4","50","0.4","20.5","0","16","1","4","80","2","0","0","299","299","1073","3163","961","2136","3274","80466","0","1018","536332","0","0","0"
"1","0.4","1.6","true","8.21","false","4","6.7","365","true","true","60","14","30","60","3","40","4","50","0.4","20.5","0","16","1","4","80","2","0","0","299","299","1074","3004","965","2060","3173","80798","0","971","536735","0","0","0"
"1","0.4","1.6","true","8.21","false","4","6.7","365","true","true","60","14","30","60","3","40","4","50","0.4","20.5","0","16","1","4","80","2","0","0","299","299","1075","2862","976","1996","3088","81078","0","922","537264","0","0","0"
"1","0.4","1.6","true","8.21","false","4","6.7","365","true","true","60","14","30","60","3","40","4","50","0.4","20.5","0","16","1","4","80","2","0","0","299","299","1076","2698","975","1937","3015","81375","0","904","537285","0","0","0"
"1","0.4","1.6","true","8.21","false","4","6.7","365","true","true","60","14","30","60","3","40","4","50","0.4","20.5","0","16","1","4","80","2","0","0","299","299","1077","2556","948","1886","2951","81659","0","899","536816","0","0","0"
"1","0.4","1.6","true","8.21","false","4","6.7","365","true","true","60","14","30","60","3","40","4","50","0.4","20.5","0","16","1","4","80","2","0","0","299","299","1078","2413","933","1809","2863","81982","0","879","536350","0","0","0"
"1","0.4","1.6","true","8.21","false","4","6.7","365","true","true","60","14","30","60","3","40","4","50","0.4","20.5","0","16","1","4","80","2","0","0","299","299","1079","2278","923","1758","2778","82263","0","848","536402","0","0","0"
"1","0.4","1.6","true","8.21","false","4","6.7","365","true","true","60","14","30","60","3","40","4","50","0.4","20.5","0","16","1","4","80","2","0","0","299","299","1080","2118","929","1702","2719","82532","0","820","536055","0","0","0"
"1","0.4","1.6","true","8.21","false","4","6.7","365","true","true","60","14","30","60","3","40","4","50","0.4","20.5","0","16","1","4","80","2","0","0","299","299","1081","1961","933","1661","2632","82813","0","788","536434","0","0","0"
"1","0.4","1.6","true","8.21","false","4","6.7","365","true","true","60","14","30","60","3","40","4","50","0.4","20.5","0","16","1","4","80","2","0","0","299","299","1082","1821","919","1621","2549","83090","0","782","536547","0","0","0"
"1","0.4","1.6","true","8.21","false","4","6.7","365","true","true","60","14","30","60","3","40","4","50","0.4","20.5","0","16","1","4","80","2","0","0","299","299","1083","1684","923","1575","2465","83353","0","759","535910","0","0","0"
"1","0.4","1.6","true","8.21","false","4","6.7","365","true","true","60","14","30","60","3","40","4","50","0.4","20.5","0","16","1","4","80","2","0","0","299","299","1084","1563","912","1542","2409","83574","0","761","536176","0","0","0"
"1","0.4","1.6","true","8.21","false","4","6.7","365","true","true","60","14","30","60","3","40","4","50","0.4","20.5","0","16","1","4","80","2","0","0","299","299","1085","1449","869","1513","2339","83830","0","770","536261","0","0","0"
"1","0.4","1.6","true","8.21","false","4","6.7","365","true","true","60","14","30","60","3","40","4","50","0.4","20.5","0","16","1","4","80","2","0","0","299","299","1086","1315","859","1494","2267","84065","0","756","535993","0","0","0"
"1","0.4","1.6","true","8.21","false","4","6.7","365","true","true","60","14","30","60","3","40","4","50","0.4","20.5","0","16","1","4","80","2","0","0","299","299","1087","1180","837","1473","2231","84279","0","753","536068","0","0","0"
"1","0.4","1.6","true","8.21","false","4","6.7","365","true","true","60","14","30","60","3","40","4","50","0.4","20.5","0","16","1","4","80","2","0","0","299","299","1088","1076","815","1426","2183","84500","0","742","536005","0","0","0"
"1","0.4","1.6","true","8.21","false","4","6.7","365","true","true","60","14","30","60","3","40","4","50","0.4","20.5","0","16","1","4","80","2","0","0","299","299","1089","971","774","1410","2139","84706","0","740","535897","0","0","0"
"1","0.4","1.6","true","8.21","false","4","6.7","365","true","true","60","14","30","60","3","40","4","50","0.4","20.5","0","16","1","4","80","2","0","0","299","299","1090","853","766","1386","2096","84899","0","722","535491","0","0","0"
"1","0.4","1.6","true","8.21","false","4","6.7","365","true","true","60","14","30","60","3","40","4","50","0.4","20.5","0","16","1","4","80","2","0","0","299","299","1091","747","742","1366","2059","85086","0","721","535818","0","0","0"
"1","0.4","1.6","true","8.21","false","4","6.7","365","true","true","60","14","30","60","3","40","4","50","0.4","20.5","0","16","1","4","80","2","0","0","299","299","1092","637","718","1336","2024","85285","0","705","535138","0","0","0"
"1","0.4","1.6","true","8.21","false","4","6.7","365","true","true","60","14","30","60","3","40","4","50","0.4","20.5","0","16","1","4","80","2","0","0","299","299","1093","543","692","1314","1984","85467","0","708","534681","0","0","0"
"1","0.4","1.6","true","8.21","false","4","6.7","365","true","true","60","14","30","60","3","40","4","50","0.4","20.5","0","16","1","4","80","2","0","0","299","299","1094","462","663","1286","1949","85640","0","701","534661","0","0","0"
"1","0.4","1.6","true","8.21","false","4","6.7","365","true","true","60","14","30","60","3","40","4","50","0.4","20.5","0","16","1","4","80","2","0","0","299","299","1095","399","617","1266","1904","85814","0","682","534818","0","0","0"
