"BehaviorSpace results (NetLogo 6.1.1)"
"model.nlogo"
"action-all-1y"
"08/10/2020 16:10:33:084 +0100"
"min-pxcor","max-pxcor","min-pycor","max-pycor"
"0","49","0","49"
"[run number]","initial-inf","duration","imposed-lockdown?","personal-protection?","isolate-symptomatics?","test-and-trace?","shield-vulnerable?","closed-system?","lose-immunity?","lockdown-threshold","protection-threshold","isolation-threshold","testtrace-threshold","shield-threshold","lockdown-strictness","protection-strength","isolation-strictness","travel-strictness","shield-adherance","sym-test-coverage","asym-test-coverage","p-infect-init","p-death","z-contact-min","asym-infections","incubation-mean","incubation-stdev","recovery-mean","recovery-stdev","death-mean","death-stdev","immunity-mean","iso-countdown-max","mean-iso-reduction","min-pxcor","min-pycor","max-pxcor","max-pycor","[step]","count susceptibles","count exposeds","count symptomatics","count asymptomatics","count recovereds","count deads","count.locked","currently-locked?","num-contacts","dead-0-29","dead-30-59","dead-60+","count-infecteds-0-29","count-infecteds-30-59","count-infecteds-60+"
"1","0.1","1","true","true","true","true","true","false","false","1","0.1","0","0.25","0.25","75","50","75","99","50","25","0.5","10","2.5","2","60","1.6","0.4","20.5","6.7","16","8.21","365","14","2","0","0","299","299","0","89910","90","0","0","0","0","0","false","0","0","0","0","0","0","0"
"1","0.1","1","true","true","true","true","true","false","false","1","0.1","0","0.25","0.25","75","50","75","99","50","25","0.5","10","2.5","2","60","1.6","0.4","20.5","6.7","16","8.21","365","14","2","0","0","299","299","1","89910","82","0","8","0","0","0","false","538592","0","0","0","2","2","1"
"1","0.1","1","true","true","true","true","true","false","false","1","0.1","0","0.25","0.25","75","50","75","99","50","25","0.5","10","2.5","2","60","1.6","0.4","20.5","6.7","16","8.21","365","14","2","0","0","299","299","2","89900","82","0","18","0","0","0","false","538592","0","0","0","5","4","3"
"1","0.1","1","true","true","true","true","true","false","false","1","0.1","0","0.25","0.25","75","50","75","99","50","25","0.5","10","2.5","2","60","1.6","0.4","20.5","6.7","16","8.21","365","14","2","0","0","299","299","3","89880","81","1","38","0","0","1","false","538592","0","0","0","10","9","6"
"1","0.1","1","true","true","true","true","true","false","false","1","0.1","0","0.25","0.25","75","50","75","99","50","25","0.5","10","2.5","2","60","1.6","0.4","20.5","6.7","16","8.21","365","14","2","0","0","299","299","4","89836","98","5","61","0","0","5","false","538580","0","0","0","21","18","7"
"1","0.1","1","true","true","true","true","true","false","false","1","0.1","0","0.25","0.25","75","50","75","99","50","25","0.5","10","2.5","2","60","1.6","0.4","20.5","6.7","16","8.21","365","14","2","0","0","299","299","5","89762","152","10","76","0","0","10","false","538532","0","0","0","25","29","10"
"1","0.1","1","true","true","true","true","true","false","false","1","0.1","0","0.25","0.25","75","50","75","99","50","25","0.5","10","2.5","2","60","1.6","0.4","20.5","6.7","16","8.21","365","14","2","0","0","299","299","6","89687","206","21","86","0","0","21","false","538467","0","0","0","34","39","14"
"1","0.1","1","true","true","true","true","true","false","false","1","0.1","0","0.25","0.25","75","50","75","99","50","25","0.5","10","2.5","2","60","1.6","0.4","20.5","6.7","16","8.21","365","14","2","0","0","299","299","7","89613","252","25","110","0","0","25","false","538336","0","0","0","40","44","18"
"1","0.1","1","true","true","true","true","true","false","false","1","0.1","0","0.25","0.25","75","50","75","99","50","25","0.5","10","2.5","2","60","1.6","0.4","20.5","6.7","16","8.21","365","14","2","0","0","299","299","8","89533","284","30","153","0","0","30","false","538289","0","0","0","55","57","24"
"1","0.1","1","true","true","true","true","true","false","false","1","0.1","0","0.25","0.25","75","50","75","99","50","25","0.5","10","2.5","2","60","1.6","0.4","20.5","6.7","16","8.21","365","14","2","0","0","299","299","9","89425","339","39","197","0","0","39","false","538230","0","0","0","76","73","31"
"1","0.1","1","true","true","true","true","true","false","false","1","0.1","0","0.25","0.25","75","50","75","99","50","25","0.5","10","2.5","2","60","1.6","0.4","20.5","6.7","16","8.21","365","14","2","0","0","299","299","10","89326","364","55","255","0","0","55","false","538129","0","0","0","105","100","40"
"1","0.1","1","true","true","true","true","true","false","false","1","0.1","0","0.25","0.25","75","50","75","99","50","25","0.5","10","2.5","2","60","1.6","0.4","20.5","6.7","16","8.21","365","14","2","0","0","299","299","11","89192","421","74","313","0","0","74","false","537943","0","0","0","122","129","53"
"1","0.1","1","true","true","true","true","true","false","false","1","0.1","0","0.25","0.25","75","50","75","99","50","25","0.5","10","2.5","2","60","1.6","0.4","20.5","6.7","16","8.21","365","14","2","0","0","299","299","12","89052","476","102","370","0","0","102","false","537730","0","0","0","150","157","72"
"1","0.1","1","true","true","true","true","true","false","false","1","0.1","0","0.25","0.25","75","50","75","99","50","25","0.5","10","2.5","2","60","1.6","0.4","20.5","6.7","16","8.21","365","14","2","0","0","299","299","13","88970","459","125","446","0","0","124","false","537413","0","0","0","187","183","94"
"1","0.1","1","true","true","true","true","true","false","false","1","0.1","0","0.25","0.25","75","50","75","99","50","25","0.5","10","2.5","2","60","1.6","0.4","20.5","6.7","16","8.21","365","14","2","0","0","299","299","14","88870","454","159","517","0","0","156","false","537170","0","0","0","226","228","111"
"1","0.1","1","true","true","true","true","true","false","false","1","0.1","0","0.25","0.25","75","50","75","99","50","25","0.5","10","2.5","2","60","1.6","0.4","20.5","6.7","16","8.21","365","14","2","0","0","299","299","15","88769","453","197","581","0","0","194","false","536803","0","0","0","265","262","133"
"1","0.1","1","true","true","true","true","true","false","false","1","0.1","0","0.25","0.25","75","50","75","99","50","25","0.5","10","2.5","2","60","1.6","0.4","20.5","6.7","16","8.21","365","14","2","0","0","299","299","16","88660","457","235","647","1","0","10502","false","536374","0","0","0","304","300","153"
"1","0.1","1","true","true","true","true","true","false","false","1","0.1","0","0.25","0.25","75","50","75","99","50","25","0.5","10","2.5","2","60","1.6","0.4","20.5","6.7","16","8.21","365","14","2","0","0","299","299","17","88539","473","272","714","2","0","15620","false","420238","0","0","0","346","334","180"
"1","0.1","1","true","true","true","true","true","false","false","1","0.1","0","0.25","0.25","75","50","75","99","50","25","0.5","10","2.5","2","60","1.6","0.4","20.5","6.7","16","8.21","365","14","2","0","0","299","299","18","88442","466","315","774","3","0","18360","false","368002","0","0","0","381","390","195"
"1","0.1","1","true","true","true","true","true","false","false","1","0.1","0","0.25","0.25","75","50","75","99","50","25","0.5","10","2.5","2","60","1.6","0.4","20.5","6.7","16","8.21","365","14","2","0","0","299","299","19","88340","454","362","838","6","0","19850","false","341627","0","0","0","430","438","217"
"1","0.1","1","true","true","true","true","true","false","false","1","0.1","0","0.25","0.25","75","50","75","99","50","25","0.5","10","2.5","2","60","1.6","0.4","20.5","6.7","16","8.21","365","14","2","0","0","299","299","20","88224","454","406","903","12","1","20724","false","328047","1","0","0","485","493","228"
"1","0.1","1","true","true","true","true","true","false","false","1","0.1","0","0.25","0.25","75","50","75","99","50","25","0.5","10","2.5","2","60","1.6","0.4","20.5","6.7","16","8.21","365","14","2","0","0","299","299","21","88134","454","438","953","20","1","21278","false","320310","1","0","0","522","530","239"
"1","0.1","1","true","true","true","true","true","false","false","1","0.1","0","0.25","0.25","75","50","75","99","50","25","0.5","10","2.5","2","60","1.6","0.4","20.5","6.7","16","8.21","365","14","2","0","0","299","299","22","88018","470","475","1010","25","2","21684","false","315716","1","1","0","554","582","251"
"1","0.1","1","true","true","true","true","true","false","false","1","0.1","0","0.25","0.25","75","50","75","99","50","25","0.5","10","2.5","2","60","1.6","0.4","20.5","6.7","16","8.21","365","14","2","0","0","299","299","23","87928","440","508","1088","34","2","21949","false","312593","1","1","0","610","633","263"
"1","0.1","1","true","true","true","true","true","false","false","1","0.1","0","0.25","0.25","75","50","75","99","50","25","0.5","10","2.5","2","60","1.6","0.4","20.5","6.7","16","8.21","365","14","2","0","0","299","299","24","87847","411","551","1144","45","2","22197","false","310558","1","1","0","672","675","271"
"1","0.1","1","true","true","true","true","true","false","false","1","0.1","0","0.25","0.25","75","50","75","99","50","25","0.5","10","2.5","2","60","1.6","0.4","20.5","6.7","16","8.21","365","14","2","0","0","299","299","25","87767","416","576","1164","74","3","22423","false","308861","1","1","1","705","710","274"
"1","0.1","1","true","true","true","true","true","false","false","1","0.1","0","0.25","0.25","75","50","75","99","50","25","0.5","10","2.5","2","60","1.6","0.4","20.5","6.7","16","8.21","365","14","2","0","0","299","299","26","87696","366","615","1222","94","7","22687","false","307231","2","1","4","769","766","280"
"1","0.1","1","true","true","true","true","true","false","false","1","0.1","0","0.25","0.25","75","50","75","99","50","25","0.5","10","2.5","2","60","1.6","0.4","20.5","6.7","16","8.21","365","14","2","0","0","299","299","27","87614","361","644","1247","126","8","22891","false","305402","2","1","5","812","817","284"
"1","0.1","1","true","true","true","true","true","false","false","1","0.1","0","0.25","0.25","75","50","75","99","50","25","0.5","10","2.5","2","60","1.6","0.4","20.5","6.7","16","8.21","365","14","2","0","0","299","299","28","87537","344","679","1271","159","10","23051","false","304037","2","1","7","850","872","287"
"1","0.1","1","true","true","true","true","true","false","false","1","0.1","0","0.25","0.25","75","50","75","99","50","25","0.5","10","2.5","2","60","1.6","0.4","20.5","6.7","16","8.21","365","14","2","0","0","299","299","29","87450","341","698","1293","206","12","23122","false","302875","3","1","8","879","927","289"
"1","0.1","1","true","true","true","true","true","false","false","1","0.1","0","0.25","0.25","75","50","75","99","50","25","0.5","10","2.5","2","60","1.6","0.4","20.5","6.7","16","8.21","365","14","2","0","0","299","299","30","87366","340","722","1308","252","12","23158","false","302211","3","1","8","924","972","289"
"1","0.1","1","true","true","true","true","true","false","false","1","0.1","0","0.25","0.25","75","50","75","99","50","25","0.5","10","2.5","2","60","1.6","0.4","20.5","6.7","16","8.21","365","14","2","0","0","299","299","31","87283","347","738","1319","300","13","23109","false","301909","3","1","9","954","1019","290"
"1","0.1","1","true","true","true","true","true","false","false","1","0.1","0","0.25","0.25","75","50","75","99","50","25","0.5","10","2.5","2","60","1.6","0.4","20.5","6.7","16","8.21","365","14","2","0","0","299","299","32","87180","357","755","1338","355","15","23015","false","302190","3","2","10","1005","1062","290"
"1","0.1","1","true","true","true","true","true","false","false","1","0.1","0","0.25","0.25","75","50","75","99","50","25","0.5","10","2.5","2","60","1.6","0.4","20.5","6.7","16","8.21","365","14","2","0","0","299","299","33","87082","377","773","1326","424","18","22893","false","302767","4","3","11","1054","1097","291"
"1","0.1","1","true","true","true","true","true","false","false","1","0.1","0","0.25","0.25","75","50","75","99","50","25","0.5","10","2.5","2","60","1.6","0.4","20.5","6.7","16","8.21","365","14","2","0","0","299","299","34","86965","403","776","1339","498","19","22870","false","303546","5","3","11","1100","1141","293"
"1","0.1","1","true","true","true","true","true","false","false","1","0.1","0","0.25","0.25","75","50","75","99","50","25","0.5","10","2.5","2","60","1.6","0.4","20.5","6.7","16","8.21","365","14","2","0","0","299","299","35","86849","439","780","1339","574","19","22760","false","303642","5","3","11","1130","1183","294"
"1","0.1","1","true","true","true","true","true","false","false","1","0.1","0","0.25","0.25","75","50","75","99","50","25","0.5","10","2.5","2","60","1.6","0.4","20.5","6.7","16","8.21","365","14","2","0","0","299","299","36","86733","466","791","1334","656","20","22679","false","304468","5","3","12","1170","1240","296"
"1","0.1","1","true","true","true","true","true","false","false","1","0.1","0","0.25","0.25","75","50","75","99","50","25","0.5","10","2.5","2","60","1.6","0.4","20.5","6.7","16","8.21","365","14","2","0","0","299","299","37","86584","505","799","1359","733","20","22609","false","305057","5","3","12","1219","1278","298"
"1","0.1","1","true","true","true","true","true","false","false","1","0.1","0","0.25","0.25","75","50","75","99","50","25","0.5","10","2.5","2","60","1.6","0.4","20.5","6.7","16","8.21","365","14","2","0","0","299","299","38","86411","560","808","1389","811","21","22510","false","305575","5","3","13","1270","1333","302"
"1","0.1","1","true","true","true","true","true","false","false","1","0.1","0","0.25","0.25","75","50","75","99","50","25","0.5","10","2.5","2","60","1.6","0.4","20.5","6.7","16","8.21","365","14","2","0","0","299","299","39","86263","599","819","1401","896","22","22380","false","306312","5","3","14","1315","1382","307"
"1","0.1","1","true","true","true","true","true","false","false","1","0.1","0","0.25","0.25","75","50","75","99","50","25","0.5","10","2.5","2","60","1.6","0.4","20.5","6.7","16","8.21","365","14","2","0","0","299","299","40","86108","636","824","1431","979","22","22293","false","307129","5","3","14","1369","1433","312"
"1","0.1","1","true","true","true","true","true","false","false","1","0.1","0","0.25","0.25","75","50","75","99","50","25","0.5","10","2.5","2","60","1.6","0.4","20.5","6.7","16","8.21","365","14","2","0","0","299","299","41","85935","674","843","1446","1077","25","22296","false","307755","5","6","14","1435","1490","323"
"1","0.1","1","true","true","true","true","true","false","false","1","0.1","0","0.25","0.25","75","50","75","99","50","25","0.5","10","2.5","2","60","1.6","0.4","20.5","6.7","16","8.21","365","14","2","0","0","299","299","42","85751","702","845","1505","1171","26","22258","false","307688","5","7","14","1505","1550","327"
"1","0.1","1","true","true","true","true","true","false","false","1","0.1","0","0.25","0.25","75","50","75","99","50","25","0.5","10","2.5","2","60","1.6","0.4","20.5","6.7","16","8.21","365","14","2","0","0","299","299","43","85582","701","857","1561","1271","28","22258","false","308119","5","8","15","1566","1627","331"
"1","0.1","1","true","true","true","true","true","false","false","1","0.1","0","0.25","0.25","75","50","75","99","50","25","0.5","10","2.5","2","60","1.6","0.4","20.5","6.7","16","8.21","365","14","2","0","0","299","299","44","85412","728","867","1598","1365","30","22296","false","308124","6","9","15","1632","1693","339"
"1","0.1","1","true","true","true","true","true","false","false","1","0.1","0","0.25","0.25","75","50","75","99","50","25","0.5","10","2.5","2","60","1.6","0.4","20.5","6.7","16","8.21","365","14","2","0","0","299","299","45","85221","770","890","1613","1476","30","22304","false","307901","6","9","15","1697","1768","343"
"1","0.1","1","true","true","true","true","true","false","false","1","0.1","0","0.25","0.25","75","50","75","99","50","25","0.5","10","2.5","2","60","1.6","0.4","20.5","6.7","16","8.21","365","14","2","0","0","299","299","46","85042","780","907","1658","1582","31","73689","true","307837","6","10","15","1777","1855","347"
"1","0.1","1","true","true","true","true","true","false","false","1","0.1","0","0.25","0.25","75","50","75","99","50","25","0.5","10","2.5","2","60","1.6","0.4","20.5","6.7","16","8.21","365","14","2","0","0","299","299","47","85037","623","931","1694","1684","31","73756","true","18345","6","10","15","1862","1926","353"
"1","0.1","1","true","true","true","true","true","false","false","1","0.1","0","0.25","0.25","75","50","75","99","50","25","0.5","10","2.5","2","60","1.6","0.4","20.5","6.7","16","8.21","365","14","2","0","0","299","299","48","85033","459","952","1736","1789","31","73799","true","18256","6","10","15","1934","2011","357"
"1","0.1","1","true","true","true","true","true","false","false","1","0.1","0","0.25","0.25","75","50","75","99","50","25","0.5","10","2.5","2","60","1.6","0.4","20.5","6.7","16","8.21","365","14","2","0","0","299","299","49","85022","321","998","1748","1879","32","73864","true","18185","6","11","15","2015","2088","361"
"1","0.1","1","true","true","true","true","true","false","false","1","0.1","0","0.25","0.25","75","50","75","99","50","25","0.5","10","2.5","2","60","1.6","0.4","20.5","6.7","16","8.21","365","14","2","0","0","299","299","50","85015","210","1030","1756","1955","34","73919","true","18087","6","12","16","2086","2149","367"
"1","0.1","1","true","true","true","true","true","false","false","1","0.1","0","0.25","0.25","75","50","75","99","50","25","0.5","10","2.5","2","60","1.6","0.4","20.5","6.7","16","8.21","365","14","2","0","0","299","299","51","85011","137","1055","1716","2046","35","73971","true","18021","7","12","16","2138","2209","368"
"1","0.1","1","true","true","true","true","true","false","false","1","0.1","0","0.25","0.25","75","50","75","99","50","25","0.5","10","2.5","2","60","1.6","0.4","20.5","6.7","16","8.21","365","14","2","0","0","299","299","52","85006","89","1067","1669","2133","36","74007","true","17946","8","12","16","2179","2251","368"
"1","0.1","1","true","true","true","true","true","false","false","1","0.1","0","0.25","0.25","75","50","75","99","50","25","0.5","10","2.5","2","60","1.6","0.4","20.5","6.7","16","8.21","365","14","2","0","0","299","299","53","85001","62","1077","1585","2238","37","74051","true","17906","8","13","16","2218","2288","371"
"1","0.1","1","true","true","true","true","true","false","false","1","0.1","0","0.25","0.25","75","50","75","99","50","25","0.5","10","2.5","2","60","1.6","0.4","20.5","6.7","16","8.21","365","14","2","0","0","299","299","54","84998","40","1076","1533","2315","38","74085","true","17831","9","13","16","2233","2316","371"
"1","0.1","1","true","true","true","true","true","false","false","1","0.1","0","0.25","0.25","75","50","75","99","50","25","0.5","10","2.5","2","60","1.6","0.4","20.5","6.7","16","8.21","365","14","2","0","0","299","299","55","84996","33","1055","1467","2409","40","74107","true","17787","10","13","17","2247","2321","372"
"1","0.1","1","true","true","true","true","true","false","false","1","0.1","0","0.25","0.25","75","50","75","99","50","25","0.5","10","2.5","2","60","1.6","0.4","20.5","6.7","16","8.21","365","14","2","0","0","299","299","56","84996","20","1034","1411","2499","40","74139","true","17752","10","13","17","2258","2332","372"
"1","0.1","1","true","true","true","true","true","false","false","1","0.1","0","0.25","0.25","75","50","75","99","50","25","0.5","10","2.5","2","60","1.6","0.4","20.5","6.7","16","8.21","365","14","2","0","0","299","299","57","84994","14","1007","1336","2607","42","74161","true","17708","10","14","18","2265","2342","372"
"1","0.1","1","true","true","true","true","true","false","false","1","0.1","0","0.25","0.25","75","50","75","99","50","25","0.5","10","2.5","2","60","1.6","0.4","20.5","6.7","16","8.21","365","14","2","0","0","299","299","58","84990","12","970","1265","2719","44","74177","true","17671","10","15","19","2268","2348","372"
"1","0.1","1","true","true","true","true","true","false","false","1","0.1","0","0.25","0.25","75","50","75","99","50","25","0.5","10","2.5","2","60","1.6","0.4","20.5","6.7","16","8.21","365","14","2","0","0","299","299","59","84988","12","931","1198","2826","45","74192","true","17649","10","15","20","2271","2351","372"
"1","0.1","1","true","true","true","true","true","false","false","1","0.1","0","0.25","0.25","75","50","75","99","50","25","0.5","10","2.5","2","60","1.6","0.4","20.5","6.7","16","8.21","365","14","2","0","0","299","299","60","84988","6","894","1150","2916","46","11462","false","17634","10","16","20","2275","2354","372"
"1","0.1","1","true","true","true","true","true","false","false","1","0.1","0","0.25","0.25","75","50","75","99","50","25","0.5","10","2.5","2","60","1.6","0.4","20.5","6.7","16","8.21","365","14","2","0","0","299","299","61","84654","336","857","1088","3019","46","16718","false","411300","10","16","20","2280","2355","372"
"1","0.1","1","true","true","true","true","true","false","false","1","0.1","0","0.25","0.25","75","50","75","99","50","25","0.5","10","2.5","2","60","1.6","0.4","20.5","6.7","16","8.21","365","14","2","0","0","299","299","62","84418","546","813","1039","3137","47","18936","false","358503","10","17","20","2286","2362","378"
"1","0.1","1","true","true","true","true","true","false","false","1","0.1","0","0.25","0.25","75","50","75","99","50","25","0.5","10","2.5","2","60","1.6","0.4","20.5","6.7","16","8.21","365","14","2","0","0","299","299","63","84188","710","763","1019","3272","48","20008","false","337110","10","18","20","2305","2379","385"
"1","0.1","1","true","true","true","true","true","false","false","1","0.1","0","0.25","0.25","75","50","75","99","50","25","0.5","10","2.5","2","60","1.6","0.4","20.5","6.7","16","8.21","365","14","2","0","0","299","299","64","83975","813","710","1045","3407","50","20455","false","326948","10","19","21","2327","2409","399"
"1","0.1","1","true","true","true","true","true","false","false","1","0.1","0","0.25","0.25","75","50","75","99","50","25","0.5","10","2.5","2","60","1.6","0.4","20.5","6.7","16","8.21","365","14","2","0","0","299","299","65","83771","854","676","1115","3534","50","20672","false","322545","10","19","21","2362","2461","408"
"1","0.1","1","true","true","true","true","true","false","false","1","0.1","0","0.25","0.25","75","50","75","99","50","25","0.5","10","2.5","2","60","1.6","0.4","20.5","6.7","16","8.21","365","14","2","0","0","299","299","66","83571","869","651","1190","3668","51","20785","false","320428","11","19","21","2415","2535","419"
"1","0.1","1","true","true","true","true","true","false","false","1","0.1","0","0.25","0.25","75","50","75","99","50","25","0.5","10","2.5","2","60","1.6","0.4","20.5","6.7","16","8.21","365","14","2","0","0","299","299","67","83374","864","649","1286","3775","52","20915","false","319283","11","20","21","2489","2617","431"
"1","0.1","1","true","true","true","true","true","false","false","1","0.1","0","0.25","0.25","75","50","75","99","50","25","0.5","10","2.5","2","60","1.6","0.4","20.5","6.7","16","8.21","365","14","2","0","0","299","299","68","83172","850","648","1369","3909","52","21059","false","318173","11","20","21","2568","2733","441"
"1","0.1","1","true","true","true","true","true","false","false","1","0.1","0","0.25","0.25","75","50","75","99","50","25","0.5","10","2.5","2","60","1.6","0.4","20.5","6.7","16","8.21","365","14","2","0","0","299","299","69","82953","873","684","1426","4012","52","21200","false","316955","11","20","21","2671","2824","455"
"1","0.1","1","true","true","true","true","true","false","false","1","0.1","0","0.25","0.25","75","50","75","99","50","25","0.5","10","2.5","2","60","1.6","0.4","20.5","6.7","16","8.21","365","14","2","0","0","299","299","70","82748","900","722","1466","4112","52","21331","false","315857","11","20","21","2759","2917","466"
"1","0.1","1","true","true","true","true","true","false","false","1","0.1","0","0.25","0.25","75","50","75","99","50","25","0.5","10","2.5","2","60","1.6","0.4","20.5","6.7","16","8.21","365","14","2","0","0","299","299","71","82576","860","747","1549","4216","52","21462","false","314876","11","20","21","2841","3016","472"
"1","0.1","1","true","true","true","true","true","false","false","1","0.1","0","0.25","0.25","75","50","75","99","50","25","0.5","10","2.5","2","60","1.6","0.4","20.5","6.7","16","8.21","365","14","2","0","0","299","299","72","82377","856","766","1634","4314","53","21548","false","313875","11","21","21","2922","3106","477"
"1","0.1","1","true","true","true","true","true","false","false","1","0.1","0","0.25","0.25","75","50","75","99","50","25","0.5","10","2.5","2","60","1.6","0.4","20.5","6.7","16","8.21","365","14","2","0","0","299","299","73","82194","838","820","1704","4389","55","21618","false","313336","12","22","21","3023","3211","480"
"1","0.1","1","true","true","true","true","true","false","false","1","0.1","0","0.25","0.25","75","50","75","99","50","25","0.5","10","2.5","2","60","1.6","0.4","20.5","6.7","16","8.21","365","14","2","0","0","299","299","74","82005","819","865","1784","4470","57","21746","false","312872","14","22","21","3120","3317","484"
"1","0.1","1","true","true","true","true","true","false","false","1","0.1","0","0.25","0.25","75","50","75","99","50","25","0.5","10","2.5","2","60","1.6","0.4","20.5","6.7","16","8.21","365","14","2","0","0","299","299","75","81817","814","913","1851","4548","57","73560","true","311983","14","22","21","3218","3425","490"
"1","0.1","1","true","true","true","true","true","false","false","1","0.1","0","0.25","0.25","75","50","75","99","50","25","0.5","10","2.5","2","60","1.6","0.4","20.5","6.7","16","8.21","365","14","2","0","0","299","299","76","81804","626","976","1922","4615","57","73641","true","18375","14","22","21","3327","3531","495"
"1","0.1","1","true","true","true","true","true","false","false","1","0.1","0","0.25","0.25","75","50","75","99","50","25","0.5","10","2.5","2","60","1.6","0.4","20.5","6.7","16","8.21","365","14","2","0","0","299","299","77","81787","468","1011","1993","4684","57","73720","true","18250","14","22","21","3414","3621","498"
"1","0.1","1","true","true","true","true","true","false","false","1","0.1","0","0.25","0.25","75","50","75","99","50","25","0.5","10","2.5","2","60","1.6","0.4","20.5","6.7","16","8.21","365","14","2","0","0","299","299","78","81778","354","1065","1998","4747","58","73822","true","18106","14","22","22","3485","3698","500"
"1","0.1","1","true","true","true","true","true","false","false","1","0.1","0","0.25","0.25","75","50","75","99","50","25","0.5","10","2.5","2","60","1.6","0.4","20.5","6.7","16","8.21","365","14","2","0","0","299","299","79","81771","240","1111","2018","4801","59","73889","true","17921","14","22","23","3548","3773","504"
"1","0.1","1","true","true","true","true","true","false","false","1","0.1","0","0.25","0.25","75","50","75","99","50","25","0.5","10","2.5","2","60","1.6","0.4","20.5","6.7","16","8.21","365","14","2","0","0","299","299","80","81768","149","1145","2016","4863","59","73959","true","17817","14","22","23","3596","3839","506"
"1","0.1","1","true","true","true","true","true","false","false","1","0.1","0","0.25","0.25","75","50","75","99","50","25","0.5","10","2.5","2","60","1.6","0.4","20.5","6.7","16","8.21","365","14","2","0","0","299","299","81","81763","107","1180","1969","4921","60","74032","true","17689","14","23","23","3642","3880","508"
"1","0.1","1","true","true","true","true","true","false","false","1","0.1","0","0.25","0.25","75","50","75","99","50","25","0.5","10","2.5","2","60","1.6","0.4","20.5","6.7","16","8.21","365","14","2","0","0","299","299","82","81758","68","1205","1915","4991","63","74083","true","17575","14","25","24","3681","3912","510"
"1","0.1","1","true","true","true","true","true","false","false","1","0.1","0","0.25","0.25","75","50","75","99","50","25","0.5","10","2.5","2","60","1.6","0.4","20.5","6.7","16","8.21","365","14","2","0","0","299","299","83","81755","45","1211","1861","5063","65","74127","true","17494","14","27","24","3704","3934","512"
"1","0.1","1","true","true","true","true","true","false","false","1","0.1","0","0.25","0.25","75","50","75","99","50","25","0.5","10","2.5","2","60","1.6","0.4","20.5","6.7","16","8.21","365","14","2","0","0","299","299","84","81747","41","1202","1803","5141","66","74150","true","17433","15","27","24","3714","3949","513"
"1","0.1","1","true","true","true","true","true","false","false","1","0.1","0","0.25","0.25","75","50","75","99","50","25","0.5","10","2.5","2","60","1.6","0.4","20.5","6.7","16","8.21","365","14","2","0","0","299","299","85","81741","32","1185","1740","5236","66","74187","true","17387","15","27","24","3718","3966","515"
"1","0.1","1","true","true","true","true","true","false","false","1","0.1","0","0.25","0.25","75","50","75","99","50","25","0.5","10","2.5","2","60","1.6","0.4","20.5","6.7","16","8.21","365","14","2","0","0","299","299","86","81736","31","1157","1665","5344","67","74214","true","17341","15","28","24","3730","3974","515"
"1","0.1","1","true","true","true","true","true","false","false","1","0.1","0","0.25","0.25","75","50","75","99","50","25","0.5","10","2.5","2","60","1.6","0.4","20.5","6.7","16","8.21","365","14","2","0","0","299","299","87","81732","26","1130","1591","5453","68","74231","true","17301","16","28","24","3738","3981","515"
"1","0.1","1","true","true","true","true","true","false","false","1","0.1","0","0.25","0.25","75","50","75","99","50","25","0.5","10","2.5","2","60","1.6","0.4","20.5","6.7","16","8.21","365","14","2","0","0","299","299","88","81730","21","1099","1514","5567","69","74246","true","17277","17","28","24","3744","3984","515"
"1","0.1","1","true","true","true","true","true","false","false","1","0.1","0","0.25","0.25","75","50","75","99","50","25","0.5","10","2.5","2","60","1.6","0.4","20.5","6.7","16","8.21","365","14","2","0","0","299","299","89","81728","15","1050","1433","5705","69","74261","true","17251","17","28","24","3746","3986","515"
"1","0.1","1","true","true","true","true","true","false","false","1","0.1","0","0.25","0.25","75","50","75","99","50","25","0.5","10","2.5","2","60","1.6","0.4","20.5","6.7","16","8.21","365","14","2","0","0","299","299","90","81723","14","1002","1346","5843","72","74260","true","17235","18","30","24","3748","3992","515"
"1","0.1","1","true","true","true","true","true","false","false","1","0.1","0","0.25","0.25","75","50","75","99","50","25","0.5","10","2.5","2","60","1.6","0.4","20.5","6.7","16","8.21","365","14","2","0","0","299","299","91","81720","14","949","1242","6001","74","74271","true","17232","19","30","25","3750","3992","515"
"1","0.1","1","true","true","true","true","true","false","false","1","0.1","0","0.25","0.25","75","50","75","99","50","25","0.5","10","2.5","2","60","1.6","0.4","20.5","6.7","16","8.21","365","14","2","0","0","299","299","92","81718","14","888","1144","6160","76","11015","false","17211","19","31","26","3752","3994","515"
"1","0.1","1","true","true","true","true","true","false","false","1","0.1","0","0.25","0.25","75","50","75","99","50","25","0.5","10","2.5","2","60","1.6","0.4","20.5","6.7","16","8.21","365","14","2","0","0","299","299","93","81342","386","839","1059","6297","77","16331","false","415215","19","32","26","3756","3996","515"
"1","0.1","1","true","true","true","true","true","false","false","1","0.1","0","0.25","0.25","75","50","75","99","50","25","0.5","10","2.5","2","60","1.6","0.4","20.5","6.7","16","8.21","365","14","2","0","0","299","299","94","81064","626","785","1005","6440","80","18554","false","361496","20","34","26","3764","4008","518"
"1","0.1","1","true","true","true","true","true","false","false","1","0.1","0","0.25","0.25","75","50","75","99","50","25","0.5","10","2.5","2","60","1.6","0.4","20.5","6.7","16","8.21","365","14","2","0","0","299","299","95","80827","775","712","989","6615","82","19608","false","339939","21","35","26","3783","4028","533"
"1","0.1","1","true","true","true","true","true","false","false","1","0.1","0","0.25","0.25","75","50","75","99","50","25","0.5","10","2.5","2","60","1.6","0.4","20.5","6.7","16","8.21","365","14","2","0","0","299","299","96","80575","897","653","1003","6789","83","20104","false","329878","21","36","26","3818","4064","541"
"1","0.1","1","true","true","true","true","true","false","false","1","0.1","0","0.25","0.25","75","50","75","99","50","25","0.5","10","2.5","2","60","1.6","0.4","20.5","6.7","16","8.21","365","14","2","0","0","299","299","97","80383","920","615","1069","6929","84","20369","false","325234","22","36","26","3870","4112","555"
"1","0.1","1","true","true","true","true","true","false","false","1","0.1","0","0.25","0.25","75","50","75","99","50","25","0.5","10","2.5","2","60","1.6","0.4","20.5","6.7","16","8.21","365","14","2","0","0","299","299","98","80200","901","589","1134","7092","84","20556","false","322792","22","36","26","3938","4187","581"
"1","0.1","1","true","true","true","true","true","false","false","1","0.1","0","0.25","0.25","75","50","75","99","50","25","0.5","10","2.5","2","60","1.6","0.4","20.5","6.7","16","8.21","365","14","2","0","0","299","299","99","79986","901","591","1215","7222","85","20683","false","321084","22","36","27","4017","4275","605"
"1","0.1","1","true","true","true","true","true","false","false","1","0.1","0","0.25","0.25","75","50","75","99","50","25","0.5","10","2.5","2","60","1.6","0.4","20.5","6.7","16","8.21","365","14","2","0","0","299","299","100","79792","870","602","1302","7348","86","20836","false","320002","22","37","27","4114","4376","623"
"1","0.1","1","true","true","true","true","true","false","false","1","0.1","0","0.25","0.25","75","50","75","99","50","25","0.5","10","2.5","2","60","1.6","0.4","20.5","6.7","16","8.21","365","14","2","0","0","299","299","101","79587","861","616","1392","7458","86","21045","false","318747","22","37","27","4200","4475","632"
"1","0.1","1","true","true","true","true","true","false","false","1","0.1","0","0.25","0.25","75","50","75","99","50","25","0.5","10","2.5","2","60","1.6","0.4","20.5","6.7","16","8.21","365","14","2","0","0","299","299","102","79404","853","647","1452","7558","86","21202","false","317146","22","37","27","4276","4573","640"
"1","0.1","1","true","true","true","true","true","false","false","1","0.1","0","0.25","0.25","75","50","75","99","50","25","0.5","10","2.5","2","60","1.6","0.4","20.5","6.7","16","8.21","365","14","2","0","0","299","299","103","79214","860","683","1488","7667","88","21385","false","315958","24","37","27","4361","4668","651"
"1","0.1","1","true","true","true","true","true","false","false","1","0.1","0","0.25","0.25","75","50","75","99","50","25","0.5","10","2.5","2","60","1.6","0.4","20.5","6.7","16","8.21","365","14","2","0","0","299","299","104","79049","808","735","1572","7748","88","21490","false","314547","24","37","27","4471","4767","659"
"1","0.1","1","true","true","true","true","true","false","false","1","0.1","0","0.25","0.25","75","50","75","99","50","25","0.5","10","2.5","2","60","1.6","0.4","20.5","6.7","16","8.21","365","14","2","0","0","299","299","105","78852","804","762","1668","7826","88","21544","false","313837","24","37","27","4564","4858","665"
"1","0.1","1","true","true","true","true","true","false","false","1","0.1","0","0.25","0.25","75","50","75","99","50","25","0.5","10","2.5","2","60","1.6","0.4","20.5","6.7","16","8.21","365","14","2","0","0","299","299","106","78689","778","824","1724","7897","88","21704","false","313610","24","37","27","4659","4957","670"
"1","0.1","1","true","true","true","true","true","false","false","1","0.1","0","0.25","0.25","75","50","75","99","50","25","0.5","10","2.5","2","60","1.6","0.4","20.5","6.7","16","8.21","365","14","2","0","0","299","299","107","78491","792","889","1786","7954","88","21836","false","312475","24","37","27","4751","5062","676"
"1","0.1","1","true","true","true","true","true","false","false","1","0.1","0","0.25","0.25","75","50","75","99","50","25","0.5","10","2.5","2","60","1.6","0.4","20.5","6.7","16","8.21","365","14","2","0","0","299","299","108","78325","769","945","1881","7992","88","73579","true","311521","24","37","27","4837","5161","680"
"1","0.1","1","true","true","true","true","true","false","false","1","0.1","0","0.25","0.25","75","50","75","99","50","25","0.5","10","2.5","2","60","1.6","0.4","20.5","6.7","16","8.21","365","14","2","0","0","299","299","109","78320","588","1003","1962","8038","89","73656","true","18438","25","37","27","4924","5260","683"
"1","0.1","1","true","true","true","true","true","false","false","1","0.1","0","0.25","0.25","75","50","75","99","50","25","0.5","10","2.5","2","60","1.6","0.4","20.5","6.7","16","8.21","365","14","2","0","0","299","299","110","78311","424","1054","2041","8080","90","73723","true","18318","25","37","28","5013","5342","690"
"1","0.1","1","true","true","true","true","true","false","false","1","0.1","0","0.25","0.25","75","50","75","99","50","25","0.5","10","2.5","2","60","1.6","0.4","20.5","6.7","16","8.21","365","14","2","0","0","299","299","111","78302","281","1114","2090","8123","90","73796","true","18203","25","37","28","5097","5423","693"
"1","0.1","1","true","true","true","true","true","false","false","1","0.1","0","0.25","0.25","75","50","75","99","50","25","0.5","10","2.5","2","60","1.6","0.4","20.5","6.7","16","8.21","365","14","2","0","0","299","299","112","78298","191","1172","2075","8172","92","73874","true","18088","26","37","29","5157","5497","698"
"1","0.1","1","true","true","true","true","true","false","false","1","0.1","0","0.25","0.25","75","50","75","99","50","25","0.5","10","2.5","2","60","1.6","0.4","20.5","6.7","16","8.21","365","14","2","0","0","299","299","113","78286","127","1223","2034","8237","93","73946","true","17970","26","38","29","5208","5552","704"
"1","0.1","1","true","true","true","true","true","false","false","1","0.1","0","0.25","0.25","75","50","75","99","50","25","0.5","10","2.5","2","60","1.6","0.4","20.5","6.7","16","8.21","365","14","2","0","0","299","299","114","78278","85","1251","1987","8305","94","73994","true","17848","26","39","29","5240","5597","705"
"1","0.1","1","true","true","true","true","true","false","false","1","0.1","0","0.25","0.25","75","50","75","99","50","25","0.5","10","2.5","2","60","1.6","0.4","20.5","6.7","16","8.21","365","14","2","0","0","299","299","115","78273","63","1273","1914","8382","95","74043","true","17776","26","40","29","5268","5631","708"
"1","0.1","1","true","true","true","true","true","false","false","1","0.1","0","0.25","0.25","75","50","75","99","50","25","0.5","10","2.5","2","60","1.6","0.4","20.5","6.7","16","8.21","365","14","2","0","0","299","299","116","78266","53","1268","1856","8462","95","74087","true","17701","26","40","29","5289","5643","709"
"1","0.1","1","true","true","true","true","true","false","false","1","0.1","0","0.25","0.25","75","50","75","99","50","25","0.5","10","2.5","2","60","1.6","0.4","20.5","6.7","16","8.21","365","14","2","0","0","299","299","117","78263","41","1255","1787","8559","95","74105","true","17651","26","40","29","5302","5655","710"
"1","0.1","1","true","true","true","true","true","false","false","1","0.1","0","0.25","0.25","75","50","75","99","50","25","0.5","10","2.5","2","60","1.6","0.4","20.5","6.7","16","8.21","365","14","2","0","0","299","299","118","78259","31","1233","1708","8673","96","74136","true","17632","27","40","29","5312","5669","711"
"1","0.1","1","true","true","true","true","true","false","false","1","0.1","0","0.25","0.25","75","50","75","99","50","25","0.5","10","2.5","2","60","1.6","0.4","20.5","6.7","16","8.21","365","14","2","0","0","299","299","119","78253","30","1200","1634","8785","98","74163","true","17580","27","40","31","5319","5671","711"
"1","0.1","1","true","true","true","true","true","false","false","1","0.1","0","0.25","0.25","75","50","75","99","50","25","0.5","10","2.5","2","60","1.6","0.4","20.5","6.7","16","8.21","365","14","2","0","0","299","299","120","78248","30","1158","1549","8916","99","74184","true","17548","27","41","31","5324","5677","711"
"1","0.1","1","true","true","true","true","true","false","false","1","0.1","0","0.25","0.25","75","50","75","99","50","25","0.5","10","2.5","2","60","1.6","0.4","20.5","6.7","16","8.21","365","14","2","0","0","299","299","121","78245","22","1113","1467","9051","102","74207","true","17519","28","42","32","5332","5684","711"
"1","0.1","1","true","true","true","true","true","false","false","1","0.1","0","0.25","0.25","75","50","75","99","50","25","0.5","10","2.5","2","60","1.6","0.4","20.5","6.7","16","8.21","365","14","2","0","0","299","299","122","78241","20","1077","1375","9184","103","74225","true","17478","28","43","32","5334","5686","711"
"1","0.1","1","true","true","true","true","true","false","false","1","0.1","0","0.25","0.25","75","50","75","99","50","25","0.5","10","2.5","2","60","1.6","0.4","20.5","6.7","16","8.21","365","14","2","0","0","299","299","123","78239","15","1022","1274","9346","104","74240","true","17450","29","43","32","5335","5692","711"
"1","0.1","1","true","true","true","true","true","false","false","1","0.1","0","0.25","0.25","75","50","75","99","50","25","0.5","10","2.5","2","60","1.6","0.4","20.5","6.7","16","8.21","365","14","2","0","0","299","299","124","78235","13","956","1183","9507","106","74251","true","17421","30","43","33","5339","5695","711"
"1","0.1","1","true","true","true","true","true","false","false","1","0.1","0","0.25","0.25","75","50","75","99","50","25","0.5","10","2.5","2","60","1.6","0.4","20.5","6.7","16","8.21","365","14","2","0","0","299","299","125","78230","16","890","1086","9669","109","10834","false","17399","31","44","34","5342","5697","711"
"1","0.1","1","true","true","true","true","true","false","false","1","0.1","0","0.25","0.25","75","50","75","99","50","25","0.5","10","2.5","2","60","1.6","0.4","20.5","6.7","16","8.21","365","14","2","0","0","299","299","126","77844","399","833","993","9821","110","16108","false","416674","31","45","34","5344","5699","711"
"1","0.1","1","true","true","true","true","true","false","false","1","0.1","0","0.25","0.25","75","50","75","99","50","25","0.5","10","2.5","2","60","1.6","0.4","20.5","6.7","16","8.21","365","14","2","0","0","299","299","127","77566","646","774","918","9984","112","18334","false","363380","32","45","35","5350","5705","715"
"1","0.1","1","true","true","true","true","true","false","false","1","0.1","0","0.25","0.25","75","50","75","99","50","25","0.5","10","2.5","2","60","1.6","0.4","20.5","6.7","16","8.21","365","14","2","0","0","299","299","128","77326","812","693","897","10158","114","19368","false","341799","32","46","36","5366","5726","725"
"1","0.1","1","true","true","true","true","true","false","false","1","0.1","0","0.25","0.25","75","50","75","99","50","25","0.5","10","2.5","2","60","1.6","0.4","20.5","6.7","16","8.21","365","14","2","0","0","299","299","129","77119","875","635","950","10305","116","19789","false","331924","32","46","38","5394","5765","739"
"1","0.1","1","true","true","true","true","true","false","false","1","0.1","0","0.25","0.25","75","50","75","99","50","25","0.5","10","2.5","2","60","1.6","0.4","20.5","6.7","16","8.21","365","14","2","0","0","299","299","130","76930","868","597","1049","10439","117","20025","false","327914","32","47","38","5444","5831","751"
"1","0.1","1","true","true","true","true","true","false","false","1","0.1","0","0.25","0.25","75","50","75","99","50","25","0.5","10","2.5","2","60","1.6","0.4","20.5","6.7","16","8.21","365","14","2","0","0","299","299","131","76727","891","588","1104","10573","117","20211","false","325661","32","47","38","5500","5896","773"
"1","0.1","1","true","true","true","true","true","false","false","1","0.1","0","0.25","0.25","75","50","75","99","50","25","0.5","10","2.5","2","60","1.6","0.4","20.5","6.7","16","8.21","365","14","2","0","0","299","299","132","76512","887","581","1182","10721","117","20352","false","323913","32","47","38","5586","6001","792"
"1","0.1","1","true","true","true","true","true","false","false","1","0.1","0","0.25","0.25","75","50","75","99","50","25","0.5","10","2.5","2","60","1.6","0.4","20.5","6.7","16","8.21","365","14","2","0","0","299","299","133","76297","889","603","1262","10832","117","20562","false","322681","32","47","38","5688","6089","809"
"1","0.1","1","true","true","true","true","true","false","false","1","0.1","0","0.25","0.25","75","50","75","99","50","25","0.5","10","2.5","2","60","1.6","0.4","20.5","6.7","16","8.21","365","14","2","0","0","299","299","134","76109","870","615","1342","10946","118","20736","false","321038","32","48","38","5772","6190","825"
"1","0.1","1","true","true","true","true","true","false","false","1","0.1","0","0.25","0.25","75","50","75","99","50","25","0.5","10","2.5","2","60","1.6","0.4","20.5","6.7","16","8.21","365","14","2","0","0","299","299","135","75893","881","649","1408","11051","118","20936","false","319670","32","48","38","5870","6300","835"
"1","0.1","1","true","true","true","true","true","false","false","1","0.1","0","0.25","0.25","75","50","75","99","50","25","0.5","10","2.5","2","60","1.6","0.4","20.5","6.7","16","8.21","365","14","2","0","0","299","299","136","75727","855","683","1472","11144","119","21100","false","318033","33","48","38","5967","6393","843"
"1","0.1","1","true","true","true","true","true","false","false","1","0.1","0","0.25","0.25","75","50","75","99","50","25","0.5","10","2.5","2","60","1.6","0.4","20.5","6.7","16","8.21","365","14","2","0","0","299","299","137","75546","820","717","1564","11234","119","21239","false","316795","33","48","38","6060","6500","851"
"1","0.1","1","true","true","true","true","true","false","false","1","0.1","0","0.25","0.25","75","50","75","99","50","25","0.5","10","2.5","2","60","1.6","0.4","20.5","6.7","16","8.21","365","14","2","0","0","299","299","138","75351","805","756","1666","11302","120","21316","false","315841","33","49","38","6153","6600","859"
"1","0.1","1","true","true","true","true","true","false","false","1","0.1","0","0.25","0.25","75","50","75","99","50","25","0.5","10","2.5","2","60","1.6","0.4","20.5","6.7","16","8.21","365","14","2","0","0","299","299","139","75150","805","800","1767","11358","120","21383","false","315402","33","49","38","6241","6707","866"
"1","0.1","1","true","true","true","true","true","false","false","1","0.1","0","0.25","0.25","75","50","75","99","50","25","0.5","10","2.5","2","60","1.6","0.4","20.5","6.7","16","8.21","365","14","2","0","0","299","299","140","74956","825","839","1847","11412","121","21546","false","314921","33","49","39","6338","6778","872"
"1","0.1","1","true","true","true","true","true","false","false","1","0.1","0","0.25","0.25","75","50","75","99","50","25","0.5","10","2.5","2","60","1.6","0.4","20.5","6.7","16","8.21","365","14","2","0","0","299","299","141","74783","836","901","1911","11445","124","73416","true","313714","34","49","41","6423","6877","876"
"1","0.1","1","true","true","true","true","true","false","false","1","0.1","0","0.25","0.25","75","50","75","99","50","25","0.5","10","2.5","2","60","1.6","0.4","20.5","6.7","16","8.21","365","14","2","0","0","299","299","142","74776","648","954","2002","11496","124","73499","true","18613","34","49","41","6519","6972","880"
"1","0.1","1","true","true","true","true","true","false","false","1","0.1","0","0.25","0.25","75","50","75","99","50","25","0.5","10","2.5","2","60","1.6","0.4","20.5","6.7","16","8.21","365","14","2","0","0","299","299","143","74763","460","1006","2114","11532","125","73589","true","18475","34","50","41","6606","7065","884"
"1","0.1","1","true","true","true","true","true","false","false","1","0.1","0","0.25","0.25","75","50","75","99","50","25","0.5","10","2.5","2","60","1.6","0.4","20.5","6.7","16","8.21","365","14","2","0","0","299","299","144","74756","310","1063","2168","11577","126","73675","true","18322","35","50","41","6686","7146","891"
"1","0.1","1","true","true","true","true","true","false","false","1","0.1","0","0.25","0.25","75","50","75","99","50","25","0.5","10","2.5","2","60","1.6","0.4","20.5","6.7","16","8.21","365","14","2","0","0","299","299","145","74751","209","1121","2162","11630","127","73766","true","18192","35","51","41","6750","7215","897"
"1","0.1","1","true","true","true","true","true","false","false","1","0.1","0","0.25","0.25","75","50","75","99","50","25","0.5","10","2.5","2","60","1.6","0.4","20.5","6.7","16","8.21","365","14","2","0","0","299","299","146","74745","140","1174","2133","11680","128","73806","true","18057","35","51","42","6817","7260","900"
"1","0.1","1","true","true","true","true","true","false","false","1","0.1","0","0.25","0.25","75","50","75","99","50","25","0.5","10","2.5","2","60","1.6","0.4","20.5","6.7","16","8.21","365","14","2","0","0","299","299","147","74737","103","1213","2062","11754","131","73849","true","17990","36","52","43","6855","7308","904"
"1","0.1","1","true","true","true","true","true","false","false","1","0.1","0","0.25","0.25","75","50","75","99","50","25","0.5","10","2.5","2","60","1.6","0.4","20.5","6.7","16","8.21","365","14","2","0","0","299","299","148","74733","69","1235","1995","11836","132","73896","true","17919","36","53","43","6881","7350","905"
"1","0.1","1","true","true","true","true","true","false","false","1","0.1","0","0.25","0.25","75","50","75","99","50","25","0.5","10","2.5","2","60","1.6","0.4","20.5","6.7","16","8.21","365","14","2","0","0","299","299","149","74728","52","1238","1929","11919","134","73928","true","17846","36","55","43","6896","7372","906"
"1","0.1","1","true","true","true","true","true","false","false","1","0.1","0","0.25","0.25","75","50","75","99","50","25","0.5","10","2.5","2","60","1.6","0.4","20.5","6.7","16","8.21","365","14","2","0","0","299","299","150","74725","33","1221","1865","12022","134","73961","true","17792","36","55","43","6918","7381","906"
"1","0.1","1","true","true","true","true","true","false","false","1","0.1","0","0.25","0.25","75","50","75","99","50","25","0.5","10","2.5","2","60","1.6","0.4","20.5","6.7","16","8.21","365","14","2","0","0","299","299","151","74719","32","1192","1785","12138","134","73999","true","17738","36","55","43","6925","7389","907"
"1","0.1","1","true","true","true","true","true","false","false","1","0.1","0","0.25","0.25","75","50","75","99","50","25","0.5","10","2.5","2","60","1.6","0.4","20.5","6.7","16","8.21","365","14","2","0","0","299","299","152","74713","29","1174","1688","12260","136","74023","true","17683","37","56","43","6938","7404","908"
"1","0.1","1","true","true","true","true","true","false","false","1","0.1","0","0.25","0.25","75","50","75","99","50","25","0.5","10","2.5","2","60","1.6","0.4","20.5","6.7","16","8.21","365","14","2","0","0","299","299","153","74710","24","1147","1634","12348","137","74046","true","17651","37","57","43","6940","7406","909"
"1","0.1","1","true","true","true","true","true","false","false","1","0.1","0","0.25","0.25","75","50","75","99","50","25","0.5","10","2.5","2","60","1.6","0.4","20.5","6.7","16","8.21","365","14","2","0","0","299","299","154","74701","25","1102","1543","12490","139","74056","true","17612","37","58","44","6943","7412","909"
"1","0.1","1","true","true","true","true","true","false","false","1","0.1","0","0.25","0.25","75","50","75","99","50","25","0.5","10","2.5","2","60","1.6","0.4","20.5","6.7","16","8.21","365","14","2","0","0","299","299","155","74699","24","1054","1448","12633","142","74062","true","17594","38","60","44","6946","7416","909"
"1","0.1","1","true","true","true","true","true","false","false","1","0.1","0","0.25","0.25","75","50","75","99","50","25","0.5","10","2.5","2","60","1.6","0.4","20.5","6.7","16","8.21","365","14","2","0","0","299","299","156","74696","21","1013","1355","12772","143","74084","true","17584","39","60","44","6950","7420","909"
"1","0.1","1","true","true","true","true","true","false","false","1","0.1","0","0.25","0.25","75","50","75","99","50","25","0.5","10","2.5","2","60","1.6","0.4","20.5","6.7","16","8.21","365","14","2","0","0","299","299","157","74694","18","964","1254","12926","144","74098","true","17541","40","60","44","6950","7424","909"
"1","0.1","1","true","true","true","true","true","false","false","1","0.1","0","0.25","0.25","75","50","75","99","50","25","0.5","10","2.5","2","60","1.6","0.4","20.5","6.7","16","8.21","365","14","2","0","0","299","299","158","74688","16","903","1153","13095","145","74105","true","17518","40","61","44","6953","7429","909"
"1","0.1","1","true","true","true","true","true","false","false","1","0.1","0","0.25","0.25","75","50","75","99","50","25","0.5","10","2.5","2","60","1.6","0.4","20.5","6.7","16","8.21","365","14","2","0","0","299","299","159","74687","16","857","1041","13251","148","10579","false","17505","41","62","45","6954","7430","909"
"1","0.1","1","true","true","true","true","true","false","false","1","0.1","0","0.25","0.25","75","50","75","99","50","25","0.5","10","2.5","2","60","1.6","0.4","20.5","6.7","16","8.21","365","14","2","0","0","299","299","160","74295","403","781","952","13420","149","15833","false","418719","41","63","45","6958","7430","909"
"1","0.1","1","true","true","true","true","true","false","false","1","0.1","0","0.25","0.25","75","50","75","99","50","25","0.5","10","2.5","2","60","1.6","0.4","20.5","6.7","16","8.21","365","14","2","0","0","299","299","161","74018","644","717","892","13579","150","17980","false","365533","41","63","46","6961","7438","917"
"1","0.1","1","true","true","true","true","true","false","false","1","0.1","0","0.25","0.25","75","50","75","99","50","25","0.5","10","2.5","2","60","1.6","0.4","20.5","6.7","16","8.21","365","14","2","0","0","299","299","162","73770","807","643","873","13755","152","19017","false","344517","43","63","46","6979","7468","924"
"1","0.1","1","true","true","true","true","true","false","false","1","0.1","0","0.25","0.25","75","50","75","99","50","25","0.5","10","2.5","2","60","1.6","0.4","20.5","6.7","16","8.21","365","14","2","0","0","299","299","163","73568","877","590","902","13910","153","19549","false","334763","43","63","47","7012","7508","939"
"1","0.1","1","true","true","true","true","true","false","false","1","0.1","0","0.25","0.25","75","50","75","99","50","25","0.5","10","2.5","2","60","1.6","0.4","20.5","6.7","16","8.21","365","14","2","0","0","299","299","164","73371","893","546","978","14058","154","19817","false","329703","43","63","48","7065","7563","955"
"1","0.1","1","true","true","true","true","true","false","false","1","0.1","0","0.25","0.25","75","50","75","99","50","25","0.5","10","2.5","2","60","1.6","0.4","20.5","6.7","16","8.21","365","14","2","0","0","299","299","165","73165","912","521","1059","14188","155","20004","false","327233","44","63","48","7124","7632","968"
"1","0.1","1","true","true","true","true","true","false","false","1","0.1","0","0.25","0.25","75","50","75","99","50","25","0.5","10","2.5","2","60","1.6","0.4","20.5","6.7","16","8.21","365","14","2","0","0","299","299","166","72996","871","524","1134","14316","159","20142","false","325601","45","66","48","7200","7710","994"
"1","0.1","1","true","true","true","true","true","false","false","1","0.1","0","0.25","0.25","75","50","75","99","50","25","0.5","10","2.5","2","60","1.6","0.4","20.5","6.7","16","8.21","365","14","2","0","0","299","299","167","72803","839","530","1228","14441","159","20326","false","324374","45","66","48","7294","7805","1010"
"1","0.1","1","true","true","true","true","true","false","false","1","0.1","0","0.25","0.25","75","50","75","99","50","25","0.5","10","2.5","2","60","1.6","0.4","20.5","6.7","16","8.21","365","14","2","0","0","299","299","168","72583","872","566","1296","14524","159","20518","false","322920","45","66","48","7383","7893","1022"
"1","0.1","1","true","true","true","true","true","false","false","1","0.1","0","0.25","0.25","75","50","75","99","50","25","0.5","10","2.5","2","60","1.6","0.4","20.5","6.7","16","8.21","365","14","2","0","0","299","299","169","72407","851","605","1352","14626","159","20672","false","321367","45","66","48","7484","7986","1034"
"1","0.1","1","true","true","true","true","true","false","false","1","0.1","0","0.25","0.25","75","50","75","99","50","25","0.5","10","2.5","2","60","1.6","0.4","20.5","6.7","16","8.21","365","14","2","0","0","299","299","170","72222","820","659","1441","14698","160","20877","false","320137","46","66","48","7576","8101","1046"
"1","0.1","1","true","true","true","true","true","false","false","1","0.1","0","0.25","0.25","75","50","75","99","50","25","0.5","10","2.5","2","60","1.6","0.4","20.5","6.7","16","8.21","365","14","2","0","0","299","299","171","72027","851","701","1483","14777","161","21041","false","318582","46","67","48","7666","8175","1057"
"1","0.1","1","true","true","true","true","true","false","false","1","0.1","0","0.25","0.25","75","50","75","99","50","25","0.5","10","2.5","2","60","1.6","0.4","20.5","6.7","16","8.21","365","14","2","0","0","299","299","172","71840","847","748","1570","14834","161","21114","false","317357","46","67","48","7761","8266","1064"
"1","0.1","1","true","true","true","true","true","false","false","1","0.1","0","0.25","0.25","75","50","75","99","50","25","0.5","10","2.5","2","60","1.6","0.4","20.5","6.7","16","8.21","365","14","2","0","0","299","299","173","71658","804","789","1699","14888","162","21245","false","316991","46","67","49","7848","8375","1068"
"1","0.1","1","true","true","true","true","true","false","false","1","0.1","0","0.25","0.25","75","50","75","99","50","25","0.5","10","2.5","2","60","1.6","0.4","20.5","6.7","16","8.21","365","14","2","0","0","299","299","174","71477","792","849","1790","14930","162","21503","false","316056","46","67","49","7936","8484","1071"
"1","0.1","1","true","true","true","true","true","false","false","1","0.1","0","0.25","0.25","75","50","75","99","50","25","0.5","10","2.5","2","60","1.6","0.4","20.5","6.7","16","8.21","365","14","2","0","0","299","299","175","71294","805","919","1855","14964","163","73404","true","314161","46","67","50","8031","8574","1076"
"1","0.1","1","true","true","true","true","true","false","false","1","0.1","0","0.25","0.25","75","50","75","99","50","25","0.5","10","2.5","2","60","1.6","0.4","20.5","6.7","16","8.21","365","14","2","0","0","299","299","176","71288","617","970","1962","15000","163","73479","true","18520","46","67","50","8119","8665","1077"
"1","0.1","1","true","true","true","true","true","false","false","1","0.1","0","0.25","0.25","75","50","75","99","50","25","0.5","10","2.5","2","60","1.6","0.4","20.5","6.7","16","8.21","365","14","2","0","0","299","299","177","71276","466","1024","2029","15040","165","73550","true","18405","47","68","50","8197","8754","1081"
"1","0.1","1","true","true","true","true","true","false","false","1","0.1","0","0.25","0.25","75","50","75","99","50","25","0.5","10","2.5","2","60","1.6","0.4","20.5","6.7","16","8.21","365","14","2","0","0","299","299","178","71266","328","1096","2056","15088","166","73634","true","18302","47","68","51","8281","8851","1085"
"1","0.1","1","true","true","true","true","true","false","false","1","0.1","0","0.25","0.25","75","50","75","99","50","25","0.5","10","2.5","2","60","1.6","0.4","20.5","6.7","16","8.21","365","14","2","0","0","299","299","179","71255","228","1151","2064","15135","167","73704","true","18163","47","69","51","8336","8918","1092"
"1","0.1","1","true","true","true","true","true","false","false","1","0.1","0","0.25","0.25","75","50","75","99","50","25","0.5","10","2.5","2","60","1.6","0.4","20.5","6.7","16","8.21","365","14","2","0","0","299","299","180","71245","152","1195","2051","15190","167","73747","true","18046","47","69","51","8389","8979","1096"
"1","0.1","1","true","true","true","true","true","false","false","1","0.1","0","0.25","0.25","75","50","75","99","50","25","0.5","10","2.5","2","60","1.6","0.4","20.5","6.7","16","8.21","365","14","2","0","0","299","299","181","71241","98","1227","2008","15258","168","73814","true","17976","47","69","52","8434","9023","1096"
"1","0.1","1","true","true","true","true","true","false","false","1","0.1","0","0.25","0.25","75","50","75","99","50","25","0.5","10","2.5","2","60","1.6","0.4","20.5","6.7","16","8.21","365","14","2","0","0","299","299","182","71234","67","1250","1946","15335","168","73862","true","17879","47","69","52","8472","9061","1097"
"1","0.1","1","true","true","true","true","true","false","false","1","0.1","0","0.25","0.25","75","50","75","99","50","25","0.5","10","2.5","2","60","1.6","0.4","20.5","6.7","16","8.21","365","14","2","0","0","299","299","183","71225","57","1258","1884","15408","168","73896","true","17806","47","69","52","8491","9087","1099"
"1","0.1","1","true","true","true","true","true","false","false","1","0.1","0","0.25","0.25","75","50","75","99","50","25","0.5","10","2.5","2","60","1.6","0.4","20.5","6.7","16","8.21","365","14","2","0","0","299","299","184","71224","44","1244","1817","15502","169","73934","true","17760","47","70","52","8501","9102","1100"
"1","0.1","1","true","true","true","true","true","false","false","1","0.1","0","0.25","0.25","75","50","75","99","50","25","0.5","10","2.5","2","60","1.6","0.4","20.5","6.7","16","8.21","365","14","2","0","0","299","299","185","71217","35","1224","1741","15614","169","73966","true","17711","47","70","52","8508","9113","1101"
"1","0.1","1","true","true","true","true","true","false","false","1","0.1","0","0.25","0.25","75","50","75","99","50","25","0.5","10","2.5","2","60","1.6","0.4","20.5","6.7","16","8.21","365","14","2","0","0","299","299","186","71213","29","1190","1683","15713","172","73989","true","17665","48","72","52","8515","9122","1101"
"1","0.1","1","true","true","true","true","true","false","false","1","0.1","0","0.25","0.25","75","50","75","99","50","25","0.5","10","2.5","2","60","1.6","0.4","20.5","6.7","16","8.21","365","14","2","0","0","299","299","187","71211","25","1154","1588","15847","175","74008","true","17628","49","73","53","8522","9127","1101"
"1","0.1","1","true","true","true","true","true","false","false","1","0.1","0","0.25","0.25","75","50","75","99","50","25","0.5","10","2.5","2","60","1.6","0.4","20.5","6.7","16","8.21","365","14","2","0","0","299","299","188","71205","25","1106","1499","15983","182","74022","true","17598","50","78","54","8526","9132","1101"
"1","0.1","1","true","true","true","true","true","false","false","1","0.1","0","0.25","0.25","75","50","75","99","50","25","0.5","10","2.5","2","60","1.6","0.4","20.5","6.7","16","8.21","365","14","2","0","0","299","299","189","71204","22","1066","1390","16135","183","74039","true","17571","51","78","54","8532","9135","1101"
"1","0.1","1","true","true","true","true","true","false","false","1","0.1","0","0.25","0.25","75","50","75","99","50","25","0.5","10","2.5","2","60","1.6","0.4","20.5","6.7","16","8.21","365","14","2","0","0","299","299","190","71203","19","1021","1293","16278","186","74048","true","17548","51","79","56","8533","9139","1101"
"1","0.1","1","true","true","true","true","true","false","false","1","0.1","0","0.25","0.25","75","50","75","99","50","25","0.5","10","2.5","2","60","1.6","0.4","20.5","6.7","16","8.21","365","14","2","0","0","299","299","191","71198","18","977","1200","16420","187","74054","true","17530","51","79","57","8538","9141","1101"
"1","0.1","1","true","true","true","true","true","false","false","1","0.1","0","0.25","0.25","75","50","75","99","50","25","0.5","10","2.5","2","60","1.6","0.4","20.5","6.7","16","8.21","365","14","2","0","0","299","299","192","71192","21","907","1091","16596","193","74054","true","17516","53","82","58","8538","9143","1101"
"1","0.1","1","true","true","true","true","true","false","false","1","0.1","0","0.25","0.25","75","50","75","99","50","25","0.5","10","2.5","2","60","1.6","0.4","20.5","6.7","16","8.21","365","14","2","0","0","299","299","193","71188","18","843","990","16768","193","10516","false","17512","53","82","58","8542","9146","1101"
"1","0.1","1","true","true","true","true","true","false","false","1","0.1","0","0.25","0.25","75","50","75","99","50","25","0.5","10","2.5","2","60","1.6","0.4","20.5","6.7","16","8.21","365","14","2","0","0","299","299","194","70821","379","778","903","16926","193","15684","false","419030","53","82","58","8545","9149","1101"
"1","0.1","1","true","true","true","true","true","false","false","1","0.1","0","0.25","0.25","75","50","75","99","50","25","0.5","10","2.5","2","60","1.6","0.4","20.5","6.7","16","8.21","365","14","2","0","0","299","299","195","70560","609","704","846","17087","194","17838","false","366598","54","82","58","8549","9154","1110"
"1","0.1","1","true","true","true","true","true","false","false","1","0.1","0","0.25","0.25","75","50","75","99","50","25","0.5","10","2.5","2","60","1.6","0.4","20.5","6.7","16","8.21","365","14","2","0","0","299","299","196","70319","771","635","823","17257","195","18934","false","345670","55","82","58","8570","9178","1118"
"1","0.1","1","true","true","true","true","true","false","false","1","0.1","0","0.25","0.25","75","50","75","99","50","25","0.5","10","2.5","2","60","1.6","0.4","20.5","6.7","16","8.21","365","14","2","0","0","299","299","197","70100","846","576","874","17406","198","19425","false","335245","56","84","58","8610","9219","1128"
"1","0.1","1","true","true","true","true","true","false","false","1","0.1","0","0.25","0.25","75","50","75","99","50","25","0.5","10","2.5","2","60","1.6","0.4","20.5","6.7","16","8.21","365","14","2","0","0","299","299","198","69898","872","541","956","17534","199","19701","false","330696","56","85","58","8657","9267","1154"
"1","0.1","1","true","true","true","true","true","false","false","1","0.1","0","0.25","0.25","75","50","75","99","50","25","0.5","10","2.5","2","60","1.6","0.4","20.5","6.7","16","8.21","365","14","2","0","0","299","299","199","69702","870","524","1039","17665","200","19876","false","328042","56","86","58","8725","9328","1173"
"1","0.1","1","true","true","true","true","true","false","false","1","0.1","0","0.25","0.25","75","50","75","99","50","25","0.5","10","2.5","2","60","1.6","0.4","20.5","6.7","16","8.21","365","14","2","0","0","299","299","200","69521","858","497","1118","17805","201","19979","false","326494","56","87","58","8794","9405","1189"
"1","0.1","1","true","true","true","true","true","false","false","1","0.1","0","0.25","0.25","75","50","75","99","50","25","0.5","10","2.5","2","60","1.6","0.4","20.5","6.7","16","8.21","365","14","2","0","0","299","299","201","69351","824","525","1197","17902","201","20155","false","325540","56","87","58","8878","9499","1210"
"1","0.1","1","true","true","true","true","true","false","false","1","0.1","0","0.25","0.25","75","50","75","99","50","25","0.5","10","2.5","2","60","1.6","0.4","20.5","6.7","16","8.21","365","14","2","0","0","299","299","202","69166","792","562","1277","18001","202","20340","false","324075","56","88","58","8977","9593","1220"
"1","0.1","1","true","true","true","true","true","false","false","1","0.1","0","0.25","0.25","75","50","75","99","50","25","0.5","10","2.5","2","60","1.6","0.4","20.5","6.7","16","8.21","365","14","2","0","0","299","299","203","69003","747","606","1344","18098","202","20568","false","322576","56","88","58","9070","9687","1232"
"1","0.1","1","true","true","true","true","true","false","false","1","0.1","0","0.25","0.25","75","50","75","99","50","25","0.5","10","2.5","2","60","1.6","0.4","20.5","6.7","16","8.21","365","14","2","0","0","299","299","204","68806","760","649","1403","18180","202","20713","false","320955","56","88","58","9169","9770","1241"
"1","0.1","1","true","true","true","true","true","false","false","1","0.1","0","0.25","0.25","75","50","75","99","50","25","0.5","10","2.5","2","60","1.6","0.4","20.5","6.7","16","8.21","365","14","2","0","0","299","299","205","68638","754","697","1447","18259","205","20877","false","319932","58","89","58","9244","9893","1249"
"1","0.1","1","true","true","true","true","true","false","false","1","0.1","0","0.25","0.25","75","50","75","99","50","25","0.5","10","2.5","2","60","1.6","0.4","20.5","6.7","16","8.21","365","14","2","0","0","299","299","206","68459","770","760","1496","18310","205","20952","false","318648","58","89","58","9337","9975","1256"
"1","0.1","1","true","true","true","true","true","false","false","1","0.1","0","0.25","0.25","75","50","75","99","50","25","0.5","10","2.5","2","60","1.6","0.4","20.5","6.7","16","8.21","365","14","2","0","0","299","299","207","68277","796","805","1557","18360","205","21037","false","318184","58","89","58","9407","10060","1263"
"1","0.1","1","true","true","true","true","true","false","false","1","0.1","0","0.25","0.25","75","50","75","99","50","25","0.5","10","2.5","2","60","1.6","0.4","20.5","6.7","16","8.21","365","14","2","0","0","299","299","208","68089","773","848","1681","18404","205","21143","false","317582","58","89","58","9508","10157","1265"
"1","0.1","1","true","true","true","true","true","false","false","1","0.1","0","0.25","0.25","75","50","75","99","50","25","0.5","10","2.5","2","60","1.6","0.4","20.5","6.7","16","8.21","365","14","2","0","0","299","299","209","67908","769","893","1787","18438","205","21287","false","316763","58","89","58","9586","10254","1268"
"1","0.1","1","true","true","true","true","true","false","false","1","0.1","0","0.25","0.25","75","50","75","99","50","25","0.5","10","2.5","2","60","1.6","0.4","20.5","6.7","16","8.21","365","14","2","0","0","299","299","210","67724","750","947","1906","18468","205","73102","true","315676","58","89","58","9676","10357","1273"
"1","0.1","1","true","true","true","true","true","false","false","1","0.1","0","0.25","0.25","75","50","75","99","50","25","0.5","10","2.5","2","60","1.6","0.4","20.5","6.7","16","8.21","365","14","2","0","0","299","299","211","67715","591","994","1985","18509","206","73190","true","19106","58","90","58","9762","10437","1277"
"1","0.1","1","true","true","true","true","true","false","false","1","0.1","0","0.25","0.25","75","50","75","99","50","25","0.5","10","2.5","2","60","1.6","0.4","20.5","6.7","16","8.21","365","14","2","0","0","299","299","212","67706","419","1065","2050","18554","206","73289","true","18954","58","90","58","9851","10538","1283"
"1","0.1","1","true","true","true","true","true","false","false","1","0.1","0","0.25","0.25","75","50","75","99","50","25","0.5","10","2.5","2","60","1.6","0.4","20.5","6.7","16","8.21","365","14","2","0","0","299","299","213","67689","307","1126","2065","18607","206","73355","true","18797","58","90","58","9911","10624","1287"
"1","0.1","1","true","true","true","true","true","false","false","1","0.1","0","0.25","0.25","75","50","75","99","50","25","0.5","10","2.5","2","60","1.6","0.4","20.5","6.7","16","8.21","365","14","2","0","0","299","299","214","67673","215","1170","2082","18653","207","73427","true","18706","58","91","58","9963","10692","1290"
"1","0.1","1","true","true","true","true","true","false","false","1","0.1","0","0.25","0.25","75","50","75","99","50","25","0.5","10","2.5","2","60","1.6","0.4","20.5","6.7","16","8.21","365","14","2","0","0","299","299","215","67666","155","1208","2057","18705","209","73484","true","18579","58","92","59","10008","10737","1292"
"1","0.1","1","true","true","true","true","true","false","false","1","0.1","0","0.25","0.25","75","50","75","99","50","25","0.5","10","2.5","2","60","1.6","0.4","20.5","6.7","16","8.21","365","14","2","0","0","299","299","216","67657","103","1253","2001","18776","210","73540","true","18493","59","92","59","10053","10784","1294"
"1","0.1","1","true","true","true","true","true","false","false","1","0.1","0","0.25","0.25","75","50","75","99","50","25","0.5","10","2.5","2","60","1.6","0.4","20.5","6.7","16","8.21","365","14","2","0","0","299","299","217","67646","75","1261","1943","18864","211","73577","true","18400","59","93","59","10080","10817","1295"
"1","0.1","1","true","true","true","true","true","false","false","1","0.1","0","0.25","0.25","75","50","75","99","50","25","0.5","10","2.5","2","60","1.6","0.4","20.5","6.7","16","8.21","365","14","2","0","0","299","299","218","67642","49","1266","1872","18959","212","73628","true","18345","60","93","59","10107","10840","1300"
"1","0.1","1","true","true","true","true","true","false","false","1","0.1","0","0.25","0.25","75","50","75","99","50","25","0.5","10","2.5","2","60","1.6","0.4","20.5","6.7","16","8.21","365","14","2","0","0","299","299","219","67638","42","1253","1786","19067","214","73675","true","18260","62","93","59","10120","10854","1302"
"1","0.1","1","true","true","true","true","true","false","false","1","0.1","0","0.25","0.25","75","50","75","99","50","25","0.5","10","2.5","2","60","1.6","0.4","20.5","6.7","16","8.21","365","14","2","0","0","299","299","220","67631","40","1237","1695","19182","215","73715","true","18198","62","93","60","10130","10874","1302"
"1","0.1","1","true","true","true","true","true","false","false","1","0.1","0","0.25","0.25","75","50","75","99","50","25","0.5","10","2.5","2","60","1.6","0.4","20.5","6.7","16","8.21","365","14","2","0","0","299","299","221","67623","35","1203","1630","19289","220","73747","true","18129","64","95","61","10137","10885","1302"
"1","0.1","1","true","true","true","true","true","false","false","1","0.1","0","0.25","0.25","75","50","75","99","50","25","0.5","10","2.5","2","60","1.6","0.4","20.5","6.7","16","8.21","365","14","2","0","0","299","299","222","67619","34","1161","1549","19414","223","73765","true","18070","64","97","62","10139","10889","1302"
"1","0.1","1","true","true","true","true","true","false","false","1","0.1","0","0.25","0.25","75","50","75","99","50","25","0.5","10","2.5","2","60","1.6","0.4","20.5","6.7","16","8.21","365","14","2","0","0","299","299","223","67609","35","1117","1468","19546","225","73780","true","18025","64","98","63","10145","10892","1302"
"1","0.1","1","true","true","true","true","true","false","false","1","0.1","0","0.25","0.25","75","50","75","99","50","25","0.5","10","2.5","2","60","1.6","0.4","20.5","6.7","16","8.21","365","14","2","0","0","299","299","224","67607","26","1073","1381","19687","226","73800","true","17997","64","99","63","10148","10904","1302"
"1","0.1","1","true","true","true","true","true","false","false","1","0.1","0","0.25","0.25","75","50","75","99","50","25","0.5","10","2.5","2","60","1.6","0.4","20.5","6.7","16","8.21","365","14","2","0","0","299","299","225","67606","21","1036","1267","19844","226","73815","true","17966","64","99","63","10151","10912","1302"
"1","0.1","1","true","true","true","true","true","false","false","1","0.1","0","0.25","0.25","75","50","75","99","50","25","0.5","10","2.5","2","60","1.6","0.4","20.5","6.7","16","8.21","365","14","2","0","0","299","299","226","67600","19","969","1174","20011","227","73817","true","17939","65","99","63","10152","10917","1302"
"1","0.1","1","true","true","true","true","true","false","false","1","0.1","0","0.25","0.25","75","50","75","99","50","25","0.5","10","2.5","2","60","1.6","0.4","20.5","6.7","16","8.21","365","14","2","0","0","299","299","227","67592","22","919","1067","20173","227","73829","true","17936","65","99","63","10154","10919","1302"
"1","0.1","1","true","true","true","true","true","false","false","1","0.1","0","0.25","0.25","75","50","75","99","50","25","0.5","10","2.5","2","60","1.6","0.4","20.5","6.7","16","8.21","365","14","2","0","0","299","299","228","67587","21","860","974","20331","227","10336","false","17915","65","99","63","10155","10920","1302"
"1","0.1","1","true","true","true","true","true","false","false","1","0.1","0","0.25","0.25","75","50","75","99","50","25","0.5","10","2.5","2","60","1.6","0.4","20.5","6.7","16","8.21","365","14","2","0","0","299","299","229","67217","385","788","889","20492","229","15378","false","420387","65","101","63","10157","10926","1302"
"1","0.1","1","true","true","true","true","true","false","false","1","0.1","0","0.25","0.25","75","50","75","99","50","25","0.5","10","2.5","2","60","1.6","0.4","20.5","6.7","16","8.21","365","14","2","0","0","299","299","230","66916","657","720","823","20655","229","17538","false","369251","65","101","63","10171","10934","1304"
"1","0.1","1","true","true","true","true","true","false","false","1","0.1","0","0.25","0.25","75","50","75","99","50","25","0.5","10","2.5","2","60","1.6","0.4","20.5","6.7","16","8.21","365","14","2","0","0","299","299","231","66691","778","654","838","20810","229","18591","false","348143","65","101","63","10196","10972","1314"
"1","0.1","1","true","true","true","true","true","false","false","1","0.1","0","0.25","0.25","75","50","75","99","50","25","0.5","10","2.5","2","60","1.6","0.4","20.5","6.7","16","8.21","365","14","2","0","0","299","299","232","66473","849","596","899","20952","231","19109","false","338036","67","101","63","10234","11012","1328"
"1","0.1","1","true","true","true","true","true","false","false","1","0.1","0","0.25","0.25","75","50","75","99","50","25","0.5","10","2.5","2","60","1.6","0.4","20.5","6.7","16","8.21","365","14","2","0","0","299","299","233","66276","903","561","937","21092","231","19423","false","333209","67","101","63","10278","11054","1339"
"1","0.1","1","true","true","true","true","true","false","false","1","0.1","0","0.25","0.25","75","50","75","99","50","25","0.5","10","2.5","2","60","1.6","0.4","20.5","6.7","16","8.21","365","14","2","0","0","299","299","234","66072","901","553","1035","21208","231","19579","false","330368","67","101","63","10352","11127","1356"
"1","0.1","1","true","true","true","true","true","false","false","1","0.1","0","0.25","0.25","75","50","75","99","50","25","0.5","10","2.5","2","60","1.6","0.4","20.5","6.7","16","8.21","365","14","2","0","0","299","299","235","65869","914","566","1114","21305","232","19716","false","328888","67","102","63","10419","11218","1378"
"1","0.1","1","true","true","true","true","true","false","false","1","0.1","0","0.25","0.25","75","50","75","99","50","25","0.5","10","2.5","2","60","1.6","0.4","20.5","6.7","16","8.21","365","14","2","0","0","299","299","236","65663","899","561","1225","21420","232","19897","false","327764","67","102","63","10490","11315","1390"
"1","0.1","1","true","true","true","true","true","false","false","1","0.1","0","0.25","0.25","75","50","75","99","50","25","0.5","10","2.5","2","60","1.6","0.4","20.5","6.7","16","8.21","365","14","2","0","0","299","299","237","65469","865","584","1324","21526","232","20086","false","326246","67","102","63","10584","11402","1412"
"1","0.1","1","true","true","true","true","true","false","false","1","0.1","0","0.25","0.25","75","50","75","99","50","25","0.5","10","2.5","2","60","1.6","0.4","20.5","6.7","16","8.21","365","14","2","0","0","299","299","238","65291","854","623","1378","21622","232","20233","false","324757","67","102","63","10663","11508","1421"
"1","0.1","1","true","true","true","true","true","false","false","1","0.1","0","0.25","0.25","75","50","75","99","50","25","0.5","10","2.5","2","60","1.6","0.4","20.5","6.7","16","8.21","365","14","2","0","0","299","299","239","65106","812","669","1466","21714","233","20407","false","323609","68","102","63","10766","11630","1432"
"1","0.1","1","true","true","true","true","true","false","false","1","0.1","0","0.25","0.25","75","50","75","99","50","25","0.5","10","2.5","2","60","1.6","0.4","20.5","6.7","16","8.21","365","14","2","0","0","299","299","240","64917","802","710","1549","21789","233","20529","false","322222","68","102","63","10848","11741","1435"
"1","0.1","1","true","true","true","true","true","false","false","1","0.1","0","0.25","0.25","75","50","75","99","50","25","0.5","10","2.5","2","60","1.6","0.4","20.5","6.7","16","8.21","365","14","2","0","0","299","299","241","64753","785","766","1620","21843","233","20634","false","321365","68","102","63","10935","11856","1440"
"1","0.1","1","true","true","true","true","true","false","false","1","0.1","0","0.25","0.25","75","50","75","99","50","25","0.5","10","2.5","2","60","1.6","0.4","20.5","6.7","16","8.21","365","14","2","0","0","299","299","242","64544","793","821","1713","21896","233","20778","false","320693","68","102","63","11026","11964","1443"
"1","0.1","1","true","true","true","true","true","false","false","1","0.1","0","0.25","0.25","75","50","75","99","50","25","0.5","10","2.5","2","60","1.6","0.4","20.5","6.7","16","8.21","365","14","2","0","0","299","299","243","64375","791","884","1774","21943","233","21009","false","319680","68","102","63","11114","12064","1446"
"1","0.1","1","true","true","true","true","true","false","false","1","0.1","0","0.25","0.25","75","50","75","99","50","25","0.5","10","2.5","2","60","1.6","0.4","20.5","6.7","16","8.21","365","14","2","0","0","299","299","244","64201","783","924","1877","21981","234","73064","true","317954","68","103","63","11184","12154","1450"
"1","0.1","1","true","true","true","true","true","false","false","1","0.1","0","0.25","0.25","75","50","75","99","50","25","0.5","10","2.5","2","60","1.6","0.4","20.5","6.7","16","8.21","365","14","2","0","0","299","299","245","64192","628","980","1951","22015","234","73152","true","19033","68","103","63","11249","12250","1457"
"1","0.1","1","true","true","true","true","true","false","false","1","0.1","0","0.25","0.25","75","50","75","99","50","25","0.5","10","2.5","2","60","1.6","0.4","20.5","6.7","16","8.21","365","14","2","0","0","299","299","246","64183","450","1033","2038","22061","235","73230","true","18884","68","103","64","11339","12352","1460"
"1","0.1","1","true","true","true","true","true","false","false","1","0.1","0","0.25","0.25","75","50","75","99","50","25","0.5","10","2.5","2","60","1.6","0.4","20.5","6.7","16","8.21","365","14","2","0","0","299","299","247","64171","328","1088","2070","22108","235","73302","true","18763","68","103","64","11414","12420","1466"
"1","0.1","1","true","true","true","true","true","false","false","1","0.1","0","0.25","0.25","75","50","75","99","50","25","0.5","10","2.5","2","60","1.6","0.4","20.5","6.7","16","8.21","365","14","2","0","0","299","299","248","64160","233","1144","2071","22156","236","73361","true","18659","69","103","64","11482","12484","1470"
"1","0.1","1","true","true","true","true","true","false","false","1","0.1","0","0.25","0.25","75","50","75","99","50","25","0.5","10","2.5","2","60","1.6","0.4","20.5","6.7","16","8.21","365","14","2","0","0","299","299","249","64153","155","1196","2049","22209","238","73440","true","18570","70","103","65","11552","12540","1475"
"1","0.1","1","true","true","true","true","true","false","false","1","0.1","0","0.25","0.25","75","50","75","99","50","25","0.5","10","2.5","2","60","1.6","0.4","20.5","6.7","16","8.21","365","14","2","0","0","299","299","250","64147","109","1228","1993","22283","240","73499","true","18430","70","104","66","11594","12581","1479"
"1","0.1","1","true","true","true","true","true","false","false","1","0.1","0","0.25","0.25","75","50","75","99","50","25","0.5","10","2.5","2","60","1.6","0.4","20.5","6.7","16","8.21","365","14","2","0","0","299","299","251","64143","79","1249","1935","22354","240","73540","true","18329","70","104","66","11622","12614","1481"
"1","0.1","1","true","true","true","true","true","false","false","1","0.1","0","0.25","0.25","75","50","75","99","50","25","0.5","10","2.5","2","60","1.6","0.4","20.5","6.7","16","8.21","365","14","2","0","0","299","299","252","64133","62","1252","1874","22438","241","73568","true","18273","70","105","66","11641","12637","1483"
"1","0.1","1","true","true","true","true","true","false","false","1","0.1","0","0.25","0.25","75","50","75","99","50","25","0.5","10","2.5","2","60","1.6","0.4","20.5","6.7","16","8.21","365","14","2","0","0","299","299","253","64128","52","1245","1809","22525","241","73602","true","18206","70","105","66","11657","12651","1486"
"1","0.1","1","true","true","true","true","true","false","false","1","0.1","0","0.25","0.25","75","50","75","99","50","25","0.5","10","2.5","2","60","1.6","0.4","20.5","6.7","16","8.21","365","14","2","0","0","299","299","254","64120","50","1214","1731","22644","241","73629","true","18136","70","105","66","11666","12657","1486"
"1","0.1","1","true","true","true","true","true","false","false","1","0.1","0","0.25","0.25","75","50","75","99","50","25","0.5","10","2.5","2","60","1.6","0.4","20.5","6.7","16","8.21","365","14","2","0","0","299","299","255","64116","42","1188","1637","22776","241","73645","true","18090","70","105","66","11673","12669","1486"
"1","0.1","1","true","true","true","true","true","false","false","1","0.1","0","0.25","0.25","75","50","75","99","50","25","0.5","10","2.5","2","60","1.6","0.4","20.5","6.7","16","8.21","365","14","2","0","0","299","299","256","64111","38","1162","1544","22902","243","73672","true","18067","70","106","67","11676","12679","1486"
"1","0.1","1","true","true","true","true","true","false","false","1","0.1","0","0.25","0.25","75","50","75","99","50","25","0.5","10","2.5","2","60","1.6","0.4","20.5","6.7","16","8.21","365","14","2","0","0","299","299","257","64108","25","1123","1476","23024","244","73685","true","18025","70","106","68","11679","12689","1486"
"1","0.1","1","true","true","true","true","true","false","false","1","0.1","0","0.25","0.25","75","50","75","99","50","25","0.5","10","2.5","2","60","1.6","0.4","20.5","6.7","16","8.21","365","14","2","0","0","299","299","258","64102","23","1077","1386","23165","247","73697","true","18001","72","107","68","11685","12693","1486"
"1","0.1","1","true","true","true","true","true","false","false","1","0.1","0","0.25","0.25","75","50","75","99","50","25","0.5","10","2.5","2","60","1.6","0.4","20.5","6.7","16","8.21","365","14","2","0","0","299","299","259","64099","18","1031","1278","23326","248","73706","true","17975","72","108","68","11690","12698","1486"
"1","0.1","1","true","true","true","true","true","false","false","1","0.1","0","0.25","0.25","75","50","75","99","50","25","0.5","10","2.5","2","60","1.6","0.4","20.5","6.7","16","8.21","365","14","2","0","0","299","299","260","64092","24","974","1185","23473","252","73726","true","17957","75","109","68","11691","12699","1486"
"1","0.1","1","true","true","true","true","true","false","false","1","0.1","0","0.25","0.25","75","50","75","99","50","25","0.5","10","2.5","2","60","1.6","0.4","20.5","6.7","16","8.21","365","14","2","0","0","299","299","261","64090","22","922","1073","23641","252","73742","true","17908","75","109","68","11697","12702","1486"
"1","0.1","1","true","true","true","true","true","false","false","1","0.1","0","0.25","0.25","75","50","75","99","50","25","0.5","10","2.5","2","60","1.6","0.4","20.5","6.7","16","8.21","365","14","2","0","0","299","299","262","64090","15","865","990","23788","252","10175","false","17878","75","109","68","11702","12706","1486"
"1","0.1","1","true","true","true","true","true","false","false","1","0.1","0","0.25","0.25","75","50","75","99","50","25","0.5","10","2.5","2","60","1.6","0.4","20.5","6.7","16","8.21","365","14","2","0","0","299","299","263","63680","418","804","903","23941","254","15190","false","421822","75","111","68","11704","12709","1486"
"1","0.1","1","true","true","true","true","true","false","false","1","0.1","0","0.25","0.25","75","50","75","99","50","25","0.5","10","2.5","2","60","1.6","0.4","20.5","6.7","16","8.21","365","14","2","0","0","299","299","264","63380","677","728","857","24101","257","17379","false","370954","76","111","70","11714","12714","1494"
"1","0.1","1","true","true","true","true","true","false","false","1","0.1","0","0.25","0.25","75","50","75","99","50","25","0.5","10","2.5","2","60","1.6","0.4","20.5","6.7","16","8.21","365","14","2","0","0","299","299","265","63154","815","660","862","24251","258","18464","false","349543","77","111","70","11738","12731","1501"
"1","0.1","1","true","true","true","true","true","false","false","1","0.1","0","0.25","0.25","75","50","75","99","50","25","0.5","10","2.5","2","60","1.6","0.4","20.5","6.7","16","8.21","365","14","2","0","0","299","299","266","62958","866","601","907","24406","262","18987","false","339175","78","112","72","11778","12767","1515"
"1","0.1","1","true","true","true","true","true","false","false","1","0.1","0","0.25","0.25","75","50","75","99","50","25","0.5","10","2.5","2","60","1.6","0.4","20.5","6.7","16","8.21","365","14","2","0","0","299","299","267","62767","871","559","991","24549","263","19307","false","334228","78","112","73","11829","12834","1531"
"1","0.1","1","true","true","true","true","true","false","false","1","0.1","0","0.25","0.25","75","50","75","99","50","25","0.5","10","2.5","2","60","1.6","0.4","20.5","6.7","16","8.21","365","14","2","0","0","299","299","268","62548","888","518","1086","24695","265","19496","false","331271","80","112","73","11902","12897","1555"
"1","0.1","1","true","true","true","true","true","false","false","1","0.1","0","0.25","0.25","75","50","75","99","50","25","0.5","10","2.5","2","60","1.6","0.4","20.5","6.7","16","8.21","365","14","2","0","0","299","299","269","62351","887","525","1141","24831","265","19676","false","329519","80","112","73","11966","12991","1577"
"1","0.1","1","true","true","true","true","true","false","false","1","0.1","0","0.25","0.25","75","50","75","99","50","25","0.5","10","2.5","2","60","1.6","0.4","20.5","6.7","16","8.21","365","14","2","0","0","299","299","270","62155","899","534","1210","24937","265","19805","false","327952","80","112","73","12042","13074","1597"
"1","0.1","1","true","true","true","true","true","false","false","1","0.1","0","0.25","0.25","75","50","75","99","50","25","0.5","10","2.5","2","60","1.6","0.4","20.5","6.7","16","8.21","365","14","2","0","0","299","299","271","61970","887","574","1274","25030","265","19982","false","326956","80","112","73","12133","13162","1610"
"1","0.1","1","true","true","true","true","true","false","false","1","0.1","0","0.25","0.25","75","50","75","99","50","25","0.5","10","2.5","2","60","1.6","0.4","20.5","6.7","16","8.21","365","14","2","0","0","299","299","272","61774","854","606","1371","25130","265","20116","false","325551","80","112","73","12230","13267","1619"
"1","0.1","1","true","true","true","true","true","false","false","1","0.1","0","0.25","0.25","75","50","75","99","50","25","0.5","10","2.5","2","60","1.6","0.4","20.5","6.7","16","8.21","365","14","2","0","0","299","299","273","61582","839","664","1446","25202","267","20312","false","324515","81","113","73","12337","13367","1631"
"1","0.1","1","true","true","true","true","true","false","false","1","0.1","0","0.25","0.25","75","50","75","99","50","25","0.5","10","2.5","2","60","1.6","0.4","20.5","6.7","16","8.21","365","14","2","0","0","299","299","274","61407","809","712","1539","25264","269","20391","false","322935","82","114","73","12431","13469","1635"
"1","0.1","1","true","true","true","true","true","false","false","1","0.1","0","0.25","0.25","75","50","75","99","50","25","0.5","10","2.5","2","60","1.6","0.4","20.5","6.7","16","8.21","365","14","2","0","0","299","299","275","61241","788","769","1609","25323","270","20498","false","322350","82","115","73","12517","13584","1637"
"1","0.1","1","true","true","true","true","true","false","false","1","0.1","0","0.25","0.25","75","50","75","99","50","25","0.5","10","2.5","2","60","1.6","0.4","20.5","6.7","16","8.21","365","14","2","0","0","299","299","276","61093","768","803","1664","25402","270","20593","false","321601","82","115","73","12591","13676","1642"
"1","0.1","1","true","true","true","true","true","false","false","1","0.1","0","0.25","0.25","75","50","75","99","50","25","0.5","10","2.5","2","60","1.6","0.4","20.5","6.7","16","8.21","365","14","2","0","0","299","299","277","60933","740","863","1753","25441","270","20788","false","321004","82","115","73","12680","13768","1649"
"1","0.1","1","true","true","true","true","true","false","false","1","0.1","0","0.25","0.25","75","50","75","99","50","25","0.5","10","2.5","2","60","1.6","0.4","20.5","6.7","16","8.21","365","14","2","0","0","299","299","278","60739","755","921","1838","25477","270","73094","true","319568","82","115","73","12779","13853","1651"
"1","0.1","1","true","true","true","true","true","false","false","1","0.1","0","0.25","0.25","75","50","75","99","50","25","0.5","10","2.5","2","60","1.6","0.4","20.5","6.7","16","8.21","365","14","2","0","0","299","299","279","60732","607","986","1890","25514","271","73202","true","19102","82","116","73","12878","13937","1653"
"1","0.1","1","true","true","true","true","true","false","false","1","0.1","0","0.25","0.25","75","50","75","99","50","25","0.5","10","2.5","2","60","1.6","0.4","20.5","6.7","16","8.21","365","14","2","0","0","299","299","280","60725","437","1045","1969","25553","271","73279","true","18908","82","116","73","12957","14027","1660"
"1","0.1","1","true","true","true","true","true","false","false","1","0.1","0","0.25","0.25","75","50","75","99","50","25","0.5","10","2.5","2","60","1.6","0.4","20.5","6.7","16","8.21","365","14","2","0","0","299","299","281","60714","308","1100","2018","25587","273","73342","true","18777","82","117","74","13034","14100","1663"
"1","0.1","1","true","true","true","true","true","false","false","1","0.1","0","0.25","0.25","75","50","75","99","50","25","0.5","10","2.5","2","60","1.6","0.4","20.5","6.7","16","8.21","365","14","2","0","0","299","299","282","60707","216","1148","2020","25633","276","73421","true","18665","84","117","75","13091","14161","1668"
"1","0.1","1","true","true","true","true","true","false","false","1","0.1","0","0.25","0.25","75","50","75","99","50","25","0.5","10","2.5","2","60","1.6","0.4","20.5","6.7","16","8.21","365","14","2","0","0","299","299","283","60698","148","1203","1999","25676","276","73480","true","18544","84","117","75","13140","14212","1674"
"1","0.1","1","true","true","true","true","true","false","false","1","0.1","0","0.25","0.25","75","50","75","99","50","25","0.5","10","2.5","2","60","1.6","0.4","20.5","6.7","16","8.21","365","14","2","0","0","299","299","284","60693","104","1225","1953","25749","276","73520","true","18465","84","117","75","13174","14247","1677"
"1","0.1","1","true","true","true","true","true","false","false","1","0.1","0","0.25","0.25","75","50","75","99","50","25","0.5","10","2.5","2","60","1.6","0.4","20.5","6.7","16","8.21","365","14","2","0","0","299","299","285","60689","71","1234","1912","25816","278","73572","true","18397","84","117","77","13201","14278","1678"
"1","0.1","1","true","true","true","true","true","false","false","1","0.1","0","0.25","0.25","75","50","75","99","50","25","0.5","10","2.5","2","60","1.6","0.4","20.5","6.7","16","8.21","365","14","2","0","0","299","299","286","60680","60","1249","1828","25903","280","73612","true","18308","84","119","77","13228","14302","1679"
"1","0.1","1","true","true","true","true","true","false","false","1","0.1","0","0.25","0.25","75","50","75","99","50","25","0.5","10","2.5","2","60","1.6","0.4","20.5","6.7","16","8.21","365","14","2","0","0","299","299","287","60676","42","1248","1767","25986","281","73651","true","18257","85","119","77","13245","14324","1681"
"1","0.1","1","true","true","true","true","true","false","false","1","0.1","0","0.25","0.25","75","50","75","99","50","25","0.5","10","2.5","2","60","1.6","0.4","20.5","6.7","16","8.21","365","14","2","0","0","299","299","288","60670","29","1229","1684","26107","281","73679","true","18191","85","119","77","13254","14334","1681"
"1","0.1","1","true","true","true","true","true","false","false","1","0.1","0","0.25","0.25","75","50","75","99","50","25","0.5","10","2.5","2","60","1.6","0.4","20.5","6.7","16","8.21","365","14","2","0","0","299","299","289","60665","23","1203","1613","26214","282","73706","true","18156","85","120","77","13263","14342","1681"
"1","0.1","1","true","true","true","true","true","false","false","1","0.1","0","0.25","0.25","75","50","75","99","50","25","0.5","10","2.5","2","60","1.6","0.4","20.5","6.7","16","8.21","365","14","2","0","0","299","299","290","60658","26","1176","1522","26336","282","73723","true","18112","85","120","77","13274","14349","1681"
"1","0.1","1","true","true","true","true","true","false","false","1","0.1","0","0.25","0.25","75","50","75","99","50","25","0.5","10","2.5","2","60","1.6","0.4","20.5","6.7","16","8.21","365","14","2","0","0","299","299","291","60658","20","1138","1428","26474","282","73741","true","18084","85","120","77","13281","14353","1681"
"1","0.1","1","true","true","true","true","true","false","false","1","0.1","0","0.25","0.25","75","50","75","99","50","25","0.5","10","2.5","2","60","1.6","0.4","20.5","6.7","16","8.21","365","14","2","0","0","299","299","292","60655","17","1094","1328","26620","286","73747","true","18054","86","122","78","13286","14354","1681"
"1","0.1","1","true","true","true","true","true","false","false","1","0.1","0","0.25","0.25","75","50","75","99","50","25","0.5","10","2.5","2","60","1.6","0.4","20.5","6.7","16","8.21","365","14","2","0","0","299","299","293","60653","14","1031","1244","26769","289","73757","true","18044","86","124","79","13287","14359","1681"
"1","0.1","1","true","true","true","true","true","false","false","1","0.1","0","0.25","0.25","75","50","75","99","50","25","0.5","10","2.5","2","60","1.6","0.4","20.5","6.7","16","8.21","365","14","2","0","0","299","299","294","60649","15","963","1149","26935","289","73761","true","18023","86","124","79","13288","14360","1681"
"1","0.1","1","true","true","true","true","true","false","false","1","0.1","0","0.25","0.25","75","50","75","99","50","25","0.5","10","2.5","2","60","1.6","0.4","20.5","6.7","16","8.21","365","14","2","0","0","299","299","295","60647","13","895","1066","27088","291","10212","false","18017","87","125","79","13288","14363","1681"
"1","0.1","1","true","true","true","true","true","false","false","1","0.1","0","0.25","0.25","75","50","75","99","50","25","0.5","10","2.5","2","60","1.6","0.4","20.5","6.7","16","8.21","365","14","2","0","0","299","299","296","60255","400","844","957","27252","292","15168","false","421295","87","125","80","13292","14367","1681"
"1","0.1","1","true","true","true","true","true","false","false","1","0.1","0","0.25","0.25","75","50","75","99","50","25","0.5","10","2.5","2","60","1.6","0.4","20.5","6.7","16","8.21","365","14","2","0","0","299","299","297","59980","649","774","893","27408","296","17216","false","370798","88","127","81","13297","14375","1687"
"1","0.1","1","true","true","true","true","true","false","false","1","0.1","0","0.25","0.25","75","50","75","99","50","25","0.5","10","2.5","2","60","1.6","0.4","20.5","6.7","16","8.21","365","14","2","0","0","299","299","298","59736","805","707","884","27570","298","18248","false","350718","89","127","82","13312","14397","1698"
"1","0.1","1","true","true","true","true","true","false","false","1","0.1","0","0.25","0.25","75","50","75","99","50","25","0.5","10","2.5","2","60","1.6","0.4","20.5","6.7","16","8.21","365","14","2","0","0","299","299","299","59543","844","650","944","27719","300","18774","false","340875","89","128","83","13349","14437","1719"
"1","0.1","1","true","true","true","true","true","false","false","1","0.1","0","0.25","0.25","75","50","75","99","50","25","0.5","10","2.5","2","60","1.6","0.4","20.5","6.7","16","8.21","365","14","2","0","0","299","299","300","59358","841","612","1037","27852","300","19068","false","335886","89","128","83","13401","14504","1737"
"1","0.1","1","true","true","true","true","true","false","false","1","0.1","0","0.25","0.25","75","50","75","99","50","25","0.5","10","2.5","2","60","1.6","0.4","20.5","6.7","16","8.21","365","14","2","0","0","299","299","301","59150","846","586","1125","27992","301","19219","false","333146","89","129","83","13456","14578","1770"
"1","0.1","1","true","true","true","true","true","false","false","1","0.1","0","0.25","0.25","75","50","75","99","50","25","0.5","10","2.5","2","60","1.6","0.4","20.5","6.7","16","8.21","365","14","2","0","0","299","299","302","58973","829","579","1200","28117","302","19366","false","331778","90","129","83","13531","14661","1790"
"1","0.1","1","true","true","true","true","true","false","false","1","0.1","0","0.25","0.25","75","50","75","99","50","25","0.5","10","2.5","2","60","1.6","0.4","20.5","6.7","16","8.21","365","14","2","0","0","299","299","303","58763","847","587","1254","28246","303","19519","false","330497","90","130","83","13623","14744","1801"
"1","0.1","1","true","true","true","true","true","false","false","1","0.1","0","0.25","0.25","75","50","75","99","50","25","0.5","10","2.5","2","60","1.6","0.4","20.5","6.7","16","8.21","365","14","2","0","0","299","299","304","58588","824","616","1325","28343","304","19663","false","329225","91","130","83","13712","14836","1821"
"1","0.1","1","true","true","true","true","true","false","false","1","0.1","0","0.25","0.25","75","50","75","99","50","25","0.5","10","2.5","2","60","1.6","0.4","20.5","6.7","16","8.21","365","14","2","0","0","299","299","305","58372","840","645","1400","28439","304","19818","false","327987","91","130","83","13798","14929","1830"
"1","0.1","1","true","true","true","true","true","false","false","1","0.1","0","0.25","0.25","75","50","75","99","50","25","0.5","10","2.5","2","60","1.6","0.4","20.5","6.7","16","8.21","365","14","2","0","0","299","299","306","58194","815","676","1477","28533","305","19984","false","326759","91","131","83","13881","15036","1843"
"1","0.1","1","true","true","true","true","true","false","false","1","0.1","0","0.25","0.25","75","50","75","99","50","25","0.5","10","2.5","2","60","1.6","0.4","20.5","6.7","16","8.21","365","14","2","0","0","299","299","307","58012","795","715","1555","28617","306","20111","false","325456","91","132","83","13971","15158","1850"
"1","0.1","1","true","true","true","true","true","false","false","1","0.1","0","0.25","0.25","75","50","75","99","50","25","0.5","10","2.5","2","60","1.6","0.4","20.5","6.7","16","8.21","365","14","2","0","0","299","299","308","57845","776","765","1616","28691","307","20191","false","324554","91","132","84","14049","15257","1857"
"1","0.1","1","true","true","true","true","true","false","false","1","0.1","0","0.25","0.25","75","50","75","99","50","25","0.5","10","2.5","2","60","1.6","0.4","20.5","6.7","16","8.21","365","14","2","0","0","299","299","309","57642","827","818","1671","28734","308","20315","false","324060","91","133","84","14127","15340","1862"
"1","0.1","1","true","true","true","true","true","false","false","1","0.1","0","0.25","0.25","75","50","75","99","50","25","0.5","10","2.5","2","60","1.6","0.4","20.5","6.7","16","8.21","365","14","2","0","0","299","299","310","57453","815","857","1776","28791","308","20458","false","323259","91","133","84","14210","15431","1869"
"1","0.1","1","true","true","true","true","true","false","false","1","0.1","0","0.25","0.25","75","50","75","99","50","25","0.5","10","2.5","2","60","1.6","0.4","20.5","6.7","16","8.21","365","14","2","0","0","299","299","311","57268","798","884","1891","28851","308","20598","false","322244","91","133","84","14294","15518","1874"
"1","0.1","1","true","true","true","true","true","false","false","1","0.1","0","0.25","0.25","75","50","75","99","50","25","0.5","10","2.5","2","60","1.6","0.4","20.5","6.7","16","8.21","365","14","2","0","0","299","299","312","57077","798","946","1977","28894","308","73010","true","321107","91","133","84","14395","15609","1880"
"1","0.1","1","true","true","true","true","true","false","false","1","0.1","0","0.25","0.25","75","50","75","99","50","25","0.5","10","2.5","2","60","1.6","0.4","20.5","6.7","16","8.21","365","14","2","0","0","299","299","313","57061","629","1003","2062","28936","309","73105","true","19066","91","133","85","14485","15700","1885"
"1","0.1","1","true","true","true","true","true","false","false","1","0.1","0","0.25","0.25","75","50","75","99","50","25","0.5","10","2.5","2","60","1.6","0.4","20.5","6.7","16","8.21","365","14","2","0","0","299","299","314","57048","446","1071","2154","28972","309","73171","true","18906","91","133","85","14564","15797","1892"
"1","0.1","1","true","true","true","true","true","false","false","1","0.1","0","0.25","0.25","75","50","75","99","50","25","0.5","10","2.5","2","60","1.6","0.4","20.5","6.7","16","8.21","365","14","2","0","0","299","299","315","57032","326","1142","2176","29015","309","73258","true","18795","91","133","85","14651","15883","1896"
"1","0.1","1","true","true","true","true","true","false","false","1","0.1","0","0.25","0.25","75","50","75","99","50","25","0.5","10","2.5","2","60","1.6","0.4","20.5","6.7","16","8.21","365","14","2","0","0","299","299","316","57029","220","1206","2151","29085","309","73346","true","18651","91","133","85","14718","15967","1902"
"1","0.1","1","true","true","true","true","true","false","false","1","0.1","0","0.25","0.25","75","50","75","99","50","25","0.5","10","2.5","2","60","1.6","0.4","20.5","6.7","16","8.21","365","14","2","0","0","299","299","317","57024","153","1254","2106","29154","309","73392","true","18490","91","133","85","14777","16021","1905"
"1","0.1","1","true","true","true","true","true","false","false","1","0.1","0","0.25","0.25","75","50","75","99","50","25","0.5","10","2.5","2","60","1.6","0.4","20.5","6.7","16","8.21","365","14","2","0","0","299","299","318","57013","106","1286","2059","29227","309","73439","true","18435","91","133","85","14811","16067","1907"
"1","0.1","1","true","true","true","true","true","false","false","1","0.1","0","0.25","0.25","75","50","75","99","50","25","0.5","10","2.5","2","60","1.6","0.4","20.5","6.7","16","8.21","365","14","2","0","0","299","299","319","57009","73","1297","1988","29324","309","73506","true","18351","91","133","85","14835","16101","1908"
"1","0.1","1","true","true","true","true","true","false","false","1","0.1","0","0.25","0.25","75","50","75","99","50","25","0.5","10","2.5","2","60","1.6","0.4","20.5","6.7","16","8.21","365","14","2","0","0","299","299","320","57003","54","1297","1905","29431","310","73551","true","18248","91","134","85","14851","16126","1910"
"1","0.1","1","true","true","true","true","true","false","false","1","0.1","0","0.25","0.25","75","50","75","99","50","25","0.5","10","2.5","2","60","1.6","0.4","20.5","6.7","16","8.21","365","14","2","0","0","299","299","321","56995","40","1290","1813","29551","311","73591","true","18168","91","134","86","14862","16151","1911"
"1","0.1","1","true","true","true","true","true","false","false","1","0.1","0","0.25","0.25","75","50","75","99","50","25","0.5","10","2.5","2","60","1.6","0.4","20.5","6.7","16","8.21","365","14","2","0","0","299","299","322","56991","28","1264","1727","29678","312","73614","true","18092","91","135","86","14873","16164","1911"
"1","0.1","1","true","true","true","true","true","false","false","1","0.1","0","0.25","0.25","75","50","75","99","50","25","0.5","10","2.5","2","60","1.6","0.4","20.5","6.7","16","8.21","365","14","2","0","0","299","299","323","56988","26","1230","1637","29807","312","73639","true","18035","91","135","86","14882","16171","1911"
"1","0.1","1","true","true","true","true","true","false","false","1","0.1","0","0.25","0.25","75","50","75","99","50","25","0.5","10","2.5","2","60","1.6","0.4","20.5","6.7","16","8.21","365","14","2","0","0","299","299","324","56983","25","1196","1551","29932","313","73663","true","17993","91","136","86","14891","16179","1912"
"1","0.1","1","true","true","true","true","true","false","false","1","0.1","0","0.25","0.25","75","50","75","99","50","25","0.5","10","2.5","2","60","1.6","0.4","20.5","6.7","16","8.21","365","14","2","0","0","299","299","325","56981","20","1144","1472","30069","314","73684","true","17949","91","137","86","14896","16180","1912"
"1","0.1","1","true","true","true","true","true","false","false","1","0.1","0","0.25","0.25","75","50","75","99","50","25","0.5","10","2.5","2","60","1.6","0.4","20.5","6.7","16","8.21","365","14","2","0","0","299","299","326","56977","19","1088","1388","30212","316","73696","true","17918","92","138","86","14899","16181","1912"
"1","0.1","1","true","true","true","true","true","false","false","1","0.1","0","0.25","0.25","75","50","75","99","50","25","0.5","10","2.5","2","60","1.6","0.4","20.5","6.7","16","8.21","365","14","2","0","0","299","299","327","56971","19","1045","1272","30375","318","73709","true","17893","92","140","86","14903","16185","1912"
"1","0.1","1","true","true","true","true","true","false","false","1","0.1","0","0.25","0.25","75","50","75","99","50","25","0.5","10","2.5","2","60","1.6","0.4","20.5","6.7","16","8.21","365","14","2","0","0","299","299","328","56967","16","999","1168","30531","319","73719","true","17867","92","141","86","14906","16191","1912"
"1","0.1","1","true","true","true","true","true","false","false","1","0.1","0","0.25","0.25","75","50","75","99","50","25","0.5","10","2.5","2","60","1.6","0.4","20.5","6.7","16","8.21","365","14","2","0","0","299","299","329","56965","13","944","1087","30667","324","73732","true","17840","92","142","90","14907","16195","1912"
"1","0.1","1","true","true","true","true","true","false","false","1","0.1","0","0.25","0.25","75","50","75","99","50","25","0.5","10","2.5","2","60","1.6","0.4","20.5","6.7","16","8.21","365","14","2","0","0","299","299","330","56960","15","878","980","30842","325","10046","false","17807","92","143","90","14908","16200","1912"
"1","0.1","1","true","true","true","true","true","false","false","1","0.1","0","0.25","0.25","75","50","75","99","50","25","0.5","10","2.5","2","60","1.6","0.4","20.5","6.7","16","8.21","365","14","2","0","0","299","299","331","56587","385","804","879","31020","325","15038","false","422477","92","143","90","14911","16202","1912"
"1","0.1","1","true","true","true","true","true","false","false","1","0.1","0","0.25","0.25","75","50","75","99","50","25","0.5","10","2.5","2","60","1.6","0.4","20.5","6.7","16","8.21","365","14","2","0","0","299","299","332","56316","624","737","813","31182","328","17060","false","371682","93","145","90","14922","16213","1915"
"1","0.1","1","true","true","true","true","true","false","false","1","0.1","0","0.25","0.25","75","50","75","99","50","25","0.5","10","2.5","2","60","1.6","0.4","20.5","6.7","16","8.21","365","14","2","0","0","299","299","333","56077","789","668","815","31320","331","18054","false","351938","94","146","91","14941","16231","1927"
"1","0.1","1","true","true","true","true","true","false","false","1","0.1","0","0.25","0.25","75","50","75","99","50","25","0.5","10","2.5","2","60","1.6","0.4","20.5","6.7","16","8.21","365","14","2","0","0","299","299","334","55887","850","611","863","31457","332","18525","false","342468","94","146","92","14970","16262","1946"
"1","0.1","1","true","true","true","true","true","false","false","1","0.1","0","0.25","0.25","75","50","75","99","50","25","0.5","10","2.5","2","60","1.6","0.4","20.5","6.7","16","8.21","365","14","2","0","0","299","299","335","55693","851","553","955","31616","332","18803","false","338026","94","146","92","15017","16329","1966"
"1","0.1","1","true","true","true","true","true","false","false","1","0.1","0","0.25","0.25","75","50","75","99","50","25","0.5","10","2.5","2","60","1.6","0.4","20.5","6.7","16","8.21","365","14","2","0","0","299","299","336","55496","864","523","1045","31740","332","18972","false","335380","94","146","92","15075","16398","1981"
"1","0.1","1","true","true","true","true","true","false","false","1","0.1","0","0.25","0.25","75","50","75","99","50","25","0.5","10","2.5","2","60","1.6","0.4","20.5","6.7","16","8.21","365","14","2","0","0","299","299","337","55301","852","515","1141","31859","332","19101","false","333773","94","146","92","15155","16472","2001"
"1","0.1","1","true","true","true","true","true","false","false","1","0.1","0","0.25","0.25","75","50","75","99","50","25","0.5","10","2.5","2","60","1.6","0.4","20.5","6.7","16","8.21","365","14","2","0","0","299","299","338","55116","838","534","1200","31980","332","19295","false","332605","94","146","92","15234","16563","2024"
"1","0.1","1","true","true","true","true","true","false","false","1","0.1","0","0.25","0.25","75","50","75","99","50","25","0.5","10","2.5","2","60","1.6","0.4","20.5","6.7","16","8.21","365","14","2","0","0","299","299","339","54952","798","551","1280","32087","332","19466","false","331103","94","146","92","15309","16656","2041"
"1","0.1","1","true","true","true","true","true","false","false","1","0.1","0","0.25","0.25","75","50","75","99","50","25","0.5","10","2.5","2","60","1.6","0.4","20.5","6.7","16","8.21","365","14","2","0","0","299","299","340","54775","789","578","1346","32179","333","19602","false","329733","94","147","92","15391","16740","2048"
"1","0.1","1","true","true","true","true","true","false","false","1","0.1","0","0.25","0.25","75","50","75","99","50","25","0.5","10","2.5","2","60","1.6","0.4","20.5","6.7","16","8.21","365","14","2","0","0","299","299","341","54618","751","635","1409","32253","334","19792","false","328654","94","147","93","15484","16855","2057"
"1","0.1","1","true","true","true","true","true","false","false","1","0.1","0","0.25","0.25","75","50","75","99","50","25","0.5","10","2.5","2","60","1.6","0.4","20.5","6.7","16","8.21","365","14","2","0","0","299","299","342","54471","708","685","1489","32313","334","19921","false","327225","94","147","93","15570","16960","2062"
"1","0.1","1","true","true","true","true","true","false","false","1","0.1","0","0.25","0.25","75","50","75","99","50","25","0.5","10","2.5","2","60","1.6","0.4","20.5","6.7","16","8.21","365","14","2","0","0","299","299","343","54308","685","736","1560","32377","334","20026","false","326318","94","147","93","15663","17045","2066"
"1","0.1","1","true","true","true","true","true","false","false","1","0.1","0","0.25","0.25","75","50","75","99","50","25","0.5","10","2.5","2","60","1.6","0.4","20.5","6.7","16","8.21","365","14","2","0","0","299","299","344","54111","721","772","1622","32439","335","20145","false","325620","94","147","94","15739","17133","2071"
"1","0.1","1","true","true","true","true","true","false","false","1","0.1","0","0.25","0.25","75","50","75","99","50","25","0.5","10","2.5","2","60","1.6","0.4","20.5","6.7","16","8.21","365","14","2","0","0","299","299","345","53955","724","823","1683","32480","335","20259","false","324806","94","147","94","15810","17217","2077"
"1","0.1","1","true","true","true","true","true","false","false","1","0.1","0","0.25","0.25","75","50","75","99","50","25","0.5","10","2.5","2","60","1.6","0.4","20.5","6.7","16","8.21","365","14","2","0","0","299","299","346","53801","711","889","1744","32520","335","20352","false","323990","94","147","94","15892","17321","2080"
"1","0.1","1","true","true","true","true","true","false","false","1","0.1","0","0.25","0.25","75","50","75","99","50","25","0.5","10","2.5","2","60","1.6","0.4","20.5","6.7","16","8.21","365","14","2","0","0","299","299","347","53638","703","934","1832","32558","335","72987","true","323233","94","147","94","15980","17408","2087"
"1","0.1","1","true","true","true","true","true","false","false","1","0.1","0","0.25","0.25","75","50","75","99","50","25","0.5","10","2.5","2","60","1.6","0.4","20.5","6.7","16","8.21","365","14","2","0","0","299","299","348","53630","527","974","1937","32594","338","73065","true","19133","95","149","94","16063","17500","2092"
"1","0.1","1","true","true","true","true","true","false","false","1","0.1","0","0.25","0.25","75","50","75","99","50","25","0.5","10","2.5","2","60","1.6","0.4","20.5","6.7","16","8.21","365","14","2","0","0","299","299","349","53621","378","1032","2001","32628","340","73113","true","19002","96","150","94","16135","17589","2101"
"1","0.1","1","true","true","true","true","true","false","false","1","0.1","0","0.25","0.25","75","50","75","99","50","25","0.5","10","2.5","2","60","1.6","0.4","20.5","6.7","16","8.21","365","14","2","0","0","299","299","350","53609","258","1070","2029","32693","341","73170","true","18931","96","151","94","16206","17656","2102"
"1","0.1","1","true","true","true","true","true","false","false","1","0.1","0","0.25","0.25","75","50","75","99","50","25","0.5","10","2.5","2","60","1.6","0.4","20.5","6.7","16","8.21","365","14","2","0","0","299","299","351","53597","190","1108","2011","32753","341","73232","true","18843","96","151","94","16257","17700","2104"
"1","0.1","1","true","true","true","true","true","false","false","1","0.1","0","0.25","0.25","75","50","75","99","50","25","0.5","10","2.5","2","60","1.6","0.4","20.5","6.7","16","8.21","365","14","2","0","0","299","299","352","53593","128","1147","1968","32823","341","73283","true","18743","96","151","94","16300","17756","2106"
"1","0.1","1","true","true","true","true","true","false","false","1","0.1","0","0.25","0.25","75","50","75","99","50","25","0.5","10","2.5","2","60","1.6","0.4","20.5","6.7","16","8.21","365","14","2","0","0","299","299","353","53580","92","1180","1912","32894","342","73331","true","18683","96","151","95","16337","17800","2111"
"1","0.1","1","true","true","true","true","true","false","false","1","0.1","0","0.25","0.25","75","50","75","99","50","25","0.5","10","2.5","2","60","1.6","0.4","20.5","6.7","16","8.21","365","14","2","0","0","299","299","354","53577","53","1182","1866","32980","342","73376","true","18616","96","151","95","16361","17829","2111"
"1","0.1","1","true","true","true","true","true","false","false","1","0.1","0","0.25","0.25","75","50","75","99","50","25","0.5","10","2.5","2","60","1.6","0.4","20.5","6.7","16","8.21","365","14","2","0","0","299","299","355","53571","45","1180","1780","33079","345","73413","true","18544","96","152","97","16384","17843","2114"
"1","0.1","1","true","true","true","true","true","false","false","1","0.1","0","0.25","0.25","75","50","75","99","50","25","0.5","10","2.5","2","60","1.6","0.4","20.5","6.7","16","8.21","365","14","2","0","0","299","299","356","53569","35","1151","1712","33185","348","73443","true","18491","96","153","99","16394","17851","2114"
"1","0.1","1","true","true","true","true","true","false","false","1","0.1","0","0.25","0.25","75","50","75","99","50","25","0.5","10","2.5","2","60","1.6","0.4","20.5","6.7","16","8.21","365","14","2","0","0","299","299","357","53566","22","1140","1631","33292","349","73470","true","18440","96","153","100","16409","17872","2115"
"1","0.1","1","true","true","true","true","true","false","false","1","0.1","0","0.25","0.25","75","50","75","99","50","25","0.5","10","2.5","2","60","1.6","0.4","20.5","6.7","16","8.21","365","14","2","0","0","299","299","358","53563","22","1105","1557","33403","350","73482","true","18398","96","154","100","16414","17877","2115"
"1","0.1","1","true","true","true","true","true","false","false","1","0.1","0","0.25","0.25","75","50","75","99","50","25","0.5","10","2.5","2","60","1.6","0.4","20.5","6.7","16","8.21","365","14","2","0","0","299","299","359","53561","15","1071","1472","33530","351","73504","true","18378","96","155","100","16420","17882","2115"
"1","0.1","1","true","true","true","true","true","false","false","1","0.1","0","0.25","0.25","75","50","75","99","50","25","0.5","10","2.5","2","60","1.6","0.4","20.5","6.7","16","8.21","365","14","2","0","0","299","299","360","53556","16","1010","1384","33682","352","73512","true","18342","97","155","100","16421","17884","2115"
"1","0.1","1","true","true","true","true","true","false","false","1","0.1","0","0.25","0.25","75","50","75","99","50","25","0.5","10","2.5","2","60","1.6","0.4","20.5","6.7","16","8.21","365","14","2","0","0","299","299","361","53554","13","953","1299","33826","355","73517","true","18333","98","156","101","16425","17884","2115"
"1","0.1","1","true","true","true","true","true","false","false","1","0.1","0","0.25","0.25","75","50","75","99","50","25","0.5","10","2.5","2","60","1.6","0.4","20.5","6.7","16","8.21","365","14","2","0","0","299","299","362","53552","10","908","1199","33976","355","73530","true","18328","98","156","101","16429","17887","2115"
"1","0.1","1","true","true","true","true","true","false","false","1","0.1","0","0.25","0.25","75","50","75","99","50","25","0.5","10","2.5","2","60","1.6","0.4","20.5","6.7","16","8.21","365","14","2","0","0","299","299","363","53547","13","860","1109","34116","355","9889","false","18310","98","156","101","16430","17888","2115"
"1","0.1","1","true","true","true","true","true","false","false","1","0.1","0","0.25","0.25","75","50","75","99","50","25","0.5","10","2.5","2","60","1.6","0.4","20.5","6.7","16","8.21","365","14","2","0","0","299","299","364","53186","373","801","1012","34271","357","14793","false","424006","99","157","101","16431","17889","2115"
"1","0.1","1","true","true","true","true","true","false","false","1","0.1","0","0.25","0.25","75","50","75","99","50","25","0.5","10","2.5","2","60","1.6","0.4","20.5","6.7","16","8.21","365","14","2","0","0","299","299","365","52936","591","740","938","34435","360","16889","false","373892","100","158","102","16438","17898","2124"
