"BehaviorSpace results (NetLogo 6.1.1)"
"model.nlogo"
"is-sar-ld"
"07/06/2020 15:45:01:575 +0100"
"min-pxcor","max-pxcor","min-pycor","max-pycor"
"0","49","0","49"
"[run number]","initial-inf","duration","imposed-lockdown?","personal-protection?","isolate-symptomatics?","test-and-trace?","shield-at-risk?","closed-system?","lockdown-threshold","protection-threshold","isolate-threshold","testtrace-threshold","shield-threshold","lockdown-strictness","protection-strength","isolation-strictness","travel-strictness","shield-adherance","sym-test-coverage","asym-test-coverage","p-infect-init","p-death","z-contact-min","asym-infections","incubation-mean","incubation-stdev","recovery-mean","recovery-stdev","death-mean","death-stdev","immunity-mean","iso-countdown-max","mean-iso-reduction","min-pxcor","min-pycor","max-pxcor","max-pycor","[step]","count susceptibles","count latents","count symptomatics","count asymptomatics","count recovereds","count deads","count.locked","currently-locked?","num-contacts","dead-0-29","dead-30-59","dead-60+","count-infecteds-0-29","count-infecteds-30-59","count-infecteds-60+"
"1","0.1","3","true","false","true","false","true","false","0.5","1","0.25","1","0.25","75","0","75","100","75","0","0","30","2.5","2","60","1.6","0.4","20.5","6.7","16","8.21","365","14","1","0","0","299","299","0","89910","90","0","0","0","0","0","false","0","0","0","0","0","0","0"
"1","0.1","3","true","false","true","false","true","false","0.5","1","0.25","1","0.25","75","0","75","100","75","0","0","30","2.5","2","60","1.6","0.4","20.5","6.7","16","8.21","365","14","1","0","0","299","299","1","89583","417","0","0","0","0","0","false","538572","0","0","0","0","0","0"
"1","0.1","3","true","false","true","false","true","false","0.5","1","0.25","1","0.25","75","0","75","100","75","0","0","30","2.5","2","60","1.6","0.4","20.5","6.7","16","8.21","365","14","1","0","0","299","299","2","88636","1362","1","1","0","0","0","false","538572","0","0","0","1","1","0"
"1","0.1","3","true","false","true","false","true","false","0.5","1","0.25","1","0.25","75","0","75","100","75","0","0","30","2.5","2","60","1.6","0.4","20.5","6.7","16","8.21","365","14","1","0","0","299","299","3","86746","3248","3","3","0","0","0","false","538572","0","0","0","1","3","2"
"1","0.1","3","true","false","true","false","true","false","0.5","1","0.25","1","0.25","75","0","75","100","75","0","0","30","2.5","2","60","1.6","0.4","20.5","6.7","16","8.21","365","14","1","0","0","299","299","4","84001","5969","15","15","0","0","0","false","538572","0","0","0","13","13","4"
"1","0.1","3","true","false","true","false","true","false","0.5","1","0.25","1","0.25","75","0","75","100","75","0","0","30","2.5","2","60","1.6","0.4","20.5","6.7","16","8.21","365","14","1","0","0","299","299","5","80345","9504","62","89","0","0","0","false","538572","0","0","0","53","72","26"
"1","0.1","3","true","false","true","false","true","false","0.5","1","0.25","1","0.25","75","0","75","100","75","0","0","30","2.5","2","60","1.6","0.4","20.5","6.7","16","8.21","365","14","1","0","0","299","299","6","75884","13658","188","270","0","0","0","false","538572","0","0","0","170","193","95"
"1","0.1","3","true","false","true","false","true","false","0.5","1","0.25","1","0.25","75","0","75","100","75","0","0","30","2.5","2","60","1.6","0.4","20.5","6.7","16","8.21","365","14","1","0","0","299","299","7","70517","18374","430","679","0","0","12703","false","538572","0","0","0","412","470","227"
"1","0.1","3","true","false","true","false","true","false","0.5","1","0.25","1","0.25","75","0","75","100","75","0","0","30","2.5","2","60","1.6","0.4","20.5","6.7","16","8.21","365","14","1","0","0","299","299","8","65586","22077","943","1394","0","0","71382","true","399387","0","0","0","860","950","527"
"1","0.1","3","true","false","true","false","true","false","0.5","1","0.25","1","0.25","75","0","75","100","75","0","0","30","2.5","2","60","1.6","0.4","20.5","6.7","16","8.21","365","14","1","0","0","299","299","9","65162","20620","1704","2514","0","0","71732","true","23226","0","0","0","1559","1678","981"
"1","0.1","3","true","false","true","false","true","false","0.5","1","0.25","1","0.25","75","0","75","100","75","0","0","30","2.5","2","60","1.6","0.4","20.5","6.7","16","8.21","365","14","1","0","0","299","299","10","64794","18365","2731","4110","0","0","72027","true","22357","0","0","0","2495","2752","1594"
"1","0.1","3","true","false","true","false","true","false","0.5","1","0.25","1","0.25","75","0","75","100","75","0","0","30","2.5","2","60","1.6","0.4","20.5","6.7","16","8.21","365","14","1","0","0","299","299","11","64483","15207","4115","6195","0","0","72369","true","21566","0","0","0","3747","4166","2397"
"1","0.1","3","true","false","true","false","true","false","0.5","1","0.25","1","0.25","75","0","75","100","75","0","0","30","2.5","2","60","1.6","0.4","20.5","6.7","16","8.21","365","14","1","0","0","299","299","12","64201","11773","5627","8399","0","0","72768","true","20773","0","0","0","5189","5671","3166"
"1","0.1","3","true","false","true","false","true","false","0.5","1","0.25","1","0.25","75","0","75","100","75","0","0","30","2.5","2","60","1.6","0.4","20.5","6.7","16","8.21","365","14","1","0","0","299","299","13","63993","8476","6985","10546","0","0","73117","true","19865","0","0","0","6614","7136","3781"
"1","0.1","3","true","false","true","false","true","false","0.5","1","0.25","1","0.25","75","0","75","100","75","0","0","30","2.5","2","60","1.6","0.4","20.5","6.7","16","8.21","365","14","1","0","0","299","299","14","63809","5979","8081","12131","0","0","73442","true","19066","0","0","0","7670","8336","4206"
"1","0.1","3","true","false","true","false","true","false","0.5","1","0.25","1","0.25","75","0","75","100","75","0","0","30","2.5","2","60","1.6","0.4","20.5","6.7","16","8.21","365","14","1","0","0","299","299","15","63657","4143","8852","13348","0","0","73708","true","18358","0","0","0","8459","9263","4478"
"1","0.1","3","true","false","true","false","true","false","0.5","1","0.25","1","0.25","75","0","75","100","75","0","0","30","2.5","2","60","1.6","0.4","20.5","6.7","16","8.21","365","14","1","0","0","299","299","16","63530","2883","9409","14175","0","3","73918","true","17794","0","1","2","9044","9886","4657"
"1","0.1","3","true","false","true","false","true","false","0.5","1","0.25","1","0.25","75","0","75","100","75","0","0","30","2.5","2","60","1.6","0.4","20.5","6.7","16","8.21","365","14","1","0","0","299","299","17","63396","2110","9757","14728","1","8","74087","true","17307","1","2","5","9439","10291","4764"
"1","0.1","3","true","false","true","false","true","false","0.5","1","0.25","1","0.25","75","0","75","100","75","0","0","30","2.5","2","60","1.6","0.4","20.5","6.7","16","8.21","365","14","1","0","0","299","299","18","63291","1615","9973","15105","1","15","74206","true","16981","2","2","11","9710","10567","4817"
"1","0.1","3","true","false","true","false","true","false","0.5","1","0.25","1","0.25","75","0","75","100","75","0","0","30","2.5","2","60","1.6","0.4","20.5","6.7","16","8.21","365","14","1","0","0","299","299","19","63186","1281","10136","15370","4","23","74299","true","16710","2","3","18","9930","10748","4855"
"1","0.1","3","true","false","true","false","true","false","0.5","1","0.25","1","0.25","75","0","75","100","75","0","0","30","2.5","2","60","1.6","0.4","20.5","6.7","16","8.21","365","14","1","0","0","299","299","20","63114","1013","10253","15543","34","43","74383","true","16484","4","9","30","10080","10918","4875"
"1","0.1","3","true","false","true","false","true","false","0.5","1","0.25","1","0.25","75","0","75","100","75","0","0","30","2.5","2","60","1.6","0.4","20.5","6.7","16","8.21","365","14","1","0","0","299","299","21","63049","846","10303","15644","100","58","74440","true","16266","5","15","38","10181","11040","4884"
"1","0.1","3","true","false","true","false","true","false","0.5","1","0.25","1","0.25","75","0","75","100","75","0","0","30","2.5","2","60","1.6","0.4","20.5","6.7","16","8.21","365","14","1","0","0","299","299","22","62975","734","10299","15677","236","79","74485","true","16117","6","20","53","10275","11130","4886"
"1","0.1","3","true","false","true","false","true","false","0.5","1","0.25","1","0.25","75","0","75","100","75","0","0","30","2.5","2","60","1.6","0.4","20.5","6.7","16","8.21","365","14","1","0","0","299","299","23","62918","635","10219","15600","528","100","74512","true","15986","9","24","67","10346","11211","4890"
"1","0.1","3","true","false","true","false","true","false","0.5","1","0.25","1","0.25","75","0","75","100","75","0","0","30","2.5","2","60","1.6","0.4","20.5","6.7","16","8.21","365","14","1","0","0","299","299","24","62864","547","10096","15421","963","109","74555","true","15882","9","27","73","10406","11287","4896"
"1","0.1","3","true","false","true","false","true","false","0.5","1","0.25","1","0.25","75","0","75","100","75","0","0","30","2.5","2","60","1.6","0.4","20.5","6.7","16","8.21","365","14","1","0","0","299","299","25","62815","484","9868","15066","1642","125","74579","true","15771","11","30","84","10464","11339","4898"
"1","0.1","3","true","false","true","false","true","false","0.5","1","0.25","1","0.25","75","0","75","100","75","0","0","30","2.5","2","60","1.6","0.4","20.5","6.7","16","8.21","365","14","1","0","0","299","299","26","62773","429","9510","14514","2629","145","74595","true","15675","13","32","100","10503","11394","4901"
"1","0.1","3","true","false","true","false","true","false","0.5","1","0.25","1","0.25","75","0","75","100","75","0","0","30","2.5","2","60","1.6","0.4","20.5","6.7","16","8.21","365","14","1","0","0","299","299","27","62736","381","9064","13842","3812","165","74611","true","15612","14","41","110","10541","11441","4901"
"1","0.1","3","true","false","true","false","true","false","0.5","1","0.25","1","0.25","75","0","75","100","75","0","0","30","2.5","2","60","1.6","0.4","20.5","6.7","16","8.21","365","14","1","0","0","299","299","28","62707","325","8573","13049","5157","189","74617","true","15548","16","47","126","10582","11485","4901"
"1","0.1","3","true","false","true","false","true","false","0.5","1","0.25","1","0.25","75","0","75","100","75","0","0","30","2.5","2","60","1.6","0.4","20.5","6.7","16","8.21","365","14","1","0","0","299","299","29","62672","292","8064","12284","6489","199","74638","true","15498","20","50","129","10615","11520","4901"
"1","0.1","3","true","false","true","false","true","false","0.5","1","0.25","1","0.25","75","0","75","100","75","0","0","30","2.5","2","60","1.6","0.4","20.5","6.7","16","8.21","365","14","1","0","0","299","299","30","62640","254","7509","11485","7898","214","74656","true","15429","21","55","138","10651","11554","4901"
"1","0.1","3","true","false","true","false","true","false","0.5","1","0.25","1","0.25","75","0","75","100","75","0","0","30","2.5","2","60","1.6","0.4","20.5","6.7","16","8.21","365","14","1","0","0","299","299","31","62620","226","6975","10624","9327","228","74660","true","15363","22","59","147","10678","11575","4901"
"1","0.1","3","true","false","true","false","true","false","0.5","1","0.25","1","0.25","75","0","75","100","75","0","0","30","2.5","2","60","1.6","0.4","20.5","6.7","16","8.21","365","14","1","0","0","299","299","32","62596","206","6435","9770","10748","245","74659","true","15331","23","65","157","10699","11598","4901"
"1","0.1","3","true","false","true","false","true","false","0.5","1","0.25","1","0.25","75","0","75","100","75","0","0","30","2.5","2","60","1.6","0.4","20.5","6.7","16","8.21","365","14","1","0","0","299","299","33","62576","185","5905","8864","12212","258","74666","true","15301","26","66","166","10719","11619","4901"
"1","0.1","3","true","false","true","false","true","false","0.5","1","0.25","1","0.25","75","0","75","100","75","0","0","30","2.5","2","60","1.6","0.4","20.5","6.7","16","8.21","365","14","1","0","0","299","299","34","62554","166","5327","8025","13658","270","74670","true","15259","28","69","173","10739","11640","4901"
"1","0.1","3","true","false","true","false","true","false","0.5","1","0.25","1","0.25","75","0","75","100","75","0","0","30","2.5","2","60","1.6","0.4","20.5","6.7","16","8.21","365","14","1","0","0","299","299","35","62537","150","4788","7205","15041","279","74678","true","15233","30","71","178","10759","11653","4901"
"1","0.1","3","true","false","true","false","true","false","0.5","1","0.25","1","0.25","75","0","75","100","75","0","0","30","2.5","2","60","1.6","0.4","20.5","6.7","16","8.21","365","14","1","0","0","299","299","36","62515","146","4227","6406","16420","286","74679","true","15195","30","72","184","10769","11669","4901"
"1","0.1","3","true","false","true","false","true","false","0.5","1","0.25","1","0.25","75","0","75","100","75","0","0","30","2.5","2","60","1.6","0.4","20.5","6.7","16","8.21","365","14","1","0","0","299","299","37","62500","134","3703","5657","17707","299","74678","true","15176","32","75","192","10784","11681","4901"
"1","0.1","3","true","false","true","false","true","false","0.5","1","0.25","1","0.25","75","0","75","100","75","0","0","30","2.5","2","60","1.6","0.4","20.5","6.7","16","8.21","365","14","1","0","0","299","299","38","62488","123","3232","4937","18915","305","74680","true","15160","32","80","193","10799","11689","4901"
"1","0.1","3","true","false","true","false","true","false","0.5","1","0.25","1","0.25","75","0","75","100","75","0","0","30","2.5","2","60","1.6","0.4","20.5","6.7","16","8.21","365","14","1","0","0","299","299","39","62477","108","2794","4244","20060","317","74682","true","15137","34","84","199","10805","11709","4901"
"1","0.1","3","true","false","true","false","true","false","0.5","1","0.25","1","0.25","75","0","75","100","75","0","0","30","2.5","2","60","1.6","0.4","20.5","6.7","16","8.21","365","14","1","0","0","299","299","40","62463","100","2403","3608","21104","322","74688","true","15105","34","87","201","10815","11721","4901"
"1","0.1","3","true","false","true","false","true","false","0.5","1","0.25","1","0.25","75","0","75","100","75","0","0","30","2.5","2","60","1.6","0.4","20.5","6.7","16","8.21","365","14","1","0","0","299","299","41","62448","90","2038","3084","22008","332","74690","true","15082","37","92","203","10827","11734","4901"
"1","0.1","3","true","false","true","false","true","false","0.5","1","0.25","1","0.25","75","0","75","100","75","0","0","30","2.5","2","60","1.6","0.4","20.5","6.7","16","8.21","365","14","1","0","0","299","299","42","62435","88","1714","2594","22831","338","74689","true","15057","37","94","207","10833","11743","4901"
"1","0.1","3","true","false","true","false","true","false","0.5","1","0.25","1","0.25","75","0","75","100","75","0","0","30","2.5","2","60","1.6","0.4","20.5","6.7","16","8.21","365","14","1","0","0","299","299","43","62420","85","1451","2134","23564","346","74690","true","15046","41","94","211","10839","11755","4901"
"1","0.1","3","true","false","true","false","true","false","0.5","1","0.25","1","0.25","75","0","75","100","75","0","0","30","2.5","2","60","1.6","0.4","20.5","6.7","16","8.21","365","14","1","0","0","299","299","44","62417","74","1211","1762","24187","349","74690","true","15027","41","95","213","10847","11761","4901"
"1","0.1","3","true","false","true","false","true","false","0.5","1","0.25","1","0.25","75","0","75","100","75","0","0","30","2.5","2","60","1.6","0.4","20.5","6.7","16","8.21","365","14","1","0","0","299","299","45","62407","74","1020","1472","24674","353","74692","true","15020","42","96","215","10853","11765","4901"
"1","0.1","3","true","false","true","false","true","false","0.5","1","0.25","1","0.25","75","0","75","100","75","0","0","30","2.5","2","60","1.6","0.4","20.5","6.7","16","8.21","365","14","1","0","0","299","299","46","62400","68","844","1239","25092","357","74689","true","15011","42","98","217","10860","11771","4901"
"1","0.1","3","true","false","true","false","true","false","0.5","1","0.25","1","0.25","75","0","75","100","75","0","0","30","2.5","2","60","1.6","0.4","20.5","6.7","16","8.21","365","14","1","0","0","299","299","47","62392","65","702","1044","25439","358","74694","true","15007","42","98","218","10862","11780","4901"
"1","0.1","3","true","false","true","false","true","false","0.5","1","0.25","1","0.25","75","0","75","100","75","0","0","30","2.5","2","60","1.6","0.4","20.5","6.7","16","8.21","365","14","1","0","0","299","299","48","62388","56","573","862","25763","358","74698","true","14997","42","98","218","10865","11790","4901"
"1","0.1","3","true","false","true","false","true","false","0.5","1","0.25","1","0.25","75","0","75","100","75","0","0","30","2.5","2","60","1.6","0.4","20.5","6.7","16","8.21","365","14","1","0","0","299","299","49","62383","46","477","710","26026","358","74704","true","14986","42","98","218","10874","11796","4901"
"1","0.1","3","true","false","true","false","true","false","0.5","1","0.25","1","0.25","75","0","75","100","75","0","0","30","2.5","2","60","1.6","0.4","20.5","6.7","16","8.21","365","14","1","0","0","299","299","50","62375","45","393","595","26232","360","12014","false","14972","42","100","218","10880","11799","4901"
"1","0.1","3","true","false","true","false","true","false","0.5","1","0.25","1","0.25","75","0","75","100","75","0","0","30","2.5","2","60","1.6","0.4","20.5","6.7","16","8.21","365","14","1","0","0","299","299","51","61098","1317","334","498","26393","360","14870","false","402786","42","100","218","10882","11802","4901"
"1","0.1","3","true","false","true","false","true","false","0.5","1","0.25","1","0.25","75","0","75","100","75","0","0","30","2.5","2","60","1.6","0.4","20.5","6.7","16","8.21","365","14","1","0","0","299","299","52","59039","3368","292","417","26522","362","15585","false","375169","44","100","218","10886","11806","4901"
"1","0.1","3","true","false","true","false","true","false","0.5","1","0.25","1","0.25","75","0","75","100","75","0","0","30","2.5","2","60","1.6","0.4","20.5","6.7","16","8.21","365","14","1","0","0","299","299","53","56497","5901","269","362","26608","363","15741","false","368454","44","100","219","10891","11810","4901"
"1","0.1","3","true","false","true","false","true","false","0.5","1","0.25","1","0.25","75","0","75","100","75","0","0","30","2.5","2","60","1.6","0.4","20.5","6.7","16","8.21","365","14","1","0","0","299","299","54","53624","8703","270","349","26691","363","15800","false","367015","44","100","219","10926","11839","4908"
"1","0.1","3","true","false","true","false","true","false","0.5","1","0.25","1","0.25","75","0","75","100","75","0","0","30","2.5","2","60","1.6","0.4","20.5","6.7","16","8.21","365","14","1","0","0","299","299","55","50524","11520","365","471","26757","363","15925","false","366457","44","100","219","11050","11976","4930"
"1","0.1","3","true","false","true","false","true","false","0.5","1","0.25","1","0.25","75","0","75","100","75","0","0","30","2.5","2","60","1.6","0.4","20.5","6.7","16","8.21","365","14","1","0","0","299","299","56","47252","14120","613","835","26817","363","71398","true","365273","44","100","219","11359","12300","4969"
"1","0.1","3","true","false","true","false","true","false","0.5","1","0.25","1","0.25","75","0","75","100","75","0","0","30","2.5","2","60","1.6","0.4","20.5","6.7","16","8.21","365","14","1","0","0","299","299","57","47011","13140","1077","1540","26869","363","71520","true","22297","44","100","219","11901","12943","5005"
"1","0.1","3","true","false","true","false","true","false","0.5","1","0.25","1","0.25","75","0","75","100","75","0","0","30","2.5","2","60","1.6","0.4","20.5","6.7","16","8.21","365","14","1","0","0","299","299","58","46779","11662","1801","2480","26914","364","71689","true","22043","44","101","219","12697","13822","5040"
"1","0.1","3","true","false","true","false","true","false","0.5","1","0.25","1","0.25","75","0","75","100","75","0","0","30","2.5","2","60","1.6","0.4","20.5","6.7","16","8.21","365","14","1","0","0","299","299","59","46598","9701","2647","3739","26951","364","71887","true","21671","44","101","219","13729","14909","5063"
"1","0.1","3","true","false","true","false","true","false","0.5","1","0.25","1","0.25","75","0","75","100","75","0","0","30","2.5","2","60","1.6","0.4","20.5","6.7","16","8.21","365","14","1","0","0","299","299","60","46441","7406","3608","5197","26984","364","72122","true","21259","44","101","219","14904","16167","5082"
"1","0.1","3","true","false","true","false","true","false","0.5","1","0.25","1","0.25","75","0","75","100","75","0","0","30","2.5","2","60","1.6","0.4","20.5","6.7","16","8.21","365","14","1","0","0","299","299","61","46294","5313","4504","6512","27013","364","72350","true","20823","44","101","219","15992","17306","5095"
"1","0.1","3","true","false","true","false","true","false","0.5","1","0.25","1","0.25","75","0","75","100","75","0","0","30","2.5","2","60","1.6","0.4","20.5","6.7","16","8.21","365","14","1","0","0","299","299","62","46182","3717","5160","7541","27036","364","72542","true","20391","44","101","219","16787","18215","5099"
"1","0.1","3","true","false","true","false","true","false","0.5","1","0.25","1","0.25","75","0","75","100","75","0","0","30","2.5","2","60","1.6","0.4","20.5","6.7","16","8.21","365","14","1","0","0","299","299","63","46079","2567","5615","8316","27059","364","72700","true","19978","44","101","219","17383","18871","5100"
"1","0.1","3","true","false","true","false","true","false","0.5","1","0.25","1","0.25","75","0","75","100","75","0","0","30","2.5","2","60","1.6","0.4","20.5","6.7","16","8.21","365","14","1","0","0","299","299","64","45985","1802","5951","8816","27082","364","72817","true","19659","44","101","219","17784","19326","5103"
"1","0.1","3","true","false","true","false","true","false","0.5","1","0.25","1","0.25","75","0","75","100","75","0","0","30","2.5","2","60","1.6","0.4","20.5","6.7","16","8.21","365","14","1","0","0","299","299","65","45908","1349","6169","9112","27097","365","72931","true","19446","44","101","220","18023","19616","5104"
"1","0.1","3","true","false","true","false","true","false","0.5","1","0.25","1","0.25","75","0","75","100","75","0","0","30","2.5","2","60","1.6","0.4","20.5","6.7","16","8.21","365","14","1","0","0","299","299","66","45844","1024","6313","9334","27117","368","73019","true","19197","47","101","220","18211","19817","5104"
"1","0.1","3","true","false","true","false","true","false","0.5","1","0.25","1","0.25","75","0","75","100","75","0","0","30","2.5","2","60","1.6","0.4","20.5","6.7","16","8.21","365","14","1","0","0","299","299","67","45802","761","6432","9501","27135","369","73088","true","19016","47","101","221","18355","19978","5104"
"1","0.1","3","true","false","true","false","true","false","0.5","1","0.25","1","0.25","75","0","75","100","75","0","0","30","2.5","2","60","1.6","0.4","20.5","6.7","16","8.21","365","14","1","0","0","299","299","68","45742","607","6517","9619","27144","371","73145","true","18888","48","102","221","18464","20082","5105"
"1","0.1","3","true","false","true","false","true","false","0.5","1","0.25","1","0.25","75","0","75","100","75","0","0","30","2.5","2","60","1.6","0.4","20.5","6.7","16","8.21","365","14","1","0","0","299","299","69","45704","492","6552","9700","27175","377","73179","true","18759","48","107","222","18534","20165","5105"
"1","0.1","3","true","false","true","false","true","false","0.5","1","0.25","1","0.25","75","0","75","100","75","0","0","30","2.5","2","60","1.6","0.4","20.5","6.7","16","8.21","365","14","1","0","0","299","299","70","45673","415","6560","9722","27249","381","73212","true","18670","49","109","223","18592","20215","5105"
"1","0.1","3","true","false","true","false","true","false","0.5","1","0.25","1","0.25","75","0","75","100","75","0","0","30","2.5","2","60","1.6","0.4","20.5","6.7","16","8.21","365","14","1","0","0","299","299","71","45636","359","6523","9694","27398","390","73230","true","18594","50","116","224","18630","20270","5105"
"1","0.1","3","true","false","true","false","true","false","0.5","1","0.25","1","0.25","75","0","75","100","75","0","0","30","2.5","2","60","1.6","0.4","20.5","6.7","16","8.21","365","14","1","0","0","299","299","72","45607","301","6437","9586","27676","393","73252","true","18536","51","118","224","18667","20320","5105"
"1","0.1","3","true","false","true","false","true","false","0.5","1","0.25","1","0.25","75","0","75","100","75","0","0","30","2.5","2","60","1.6","0.4","20.5","6.7","16","8.21","365","14","1","0","0","299","299","73","45577","260","6286","9422","28050","405","73266","true","18484","54","124","227","18702","20356","5105"
"1","0.1","3","true","false","true","false","true","false","0.5","1","0.25","1","0.25","75","0","75","100","75","0","0","30","2.5","2","60","1.6","0.4","20.5","6.7","16","8.21","365","14","1","0","0","299","299","74","45557","236","6072","9108","28615","412","73274","true","18429","56","129","227","18722","20380","5105"
"1","0.1","3","true","false","true","false","true","false","0.5","1","0.25","1","0.25","75","0","75","100","75","0","0","30","2.5","2","60","1.6","0.4","20.5","6.7","16","8.21","365","14","1","0","0","299","299","75","45539","197","5786","8669","29392","417","73291","true","18403","57","133","227","18752","20407","5105"
"1","0.1","3","true","false","true","false","true","false","0.5","1","0.25","1","0.25","75","0","75","100","75","0","0","30","2.5","2","60","1.6","0.4","20.5","6.7","16","8.21","365","14","1","0","0","299","299","76","45516","178","5439","8181","30266","420","73304","true","18353","57","136","227","18774","20427","5105"
"1","0.1","3","true","false","true","false","true","false","0.5","1","0.25","1","0.25","75","0","75","100","75","0","0","30","2.5","2","60","1.6","0.4","20.5","6.7","16","8.21","365","14","1","0","0","299","299","77","45496","158","5133","7707","31077","429","73311","true","18317","61","141","227","18796","20445","5105"
"1","0.1","3","true","false","true","false","true","false","0.5","1","0.25","1","0.25","75","0","75","100","75","0","0","30","2.5","2","60","1.6","0.4","20.5","6.7","16","8.21","365","14","1","0","0","299","299","78","45480","143","4806","7170","31970","431","73326","true","18281","61","143","227","18810","20462","5105"
"1","0.1","3","true","false","true","false","true","false","0.5","1","0.25","1","0.25","75","0","75","100","75","0","0","30","2.5","2","60","1.6","0.4","20.5","6.7","16","8.21","365","14","1","0","0","299","299","79","45468","120","4464","6665","32848","435","73338","true","18241","62","146","227","18821","20486","5105"
"1","0.1","3","true","false","true","false","true","false","0.5","1","0.25","1","0.25","75","0","75","100","75","0","0","30","2.5","2","60","1.6","0.4","20.5","6.7","16","8.21","365","14","1","0","0","299","299","80","45459","103","4122","6108","33768","440","73346","true","18207","62","151","227","18836","20497","5105"
"1","0.1","3","true","false","true","false","true","false","0.5","1","0.25","1","0.25","75","0","75","100","75","0","0","30","2.5","2","60","1.6","0.4","20.5","6.7","16","8.21","365","14","1","0","0","299","299","81","45450","90","3762","5587","34667","444","73352","true","18178","63","154","227","18846","20509","5105"
"1","0.1","3","true","false","true","false","true","false","0.5","1","0.25","1","0.25","75","0","75","100","75","0","0","30","2.5","2","60","1.6","0.4","20.5","6.7","16","8.21","365","14","1","0","0","299","299","82","45440","77","3404","5037","35591","451","73353","true","18160","65","157","229","18855","20523","5105"
"1","0.1","3","true","false","true","false","true","false","0.5","1","0.25","1","0.25","75","0","75","100","75","0","0","30","2.5","2","60","1.6","0.4","20.5","6.7","16","8.21","365","14","1","0","0","299","299","83","45430","73","3038","4511","36495","453","73359","true","18150","66","158","229","18858","20534","5105"
"1","0.1","3","true","false","true","false","true","false","0.5","1","0.25","1","0.25","75","0","75","100","75","0","0","30","2.5","2","60","1.6","0.4","20.5","6.7","16","8.21","365","14","1","0","0","299","299","84","45420","70","2657","3952","37444","457","73359","true","18132","67","161","229","18863","20542","5105"
"1","0.1","3","true","false","true","false","true","false","0.5","1","0.25","1","0.25","75","0","75","100","75","0","0","30","2.5","2","60","1.6","0.4","20.5","6.7","16","8.21","365","14","1","0","0","299","299","85","45419","57","2327","3445","38291","461","73363","true","18121","67","164","230","18869","20550","5105"
"1","0.1","3","true","false","true","false","true","false","0.5","1","0.25","1","0.25","75","0","75","100","75","0","0","30","2.5","2","60","1.6","0.4","20.5","6.7","16","8.21","365","14","1","0","0","299","299","86","45415","48","2025","3001","39046","465","73362","true","18105","69","166","230","18876","20556","5105"
"1","0.1","3","true","false","true","false","true","false","0.5","1","0.25","1","0.25","75","0","75","100","75","0","0","30","2.5","2","60","1.6","0.4","20.5","6.7","16","8.21","365","14","1","0","0","299","299","87","45413","40","1782","2596","39700","469","73362","true","18098","70","169","230","18882","20560","5105"
"1","0.1","3","true","false","true","false","true","false","0.5","1","0.25","1","0.25","75","0","75","100","75","0","0","30","2.5","2","60","1.6","0.4","20.5","6.7","16","8.21","365","14","1","0","0","299","299","88","45409","37","1548","2200","40337","469","73365","true","18094","70","169","230","18886","20563","5105"
"1","0.1","3","true","false","true","false","true","false","0.5","1","0.25","1","0.25","75","0","75","100","75","0","0","30","2.5","2","60","1.6","0.4","20.5","6.7","16","8.21","365","14","1","0","0","299","299","89","45405","31","1283","1856","40954","471","73370","true","18089","70","170","231","18891","20568","5105"
"1","0.1","3","true","false","true","false","true","false","0.5","1","0.25","1","0.25","75","0","75","100","75","0","0","30","2.5","2","60","1.6","0.4","20.5","6.7","16","8.21","365","14","1","0","0","299","299","90","45400","26","1092","1568","41443","471","73373","true","18075","70","170","231","18897","20572","5105"
"1","0.1","3","true","false","true","false","true","false","0.5","1","0.25","1","0.25","75","0","75","100","75","0","0","30","2.5","2","60","1.6","0.4","20.5","6.7","16","8.21","365","14","1","0","0","299","299","91","45398","24","914","1302","41889","473","73373","true","18070","70","172","231","18898","20575","5105"
"1","0.1","3","true","false","true","false","true","false","0.5","1","0.25","1","0.25","75","0","75","100","75","0","0","30","2.5","2","60","1.6","0.4","20.5","6.7","16","8.21","365","14","1","0","0","299","299","92","45397","22","765","1056","42285","475","73371","true","18066","70","173","232","18899","20577","5105"
"1","0.1","3","true","false","true","false","true","false","0.5","1","0.25","1","0.25","75","0","75","100","75","0","0","30","2.5","2","60","1.6","0.4","20.5","6.7","16","8.21","365","14","1","0","0","299","299","93","45395","23","630","865","42611","476","73370","true","18066","70","174","232","18899","20578","5105"
"1","0.1","3","true","false","true","false","true","false","0.5","1","0.25","1","0.25","75","0","75","100","75","0","0","30","2.5","2","60","1.6","0.4","20.5","6.7","16","8.21","365","14","1","0","0","299","299","94","45391","20","523","699","42890","477","73374","true","18066","71","174","232","18903","20581","5105"
"1","0.1","3","true","false","true","false","true","false","0.5","1","0.25","1","0.25","75","0","75","100","75","0","0","30","2.5","2","60","1.6","0.4","20.5","6.7","16","8.21","365","14","1","0","0","299","299","95","45389","16","434","595","43089","477","11749","false","18053","71","174","232","18905","20585","5105"
"1","0.1","3","true","false","true","false","true","false","0.5","1","0.25","1","0.25","75","0","75","100","75","0","0","30","2.5","2","60","1.6","0.4","20.5","6.7","16","8.21","365","14","1","0","0","299","299","96","44349","1054","354","494","43271","478","14601","false","404393","71","175","232","18906","20586","5105"
"1","0.1","3","true","false","true","false","true","false","0.5","1","0.25","1","0.25","75","0","75","100","75","0","0","30","2.5","2","60","1.6","0.4","20.5","6.7","16","8.21","365","14","1","0","0","299","299","97","42852","2550","286","392","43442","478","15292","false","376715","71","175","232","18906","20587","5105"
"1","0.1","3","true","false","true","false","true","false","0.5","1","0.25","1","0.25","75","0","75","100","75","0","0","30","2.5","2","60","1.6","0.4","20.5","6.7","16","8.21","365","14","1","0","0","299","299","98","41039","4360","233","322","43568","478","15464","false","370168","71","175","232","18907","20588","5106"
"1","0.1","3","true","false","true","false","true","false","0.5","1","0.25","1","0.25","75","0","75","100","75","0","0","30","2.5","2","60","1.6","0.4","20.5","6.7","16","8.21","365","14","1","0","0","299","299","99","39017","6339","209","286","43671","478","47","false","368580","71","175","232","18919","20612","5113"
"1","0.1","3","true","false","true","false","true","false","0.5","1","0.25","1","0.25","75","0","75","100","75","0","0","30","2.5","2","60","1.6","0.4","20.5","6.7","16","8.21","365","14","1","0","0","299","299","100","34114","11004","256","396","43751","479","9609","false","532294","71","176","232","19024","20725","5133"
"1","0.1","3","true","false","true","false","true","false","0.5","1","0.25","1","0.25","75","0","75","100","75","0","0","30","2.5","2","60","1.6","0.4","20.5","6.7","16","8.21","365","14","1","0","0","299","299","101","31032","13535","450","689","43815","479","11897","false","426980","71","176","232","19279","20979","5175"
"1","0.1","3","true","false","true","false","true","false","0.5","1","0.25","1","0.25","75","0","75","100","75","0","0","30","2.5","2","60","1.6","0.4","20.5","6.7","16","8.21","365","14","1","0","0","299","299","102","28605","15091","780","1176","43868","480","70246","true","404335","71","177","232","19686","21388","5230"
"1","0.1","3","true","false","true","false","true","false","0.5","1","0.25","1","0.25","75","0","75","100","75","0","0","30","2.5","2","60","1.6","0.4","20.5","6.7","16","8.21","365","14","1","0","0","299","299","103","28434","13936","1291","1958","43901","480","70414","true","25066","71","177","232","20259","21986","5385"
"1","0.1","3","true","false","true","false","true","false","0.5","1","0.25","1","0.25","75","0","75","100","75","0","0","30","2.5","2","60","1.6","0.4","20.5","6.7","16","8.21","365","14","1","0","0","299","299","104","28297","12060","2077","3150","43936","480","70620","true","24641","71","177","232","21008","22775","5860"
"1","0.1","3","true","false","true","false","true","false","0.5","1","0.25","1","0.25","75","0","75","100","75","0","0","30","2.5","2","60","1.6","0.4","20.5","6.7","16","8.21","365","14","1","0","0","299","299","105","28173","9702","3097","4588","43960","480","70883","true","24084","71","177","232","21855","23730","6540"
"1","0.1","3","true","false","true","false","true","false","0.5","1","0.25","1","0.25","75","0","75","100","75","0","0","30","2.5","2","60","1.6","0.4","20.5","6.7","16","8.21","365","14","1","0","0","299","299","106","28069","7253","4107","6111","43980","480","71132","true","23434","71","177","232","22827","24677","7174"
"1","0.1","3","true","false","true","false","true","false","0.5","1","0.25","1","0.25","75","0","75","100","75","0","0","30","2.5","2","60","1.6","0.4","20.5","6.7","16","8.21","365","14","1","0","0","299","299","107","27973","5089","5012","7442","44004","480","71352","true","22837","71","177","232","23650","25574","7714"
"1","0.1","3","true","false","true","false","true","false","0.5","1","0.25","1","0.25","75","0","75","100","75","0","0","30","2.5","2","60","1.6","0.4","20.5","6.7","16","8.21","365","14","1","0","0","299","299","108","27909","3447","5700","8441","44023","480","71534","true","22376","71","177","232","24278","26288","8078"
"1","0.1","3","true","false","true","false","true","false","0.5","1","0.25","1","0.25","75","0","75","100","75","0","0","30","2.5","2","60","1.6","0.4","20.5","6.7","16","8.21","365","14","1","0","0","299","299","109","27853","2219","6210","9203","44035","480","71704","true","21984","71","177","232","24787","26803","8338"
"1","0.1","3","true","false","true","false","true","false","0.5","1","0.25","1","0.25","75","0","75","100","75","0","0","30","2.5","2","60","1.6","0.4","20.5","6.7","16","8.21","365","14","1","0","0","299","299","110","27809","1473","6510","9680","44047","481","71798","true","21640","71","178","232","25100","27149","8469"
"1","0.1","3","true","false","true","false","true","false","0.5","1","0.25","1","0.25","75","0","75","100","75","0","0","30","2.5","2","60","1.6","0.4","20.5","6.7","16","8.21","365","14","1","0","0","299","299","111","27771","995","6716","9981","44055","482","71889","true","21447","72","178","232","25318","27368","8548"
"1","0.1","3","true","false","true","false","true","false","0.5","1","0.25","1","0.25","75","0","75","100","75","0","0","30","2.5","2","60","1.6","0.4","20.5","6.7","16","8.21","365","14","1","0","0","299","299","112","27742","707","6840","10166","44062","483","71952","true","21277","72","178","233","25454","27498","8599"
"1","0.1","3","true","false","true","false","true","false","0.5","1","0.25","1","0.25","75","0","75","100","75","0","0","30","2.5","2","60","1.6","0.4","20.5","6.7","16","8.21","365","14","1","0","0","299","299","113","27712","519","6911","10297","44073","488","71991","true","21137","72","179","237","25542","27599","8628"
"1","0.1","3","true","false","true","false","true","false","0.5","1","0.25","1","0.25","75","0","75","100","75","0","0","30","2.5","2","60","1.6","0.4","20.5","6.7","16","8.21","365","14","1","0","0","299","299","114","27680","399","6949","10379","44093","500","72010","true","21032","73","179","248","25604","27675","8642"
"1","0.1","3","true","false","true","false","true","false","0.5","1","0.25","1","0.25","75","0","75","100","75","0","0","30","2.5","2","60","1.6","0.4","20.5","6.7","16","8.21","365","14","1","0","0","299","299","115","27652","310","6973","10394","44160","511","72037","true","20974","73","182","256","25654","27731","8653"
"1","0.1","3","true","false","true","false","true","false","0.5","1","0.25","1","0.25","75","0","75","100","75","0","0","30","2.5","2","60","1.6","0.4","20.5","6.7","16","8.21","365","14","1","0","0","299","299","116","27635","249","6953","10356","44282","525","72056","true","20898","73","186","266","25691","27765","8660"
"1","0.1","3","true","false","true","false","true","false","0.5","1","0.25","1","0.25","75","0","75","100","75","0","0","30","2.5","2","60","1.6","0.4","20.5","6.7","16","8.21","365","14","1","0","0","299","299","117","27624","200","6864","10250","44528","534","72063","true","20825","73","189","272","25721","27792","8663"
"1","0.1","3","true","false","true","false","true","false","0.5","1","0.25","1","0.25","75","0","75","100","75","0","0","30","2.5","2","60","1.6","0.4","20.5","6.7","16","8.21","365","14","1","0","0","299","299","118","27612","163","6749","10087","44845","544","72073","true","20790","75","193","276","25737","27821","8667"
"1","0.1","3","true","false","true","false","true","false","0.5","1","0.25","1","0.25","75","0","75","100","75","0","0","30","2.5","2","60","1.6","0.4","20.5","6.7","16","8.21","365","14","1","0","0","299","299","119","27601","136","6546","9785","45380","552","72079","true","20755","76","196","280","25759","27837","8667"
"1","0.1","3","true","false","true","false","true","false","0.5","1","0.25","1","0.25","75","0","75","100","75","0","0","30","2.5","2","60","1.6","0.4","20.5","6.7","16","8.21","365","14","1","0","0","299","299","120","27597","108","6254","9390","46089","562","72083","true","20725","79","197","286","25774","27854","8667"
"1","0.1","3","true","false","true","false","true","false","0.5","1","0.25","1","0.25","75","0","75","100","75","0","0","30","2.5","2","60","1.6","0.4","20.5","6.7","16","8.21","365","14","1","0","0","299","299","121","27589","97","5949","8901","46891","573","72078","true","20698","81","199","293","25784","27863","8667"
"1","0.1","3","true","false","true","false","true","false","0.5","1","0.25","1","0.25","75","0","75","100","75","0","0","30","2.5","2","60","1.6","0.4","20.5","6.7","16","8.21","365","14","1","0","0","299","299","122","27581","87","5572","8317","47859","584","72073","true","20691","84","200","300","25794","27871","8667"
"1","0.1","3","true","false","true","false","true","false","0.5","1","0.25","1","0.25","75","0","75","100","75","0","0","30","2.5","2","60","1.6","0.4","20.5","6.7","16","8.21","365","14","1","0","0","299","299","123","27572","71","5172","7785","48809","591","72071","true","20684","86","201","304","25806","27883","8668"
"1","0.1","3","true","false","true","false","true","false","0.5","1","0.25","1","0.25","75","0","75","100","75","0","0","30","2.5","2","60","1.6","0.4","20.5","6.7","16","8.21","365","14","1","0","0","299","299","124","27562","63","4813","7224","49737","601","72065","true","20674","86","202","313","25820","27886","8669"
"1","0.1","3","true","false","true","false","true","false","0.5","1","0.25","1","0.25","75","0","75","100","75","0","0","30","2.5","2","60","1.6","0.4","20.5","6.7","16","8.21","365","14","1","0","0","299","299","125","27557","57","4382","6683","50707","614","72052","true","20667","86","207","321","25824","27893","8669"
"1","0.1","3","true","false","true","false","true","false","0.5","1","0.25","1","0.25","75","0","75","100","75","0","0","30","2.5","2","60","1.6","0.4","20.5","6.7","16","8.21","365","14","1","0","0","299","299","126","27550","57","3998","6068","51697","630","72039","true","20667","88","211","331","25830","27894","8669"
"1","0.1","3","true","false","true","false","true","false","0.5","1","0.25","1","0.25","75","0","75","100","75","0","0","30","2.5","2","60","1.6","0.4","20.5","6.7","16","8.21","365","14","1","0","0","299","299","127","27543","58","3601","5502","52650","646","72026","true","20661","89","214","343","25832","27898","8669"
"1","0.1","3","true","false","true","false","true","false","0.5","1","0.25","1","0.25","75","0","75","100","75","0","0","30","2.5","2","60","1.6","0.4","20.5","6.7","16","8.21","365","14","1","0","0","299","299","128","27537","53","3279","4899","53581","651","72028","true","20656","89","215","347","25835","27906","8669"
"1","0.1","3","true","false","true","false","true","false","0.5","1","0.25","1","0.25","75","0","75","100","75","0","0","30","2.5","2","60","1.6","0.4","20.5","6.7","16","8.21","365","14","1","0","0","299","299","129","27532","44","2892","4338","54536","658","72023","true","20642","89","218","351","25842","27913","8669"
"1","0.1","3","true","false","true","false","true","false","0.5","1","0.25","1","0.25","75","0","75","100","75","0","0","30","2.5","2","60","1.6","0.4","20.5","6.7","16","8.21","365","14","1","0","0","299","299","130","27530","41","2554","3805","55406","664","72019","true","20639","91","221","352","25845","27915","8669"
"1","0.1","3","true","false","true","false","true","false","0.5","1","0.25","1","0.25","75","0","75","100","75","0","0","30","2.5","2","60","1.6","0.4","20.5","6.7","16","8.21","365","14","1","0","0","299","299","131","27526","39","2219","3278","56264","674","72012","true","20636","92","226","356","25848","27918","8669"
"1","0.1","3","true","false","true","false","true","false","0.5","1","0.25","1","0.25","75","0","75","100","75","0","0","30","2.5","2","60","1.6","0.4","20.5","6.7","16","8.21","365","14","1","0","0","299","299","132","27522","39","1904","2805","57050","680","72009","true","20627","93","227","360","25851","27919","8669"
"1","0.1","3","true","false","true","false","true","false","0.5","1","0.25","1","0.25","75","0","75","100","75","0","0","30","2.5","2","60","1.6","0.4","20.5","6.7","16","8.21","365","14","1","0","0","299","299","133","27513","40","1610","2355","57795","687","72006","true","20618","94","228","365","25854","27924","8669"
"1","0.1","3","true","false","true","false","true","false","0.5","1","0.25","1","0.25","75","0","75","100","75","0","0","30","2.5","2","60","1.6","0.4","20.5","6.7","16","8.21","365","14","1","0","0","299","299","134","27508","36","1356","1971","58438","691","72006","true","20609","94","228","369","25862","27925","8669"
"1","0.1","3","true","false","true","false","true","false","0.5","1","0.25","1","0.25","75","0","75","100","75","0","0","30","2.5","2","60","1.6","0.4","20.5","6.7","16","8.21","365","14","1","0","0","299","299","135","27505","32","1125","1626","59016","696","72003","true","20601","94","231","371","25865","27929","8669"
"1","0.1","3","true","false","true","false","true","false","0.5","1","0.25","1","0.25","75","0","75","100","75","0","0","30","2.5","2","60","1.6","0.4","20.5","6.7","16","8.21","365","14","1","0","0","299","299","136","27501","30","934","1320","59514","701","72000","true","20595","94","232","375","25870","27930","8669"
"1","0.1","3","true","false","true","false","true","false","0.5","1","0.25","1","0.25","75","0","75","100","75","0","0","30","2.5","2","60","1.6","0.4","20.5","6.7","16","8.21","365","14","1","0","0","299","299","137","27494","31","745","1072","59953","705","71997","true","20592","95","232","378","25875","27931","8669"
"1","0.1","3","true","false","true","false","true","false","0.5","1","0.25","1","0.25","75","0","75","100","75","0","0","30","2.5","2","60","1.6","0.4","20.5","6.7","16","8.21","365","14","1","0","0","299","299","138","27493","29","603","875","60293","707","71995","true","20590","95","232","380","25875","27934","8669"
"1","0.1","3","true","false","true","false","true","false","0.5","1","0.25","1","0.25","75","0","75","100","75","0","0","30","2.5","2","60","1.6","0.4","20.5","6.7","16","8.21","365","14","1","0","0","299","299","139","27491","28","490","701","60580","710","71993","true","20590","95","233","382","25875","27937","8669"
"1","0.1","3","true","false","true","false","true","false","0.5","1","0.25","1","0.25","75","0","75","100","75","0","0","30","2.5","2","60","1.6","0.4","20.5","6.7","16","8.21","365","14","1","0","0","299","299","140","27491","27","383","562","60827","710","9080","false","20584","95","233","382","25875","27938","8669"
"1","0.1","3","true","false","true","false","true","false","0.5","1","0.25","1","0.25","75","0","75","100","75","0","0","30","2.5","2","60","1.6","0.4","20.5","6.7","16","8.21","365","14","1","0","0","299","299","141","26847","663","305","454","61018","713","11306","false","430343","95","234","384","25879","27942","8669"
"1","0.1","3","true","false","true","false","true","false","0.5","1","0.25","1","0.25","75","0","75","100","75","0","0","30","2.5","2","60","1.6","0.4","20.5","6.7","16","8.21","365","14","1","0","0","299","299","142","25950","1555","245","346","61190","714","11850","false","408196","95","234","385","25880","27946","8669"
"1","0.1","3","true","false","true","false","true","false","0.5","1","0.25","1","0.25","75","0","75","100","75","0","0","30","2.5","2","60","1.6","0.4","20.5","6.7","16","8.21","365","14","1","0","0","299","299","143","24885","2615","189","276","61321","714","31","false","402977","95","234","385","25881","27950","8669"
"1","0.1","3","true","false","true","false","true","false","0.5","1","0.25","1","0.25","75","0","75","100","75","0","0","30","2.5","2","60","1.6","0.4","20.5","6.7","16","8.21","365","14","1","0","0","299","299","144","22511","4955","164","237","61418","715","42","false","529672","95","235","385","25891","27968","8675"
"1","0.1","3","true","false","true","false","true","false","0.5","1","0.25","1","0.25","75","0","75","100","75","0","0","30","2.5","2","60","1.6","0.4","20.5","6.7","16","8.21","365","14","1","0","0","299","299","145","20280","7043","194","269","61498","716","96","false","529528","95","236","385","25951","28033","8693"
"1","0.1","3","true","false","true","false","true","false","0.5","1","0.25","1","0.25","75","0","75","100","75","0","0","30","2.5","2","60","1.6","0.4","20.5","6.7","16","8.21","365","14","1","0","0","299","299","146","18211","8795","299","431","61548","716","7063","false","528889","95","236","385","26092","28177","8725"
"1","0.1","3","true","false","true","false","true","false","0.5","1","0.25","1","0.25","75","0","75","100","75","0","0","30","2.5","2","60","1.6","0.4","20.5","6.7","16","8.21","365","14","1","0","0","299","299","147","16859","9571","517","752","61585","716","69210","true","451859","95","236","385","26309","28447","8814"
"1","0.1","3","true","false","true","false","true","false","0.5","1","0.25","1","0.25","75","0","75","100","75","0","0","30","2.5","2","60","1.6","0.4","20.5","6.7","16","8.21","365","14","1","0","0","299","299","148","16778","8713","881","1306","61606","716","69398","true","27071","95","236","385","26643","28801","9065"
"1","0.1","3","true","false","true","false","true","false","0.5","1","0.25","1","0.25","75","0","75","100","75","0","0","30","2.5","2","60","1.6","0.4","20.5","6.7","16","8.21","365","14","1","0","0","299","299","149","16725","7404","1422","2107","61626","716","69563","true","26588","95","236","385","27092","29253","9526"
"1","0.1","3","true","false","true","false","true","false","0.5","1","0.25","1","0.25","75","0","75","100","75","0","0","30","2.5","2","60","1.6","0.4","20.5","6.7","16","8.21","365","14","1","0","0","299","299","150","16687","5923","2035","2988","61651","716","69719","true","26155","95","236","385","27515","29786","10089"
"1","0.1","3","true","false","true","false","true","false","0.5","1","0.25","1","0.25","75","0","75","100","75","0","0","30","2.5","2","60","1.6","0.4","20.5","6.7","16","8.21","365","14","1","0","0","299","299","151","16649","4366","2633","3961","61674","717","69872","true","25811","95","236","386","28027","30349","10609"
"1","0.1","3","true","false","true","false","true","false","0.5","1","0.25","1","0.25","75","0","75","100","75","0","0","30","2.5","2","60","1.6","0.4","20.5","6.7","16","8.21","365","14","1","0","0","299","299","152","16627","2970","3163","4835","61688","717","70021","true","25411","95","236","386","28486","30862","11055"
"1","0.1","3","true","false","true","false","true","false","0.5","1","0.25","1","0.25","75","0","75","100","75","0","0","30","2.5","2","60","1.6","0.4","20.5","6.7","16","8.21","365","14","1","0","0","299","299","153","16606","1928","3575","5469","61704","718","70140","true","25077","95","236","387","28842","31247","11377"
"1","0.1","3","true","false","true","false","true","false","0.5","1","0.25","1","0.25","75","0","75","100","75","0","0","30","2.5","2","60","1.6","0.4","20.5","6.7","16","8.21","365","14","1","0","0","299","299","154","16594","1226","3849","5903","61710","718","70220","true","24793","95","236","387","29094","31505","11581"
"1","0.1","3","true","false","true","false","true","false","0.5","1","0.25","1","0.25","75","0","75","100","75","0","0","30","2.5","2","60","1.6","0.4","20.5","6.7","16","8.21","365","14","1","0","0","299","299","155","16579","795","4001","6191","61716","718","70268","true","24630","95","236","387","29265","31668","11693"
"1","0.1","3","true","false","true","false","true","false","0.5","1","0.25","1","0.25","75","0","75","100","75","0","0","30","2.5","2","60","1.6","0.4","20.5","6.7","16","8.21","365","14","1","0","0","299","299","156","16572","508","4103","6368","61726","723","70306","true","24522","95","236","392","29392","31764","11764"
"1","0.1","3","true","false","true","false","true","false","0.5","1","0.25","1","0.25","75","0","75","100","75","0","0","30","2.5","2","60","1.6","0.4","20.5","6.7","16","8.21","365","14","1","0","0","299","299","157","16570","328","4160","6482","61735","725","70329","true","24436","95","236","394","29472","31820","11810"
"1","0.1","3","true","false","true","false","true","false","0.5","1","0.25","1","0.25","75","0","75","100","75","0","0","30","2.5","2","60","1.6","0.4","20.5","6.7","16","8.21","365","14","1","0","0","299","299","158","16568","227","4192","6543","61741","729","70340","true","24385","95","236","398","29516","31857","11832"
"1","0.1","3","true","false","true","false","true","false","0.5","1","0.25","1","0.25","75","0","75","100","75","0","0","30","2.5","2","60","1.6","0.4","20.5","6.7","16","8.21","365","14","1","0","0","299","299","159","16564","153","4216","6587","61747","733","70350","true","24351","95","237","401","29542","31893","11848"
"1","0.1","3","true","false","true","false","true","false","0.5","1","0.25","1","0.25","75","0","75","100","75","0","0","30","2.5","2","60","1.6","0.4","20.5","6.7","16","8.21","365","14","1","0","0","299","299","160","16563","101","4213","6603","61774","746","70348","true","24313","98","239","409","29564","31912","11860"
"1","0.1","3","true","false","true","false","true","false","0.5","1","0.25","1","0.25","75","0","75","100","75","0","0","30","2.5","2","60","1.6","0.4","20.5","6.7","16","8.21","365","14","1","0","0","299","299","161","16561","64","4190","6571","61857","757","70348","true","24297","100","240","417","29577","31929","11869"
"1","0.1","3","true","false","true","false","true","false","0.5","1","0.25","1","0.25","75","0","75","100","75","0","0","30","2.5","2","60","1.6","0.4","20.5","6.7","16","8.21","365","14","1","0","0","299","299","162","16555","47","4130","6509","61994","765","70344","true","24279","100","242","423","29586","31939","11873"
"1","0.1","3","true","false","true","false","true","false","0.5","1","0.25","1","0.25","75","0","75","100","75","0","0","30","2.5","2","60","1.6","0.4","20.5","6.7","16","8.21","365","14","1","0","0","299","299","163","16555","32","4025","6396","62211","781","70331","true","24272","102","245","434","29590","31948","11875"
"1","0.1","3","true","false","true","false","true","false","0.5","1","0.25","1","0.25","75","0","75","100","75","0","0","30","2.5","2","60","1.6","0.4","20.5","6.7","16","8.21","365","14","1","0","0","299","299","164","16553","26","3875","6190","62565","791","70322","true","24266","102","245","444","29591","31953","11877"
"1","0.1","3","true","false","true","false","true","false","0.5","1","0.25","1","0.25","75","0","75","100","75","0","0","30","2.5","2","60","1.6","0.4","20.5","6.7","16","8.21","365","14","1","0","0","299","299","165","16552","20","3698","5904","63030","796","70319","true","24263","102","247","447","29591","31960","11877"
"1","0.1","3","true","false","true","false","true","false","0.5","1","0.25","1","0.25","75","0","75","100","75","0","0","30","2.5","2","60","1.6","0.4","20.5","6.7","16","8.21","365","14","1","0","0","299","299","166","16552","17","3495","5593","63541","802","70313","true","24259","102","249","451","29592","31962","11877"
"1","0.1","3","true","false","true","false","true","false","0.5","1","0.25","1","0.25","75","0","75","100","75","0","0","30","2.5","2","60","1.6","0.4","20.5","6.7","16","8.21","365","14","1","0","0","299","299","167","16552","11","3250","5244","64134","809","70308","true","24259","102","251","456","29595","31965","11877"
"1","0.1","3","true","false","true","false","true","false","0.5","1","0.25","1","0.25","75","0","75","100","75","0","0","30","2.5","2","60","1.6","0.4","20.5","6.7","16","8.21","365","14","1","0","0","299","299","168","16552","9","3016","4866","64742","815","70302","true","24256","102","251","462","29596","31966","11877"
"1","0.1","3","true","false","true","false","true","false","0.5","1","0.25","1","0.25","75","0","75","100","75","0","0","30","2.5","2","60","1.6","0.4","20.5","6.7","16","8.21","365","14","1","0","0","299","299","169","16552","9","2758","4454","65400","827","70290","true","24256","104","253","470","29596","31966","11877"
"1","0.1","3","true","false","true","false","true","false","0.5","1","0.25","1","0.25","75","0","75","100","75","0","0","30","2.5","2","60","1.6","0.4","20.5","6.7","16","8.21","365","14","1","0","0","299","299","170","16552","5","2547","4080","65983","833","70287","true","24256","105","256","472","29597","31969","11877"
"1","0.1","3","true","false","true","false","true","false","0.5","1","0.25","1","0.25","75","0","75","100","75","0","0","30","2.5","2","60","1.6","0.4","20.5","6.7","16","8.21","365","14","1","0","0","299","299","171","16552","3","2335","3732","66535","843","70278","true","24252","106","257","480","29598","31970","11877"
"1","0.1","3","true","false","true","false","true","false","0.5","1","0.25","1","0.25","75","0","75","100","75","0","0","30","2.5","2","60","1.6","0.4","20.5","6.7","16","8.21","365","14","1","0","0","299","299","172","16552","1","2077","3356","67160","854","70267","true","24251","107","258","489","29600","31970","11877"
"1","0.1","3","true","false","true","false","true","false","0.5","1","0.25","1","0.25","75","0","75","100","75","0","0","30","2.5","2","60","1.6","0.4","20.5","6.7","16","8.21","365","14","1","0","0","299","299","173","16552","0","1864","2979","67748","857","70264","true","24251","108","259","490","29601","31970","11877"
"1","0.1","3","true","false","true","false","true","false","0.5","1","0.25","1","0.25","75","0","75","100","75","0","0","30","2.5","2","60","1.6","0.4","20.5","6.7","16","8.21","365","14","1","0","0","299","299","174","16552","0","1616","2616","68354","862","70259","true","24251","108","259","495","29601","31970","11877"
"1","0.1","3","true","false","true","false","true","false","0.5","1","0.25","1","0.25","75","0","75","100","75","0","0","30","2.5","2","60","1.6","0.4","20.5","6.7","16","8.21","365","14","1","0","0","299","299","175","16552","0","1408","2267","68905","868","70253","true","24251","108","260","500","29601","31970","11877"
"1","0.1","3","true","false","true","false","true","false","0.5","1","0.25","1","0.25","75","0","75","100","75","0","0","30","2.5","2","60","1.6","0.4","20.5","6.7","16","8.21","365","14","1","0","0","299","299","176","16551","1","1204","1955","69416","873","70248","true","24251","108","260","505","29601","31970","11877"
"1","0.1","3","true","false","true","false","true","false","0.5","1","0.25","1","0.25","75","0","75","100","75","0","0","30","2.5","2","60","1.6","0.4","20.5","6.7","16","8.21","365","14","1","0","0","299","299","177","16551","1","1015","1643","69910","880","70241","true","24251","110","260","510","29601","31970","11877"
"1","0.1","3","true","false","true","false","true","false","0.5","1","0.25","1","0.25","75","0","75","100","75","0","0","30","2.5","2","60","1.6","0.4","20.5","6.7","16","8.21","365","14","1","0","0","299","299","178","16551","1","842","1375","70346","885","70236","true","24251","111","261","513","29601","31970","11877"
"1","0.1","3","true","false","true","false","true","false","0.5","1","0.25","1","0.25","75","0","75","100","75","0","0","30","2.5","2","60","1.6","0.4","20.5","6.7","16","8.21","365","14","1","0","0","299","299","179","16551","1","705","1150","70706","887","70234","true","24251","111","262","514","29601","31970","11877"
"1","0.1","3","true","false","true","false","true","false","0.5","1","0.25","1","0.25","75","0","75","100","75","0","0","30","2.5","2","60","1.6","0.4","20.5","6.7","16","8.21","365","14","1","0","0","299","299","180","16551","1","560","933","71063","892","70229","true","24251","111","262","519","29601","31970","11877"
"1","0.1","3","true","false","true","false","true","false","0.5","1","0.25","1","0.25","75","0","75","100","75","0","0","30","2.5","2","60","1.6","0.4","20.5","6.7","16","8.21","365","14","1","0","0","299","299","181","16550","2","454","757","71343","894","70227","true","24251","111","263","520","29601","31970","11877"
"1","0.1","3","true","false","true","false","true","false","0.5","1","0.25","1","0.25","75","0","75","100","75","0","0","30","2.5","2","60","1.6","0.4","20.5","6.7","16","8.21","365","14","1","0","0","299","299","182","16550","2","355","610","71587","896","6694","false","24251","111","263","522","29601","31970","11877"
"1","0.1","3","true","false","true","false","true","false","0.5","1","0.25","1","0.25","75","0","75","100","75","0","0","30","2.5","2","60","1.6","0.4","20.5","6.7","16","8.21","365","14","1","0","0","299","299","183","16267","285","283","478","71790","897","8306","false","453994","111","264","522","29601","31970","11877"
"1","0.1","3","true","false","true","false","true","false","0.5","1","0.25","1","0.25","75","0","75","100","75","0","0","30","2.5","2","60","1.6","0.4","20.5","6.7","16","8.21","365","14","1","0","0","299","299","184","15909","643","225","375","71951","897","8751","false","437784","111","264","522","29601","31970","11877"
"1","0.1","3","true","false","true","false","true","false","0.5","1","0.25","1","0.25","75","0","75","100","75","0","0","30","2.5","2","60","1.6","0.4","20.5","6.7","16","8.21","365","14","1","0","0","299","299","185","15488","1062","169","292","72091","898","1","false","433387","111","264","523","29601","31971","11878"
"1","0.1","3","true","false","true","false","true","false","0.5","1","0.25","1","0.25","75","0","75","100","75","0","0","30","2.5","2","60","1.6","0.4","20.5","6.7","16","8.21","365","14","1","0","0","299","299","186","14556","1975","132","233","72204","900","6","false","527863","111","264","525","29607","31978","11884"
"1","0.1","3","true","false","true","false","true","false","0.5","1","0.25","1","0.25","75","0","75","100","75","0","0","30","2.5","2","60","1.6","0.4","20.5","6.7","16","8.21","365","14","1","0","0","299","299","187","13672","2817","126","192","72290","903","28","false","527780","111","265","527","29623","31994","11894"
"1","0.1","3","true","false","true","false","true","false","0.5","1","0.25","1","0.25","75","0","75","100","75","0","0","30","2.5","2","60","1.6","0.4","20.5","6.7","16","8.21","365","14","1","0","0","299","299","188","12909","3448","151","235","72353","904","77","false","527488","111","265","528","29688","32053","11902"
"1","0.1","3","true","false","true","false","true","false","0.5","1","0.25","1","0.25","75","0","75","100","75","0","0","30","2.5","2","60","1.6","0.4","20.5","6.7","16","8.21","365","14","1","0","0","299","299","189","12210","3931","231","327","72396","905","5716","false","526894","111","266","528","29789","32126","11944"
"1","0.1","3","true","false","true","false","true","false","0.5","1","0.25","1","0.25","75","0","75","100","75","0","0","30","2.5","2","60","1.6","0.4","20.5","6.7","16","8.21","365","14","1","0","0","299","299","190","11749","3986","372","551","72437","905","7228","false","464285","111","266","528","29924","32288","12053"
"1","0.1","3","true","false","true","false","true","false","0.5","1","0.25","1","0.25","75","0","75","100","75","0","0","30","2.5","2","60","1.6","0.4","20.5","6.7","16","8.21","365","14","1","0","0","299","299","191","11376","3811","572","875","72460","906","68729","true","448769","111","266","529","30112","32457","12244"
"1","0.1","3","true","false","true","false","true","false","0.5","1","0.25","1","0.25","75","0","75","100","75","0","0","30","2.5","2","60","1.6","0.4","20.5","6.7","16","8.21","365","14","1","0","0","299","299","192","11361","3225","814","1207","72487","906","68814","true","27677","111","266","529","30302","32612","12500"
"1","0.1","3","true","false","true","false","true","false","0.5","1","0.25","1","0.25","75","0","75","100","75","0","0","30","2.5","2","60","1.6","0.4","20.5","6.7","16","8.21","365","14","1","0","0","299","299","193","11343","2568","1066","1613","72504","906","68884","true","27456","111","266","529","30498","32835","12756"
"1","0.1","3","true","false","true","false","true","false","0.5","1","0.25","1","0.25","75","0","75","100","75","0","0","30","2.5","2","60","1.6","0.4","20.5","6.7","16","8.21","365","14","1","0","0","299","299","194","11329","1931","1328","1989","72517","906","68953","true","27273","111","266","529","30703","33043","12994"
"1","0.1","3","true","false","true","false","true","false","0.5","1","0.25","1","0.25","75","0","75","100","75","0","0","30","2.5","2","60","1.6","0.4","20.5","6.7","16","8.21","365","14","1","0","0","299","299","195","11321","1335","1566","2346","72526","906","69017","true","27082","111","266","529","30908","33248","13188"
"1","0.1","3","true","false","true","false","true","false","0.5","1","0.25","1","0.25","75","0","75","100","75","0","0","30","2.5","2","60","1.6","0.4","20.5","6.7","16","8.21","365","14","1","0","0","299","299","196","11314","880","1751","2618","72531","906","69076","true","26948","111","266","529","31065","33427","13314"
"1","0.1","3","true","false","true","false","true","false","0.5","1","0.25","1","0.25","75","0","75","100","75","0","0","30","2.5","2","60","1.6","0.4","20.5","6.7","16","8.21","365","14","1","0","0","299","299","197","11302","574","1898","2787","72533","906","69121","true","26826","111","266","529","31173","33566","13385"
"1","0.1","3","true","false","true","false","true","false","0.5","1","0.25","1","0.25","75","0","75","100","75","0","0","30","2.5","2","60","1.6","0.4","20.5","6.7","16","8.21","365","14","1","0","0","299","299","198","11297","375","1993","2892","72535","908","69151","true","26748","111","267","530","31250","33650","13428"
"1","0.1","3","true","false","true","false","true","false","0.5","1","0.25","1","0.25","75","0","75","100","75","0","0","30","2.5","2","60","1.6","0.4","20.5","6.7","16","8.21","365","14","1","0","0","299","299","199","11291","256","2049","2957","72537","910","69164","true","26678","112","267","531","31298","33698","13457"
"1","0.1","3","true","false","true","false","true","false","0.5","1","0.25","1","0.25","75","0","75","100","75","0","0","30","2.5","2","60","1.6","0.4","20.5","6.7","16","8.21","365","14","1","0","0","299","299","200","11288","161","2090","3010","72539","912","69175","true","26641","112","267","533","31330","33742","13479"
"1","0.1","3","true","false","true","false","true","false","0.5","1","0.25","1","0.25","75","0","75","100","75","0","0","30","2.5","2","60","1.6","0.4","20.5","6.7","16","8.21","365","14","1","0","0","299","299","201","11285","106","2109","3043","72541","916","69184","true","26624","112","267","537","31349","33772","13488"
"1","0.1","3","true","false","true","false","true","false","0.5","1","0.25","1","0.25","75","0","75","100","75","0","0","30","2.5","2","60","1.6","0.4","20.5","6.7","16","8.21","365","14","1","0","0","299","299","202","11285","73","2114","3055","72553","920","69185","true","26606","112","267","541","31363","33785","13494"
"1","0.1","3","true","false","true","false","true","false","0.5","1","0.25","1","0.25","75","0","75","100","75","0","0","30","2.5","2","60","1.6","0.4","20.5","6.7","16","8.21","365","14","1","0","0","299","299","203","11284","51","2107","3049","72585","924","69188","true","26592","112","269","543","31370","33797","13498"
"1","0.1","3","true","false","true","false","true","false","0.5","1","0.25","1","0.25","75","0","75","100","75","0","0","30","2.5","2","60","1.6","0.4","20.5","6.7","16","8.21","365","14","1","0","0","299","299","204","11284","32","2091","3026","72638","929","69187","true","26581","113","270","546","31378","33807","13499"
"1","0.1","3","true","false","true","false","true","false","0.5","1","0.25","1","0.25","75","0","75","100","75","0","0","30","2.5","2","60","1.6","0.4","20.5","6.7","16","8.21","365","14","1","0","0","299","299","205","11284","20","2042","2976","72745","933","69186","true","26571","113","270","550","31381","33816","13499"
"1","0.1","3","true","false","true","false","true","false","0.5","1","0.25","1","0.25","75","0","75","100","75","0","0","30","2.5","2","60","1.6","0.4","20.5","6.7","16","8.21","365","14","1","0","0","299","299","206","11284","18","1993","2889","72881","935","69184","true","26567","113","272","550","31381","33817","13500"
"1","0.1","3","true","false","true","false","true","false","0.5","1","0.25","1","0.25","75","0","75","100","75","0","0","30","2.5","2","60","1.6","0.4","20.5","6.7","16","8.21","365","14","1","0","0","299","299","207","11283","13","1922","2799","73041","942","69181","true","26567","113","275","554","31385","33819","13500"
"1","0.1","3","true","false","true","false","true","false","0.5","1","0.25","1","0.25","75","0","75","100","75","0","0","30","2.5","2","60","1.6","0.4","20.5","6.7","16","8.21","365","14","1","0","0","299","299","208","11282","9","1834","2661","73266","948","69178","true","26565","113","276","559","31387","33821","13501"
"1","0.1","3","true","false","true","false","true","false","0.5","1","0.25","1","0.25","75","0","75","100","75","0","0","30","2.5","2","60","1.6","0.4","20.5","6.7","16","8.21","365","14","1","0","0","299","299","209","11281","9","1718","2497","73539","956","69170","true","26563","114","276","566","31388","33821","13501"
"1","0.1","3","true","false","true","false","true","false","0.5","1","0.25","1","0.25","75","0","75","100","75","0","0","30","2.5","2","60","1.6","0.4","20.5","6.7","16","8.21","365","14","1","0","0","299","299","210","11281","6","1600","2351","73800","962","69165","true","26563","115","277","570","31388","33824","13501"
"1","0.1","3","true","false","true","false","true","false","0.5","1","0.25","1","0.25","75","0","75","100","75","0","0","30","2.5","2","60","1.6","0.4","20.5","6.7","16","8.21","365","14","1","0","0","299","299","211","11281","6","1506","2180","74064","963","69164","true","26561","115","277","571","31388","33824","13501"
"1","0.1","3","true","false","true","false","true","false","0.5","1","0.25","1","0.25","75","0","75","100","75","0","0","30","2.5","2","60","1.6","0.4","20.5","6.7","16","8.21","365","14","1","0","0","299","299","212","11281","5","1387","2018","74340","969","69158","true","26561","115","280","574","31389","33824","13501"
"1","0.1","3","true","false","true","false","true","false","0.5","1","0.25","1","0.25","75","0","75","100","75","0","0","30","2.5","2","60","1.6","0.4","20.5","6.7","16","8.21","365","14","1","0","0","299","299","213","11281","3","1271","1848","74625","972","69155","true","26561","115","280","577","31390","33825","13501"
"1","0.1","3","true","false","true","false","true","false","0.5","1","0.25","1","0.25","75","0","75","100","75","0","0","30","2.5","2","60","1.6","0.4","20.5","6.7","16","8.21","365","14","1","0","0","299","299","214","11281","1","1135","1669","74936","978","69149","true","26561","115","281","582","31392","33825","13501"
"1","0.1","3","true","false","true","false","true","false","0.5","1","0.25","1","0.25","75","0","75","100","75","0","0","30","2.5","2","60","1.6","0.4","20.5","6.7","16","8.21","365","14","1","0","0","299","299","215","11281","0","1016","1489","75234","980","69147","true","26561","115","283","582","31393","33825","13501"
"1","0.1","3","true","false","true","false","true","false","0.5","1","0.25","1","0.25","75","0","75","100","75","0","0","30","2.5","2","60","1.6","0.4","20.5","6.7","16","8.21","365","14","1","0","0","299","299","216","11281","0","911","1305","75520","983","69144","true","26561","115","283","585","31393","33825","13501"
"1","0.1","3","true","false","true","false","true","false","0.5","1","0.25","1","0.25","75","0","75","100","75","0","0","30","2.5","2","60","1.6","0.4","20.5","6.7","16","8.21","365","14","1","0","0","299","299","217","11281","0","803","1140","75787","989","69138","true","26561","115","284","590","31393","33825","13501"
"1","0.1","3","true","false","true","false","true","false","0.5","1","0.25","1","0.25","75","0","75","100","75","0","0","30","2.5","2","60","1.6","0.4","20.5","6.7","16","8.21","365","14","1","0","0","299","299","218","11281","0","700","985","76045","989","69138","true","26561","115","284","590","31393","33825","13501"
"1","0.1","3","true","false","true","false","true","false","0.5","1","0.25","1","0.25","75","0","75","100","75","0","0","30","2.5","2","60","1.6","0.4","20.5","6.7","16","8.21","365","14","1","0","0","299","299","219","11281","0","588","851","76290","990","69137","true","26561","115","284","591","31393","33825","13501"
"1","0.1","3","true","false","true","false","true","false","0.5","1","0.25","1","0.25","75","0","75","100","75","0","0","30","2.5","2","60","1.6","0.4","20.5","6.7","16","8.21","365","14","1","0","0","299","299","220","11281","0","493","722","76511","993","69134","true","26561","115","284","594","31393","33825","13501"
"1","0.1","3","true","false","true","false","true","false","0.5","1","0.25","1","0.25","75","0","75","100","75","0","0","30","2.5","2","60","1.6","0.4","20.5","6.7","16","8.21","365","14","1","0","0","299","299","221","11281","0","429","602","76694","994","5508","false","26561","115","284","595","31393","33825","13501"
"1","0.1","3","true","false","true","false","true","false","0.5","1","0.25","1","0.25","75","0","75","100","75","0","0","30","2.5","2","60","1.6","0.4","20.5","6.7","16","8.21","365","14","1","0","0","299","299","222","11090","191","338","480","76905","996","6851","false","465721","115","285","596","31393","33825","13501"
"1","0.1","3","true","false","true","false","true","false","0.5","1","0.25","1","0.25","75","0","75","100","75","0","0","30","2.5","2","60","1.6","0.4","20.5","6.7","16","8.21","365","14","1","0","0","299","299","223","10877","404","279","388","77055","997","7162","false","452072","115","285","597","31393","33825","13501"
"1","0.1","3","true","false","true","false","true","false","0.5","1","0.25","1","0.25","75","0","75","100","75","0","0","30","2.5","2","60","1.6","0.4","20.5","6.7","16","8.21","365","14","1","0","0","299","299","224","10643","638","236","326","77160","997","7238","false","448948","115","285","597","31393","33825","13501"
"1","0.1","3","true","false","true","false","true","false","0.5","1","0.25","1","0.25","75","0","75","100","75","0","0","30","2.5","2","60","1.6","0.4","20.5","6.7","16","8.21","365","14","1","0","0","299","299","225","10462","815","184","270","77269","1000","1","false","448188","115","285","600","31395","33827","13501"
"1","0.1","3","true","false","true","false","true","false","0.5","1","0.25","1","0.25","75","0","75","100","75","0","0","30","2.5","2","60","1.6","0.4","20.5","6.7","16","8.21","365","14","1","0","0","299","299","226","9909","1330","168","240","77352","1001","19","false","526657","115","286","600","31419","33839","13503"
"1","0.1","3","true","false","true","false","true","false","0.5","1","0.25","1","0.25","75","0","75","100","75","0","0","30","2.5","2","60","1.6","0.4","20.5","6.7","16","8.21","365","14","1","0","0","299","299","227","9557","1597","171","236","77438","1001","58","false","526433","115","286","600","31457","33869","13520"
"1","0.1","3","true","false","true","false","true","false","0.5","1","0.25","1","0.25","75","0","75","100","75","0","0","30","2.5","2","60","1.6","0.4","20.5","6.7","16","8.21","365","14","1","0","0","299","299","228","9304","1727","195","273","77500","1001","110","false","525990","115","286","600","31515","33924","13530"
"1","0.1","3","true","false","true","false","true","false","0.5","1","0.25","1","0.25","75","0","75","100","75","0","0","30","2.5","2","60","1.6","0.4","20.5","6.7","16","8.21","365","14","1","0","0","299","299","229","9103","1761","242","341","77551","1002","5109","false","525400","115","286","601","31583","33999","13554"
"1","0.1","3","true","false","true","false","true","false","0.5","1","0.25","1","0.25","75","0","75","100","75","0","0","30","2.5","2","60","1.6","0.4","20.5","6.7","16","8.21","365","14","1","0","0","299","299","230","8996","1656","312","437","77597","1002","6421","false","469791","115","286","601","31655","34069","13624"
"1","0.1","3","true","false","true","false","true","false","0.5","1","0.25","1","0.25","75","0","75","100","75","0","0","30","2.5","2","60","1.6","0.4","20.5","6.7","16","8.21","365","14","1","0","0","299","299","231","8927","1409","417","625","77618","1004","6796","false","456353","115","287","602","31739","34177","13748"
"1","0.1","3","true","false","true","false","true","false","0.5","1","0.25","1","0.25","75","0","75","100","75","0","0","30","2.5","2","60","1.6","0.4","20.5","6.7","16","8.21","365","14","1","0","0","299","299","232","8869","1161","527","794","77644","1005","68553","true","452573","116","287","602","31817","34281","13872"
"1","0.1","3","true","false","true","false","true","false","0.5","1","0.25","1","0.25","75","0","75","100","75","0","0","30","2.5","2","60","1.6","0.4","20.5","6.7","16","8.21","365","14","1","0","0","299","299","233","8868","902","628","935","77662","1005","68589","true","28240","116","287","602","31888","34352","13990"
"1","0.1","3","true","false","true","false","true","false","0.5","1","0.25","1","0.25","75","0","75","100","75","0","0","30","2.5","2","60","1.6","0.4","20.5","6.7","16","8.21","365","14","1","0","0","299","299","234","8866","654","730","1074","77671","1005","68608","true","28156","116","287","602","31960","34422","14098"
"1","0.1","3","true","false","true","false","true","false","0.5","1","0.25","1","0.25","75","0","75","100","75","0","0","30","2.5","2","60","1.6","0.4","20.5","6.7","16","8.21","365","14","1","0","0","299","299","235","8865","453","811","1183","77683","1005","68635","true","28113","116","287","602","32015","34488","14179"
"1","0.1","3","true","false","true","false","true","false","0.5","1","0.25","1","0.25","75","0","75","100","75","0","0","30","2.5","2","60","1.6","0.4","20.5","6.7","16","8.21","365","14","1","0","0","299","299","236","8863","307","865","1267","77691","1007","68645","true","28056","116","287","604","32069","34538","14223"
"1","0.1","3","true","false","true","false","true","false","0.5","1","0.25","1","0.25","75","0","75","100","75","0","0","30","2.5","2","60","1.6","0.4","20.5","6.7","16","8.21","365","14","1","0","0","299","299","237","8862","213","891","1326","77695","1013","68647","true","28030","116","289","608","32106","34565","14254"
"1","0.1","3","true","false","true","false","true","false","0.5","1","0.25","1","0.25","75","0","75","100","75","0","0","30","2.5","2","60","1.6","0.4","20.5","6.7","16","8.21","365","14","1","0","0","299","299","238","8862","127","930","1371","77697","1013","68655","true","28012","116","289","608","32133","34595","14283"
"1","0.1","3","true","false","true","false","true","false","0.5","1","0.25","1","0.25","75","0","75","100","75","0","0","30","2.5","2","60","1.6","0.4","20.5","6.7","16","8.21","365","14","1","0","0","299","299","239","8862","83","947","1394","77699","1015","68657","true","28000","116","289","610","32149","34610","14296"
"1","0.1","3","true","false","true","false","true","false","0.5","1","0.25","1","0.25","75","0","75","100","75","0","0","30","2.5","2","60","1.6","0.4","20.5","6.7","16","8.21","365","14","1","0","0","299","299","240","8862","44","963","1411","77704","1016","68658","true","27994","116","290","610","32163","34624","14307"
"1","0.1","3","true","false","true","false","true","false","0.5","1","0.25","1","0.25","75","0","75","100","75","0","0","30","2.5","2","60","1.6","0.4","20.5","6.7","16","8.21","365","14","1","0","0","299","299","241","8862","26","967","1417","77712","1016","68662","true","27991","116","290","610","32169","34631","14312"
"1","0.1","3","true","false","true","false","true","false","0.5","1","0.25","1","0.25","75","0","75","100","75","0","0","30","2.5","2","60","1.6","0.4","20.5","6.7","16","8.21","365","14","1","0","0","299","299","242","8862","15","952","1414","77740","1017","68662","true","27983","116","291","610","32172","34637","14314"
"1","0.1","3","true","false","true","false","true","false","0.5","1","0.25","1","0.25","75","0","75","100","75","0","0","30","2.5","2","60","1.6","0.4","20.5","6.7","16","8.21","365","14","1","0","0","299","299","243","8862","7","943","1411","77759","1018","68662","true","27981","116","291","611","32177","34637","14317"
"1","0.1","3","true","false","true","false","true","false","0.5","1","0.25","1","0.25","75","0","75","100","75","0","0","30","2.5","2","60","1.6","0.4","20.5","6.7","16","8.21","365","14","1","0","0","299","299","244","8862","6","933","1384","77796","1019","68661","true","27980","116","291","612","32177","34638","14317"
"1","0.1","3","true","false","true","false","true","false","0.5","1","0.25","1","0.25","75","0","75","100","75","0","0","30","2.5","2","60","1.6","0.4","20.5","6.7","16","8.21","365","14","1","0","0","299","299","245","8862","5","910","1356","77846","1021","68659","true","27980","117","291","613","32178","34638","14317"
"1","0.1","3","true","false","true","false","true","false","0.5","1","0.25","1","0.25","75","0","75","100","75","0","0","30","2.5","2","60","1.6","0.4","20.5","6.7","16","8.21","365","14","1","0","0","299","299","246","8862","3","877","1311","77925","1022","68658","true","27980","117","292","613","32179","34639","14317"
"1","0.1","3","true","false","true","false","true","false","0.5","1","0.25","1","0.25","75","0","75","100","75","0","0","30","2.5","2","60","1.6","0.4","20.5","6.7","16","8.21","365","14","1","0","0","299","299","247","8862","2","828","1242","78041","1025","68655","true","27980","118","293","614","32179","34639","14318"
"1","0.1","3","true","false","true","false","true","false","0.5","1","0.25","1","0.25","75","0","75","100","75","0","0","30","2.5","2","60","1.6","0.4","20.5","6.7","16","8.21","365","14","1","0","0","299","299","248","8862","1","779","1165","78163","1030","68650","true","27980","118","294","618","32179","34640","14318"
"1","0.1","3","true","false","true","false","true","false","0.5","1","0.25","1","0.25","75","0","75","100","75","0","0","30","2.5","2","60","1.6","0.4","20.5","6.7","16","8.21","365","14","1","0","0","299","299","249","8862","0","739","1086","78283","1030","68651","true","27980","118","294","618","32180","34640","14318"
"1","0.1","3","true","false","true","false","true","false","0.5","1","0.25","1","0.25","75","0","75","100","75","0","0","30","2.5","2","60","1.6","0.4","20.5","6.7","16","8.21","365","14","1","0","0","299","299","250","8862","0","678","1024","78405","1031","68650","true","27979","118","294","619","32180","34640","14318"
"1","0.1","3","true","false","true","false","true","false","0.5","1","0.25","1","0.25","75","0","75","100","75","0","0","30","2.5","2","60","1.6","0.4","20.5","6.7","16","8.21","365","14","1","0","0","299","299","251","8862","0","620","947","78540","1031","68650","true","27979","118","294","619","32180","34640","14318"
"1","0.1","3","true","false","true","false","true","false","0.5","1","0.25","1","0.25","75","0","75","100","75","0","0","30","2.5","2","60","1.6","0.4","20.5","6.7","16","8.21","365","14","1","0","0","299","299","252","8862","0","567","868","78671","1032","68649","true","27979","118","294","620","32180","34640","14318"
"1","0.1","3","true","false","true","false","true","false","0.5","1","0.25","1","0.25","75","0","75","100","75","0","0","30","2.5","2","60","1.6","0.4","20.5","6.7","16","8.21","365","14","1","0","0","299","299","253","8862","0","505","777","78820","1036","68645","true","27979","118","295","623","32180","34640","14318"
"1","0.1","3","true","false","true","false","true","false","0.5","1","0.25","1","0.25","75","0","75","100","75","0","0","30","2.5","2","60","1.6","0.4","20.5","6.7","16","8.21","365","14","1","0","0","299","299","254","8862","0","456","703","78942","1037","68644","true","27979","118","295","624","32180","34640","14318"
"1","0.1","3","true","false","true","false","true","false","0.5","1","0.25","1","0.25","75","0","75","100","75","0","0","30","2.5","2","60","1.6","0.4","20.5","6.7","16","8.21","365","14","1","0","0","299","299","255","8862","0","409","628","79064","1037","4916","false","27979","118","295","624","32180","34640","14318"
"1","0.1","3","true","false","true","false","true","false","0.5","1","0.25","1","0.25","75","0","75","100","75","0","0","30","2.5","2","60","1.6","0.4","20.5","6.7","16","8.21","365","14","1","0","0","299","299","256","8813","49","358","543","79200","1037","6078","false","471579","118","295","624","32180","34640","14318"
"1","0.1","3","true","false","true","false","true","false","0.5","1","0.25","1","0.25","75","0","75","100","75","0","0","30","2.5","2","60","1.6","0.4","20.5","6.7","16","8.21","365","14","1","0","0","299","299","257","8772","90","308","469","79324","1037","6402","false","459656","118","295","624","32180","34640","14318"
"1","0.1","3","true","false","true","false","true","false","0.5","1","0.25","1","0.25","75","0","75","100","75","0","0","30","2.5","2","60","1.6","0.4","20.5","6.7","16","8.21","365","14","1","0","0","299","299","258","8735","127","258","397","79444","1039","6470","false","456419","118","295","626","32180","34640","14318"
"1","0.1","3","true","false","true","false","true","false","0.5","1","0.25","1","0.25","75","0","75","100","75","0","0","30","2.5","2","60","1.6","0.4","20.5","6.7","16","8.21","365","14","1","0","0","299","299","259","8710","151","218","339","79543","1039","2","false","455709","118","295","626","32181","34640","14318"
"1","0.1","3","true","false","true","false","true","false","0.5","1","0.25","1","0.25","75","0","75","100","75","0","0","30","2.5","2","60","1.6","0.4","20.5","6.7","16","8.21","365","14","1","0","0","299","299","260","8594","263","192","279","79632","1040","3","false","526190","118","295","627","32183","34641","14319"
"1","0.1","3","true","false","true","false","true","false","0.5","1","0.25","1","0.25","75","0","75","100","75","0","0","30","2.5","2","60","1.6","0.4","20.5","6.7","16","8.21","365","14","1","0","0","299","299","261","8520","321","157","253","79709","1040","12","false","526171","118","295","627","32187","34649","14323"
"1","0.1","3","true","false","true","false","true","false","0.5","1","0.25","1","0.25","75","0","75","100","75","0","0","30","2.5","2","60","1.6","0.4","20.5","6.7","16","8.21","365","14","1","0","0","299","299","262","8471","343","141","208","79796","1041","28","false","526067","118","295","628","32199","34661","14326"
"1","0.1","3","true","false","true","false","true","false","0.5","1","0.25","1","0.25","75","0","75","100","75","0","0","30","2.5","2","60","1.6","0.4","20.5","6.7","16","8.21","365","14","1","0","0","299","299","263","8434","352","131","184","79858","1041","40","false","525889","118","295","628","32208","34678","14328"
"1","0.1","3","true","false","true","false","true","false","0.5","1","0.25","1","0.25","75","0","75","100","75","0","0","30","2.5","2","60","1.6","0.4","20.5","6.7","16","8.21","365","14","1","0","0","299","299","264","8417","323","136","184","79898","1042","63","false","525759","118","296","628","32220","34694","14346"
"1","0.1","3","true","false","true","false","true","false","0.5","1","0.25","1","0.25","75","0","75","100","75","0","0","30","2.5","2","60","1.6","0.4","20.5","6.7","16","8.21","365","14","1","0","0","299","299","265","8403","287","135","173","79960","1042","86","false","525505","118","296","628","32231","34702","14377"
"1","0.1","3","true","false","true","false","true","false","0.5","1","0.25","1","0.25","75","0","75","100","75","0","0","30","2.5","2","60","1.6","0.4","20.5","6.7","16","8.21","365","14","1","0","0","299","299","266","8388","234","153","187","79995","1043","117","false","525259","118","296","629","32247","34718","14413"
"1","0.1","3","true","false","true","false","true","false","0.5","1","0.25","1","0.25","75","0","75","100","75","0","0","30","2.5","2","60","1.6","0.4","20.5","6.7","16","8.21","365","14","1","0","0","299","299","267","8377","179","174","204","80021","1045","151","false","524941","118","296","631","32256","34728","14460"
"1","0.1","3","true","false","true","false","true","false","0.5","1","0.25","1","0.25","75","0","75","100","75","0","0","30","2.5","2","60","1.6","0.4","20.5","6.7","16","8.21","365","14","1","0","0","299","299","268","8372","140","184","222","80037","1045","164","false","524586","118","296","631","32259","34737","14492"
"1","0.1","3","true","false","true","false","true","false","0.5","1","0.25","1","0.25","75","0","75","100","75","0","0","30","2.5","2","60","1.6","0.4","20.5","6.7","16","8.21","365","14","1","0","0","299","299","269","8367","108","191","238","80051","1045","179","false","524458","118","296","631","32261","34741","14523"
"1","0.1","3","true","false","true","false","true","false","0.5","1","0.25","1","0.25","75","0","75","100","75","0","0","30","2.5","2","60","1.6","0.4","20.5","6.7","16","8.21","365","14","1","0","0","299","299","270","8362","79","200","257","80057","1045","191","false","524312","118","296","631","32266","34745","14548"
"1","0.1","3","true","false","true","false","true","false","0.5","1","0.25","1","0.25","75","0","75","100","75","0","0","30","2.5","2","60","1.6","0.4","20.5","6.7","16","8.21","365","14","1","0","0","299","299","271","8356","66","202","265","80066","1045","196","false","524202","118","296","631","32268","34750","14560"
"1","0.1","3","true","false","true","false","true","false","0.5","1","0.25","1","0.25","75","0","75","100","75","0","0","30","2.5","2","60","1.6","0.4","20.5","6.7","16","8.21","365","14","1","0","0","299","299","272","8355","46","205","273","80076","1045","202","false","524151","118","296","631","32270","34753","14576"
"1","0.1","3","true","false","true","false","true","false","0.5","1","0.25","1","0.25","75","0","75","100","75","0","0","30","2.5","2","60","1.6","0.4","20.5","6.7","16","8.21","365","14","1","0","0","299","299","273","8350","45","206","271","80083","1045","199","false","524089","118","296","631","32270","34754","14581"
"1","0.1","3","true","false","true","false","true","false","0.5","1","0.25","1","0.25","75","0","75","100","75","0","0","30","2.5","2","60","1.6","0.4","20.5","6.7","16","8.21","365","14","1","0","0","299","299","274","8347","40","207","273","80088","1045","193","false","524116","118","296","631","32270","34754","14589"
"1","0.1","3","true","false","true","false","true","false","0.5","1","0.25","1","0.25","75","0","75","100","75","0","0","30","2.5","2","60","1.6","0.4","20.5","6.7","16","8.21","365","14","1","0","0","299","299","275","8343","33","207","280","80092","1045","178","false","524154","118","296","631","32271","34754","14599"
"1","0.1","3","true","false","true","false","true","false","0.5","1","0.25","1","0.25","75","0","75","100","75","0","0","30","2.5","2","60","1.6","0.4","20.5","6.7","16","8.21","365","14","1","0","0","299","299","276","8336","31","208","284","80096","1045","161","false","524276","118","296","631","32271","34754","14608"
"1","0.1","3","true","false","true","false","true","false","0.5","1","0.25","1","0.25","75","0","75","100","75","0","0","30","2.5","2","60","1.6","0.4","20.5","6.7","16","8.21","365","14","1","0","0","299","299","277","8331","30","203","288","80102","1046","138","false","524442","118","297","631","32273","34755","14611"
"1","0.1","3","true","false","true","false","true","false","0.5","1","0.25","1","0.25","75","0","75","100","75","0","0","30","2.5","2","60","1.6","0.4","20.5","6.7","16","8.21","365","14","1","0","0","299","299","278","8325","32","202","286","80109","1046","117","false","524660","118","297","631","32274","34755","14614"
"1","0.1","3","true","false","true","false","true","false","0.5","1","0.25","1","0.25","75","0","75","100","75","0","0","30","2.5","2","60","1.6","0.4","20.5","6.7","16","8.21","365","14","1","0","0","299","299","279","8316","36","198","283","80120","1047","95","false","524860","118","298","631","32274","34755","14619"
"1","0.1","3","true","false","true","false","true","false","0.5","1","0.25","1","0.25","75","0","75","100","75","0","0","30","2.5","2","60","1.6","0.4","20.5","6.7","16","8.21","365","14","1","0","0","299","299","280","8309","38","192","279","80135","1047","77","false","525068","118","298","631","32274","34755","14624"
"1","0.1","3","true","false","true","false","true","false","0.5","1","0.25","1","0.25","75","0","75","100","75","0","0","30","2.5","2","60","1.6","0.4","20.5","6.7","16","8.21","365","14","1","0","0","299","299","281","8303","40","188","266","80156","1047","52","false","525260","118","298","631","32274","34756","14627"
"1","0.1","3","true","false","true","false","true","false","0.5","1","0.25","1","0.25","75","0","75","100","75","0","0","30","2.5","2","60","1.6","0.4","20.5","6.7","16","8.21","365","14","1","0","0","299","299","282","8298","45","173","254","80183","1047","41","false","525535","118","298","631","32274","34756","14627"
"1","0.1","3","true","false","true","false","true","false","0.5","1","0.25","1","0.25","75","0","75","100","75","0","0","30","2.5","2","60","1.6","0.4","20.5","6.7","16","8.21","365","14","1","0","0","299","299","283","8295","42","165","244","80207","1047","30","false","525653","118","298","631","32274","34756","14633"
"1","0.1","3","true","false","true","false","true","false","0.5","1","0.25","1","0.25","75","0","75","100","75","0","0","30","2.5","2","60","1.6","0.4","20.5","6.7","16","8.21","365","14","1","0","0","299","299","284","8293","33","157","242","80227","1048","26","false","525780","118","298","632","32274","34758","14642"
"1","0.1","3","true","false","true","false","true","false","0.5","1","0.25","1","0.25","75","0","75","100","75","0","0","30","2.5","2","60","1.6","0.4","20.5","6.7","16","8.21","365","14","1","0","0","299","299","285","8287","32","150","229","80252","1050","27","false","525809","118","298","634","32274","34758","14649"
"1","0.1","3","true","false","true","false","true","false","0.5","1","0.25","1","0.25","75","0","75","100","75","0","0","30","2.5","2","60","1.6","0.4","20.5","6.7","16","8.21","365","14","1","0","0","299","299","286","8284","28","143","213","80282","1050","25","false","525778","118","298","634","32274","34761","14653"
"1","0.1","3","true","false","true","false","true","false","0.5","1","0.25","1","0.25","75","0","75","100","75","0","0","30","2.5","2","60","1.6","0.4","20.5","6.7","16","8.21","365","14","1","0","0","299","299","287","8276","33","127","203","80309","1052","27","false","525802","118","299","635","32275","34762","14654"
"1","0.1","3","true","false","true","false","true","false","0.5","1","0.25","1","0.25","75","0","75","100","75","0","0","30","2.5","2","60","1.6","0.4","20.5","6.7","16","8.21","365","14","1","0","0","299","299","288","8268","38","117","186","80339","1052","24","false","525755","118","299","635","32275","34764","14655"
"1","0.1","3","true","false","true","false","true","false","0.5","1","0.25","1","0.25","75","0","75","100","75","0","0","30","2.5","2","60","1.6","0.4","20.5","6.7","16","8.21","365","14","1","0","0","299","299","289","8259","45","107","174","80362","1053","22","false","525791","118","299","636","32275","34764","14657"
"1","0.1","3","true","false","true","false","true","false","0.5","1","0.25","1","0.25","75","0","75","100","75","0","0","30","2.5","2","60","1.6","0.4","20.5","6.7","16","8.21","365","14","1","0","0","299","299","290","8255","43","96","163","80389","1054","22","false","525801","118","299","637","32275","34765","14662"
"1","0.1","3","true","false","true","false","true","false","0.5","1","0.25","1","0.25","75","0","75","100","75","0","0","30","2.5","2","60","1.6","0.4","20.5","6.7","16","8.21","365","14","1","0","0","299","299","291","8251","40","89","152","80414","1054","22","false","525789","118","299","637","32276","34767","14666"
"1","0.1","3","true","false","true","false","true","false","0.5","1","0.25","1","0.25","75","0","75","100","75","0","0","30","2.5","2","60","1.6","0.4","20.5","6.7","16","8.21","365","14","1","0","0","299","299","292","8248","39","81","139","80439","1054","22","false","525785","118","299","637","32276","34768","14669"
"1","0.1","3","true","false","true","false","true","false","0.5","1","0.25","1","0.25","75","0","75","100","75","0","0","30","2.5","2","60","1.6","0.4","20.5","6.7","16","8.21","365","14","1","0","0","299","299","293","8244","36","75","130","80461","1054","23","false","525786","118","299","637","32278","34768","14674"
"1","0.1","3","true","false","true","false","true","false","0.5","1","0.25","1","0.25","75","0","75","100","75","0","0","30","2.5","2","60","1.6","0.4","20.5","6.7","16","8.21","365","14","1","0","0","299","299","294","8243","29","72","118","80483","1055","25","false","525777","118","299","638","32281","34769","14678"
"1","0.1","3","true","false","true","false","true","false","0.5","1","0.25","1","0.25","75","0","75","100","75","0","0","30","2.5","2","60","1.6","0.4","20.5","6.7","16","8.21","365","14","1","0","0","299","299","295","8241","25","69","111","80499","1055","27","false","525748","118","299","638","32281","34769","14684"
"1","0.1","3","true","false","true","false","true","false","0.5","1","0.25","1","0.25","75","0","75","100","75","0","0","30","2.5","2","60","1.6","0.4","20.5","6.7","16","8.21","365","14","1","0","0","299","299","296","8240","17","68","106","80513","1056","28","false","525726","118","299","639","32282","34770","14691"
"1","0.1","3","true","false","true","false","true","false","0.5","1","0.25","1","0.25","75","0","75","100","75","0","0","30","2.5","2","60","1.6","0.4","20.5","6.7","16","8.21","365","14","1","0","0","299","299","297","8238","16","60","105","80524","1057","28","false","525706","118","299","640","32282","34770","14694"
"1","0.1","3","true","false","true","false","true","false","0.5","1","0.25","1","0.25","75","0","75","100","75","0","0","30","2.5","2","60","1.6","0.4","20.5","6.7","16","8.21","365","14","1","0","0","299","299","298","8236","17","56","96","80538","1057","26","false","525694","118","299","640","32282","34770","14695"
"1","0.1","3","true","false","true","false","true","false","0.5","1","0.25","1","0.25","75","0","75","100","75","0","0","30","2.5","2","60","1.6","0.4","20.5","6.7","16","8.21","365","14","1","0","0","299","299","299","8235","15","52","90","80551","1057","24","false","525717","118","299","640","32282","34770","14698"
"1","0.1","3","true","false","true","false","true","false","0.5","1","0.25","1","0.25","75","0","75","100","75","0","0","30","2.5","2","60","1.6","0.4","20.5","6.7","16","8.21","365","14","1","0","0","299","299","300","8233","13","50","85","80562","1057","27","false","525736","118","299","640","32283","34770","14701"
"1","0.1","3","true","false","true","false","true","false","0.5","1","0.25","1","0.25","75","0","75","100","75","0","0","30","2.5","2","60","1.6","0.4","20.5","6.7","16","8.21","365","14","1","0","0","299","299","301","8230","13","48","75","80577","1057","25","false","525702","118","299","640","32283","34770","14704"
"1","0.1","3","true","false","true","false","true","false","0.5","1","0.25","1","0.25","75","0","75","100","75","0","0","30","2.5","2","60","1.6","0.4","20.5","6.7","16","8.21","365","14","1","0","0","299","299","302","8225","16","47","75","80580","1057","24","false","525725","118","299","640","32283","34770","14706"
"1","0.1","3","true","false","true","false","true","false","0.5","1","0.25","1","0.25","75","0","75","100","75","0","0","30","2.5","2","60","1.6","0.4","20.5","6.7","16","8.21","365","14","1","0","0","299","299","303","8221","18","41","74","80588","1058","24","false","525735","118","299","641","32283","34770","14708"
"1","0.1","3","true","false","true","false","true","false","0.5","1","0.25","1","0.25","75","0","75","100","75","0","0","30","2.5","2","60","1.6","0.4","20.5","6.7","16","8.21","365","14","1","0","0","299","299","304","8217","21","39","71","80594","1058","23","false","525723","118","299","641","32283","34770","14709"
"1","0.1","3","true","false","true","false","true","false","0.5","1","0.25","1","0.25","75","0","75","100","75","0","0","30","2.5","2","60","1.6","0.4","20.5","6.7","16","8.21","365","14","1","0","0","299","299","305","8212","23","39","64","80604","1058","20","false","525733","118","299","641","32283","34770","14712"
"1","0.1","3","true","false","true","false","true","false","0.5","1","0.25","1","0.25","75","0","75","100","75","0","0","30","2.5","2","60","1.6","0.4","20.5","6.7","16","8.21","365","14","1","0","0","299","299","306","8211","22","38","59","80612","1058","17","false","525768","118","299","641","32283","34770","14714"
"1","0.1","3","true","false","true","false","true","false","0.5","1","0.25","1","0.25","75","0","75","100","75","0","0","30","2.5","2","60","1.6","0.4","20.5","6.7","16","8.21","365","14","1","0","0","299","299","307","8210","21","37","55","80619","1058","16","false","525799","118","299","641","32283","34770","14716"
"1","0.1","3","true","false","true","false","true","false","0.5","1","0.25","1","0.25","75","0","75","100","75","0","0","30","2.5","2","60","1.6","0.4","20.5","6.7","16","8.21","365","14","1","0","0","299","299","308","8208","21","38","52","80623","1058","15","false","525809","118","299","641","32283","34771","14717"
"1","0.1","3","true","false","true","false","true","false","0.5","1","0.25","1","0.25","75","0","75","100","75","0","0","30","2.5","2","60","1.6","0.4","20.5","6.7","16","8.21","365","14","1","0","0","299","299","309","8207","18","37","51","80629","1058","14","false","525821","118","299","641","32285","34772","14718"
"1","0.1","3","true","false","true","false","true","false","0.5","1","0.25","1","0.25","75","0","75","100","75","0","0","30","2.5","2","60","1.6","0.4","20.5","6.7","16","8.21","365","14","1","0","0","299","299","310","8206","16","35","46","80638","1059","15","false","525833","118","299","642","32285","34774","14719"
"1","0.1","3","true","false","true","false","true","false","0.5","1","0.25","1","0.25","75","0","75","100","75","0","0","30","2.5","2","60","1.6","0.4","20.5","6.7","16","8.21","365","14","1","0","0","299","299","311","8206","10","31","46","80647","1060","17","false","525810","118","299","643","32287","34776","14721"
"1","0.1","3","true","false","true","false","true","false","0.5","1","0.25","1","0.25","75","0","75","100","75","0","0","30","2.5","2","60","1.6","0.4","20.5","6.7","16","8.21","365","14","1","0","0","299","299","312","8205","10","29","42","80654","1060","17","false","525777","118","299","643","32287","34776","14722"
"1","0.1","3","true","false","true","false","true","false","0.5","1","0.25","1","0.25","75","0","75","100","75","0","0","30","2.5","2","60","1.6","0.4","20.5","6.7","16","8.21","365","14","1","0","0","299","299","313","8206","8","27","41","80658","1060","15","false","525777","118","299","643","32287","34776","14724"
"1","0.1","3","true","false","true","false","true","false","0.5","1","0.25","1","0.25","75","0","75","100","75","0","0","30","2.5","2","60","1.6","0.4","20.5","6.7","16","8.21","365","14","1","0","0","299","299","314","8205","5","26","44","80660","1060","14","false","525801","118","299","643","32287","34779","14725"
"1","0.1","3","true","false","true","false","true","false","0.5","1","0.25","1","0.25","75","0","75","100","75","0","0","30","2.5","2","60","1.6","0.4","20.5","6.7","16","8.21","365","14","1","0","0","299","299","315","8204","5","25","42","80664","1060","13","false","525813","118","299","643","32287","34779","14726"
"1","0.1","3","true","false","true","false","true","false","0.5","1","0.25","1","0.25","75","0","75","100","75","0","0","30","2.5","2","60","1.6","0.4","20.5","6.7","16","8.21","365","14","1","0","0","299","299","316","8204","5","24","40","80667","1060","13","false","525825","118","299","643","32287","34779","14726"
"1","0.1","3","true","false","true","false","true","false","0.5","1","0.25","1","0.25","75","0","75","100","75","0","0","30","2.5","2","60","1.6","0.4","20.5","6.7","16","8.21","365","14","1","0","0","299","299","317","8204","3","21","39","80673","1060","14","false","525825","118","299","643","32288","34779","14727"
"1","0.1","3","true","false","true","false","true","false","0.5","1","0.25","1","0.25","75","0","75","100","75","0","0","30","2.5","2","60","1.6","0.4","20.5","6.7","16","8.21","365","14","1","0","0","299","299","318","8204","2","18","37","80678","1061","14","false","525815","118","299","644","32289","34779","14727"
"1","0.1","3","true","false","true","false","true","false","0.5","1","0.25","1","0.25","75","0","75","100","75","0","0","30","2.5","2","60","1.6","0.4","20.5","6.7","16","8.21","365","14","1","0","0","299","299","319","8204","1","16","35","80682","1062","12","false","525804","118","299","645","32289","34779","14728"
"1","0.1","3","true","false","true","false","true","false","0.5","1","0.25","1","0.25","75","0","75","100","75","0","0","30","2.5","2","60","1.6","0.4","20.5","6.7","16","8.21","365","14","1","0","0","299","299","320","8204","0","15","33","80686","1062","10","false","525816","118","299","645","32289","34779","14729"
"1","0.1","3","true","false","true","false","true","false","0.5","1","0.25","1","0.25","75","0","75","100","75","0","0","30","2.5","2","60","1.6","0.4","20.5","6.7","16","8.21","365","14","1","0","0","299","299","321","8205","0","14","28","80691","1062","9","false","525835","118","299","645","32289","34779","14729"
"1","0.1","3","true","false","true","false","true","false","0.5","1","0.25","1","0.25","75","0","75","100","75","0","0","30","2.5","2","60","1.6","0.4","20.5","6.7","16","8.21","365","14","1","0","0","299","299","322","8205","0","14","27","80692","1062","5","false","525845","118","299","645","32289","34779","14729"
"1","0.1","3","true","false","true","false","true","false","0.5","1","0.25","1","0.25","75","0","75","100","75","0","0","30","2.5","2","60","1.6","0.4","20.5","6.7","16","8.21","365","14","1","0","0","299","299","323","8205","0","13","26","80694","1062","5","false","525890","118","299","645","32289","34779","14729"
"1","0.1","3","true","false","true","false","true","false","0.5","1","0.25","1","0.25","75","0","75","100","75","0","0","30","2.5","2","60","1.6","0.4","20.5","6.7","16","8.21","365","14","1","0","0","299","299","324","8205","0","13","26","80694","1062","2","false","525890","118","299","645","32289","34779","14729"
"1","0.1","3","true","false","true","false","true","false","0.5","1","0.25","1","0.25","75","0","75","100","75","0","0","30","2.5","2","60","1.6","0.4","20.5","6.7","16","8.21","365","14","1","0","0","299","299","325","8205","0","11","24","80698","1062","1","false","525924","118","299","645","32289","34779","14729"
"1","0.1","3","true","false","true","false","true","false","0.5","1","0.25","1","0.25","75","0","75","100","75","0","0","30","2.5","2","60","1.6","0.4","20.5","6.7","16","8.21","365","14","1","0","0","299","299","326","8205","1","11","24","80697","1062","1","false","525935","118","299","645","32289","34779","14729"
"1","0.1","3","true","false","true","false","true","false","0.5","1","0.25","1","0.25","75","0","75","100","75","0","0","30","2.5","2","60","1.6","0.4","20.5","6.7","16","8.21","365","14","1","0","0","299","299","327","8205","1","11","24","80697","1062","1","false","525935","118","299","645","32289","34779","14729"
"1","0.1","3","true","false","true","false","true","false","0.5","1","0.25","1","0.25","75","0","75","100","75","0","0","30","2.5","2","60","1.6","0.4","20.5","6.7","16","8.21","365","14","1","0","0","299","299","328","8205","1","9","23","80700","1062","1","false","525935","118","299","645","32289","34779","14729"
"1","0.1","3","true","false","true","false","true","false","0.5","1","0.25","1","0.25","75","0","75","100","75","0","0","30","2.5","2","60","1.6","0.4","20.5","6.7","16","8.21","365","14","1","0","0","299","299","329","8204","2","7","20","80705","1062","1","false","525935","118","299","645","32289","34779","14729"
"1","0.1","3","true","false","true","false","true","false","0.5","1","0.25","1","0.25","75","0","75","100","75","0","0","30","2.5","2","60","1.6","0.4","20.5","6.7","16","8.21","365","14","1","0","0","299","299","330","8204","3","7","19","80705","1062","0","false","525935","118","299","645","32289","34779","14729"
"1","0.1","3","true","false","true","false","true","false","0.5","1","0.25","1","0.25","75","0","75","100","75","0","0","30","2.5","2","60","1.6","0.4","20.5","6.7","16","8.21","365","14","1","0","0","299","299","331","8204","3","7","17","80707","1062","0","false","525947","118","299","645","32289","34779","14729"
"1","0.1","3","true","false","true","false","true","false","0.5","1","0.25","1","0.25","75","0","75","100","75","0","0","30","2.5","2","60","1.6","0.4","20.5","6.7","16","8.21","365","14","1","0","0","299","299","332","8203","4","6","16","80709","1062","0","false","525947","118","299","645","32289","34779","14729"
"1","0.1","3","true","false","true","false","true","false","0.5","1","0.25","1","0.25","75","0","75","100","75","0","0","30","2.5","2","60","1.6","0.4","20.5","6.7","16","8.21","365","14","1","0","0","299","299","333","8207","4","6","16","80705","1062","0","false","525947","118","299","645","32289","34779","14729"
"1","0.1","3","true","false","true","false","true","false","0.5","1","0.25","1","0.25","75","0","75","100","75","0","0","30","2.5","2","60","1.6","0.4","20.5","6.7","16","8.21","365","14","1","0","0","299","299","334","8208","2","7","16","80705","1062","1","false","525947","118","299","645","32289","34779","14731"
"1","0.1","3","true","false","true","false","true","false","0.5","1","0.25","1","0.25","75","0","75","100","75","0","0","30","2.5","2","60","1.6","0.4","20.5","6.7","16","8.21","365","14","1","0","0","299","299","335","8212","0","5","15","80706","1062","1","false","525935","118","299","645","32289","34779","14733"
"1","0.1","3","true","false","true","false","true","false","0.5","1","0.25","1","0.25","75","0","75","100","75","0","0","30","2.5","2","60","1.6","0.4","20.5","6.7","16","8.21","365","14","1","0","0","299","299","336","8215","0","5","14","80704","1062","1","false","525935","118","299","645","32289","34779","14733"
"1","0.1","3","true","false","true","false","true","false","0.5","1","0.25","1","0.25","75","0","75","100","75","0","0","30","2.5","2","60","1.6","0.4","20.5","6.7","16","8.21","365","14","1","0","0","299","299","337","8216","0","4","11","80707","1062","1","false","525935","118","299","645","32289","34779","14733"
"1","0.1","3","true","false","true","false","true","false","0.5","1","0.25","1","0.25","75","0","75","100","75","0","0","30","2.5","2","60","1.6","0.4","20.5","6.7","16","8.21","365","14","1","0","0","299","299","338","8217","0","3","8","80710","1062","1","false","525935","118","299","645","32289","34779","14733"
"1","0.1","3","true","false","true","false","true","false","0.5","1","0.25","1","0.25","75","0","75","100","75","0","0","30","2.5","2","60","1.6","0.4","20.5","6.7","16","8.21","365","14","1","0","0","299","299","339","8219","1","3","7","80708","1062","1","false","525935","118","299","645","32289","34779","14733"
"1","0.1","3","true","false","true","false","true","false","0.5","1","0.25","1","0.25","75","0","75","100","75","0","0","30","2.5","2","60","1.6","0.4","20.5","6.7","16","8.21","365","14","1","0","0","299","299","340","8221","1","3","7","80706","1062","1","false","525935","118","299","645","32289","34779","14733"
"1","0.1","3","true","false","true","false","true","false","0.5","1","0.25","1","0.25","75","0","75","100","75","0","0","30","2.5","2","60","1.6","0.4","20.5","6.7","16","8.21","365","14","1","0","0","299","299","341","8224","2","3","7","80702","1062","1","false","525935","118","299","645","32289","34779","14733"
"1","0.1","3","true","false","true","false","true","false","0.5","1","0.25","1","0.25","75","0","75","100","75","0","0","30","2.5","2","60","1.6","0.4","20.5","6.7","16","8.21","365","14","1","0","0","299","299","342","8234","2","3","6","80693","1062","1","false","525935","118","299","645","32289","34779","14733"
"1","0.1","3","true","false","true","false","true","false","0.5","1","0.25","1","0.25","75","0","75","100","75","0","0","30","2.5","2","60","1.6","0.4","20.5","6.7","16","8.21","365","14","1","0","0","299","299","343","8241","1","4","6","80686","1062","2","false","525935","118","299","645","32289","34779","14734"
"1","0.1","3","true","false","true","false","true","false","0.5","1","0.25","1","0.25","75","0","75","100","75","0","0","30","2.5","2","60","1.6","0.4","20.5","6.7","16","8.21","365","14","1","0","0","299","299","344","8249","1","4","5","80679","1062","2","false","525922","118","299","645","32289","34779","14734"
"1","0.1","3","true","false","true","false","true","false","0.5","1","0.25","1","0.25","75","0","75","100","75","0","0","30","2.5","2","60","1.6","0.4","20.5","6.7","16","8.21","365","14","1","0","0","299","299","345","8257","1","4","5","80671","1062","2","false","525922","118","299","645","32289","34779","14734"
"1","0.1","3","true","false","true","false","true","false","0.5","1","0.25","1","0.25","75","0","75","100","75","0","0","30","2.5","2","60","1.6","0.4","20.5","6.7","16","8.21","365","14","1","0","0","299","299","346","8267","1","2","4","80663","1063","1","false","525922","118","299","646","32289","34779","14734"
"1","0.1","3","true","false","true","false","true","false","0.5","1","0.25","1","0.25","75","0","75","100","75","0","0","30","2.5","2","60","1.6","0.4","20.5","6.7","16","8.21","365","14","1","0","0","299","299","347","8275","1","2","3","80656","1063","1","false","525922","118","299","646","32289","34779","14734"
"1","0.1","3","true","false","true","false","true","false","0.5","1","0.25","1","0.25","75","0","75","100","75","0","0","30","2.5","2","60","1.6","0.4","20.5","6.7","16","8.21","365","14","1","0","0","299","299","348","8287","1","2","3","80644","1063","1","false","525922","118","299","646","32289","34779","14734"
"1","0.1","3","true","false","true","false","true","false","0.5","1","0.25","1","0.25","75","0","75","100","75","0","0","30","2.5","2","60","1.6","0.4","20.5","6.7","16","8.21","365","14","1","0","0","299","299","349","8305","0","2","4","80626","1063","1","false","525922","118","299","646","32289","34779","14735"
"1","0.1","3","true","false","true","false","true","false","0.5","1","0.25","1","0.25","75","0","75","100","75","0","0","30","2.5","2","60","1.6","0.4","20.5","6.7","16","8.21","365","14","1","0","0","299","299","350","8328","0","2","4","80603","1063","1","false","525922","118","299","646","32289","34779","14735"
"1","0.1","3","true","false","true","false","true","false","0.5","1","0.25","1","0.25","75","0","75","100","75","0","0","30","2.5","2","60","1.6","0.4","20.5","6.7","16","8.21","365","14","1","0","0","299","299","351","8351","0","2","4","80580","1063","1","false","525922","118","299","646","32289","34779","14735"
"1","0.1","3","true","false","true","false","true","false","0.5","1","0.25","1","0.25","75","0","75","100","75","0","0","30","2.5","2","60","1.6","0.4","20.5","6.7","16","8.21","365","14","1","0","0","299","299","352","8373","0","2","3","80559","1063","1","false","525922","118","299","646","32289","34779","14735"
"1","0.1","3","true","false","true","false","true","false","0.5","1","0.25","1","0.25","75","0","75","100","75","0","0","30","2.5","2","60","1.6","0.4","20.5","6.7","16","8.21","365","14","1","0","0","299","299","353","8404","0","2","3","80528","1063","1","false","525922","118","299","646","32289","34779","14735"
"1","0.1","3","true","false","true","false","true","false","0.5","1","0.25","1","0.25","75","0","75","100","75","0","0","30","2.5","2","60","1.6","0.4","20.5","6.7","16","8.21","365","14","1","0","0","299","299","354","8430","0","1","3","80503","1063","1","false","525922","118","299","646","32289","34779","14735"
"1","0.1","3","true","false","true","false","true","false","0.5","1","0.25","1","0.25","75","0","75","100","75","0","0","30","2.5","2","60","1.6","0.4","20.5","6.7","16","8.21","365","14","1","0","0","299","299","355","8459","0","1","2","80475","1063","1","false","525922","118","299","646","32289","34779","14735"
"1","0.1","3","true","false","true","false","true","false","0.5","1","0.25","1","0.25","75","0","75","100","75","0","0","30","2.5","2","60","1.6","0.4","20.5","6.7","16","8.21","365","14","1","0","0","299","299","356","8501","0","1","2","80433","1063","0","false","525922","118","299","646","32289","34779","14735"
"1","0.1","3","true","false","true","false","true","false","0.5","1","0.25","1","0.25","75","0","75","100","75","0","0","30","2.5","2","60","1.6","0.4","20.5","6.7","16","8.21","365","14","1","0","0","299","299","357","8544","0","1","2","80390","1063","0","false","525935","118","299","646","32289","34779","14735"
"1","0.1","3","true","false","true","false","true","false","0.5","1","0.25","1","0.25","75","0","75","100","75","0","0","30","2.5","2","60","1.6","0.4","20.5","6.7","16","8.21","365","14","1","0","0","299","299","358","8594","0","1","2","80340","1063","0","false","525935","118","299","646","32289","34779","14735"
"1","0.1","3","true","false","true","false","true","false","0.5","1","0.25","1","0.25","75","0","75","100","75","0","0","30","2.5","2","60","1.6","0.4","20.5","6.7","16","8.21","365","14","1","0","0","299","299","359","8651","0","1","2","80283","1063","0","false","525935","118","299","646","32289","34779","14735"
"1","0.1","3","true","false","true","false","true","false","0.5","1","0.25","1","0.25","75","0","75","100","75","0","0","30","2.5","2","60","1.6","0.4","20.5","6.7","16","8.21","365","14","1","0","0","299","299","360","8728","0","1","2","80206","1063","0","false","525935","118","299","646","32289","34779","14735"
"1","0.1","3","true","false","true","false","true","false","0.5","1","0.25","1","0.25","75","0","75","100","75","0","0","30","2.5","2","60","1.6","0.4","20.5","6.7","16","8.21","365","14","1","0","0","299","299","361","8788","1","1","2","80145","1063","0","false","525935","118","299","646","32289","34779","14735"
"1","0.1","3","true","false","true","false","true","false","0.5","1","0.25","1","0.25","75","0","75","100","75","0","0","30","2.5","2","60","1.6","0.4","20.5","6.7","16","8.21","365","14","1","0","0","299","299","362","8881","1","1","2","80052","1063","0","false","525935","118","299","646","32289","34779","14735"
"1","0.1","3","true","false","true","false","true","false","0.5","1","0.25","1","0.25","75","0","75","100","75","0","0","30","2.5","2","60","1.6","0.4","20.5","6.7","16","8.21","365","14","1","0","0","299","299","363","8978","1","1","2","79955","1063","0","false","525935","118","299","646","32289","34779","14735"
"1","0.1","3","true","false","true","false","true","false","0.5","1","0.25","1","0.25","75","0","75","100","75","0","0","30","2.5","2","60","1.6","0.4","20.5","6.7","16","8.21","365","14","1","0","0","299","299","364","9071","1","1","1","79863","1063","0","false","525935","118","299","646","32289","34779","14735"
"1","0.1","3","true","false","true","false","true","false","0.5","1","0.25","1","0.25","75","0","75","100","75","0","0","30","2.5","2","60","1.6","0.4","20.5","6.7","16","8.21","365","14","1","0","0","299","299","365","9185","1","1","1","79749","1063","0","false","525935","118","299","646","32289","34779","14735"
"1","0.1","3","true","false","true","false","true","false","0.5","1","0.25","1","0.25","75","0","75","100","75","0","0","30","2.5","2","60","1.6","0.4","20.5","6.7","16","8.21","365","14","1","0","0","299","299","366","9313","1","1","1","79621","1063","0","false","525935","118","299","646","32289","34779","14735"
"1","0.1","3","true","false","true","false","true","false","0.5","1","0.25","1","0.25","75","0","75","100","75","0","0","30","2.5","2","60","1.6","0.4","20.5","6.7","16","8.21","365","14","1","0","0","299","299","367","9441","0","1","2","79493","1063","0","false","525935","118","299","646","32289","34779","14736"
"1","0.1","3","true","false","true","false","true","false","0.5","1","0.25","1","0.25","75","0","75","100","75","0","0","30","2.5","2","60","1.6","0.4","20.5","6.7","16","8.21","365","14","1","0","0","299","299","368","9582","0","0","2","79353","1063","0","false","525935","118","299","646","32289","34779","14736"
"1","0.1","3","true","false","true","false","true","false","0.5","1","0.25","1","0.25","75","0","75","100","75","0","0","30","2.5","2","60","1.6","0.4","20.5","6.7","16","8.21","365","14","1","0","0","299","299","369","9738","0","0","1","79198","1063","0","false","525935","118","299","646","32289","34779","14736"
"1","0.1","3","true","false","true","false","true","false","0.5","1","0.25","1","0.25","75","0","75","100","75","0","0","30","2.5","2","60","1.6","0.4","20.5","6.7","16","8.21","365","14","1","0","0","299","299","370","9899","0","0","1","79037","1063","0","false","525935","118","299","646","32289","34779","14736"
"1","0.1","3","true","false","true","false","true","false","0.5","1","0.25","1","0.25","75","0","75","100","75","0","0","30","2.5","2","60","1.6","0.4","20.5","6.7","16","8.21","365","14","1","0","0","299","299","371","10069","0","0","1","78867","1063","0","false","525935","118","299","646","32289","34779","14736"
"1","0.1","3","true","false","true","false","true","false","0.5","1","0.25","1","0.25","75","0","75","100","75","0","0","30","2.5","2","60","1.6","0.4","20.5","6.7","16","8.21","365","14","1","0","0","299","299","372","10249","0","0","1","78687","1063","0","false","525935","118","299","646","32289","34779","14736"
"1","0.1","3","true","false","true","false","true","false","0.5","1","0.25","1","0.25","75","0","75","100","75","0","0","30","2.5","2","60","1.6","0.4","20.5","6.7","16","8.21","365","14","1","0","0","299","299","373","10486","0","0","1","78450","1063","0","false","525935","118","299","646","32289","34779","14736"
"1","0.1","3","true","false","true","false","true","false","0.5","1","0.25","1","0.25","75","0","75","100","75","0","0","30","2.5","2","60","1.6","0.4","20.5","6.7","16","8.21","365","14","1","0","0","299","299","374","10709","0","0","1","78227","1063","0","false","525935","118","299","646","32289","34779","14736"
"1","0.1","3","true","false","true","false","true","false","0.5","1","0.25","1","0.25","75","0","75","100","75","0","0","30","2.5","2","60","1.6","0.4","20.5","6.7","16","8.21","365","14","1","0","0","299","299","375","10963","0","0","1","77973","1063","0","false","525935","118","299","646","32289","34779","14736"
"1","0.1","3","true","false","true","false","true","false","0.5","1","0.25","1","0.25","75","0","75","100","75","0","0","30","2.5","2","60","1.6","0.4","20.5","6.7","16","8.21","365","14","1","0","0","299","299","376","11231","0","0","1","77705","1063","0","false","525935","118","299","646","32289","34779","14736"
"1","0.1","3","true","false","true","false","true","false","0.5","1","0.25","1","0.25","75","0","75","100","75","0","0","30","2.5","2","60","1.6","0.4","20.5","6.7","16","8.21","365","14","1","0","0","299","299","377","11493","0","0","1","77443","1063","0","false","525935","118","299","646","32289","34779","14736"
"1","0.1","3","true","false","true","false","true","false","0.5","1","0.25","1","0.25","75","0","75","100","75","0","0","30","2.5","2","60","1.6","0.4","20.5","6.7","16","8.21","365","14","1","0","0","299","299","378","11784","0","0","1","77152","1063","0","false","525935","118","299","646","32289","34779","14736"
"1","0.1","3","true","false","true","false","true","false","0.5","1","0.25","1","0.25","75","0","75","100","75","0","0","30","2.5","2","60","1.6","0.4","20.5","6.7","16","8.21","365","14","1","0","0","299","299","379","12073","0","0","1","76863","1063","0","false","525935","118","299","646","32289","34779","14736"
"1","0.1","3","true","false","true","false","true","false","0.5","1","0.25","1","0.25","75","0","75","100","75","0","0","30","2.5","2","60","1.6","0.4","20.5","6.7","16","8.21","365","14","1","0","0","299","299","380","12341","0","0","1","76595","1063","0","false","525935","118","299","646","32289","34779","14736"
"1","0.1","3","true","false","true","false","true","false","0.5","1","0.25","1","0.25","75","0","75","100","75","0","0","30","2.5","2","60","1.6","0.4","20.5","6.7","16","8.21","365","14","1","0","0","299","299","381","12692","0","0","1","76244","1063","0","false","525935","118","299","646","32289","34779","14736"
"1","0.1","3","true","false","true","false","true","false","0.5","1","0.25","1","0.25","75","0","75","100","75","0","0","30","2.5","2","60","1.6","0.4","20.5","6.7","16","8.21","365","14","1","0","0","299","299","382","13046","0","0","1","75890","1063","0","false","525935","118","299","646","32289","34779","14736"
"1","0.1","3","true","false","true","false","true","false","0.5","1","0.25","1","0.25","75","0","75","100","75","0","0","30","2.5","2","60","1.6","0.4","20.5","6.7","16","8.21","365","14","1","0","0","299","299","383","13396","0","0","1","75540","1063","0","false","525935","118","299","646","32289","34779","14736"
"1","0.1","3","true","false","true","false","true","false","0.5","1","0.25","1","0.25","75","0","75","100","75","0","0","30","2.5","2","60","1.6","0.4","20.5","6.7","16","8.21","365","14","1","0","0","299","299","384","13749","0","0","1","75187","1063","0","false","525935","118","299","646","32289","34779","14736"
"1","0.1","3","true","false","true","false","true","false","0.5","1","0.25","1","0.25","75","0","75","100","75","0","0","30","2.5","2","60","1.6","0.4","20.5","6.7","16","8.21","365","14","1","0","0","299","299","385","14181","0","0","1","74755","1063","0","false","525935","118","299","646","32289","34779","14736"
"1","0.1","3","true","false","true","false","true","false","0.5","1","0.25","1","0.25","75","0","75","100","75","0","0","30","2.5","2","60","1.6","0.4","20.5","6.7","16","8.21","365","14","1","0","0","299","299","386","14587","0","0","1","74349","1063","0","false","525935","118","299","646","32289","34779","14736"
"1","0.1","3","true","false","true","false","true","false","0.5","1","0.25","1","0.25","75","0","75","100","75","0","0","30","2.5","2","60","1.6","0.4","20.5","6.7","16","8.21","365","14","1","0","0","299","299","387","15001","0","0","1","73935","1063","0","false","525935","118","299","646","32289","34779","14736"
"1","0.1","3","true","false","true","false","true","false","0.5","1","0.25","1","0.25","75","0","75","100","75","0","0","30","2.5","2","60","1.6","0.4","20.5","6.7","16","8.21","365","14","1","0","0","299","299","388","15417","0","0","1","73519","1063","0","false","525935","118","299","646","32289","34779","14736"
"1","0.1","3","true","false","true","false","true","false","0.5","1","0.25","1","0.25","75","0","75","100","75","0","0","30","2.5","2","60","1.6","0.4","20.5","6.7","16","8.21","365","14","1","0","0","299","299","389","15858","0","0","1","73078","1063","0","false","525935","118","299","646","32289","34779","14736"
"1","0.1","3","true","false","true","false","true","false","0.5","1","0.25","1","0.25","75","0","75","100","75","0","0","30","2.5","2","60","1.6","0.4","20.5","6.7","16","8.21","365","14","1","0","0","299","299","390","16324","0","0","1","72612","1063","0","false","525935","118","299","646","32289","34779","14736"
"1","0.1","3","true","false","true","false","true","false","0.5","1","0.25","1","0.25","75","0","75","100","75","0","0","30","2.5","2","60","1.6","0.4","20.5","6.7","16","8.21","365","14","1","0","0","299","299","391","16814","0","0","0","72123","1063","0","false","525935","118","299","646","32289","34779","14736"
"1","0.1","3","true","false","true","false","true","false","0.5","1","0.25","1","0.25","75","0","75","100","75","0","0","30","2.5","2","60","1.6","0.4","20.5","6.7","16","8.21","365","14","1","0","0","299","299","392","17292","0","0","0","71645","1063","0","false","525935","118","299","646","32289","34779","14736"
"1","0.1","3","true","false","true","false","true","false","0.5","1","0.25","1","0.25","75","0","75","100","75","0","0","30","2.5","2","60","1.6","0.4","20.5","6.7","16","8.21","365","14","1","0","0","299","299","393","17771","0","0","0","71166","1063","0","false","525935","118","299","646","32289","34779","14736"
"1","0.1","3","true","false","true","false","true","false","0.5","1","0.25","1","0.25","75","0","75","100","75","0","0","30","2.5","2","60","1.6","0.4","20.5","6.7","16","8.21","365","14","1","0","0","299","299","394","18304","0","0","0","70633","1063","0","false","525935","118","299","646","32289","34779","14736"
"1","0.1","3","true","false","true","false","true","false","0.5","1","0.25","1","0.25","75","0","75","100","75","0","0","30","2.5","2","60","1.6","0.4","20.5","6.7","16","8.21","365","14","1","0","0","299","299","395","18813","0","0","0","70124","1063","0","false","525935","118","299","646","32289","34779","14736"
"1","0.1","3","true","false","true","false","true","false","0.5","1","0.25","1","0.25","75","0","75","100","75","0","0","30","2.5","2","60","1.6","0.4","20.5","6.7","16","8.21","365","14","1","0","0","299","299","396","19341","0","0","0","69596","1063","0","false","525935","118","299","646","32289","34779","14736"
"1","0.1","3","true","false","true","false","true","false","0.5","1","0.25","1","0.25","75","0","75","100","75","0","0","30","2.5","2","60","1.6","0.4","20.5","6.7","16","8.21","365","14","1","0","0","299","299","397","19919","0","0","0","69018","1063","0","false","525935","118","299","646","32289","34779","14736"
"1","0.1","3","true","false","true","false","true","false","0.5","1","0.25","1","0.25","75","0","75","100","75","0","0","30","2.5","2","60","1.6","0.4","20.5","6.7","16","8.21","365","14","1","0","0","299","299","398","20478","0","0","0","68459","1063","0","false","525935","118","299","646","32289","34779","14736"
"1","0.1","3","true","false","true","false","true","false","0.5","1","0.25","1","0.25","75","0","75","100","75","0","0","30","2.5","2","60","1.6","0.4","20.5","6.7","16","8.21","365","14","1","0","0","299","299","399","21010","0","0","0","67927","1063","0","false","525935","118","299","646","32289","34779","14736"
"1","0.1","3","true","false","true","false","true","false","0.5","1","0.25","1","0.25","75","0","75","100","75","0","0","30","2.5","2","60","1.6","0.4","20.5","6.7","16","8.21","365","14","1","0","0","299","299","400","21575","0","0","0","67362","1063","0","false","525935","118","299","646","32289","34779","14736"
"1","0.1","3","true","false","true","false","true","false","0.5","1","0.25","1","0.25","75","0","75","100","75","0","0","30","2.5","2","60","1.6","0.4","20.5","6.7","16","8.21","365","14","1","0","0","299","299","401","22123","0","0","0","66814","1063","0","false","525935","118","299","646","32289","34779","14736"
"1","0.1","3","true","false","true","false","true","false","0.5","1","0.25","1","0.25","75","0","75","100","75","0","0","30","2.5","2","60","1.6","0.4","20.5","6.7","16","8.21","365","14","1","0","0","299","299","402","22714","0","0","0","66223","1063","0","false","525935","118","299","646","32289","34779","14736"
"1","0.1","3","true","false","true","false","true","false","0.5","1","0.25","1","0.25","75","0","75","100","75","0","0","30","2.5","2","60","1.6","0.4","20.5","6.7","16","8.21","365","14","1","0","0","299","299","403","23203","0","0","0","65734","1063","0","false","525935","118","299","646","32289","34779","14736"
"1","0.1","3","true","false","true","false","true","false","0.5","1","0.25","1","0.25","75","0","75","100","75","0","0","30","2.5","2","60","1.6","0.4","20.5","6.7","16","8.21","365","14","1","0","0","299","299","404","23745","0","0","0","65192","1063","0","false","525935","118","299","646","32289","34779","14736"
"1","0.1","3","true","false","true","false","true","false","0.5","1","0.25","1","0.25","75","0","75","100","75","0","0","30","2.5","2","60","1.6","0.4","20.5","6.7","16","8.21","365","14","1","0","0","299","299","405","24309","0","0","0","64628","1063","0","false","525935","118","299","646","32289","34779","14736"
"1","0.1","3","true","false","true","false","true","false","0.5","1","0.25","1","0.25","75","0","75","100","75","0","0","30","2.5","2","60","1.6","0.4","20.5","6.7","16","8.21","365","14","1","0","0","299","299","406","24854","0","0","0","64083","1063","0","false","525935","118","299","646","32289","34779","14736"
"1","0.1","3","true","false","true","false","true","false","0.5","1","0.25","1","0.25","75","0","75","100","75","0","0","30","2.5","2","60","1.6","0.4","20.5","6.7","16","8.21","365","14","1","0","0","299","299","407","25463","0","0","0","63474","1063","0","false","525935","118","299","646","32289","34779","14736"
"1","0.1","3","true","false","true","false","true","false","0.5","1","0.25","1","0.25","75","0","75","100","75","0","0","30","2.5","2","60","1.6","0.4","20.5","6.7","16","8.21","365","14","1","0","0","299","299","408","25982","0","0","0","62955","1063","0","false","525935","118","299","646","32289","34779","14736"
"1","0.1","3","true","false","true","false","true","false","0.5","1","0.25","1","0.25","75","0","75","100","75","0","0","30","2.5","2","60","1.6","0.4","20.5","6.7","16","8.21","365","14","1","0","0","299","299","409","26532","0","0","0","62405","1063","0","false","525935","118","299","646","32289","34779","14736"
"1","0.1","3","true","false","true","false","true","false","0.5","1","0.25","1","0.25","75","0","75","100","75","0","0","30","2.5","2","60","1.6","0.4","20.5","6.7","16","8.21","365","14","1","0","0","299","299","410","27088","0","0","0","61849","1063","0","false","525935","118","299","646","32289","34779","14736"
"1","0.1","3","true","false","true","false","true","false","0.5","1","0.25","1","0.25","75","0","75","100","75","0","0","30","2.5","2","60","1.6","0.4","20.5","6.7","16","8.21","365","14","1","0","0","299","299","411","27615","0","0","0","61322","1063","0","false","525935","118","299","646","32289","34779","14736"
"1","0.1","3","true","false","true","false","true","false","0.5","1","0.25","1","0.25","75","0","75","100","75","0","0","30","2.5","2","60","1.6","0.4","20.5","6.7","16","8.21","365","14","1","0","0","299","299","412","28128","0","0","0","60809","1063","0","false","525935","118","299","646","32289","34779","14736"
"1","0.1","3","true","false","true","false","true","false","0.5","1","0.25","1","0.25","75","0","75","100","75","0","0","30","2.5","2","60","1.6","0.4","20.5","6.7","16","8.21","365","14","1","0","0","299","299","413","28633","0","0","0","60304","1063","0","false","525935","118","299","646","32289","34779","14736"
"1","0.1","3","true","false","true","false","true","false","0.5","1","0.25","1","0.25","75","0","75","100","75","0","0","30","2.5","2","60","1.6","0.4","20.5","6.7","16","8.21","365","14","1","0","0","299","299","414","29147","0","0","0","59790","1063","0","false","525935","118","299","646","32289","34779","14736"
"1","0.1","3","true","false","true","false","true","false","0.5","1","0.25","1","0.25","75","0","75","100","75","0","0","30","2.5","2","60","1.6","0.4","20.5","6.7","16","8.21","365","14","1","0","0","299","299","415","29638","0","0","0","59299","1063","0","false","525935","118","299","646","32289","34779","14736"
"1","0.1","3","true","false","true","false","true","false","0.5","1","0.25","1","0.25","75","0","75","100","75","0","0","30","2.5","2","60","1.6","0.4","20.5","6.7","16","8.21","365","14","1","0","0","299","299","416","30113","0","0","0","58824","1063","0","false","525935","118","299","646","32289","34779","14736"
"1","0.1","3","true","false","true","false","true","false","0.5","1","0.25","1","0.25","75","0","75","100","75","0","0","30","2.5","2","60","1.6","0.4","20.5","6.7","16","8.21","365","14","1","0","0","299","299","417","30613","0","0","0","58324","1063","0","false","525935","118","299","646","32289","34779","14736"
"1","0.1","3","true","false","true","false","true","false","0.5","1","0.25","1","0.25","75","0","75","100","75","0","0","30","2.5","2","60","1.6","0.4","20.5","6.7","16","8.21","365","14","1","0","0","299","299","418","31088","0","0","0","57849","1063","0","false","525935","118","299","646","32289","34779","14736"
"1","0.1","3","true","false","true","false","true","false","0.5","1","0.25","1","0.25","75","0","75","100","75","0","0","30","2.5","2","60","1.6","0.4","20.5","6.7","16","8.21","365","14","1","0","0","299","299","419","31519","0","0","0","57418","1063","0","false","525935","118","299","646","32289","34779","14736"
"1","0.1","3","true","false","true","false","true","false","0.5","1","0.25","1","0.25","75","0","75","100","75","0","0","30","2.5","2","60","1.6","0.4","20.5","6.7","16","8.21","365","14","1","0","0","299","299","420","31978","0","0","0","56959","1063","0","false","525935","118","299","646","32289","34779","14736"
"1","0.1","3","true","false","true","false","true","false","0.5","1","0.25","1","0.25","75","0","75","100","75","0","0","30","2.5","2","60","1.6","0.4","20.5","6.7","16","8.21","365","14","1","0","0","299","299","421","32464","0","0","0","56473","1063","0","false","525935","118","299","646","32289","34779","14736"
"1","0.1","3","true","false","true","false","true","false","0.5","1","0.25","1","0.25","75","0","75","100","75","0","0","30","2.5","2","60","1.6","0.4","20.5","6.7","16","8.21","365","14","1","0","0","299","299","422","32881","0","0","0","56056","1063","0","false","525935","118","299","646","32289","34779","14736"
"1","0.1","3","true","false","true","false","true","false","0.5","1","0.25","1","0.25","75","0","75","100","75","0","0","30","2.5","2","60","1.6","0.4","20.5","6.7","16","8.21","365","14","1","0","0","299","299","423","33308","0","0","0","55629","1063","0","false","525935","118","299","646","32289","34779","14736"
"1","0.1","3","true","false","true","false","true","false","0.5","1","0.25","1","0.25","75","0","75","100","75","0","0","30","2.5","2","60","1.6","0.4","20.5","6.7","16","8.21","365","14","1","0","0","299","299","424","33737","0","0","0","55200","1063","0","false","525935","118","299","646","32289","34779","14736"
"1","0.1","3","true","false","true","false","true","false","0.5","1","0.25","1","0.25","75","0","75","100","75","0","0","30","2.5","2","60","1.6","0.4","20.5","6.7","16","8.21","365","14","1","0","0","299","299","425","34160","0","0","0","54777","1063","0","false","525935","118","299","646","32289","34779","14736"
"1","0.1","3","true","false","true","false","true","false","0.5","1","0.25","1","0.25","75","0","75","100","75","0","0","30","2.5","2","60","1.6","0.4","20.5","6.7","16","8.21","365","14","1","0","0","299","299","426","34580","0","0","0","54357","1063","0","false","525935","118","299","646","32289","34779","14736"
"1","0.1","3","true","false","true","false","true","false","0.5","1","0.25","1","0.25","75","0","75","100","75","0","0","30","2.5","2","60","1.6","0.4","20.5","6.7","16","8.21","365","14","1","0","0","299","299","427","35008","0","0","0","53929","1063","0","false","525935","118","299","646","32289","34779","14736"
"1","0.1","3","true","false","true","false","true","false","0.5","1","0.25","1","0.25","75","0","75","100","75","0","0","30","2.5","2","60","1.6","0.4","20.5","6.7","16","8.21","365","14","1","0","0","299","299","428","35427","0","0","0","53510","1063","0","false","525935","118","299","646","32289","34779","14736"
"1","0.1","3","true","false","true","false","true","false","0.5","1","0.25","1","0.25","75","0","75","100","75","0","0","30","2.5","2","60","1.6","0.4","20.5","6.7","16","8.21","365","14","1","0","0","299","299","429","35821","0","0","0","53116","1063","0","false","525935","118","299","646","32289","34779","14736"
"1","0.1","3","true","false","true","false","true","false","0.5","1","0.25","1","0.25","75","0","75","100","75","0","0","30","2.5","2","60","1.6","0.4","20.5","6.7","16","8.21","365","14","1","0","0","299","299","430","36240","0","0","0","52697","1063","0","false","525935","118","299","646","32289","34779","14736"
"1","0.1","3","true","false","true","false","true","false","0.5","1","0.25","1","0.25","75","0","75","100","75","0","0","30","2.5","2","60","1.6","0.4","20.5","6.7","16","8.21","365","14","1","0","0","299","299","431","36634","0","0","0","52303","1063","0","false","525935","118","299","646","32289","34779","14736"
"1","0.1","3","true","false","true","false","true","false","0.5","1","0.25","1","0.25","75","0","75","100","75","0","0","30","2.5","2","60","1.6","0.4","20.5","6.7","16","8.21","365","14","1","0","0","299","299","432","37065","0","0","0","51872","1063","0","false","525935","118","299","646","32289","34779","14736"
"1","0.1","3","true","false","true","false","true","false","0.5","1","0.25","1","0.25","75","0","75","100","75","0","0","30","2.5","2","60","1.6","0.4","20.5","6.7","16","8.21","365","14","1","0","0","299","299","433","37476","0","0","0","51461","1063","0","false","525935","118","299","646","32289","34779","14736"
"1","0.1","3","true","false","true","false","true","false","0.5","1","0.25","1","0.25","75","0","75","100","75","0","0","30","2.5","2","60","1.6","0.4","20.5","6.7","16","8.21","365","14","1","0","0","299","299","434","37878","0","0","0","51059","1063","0","false","525935","118","299","646","32289","34779","14736"
"1","0.1","3","true","false","true","false","true","false","0.5","1","0.25","1","0.25","75","0","75","100","75","0","0","30","2.5","2","60","1.6","0.4","20.5","6.7","16","8.21","365","14","1","0","0","299","299","435","38266","0","0","0","50671","1063","0","false","525935","118","299","646","32289","34779","14736"
"1","0.1","3","true","false","true","false","true","false","0.5","1","0.25","1","0.25","75","0","75","100","75","0","0","30","2.5","2","60","1.6","0.4","20.5","6.7","16","8.21","365","14","1","0","0","299","299","436","38627","0","0","0","50310","1063","0","false","525935","118","299","646","32289","34779","14736"
"1","0.1","3","true","false","true","false","true","false","0.5","1","0.25","1","0.25","75","0","75","100","75","0","0","30","2.5","2","60","1.6","0.4","20.5","6.7","16","8.21","365","14","1","0","0","299","299","437","39033","0","0","0","49904","1063","0","false","525935","118","299","646","32289","34779","14736"
"1","0.1","3","true","false","true","false","true","false","0.5","1","0.25","1","0.25","75","0","75","100","75","0","0","30","2.5","2","60","1.6","0.4","20.5","6.7","16","8.21","365","14","1","0","0","299","299","438","39421","0","0","0","49516","1063","0","false","525935","118","299","646","32289","34779","14736"
"1","0.1","3","true","false","true","false","true","false","0.5","1","0.25","1","0.25","75","0","75","100","75","0","0","30","2.5","2","60","1.6","0.4","20.5","6.7","16","8.21","365","14","1","0","0","299","299","439","39883","0","0","0","49054","1063","0","false","525935","118","299","646","32289","34779","14736"
"1","0.1","3","true","false","true","false","true","false","0.5","1","0.25","1","0.25","75","0","75","100","75","0","0","30","2.5","2","60","1.6","0.4","20.5","6.7","16","8.21","365","14","1","0","0","299","299","440","40262","0","0","0","48675","1063","0","false","525935","118","299","646","32289","34779","14736"
"1","0.1","3","true","false","true","false","true","false","0.5","1","0.25","1","0.25","75","0","75","100","75","0","0","30","2.5","2","60","1.6","0.4","20.5","6.7","16","8.21","365","14","1","0","0","299","299","441","40667","0","0","0","48270","1063","0","false","525935","118","299","646","32289","34779","14736"
"1","0.1","3","true","false","true","false","true","false","0.5","1","0.25","1","0.25","75","0","75","100","75","0","0","30","2.5","2","60","1.6","0.4","20.5","6.7","16","8.21","365","14","1","0","0","299","299","442","41076","0","0","0","47861","1063","0","false","525935","118","299","646","32289","34779","14736"
"1","0.1","3","true","false","true","false","true","false","0.5","1","0.25","1","0.25","75","0","75","100","75","0","0","30","2.5","2","60","1.6","0.4","20.5","6.7","16","8.21","365","14","1","0","0","299","299","443","41473","0","0","0","47464","1063","0","false","525935","118","299","646","32289","34779","14736"
"1","0.1","3","true","false","true","false","true","false","0.5","1","0.25","1","0.25","75","0","75","100","75","0","0","30","2.5","2","60","1.6","0.4","20.5","6.7","16","8.21","365","14","1","0","0","299","299","444","41872","0","0","0","47065","1063","0","false","525935","118","299","646","32289","34779","14736"
"1","0.1","3","true","false","true","false","true","false","0.5","1","0.25","1","0.25","75","0","75","100","75","0","0","30","2.5","2","60","1.6","0.4","20.5","6.7","16","8.21","365","14","1","0","0","299","299","445","42279","0","0","0","46658","1063","0","false","525935","118","299","646","32289","34779","14736"
"1","0.1","3","true","false","true","false","true","false","0.5","1","0.25","1","0.25","75","0","75","100","75","0","0","30","2.5","2","60","1.6","0.4","20.5","6.7","16","8.21","365","14","1","0","0","299","299","446","42672","0","0","0","46265","1063","0","false","525935","118","299","646","32289","34779","14736"
"1","0.1","3","true","false","true","false","true","false","0.5","1","0.25","1","0.25","75","0","75","100","75","0","0","30","2.5","2","60","1.6","0.4","20.5","6.7","16","8.21","365","14","1","0","0","299","299","447","43049","0","0","0","45888","1063","0","false","525935","118","299","646","32289","34779","14736"
"1","0.1","3","true","false","true","false","true","false","0.5","1","0.25","1","0.25","75","0","75","100","75","0","0","30","2.5","2","60","1.6","0.4","20.5","6.7","16","8.21","365","14","1","0","0","299","299","448","43475","0","0","0","45462","1063","0","false","525935","118","299","646","32289","34779","14736"
"1","0.1","3","true","false","true","false","true","false","0.5","1","0.25","1","0.25","75","0","75","100","75","0","0","30","2.5","2","60","1.6","0.4","20.5","6.7","16","8.21","365","14","1","0","0","299","299","449","43877","0","0","0","45060","1063","0","false","525935","118","299","646","32289","34779","14736"
"1","0.1","3","true","false","true","false","true","false","0.5","1","0.25","1","0.25","75","0","75","100","75","0","0","30","2.5","2","60","1.6","0.4","20.5","6.7","16","8.21","365","14","1","0","0","299","299","450","44265","0","0","0","44672","1063","0","false","525935","118","299","646","32289","34779","14736"
"1","0.1","3","true","false","true","false","true","false","0.5","1","0.25","1","0.25","75","0","75","100","75","0","0","30","2.5","2","60","1.6","0.4","20.5","6.7","16","8.21","365","14","1","0","0","299","299","451","44675","0","0","0","44262","1063","0","false","525935","118","299","646","32289","34779","14736"
"1","0.1","3","true","false","true","false","true","false","0.5","1","0.25","1","0.25","75","0","75","100","75","0","0","30","2.5","2","60","1.6","0.4","20.5","6.7","16","8.21","365","14","1","0","0","299","299","452","45102","0","0","0","43835","1063","0","false","525935","118","299","646","32289","34779","14736"
"1","0.1","3","true","false","true","false","true","false","0.5","1","0.25","1","0.25","75","0","75","100","75","0","0","30","2.5","2","60","1.6","0.4","20.5","6.7","16","8.21","365","14","1","0","0","299","299","453","45459","0","0","0","43478","1063","0","false","525935","118","299","646","32289","34779","14736"
"1","0.1","3","true","false","true","false","true","false","0.5","1","0.25","1","0.25","75","0","75","100","75","0","0","30","2.5","2","60","1.6","0.4","20.5","6.7","16","8.21","365","14","1","0","0","299","299","454","45844","0","0","0","43093","1063","0","false","525935","118","299","646","32289","34779","14736"
"1","0.1","3","true","false","true","false","true","false","0.5","1","0.25","1","0.25","75","0","75","100","75","0","0","30","2.5","2","60","1.6","0.4","20.5","6.7","16","8.21","365","14","1","0","0","299","299","455","46219","0","0","0","42718","1063","0","false","525935","118","299","646","32289","34779","14736"
"1","0.1","3","true","false","true","false","true","false","0.5","1","0.25","1","0.25","75","0","75","100","75","0","0","30","2.5","2","60","1.6","0.4","20.5","6.7","16","8.21","365","14","1","0","0","299","299","456","46593","0","0","0","42344","1063","0","false","525935","118","299","646","32289","34779","14736"
"1","0.1","3","true","false","true","false","true","false","0.5","1","0.25","1","0.25","75","0","75","100","75","0","0","30","2.5","2","60","1.6","0.4","20.5","6.7","16","8.21","365","14","1","0","0","299","299","457","46970","0","0","0","41967","1063","0","false","525935","118","299","646","32289","34779","14736"
"1","0.1","3","true","false","true","false","true","false","0.5","1","0.25","1","0.25","75","0","75","100","75","0","0","30","2.5","2","60","1.6","0.4","20.5","6.7","16","8.21","365","14","1","0","0","299","299","458","47342","0","0","0","41595","1063","0","false","525935","118","299","646","32289","34779","14736"
"1","0.1","3","true","false","true","false","true","false","0.5","1","0.25","1","0.25","75","0","75","100","75","0","0","30","2.5","2","60","1.6","0.4","20.5","6.7","16","8.21","365","14","1","0","0","299","299","459","47736","0","0","0","41201","1063","0","false","525935","118","299","646","32289","34779","14736"
"1","0.1","3","true","false","true","false","true","false","0.5","1","0.25","1","0.25","75","0","75","100","75","0","0","30","2.5","2","60","1.6","0.4","20.5","6.7","16","8.21","365","14","1","0","0","299","299","460","48094","0","0","0","40843","1063","0","false","525935","118","299","646","32289","34779","14736"
"1","0.1","3","true","false","true","false","true","false","0.5","1","0.25","1","0.25","75","0","75","100","75","0","0","30","2.5","2","60","1.6","0.4","20.5","6.7","16","8.21","365","14","1","0","0","299","299","461","48471","0","0","0","40466","1063","0","false","525935","118","299","646","32289","34779","14736"
"1","0.1","3","true","false","true","false","true","false","0.5","1","0.25","1","0.25","75","0","75","100","75","0","0","30","2.5","2","60","1.6","0.4","20.5","6.7","16","8.21","365","14","1","0","0","299","299","462","48857","0","0","0","40080","1063","0","false","525935","118","299","646","32289","34779","14736"
"1","0.1","3","true","false","true","false","true","false","0.5","1","0.25","1","0.25","75","0","75","100","75","0","0","30","2.5","2","60","1.6","0.4","20.5","6.7","16","8.21","365","14","1","0","0","299","299","463","49227","0","0","0","39710","1063","0","false","525935","118","299","646","32289","34779","14736"
"1","0.1","3","true","false","true","false","true","false","0.5","1","0.25","1","0.25","75","0","75","100","75","0","0","30","2.5","2","60","1.6","0.4","20.5","6.7","16","8.21","365","14","1","0","0","299","299","464","49612","0","0","0","39325","1063","0","false","525935","118","299","646","32289","34779","14736"
"1","0.1","3","true","false","true","false","true","false","0.5","1","0.25","1","0.25","75","0","75","100","75","0","0","30","2.5","2","60","1.6","0.4","20.5","6.7","16","8.21","365","14","1","0","0","299","299","465","49982","0","0","0","38955","1063","0","false","525935","118","299","646","32289","34779","14736"
"1","0.1","3","true","false","true","false","true","false","0.5","1","0.25","1","0.25","75","0","75","100","75","0","0","30","2.5","2","60","1.6","0.4","20.5","6.7","16","8.21","365","14","1","0","0","299","299","466","50321","0","0","0","38616","1063","0","false","525935","118","299","646","32289","34779","14736"
"1","0.1","3","true","false","true","false","true","false","0.5","1","0.25","1","0.25","75","0","75","100","75","0","0","30","2.5","2","60","1.6","0.4","20.5","6.7","16","8.21","365","14","1","0","0","299","299","467","50701","0","0","0","38236","1063","0","false","525935","118","299","646","32289","34779","14736"
"1","0.1","3","true","false","true","false","true","false","0.5","1","0.25","1","0.25","75","0","75","100","75","0","0","30","2.5","2","60","1.6","0.4","20.5","6.7","16","8.21","365","14","1","0","0","299","299","468","51050","0","0","0","37887","1063","0","false","525935","118","299","646","32289","34779","14736"
"1","0.1","3","true","false","true","false","true","false","0.5","1","0.25","1","0.25","75","0","75","100","75","0","0","30","2.5","2","60","1.6","0.4","20.5","6.7","16","8.21","365","14","1","0","0","299","299","469","51424","0","0","0","37513","1063","0","false","525935","118","299","646","32289","34779","14736"
"1","0.1","3","true","false","true","false","true","false","0.5","1","0.25","1","0.25","75","0","75","100","75","0","0","30","2.5","2","60","1.6","0.4","20.5","6.7","16","8.21","365","14","1","0","0","299","299","470","51790","0","0","0","37147","1063","0","false","525935","118","299","646","32289","34779","14736"
"1","0.1","3","true","false","true","false","true","false","0.5","1","0.25","1","0.25","75","0","75","100","75","0","0","30","2.5","2","60","1.6","0.4","20.5","6.7","16","8.21","365","14","1","0","0","299","299","471","52196","0","0","0","36741","1063","0","false","525935","118","299","646","32289","34779","14736"
"1","0.1","3","true","false","true","false","true","false","0.5","1","0.25","1","0.25","75","0","75","100","75","0","0","30","2.5","2","60","1.6","0.4","20.5","6.7","16","8.21","365","14","1","0","0","299","299","472","52570","0","0","0","36367","1063","0","false","525935","118","299","646","32289","34779","14736"
"1","0.1","3","true","false","true","false","true","false","0.5","1","0.25","1","0.25","75","0","75","100","75","0","0","30","2.5","2","60","1.6","0.4","20.5","6.7","16","8.21","365","14","1","0","0","299","299","473","52930","0","0","0","36007","1063","0","false","525935","118","299","646","32289","34779","14736"
"1","0.1","3","true","false","true","false","true","false","0.5","1","0.25","1","0.25","75","0","75","100","75","0","0","30","2.5","2","60","1.6","0.4","20.5","6.7","16","8.21","365","14","1","0","0","299","299","474","53292","0","0","0","35645","1063","0","false","525935","118","299","646","32289","34779","14736"
"1","0.1","3","true","false","true","false","true","false","0.5","1","0.25","1","0.25","75","0","75","100","75","0","0","30","2.5","2","60","1.6","0.4","20.5","6.7","16","8.21","365","14","1","0","0","299","299","475","53660","0","0","0","35277","1063","0","false","525935","118","299","646","32289","34779","14736"
"1","0.1","3","true","false","true","false","true","false","0.5","1","0.25","1","0.25","75","0","75","100","75","0","0","30","2.5","2","60","1.6","0.4","20.5","6.7","16","8.21","365","14","1","0","0","299","299","476","54016","0","0","0","34921","1063","0","false","525935","118","299","646","32289","34779","14736"
"1","0.1","3","true","false","true","false","true","false","0.5","1","0.25","1","0.25","75","0","75","100","75","0","0","30","2.5","2","60","1.6","0.4","20.5","6.7","16","8.21","365","14","1","0","0","299","299","477","54379","0","0","0","34558","1063","0","false","525935","118","299","646","32289","34779","14736"
"1","0.1","3","true","false","true","false","true","false","0.5","1","0.25","1","0.25","75","0","75","100","75","0","0","30","2.5","2","60","1.6","0.4","20.5","6.7","16","8.21","365","14","1","0","0","299","299","478","54755","0","0","0","34182","1063","0","false","525935","118","299","646","32289","34779","14736"
"1","0.1","3","true","false","true","false","true","false","0.5","1","0.25","1","0.25","75","0","75","100","75","0","0","30","2.5","2","60","1.6","0.4","20.5","6.7","16","8.21","365","14","1","0","0","299","299","479","55187","0","0","0","33750","1063","0","false","525935","118","299","646","32289","34779","14736"
"1","0.1","3","true","false","true","false","true","false","0.5","1","0.25","1","0.25","75","0","75","100","75","0","0","30","2.5","2","60","1.6","0.4","20.5","6.7","16","8.21","365","14","1","0","0","299","299","480","55592","0","0","0","33345","1063","0","false","525935","118","299","646","32289","34779","14736"
"1","0.1","3","true","false","true","false","true","false","0.5","1","0.25","1","0.25","75","0","75","100","75","0","0","30","2.5","2","60","1.6","0.4","20.5","6.7","16","8.21","365","14","1","0","0","299","299","481","55984","0","0","0","32953","1063","0","false","525935","118","299","646","32289","34779","14736"
"1","0.1","3","true","false","true","false","true","false","0.5","1","0.25","1","0.25","75","0","75","100","75","0","0","30","2.5","2","60","1.6","0.4","20.5","6.7","16","8.21","365","14","1","0","0","299","299","482","56387","0","0","0","32550","1063","0","false","525935","118","299","646","32289","34779","14736"
"1","0.1","3","true","false","true","false","true","false","0.5","1","0.25","1","0.25","75","0","75","100","75","0","0","30","2.5","2","60","1.6","0.4","20.5","6.7","16","8.21","365","14","1","0","0","299","299","483","56750","0","0","0","32187","1063","0","false","525935","118","299","646","32289","34779","14736"
"1","0.1","3","true","false","true","false","true","false","0.5","1","0.25","1","0.25","75","0","75","100","75","0","0","30","2.5","2","60","1.6","0.4","20.5","6.7","16","8.21","365","14","1","0","0","299","299","484","57103","0","0","0","31834","1063","0","false","525935","118","299","646","32289","34779","14736"
"1","0.1","3","true","false","true","false","true","false","0.5","1","0.25","1","0.25","75","0","75","100","75","0","0","30","2.5","2","60","1.6","0.4","20.5","6.7","16","8.21","365","14","1","0","0","299","299","485","57511","0","0","0","31426","1063","0","false","525935","118","299","646","32289","34779","14736"
"1","0.1","3","true","false","true","false","true","false","0.5","1","0.25","1","0.25","75","0","75","100","75","0","0","30","2.5","2","60","1.6","0.4","20.5","6.7","16","8.21","365","14","1","0","0","299","299","486","57903","0","0","0","31034","1063","0","false","525935","118","299","646","32289","34779","14736"
"1","0.1","3","true","false","true","false","true","false","0.5","1","0.25","1","0.25","75","0","75","100","75","0","0","30","2.5","2","60","1.6","0.4","20.5","6.7","16","8.21","365","14","1","0","0","299","299","487","58288","0","0","0","30649","1063","0","false","525935","118","299","646","32289","34779","14736"
"1","0.1","3","true","false","true","false","true","false","0.5","1","0.25","1","0.25","75","0","75","100","75","0","0","30","2.5","2","60","1.6","0.4","20.5","6.7","16","8.21","365","14","1","0","0","299","299","488","58652","0","0","0","30285","1063","0","false","525935","118","299","646","32289","34779","14736"
"1","0.1","3","true","false","true","false","true","false","0.5","1","0.25","1","0.25","75","0","75","100","75","0","0","30","2.5","2","60","1.6","0.4","20.5","6.7","16","8.21","365","14","1","0","0","299","299","489","59040","0","0","0","29897","1063","0","false","525935","118","299","646","32289","34779","14736"
"1","0.1","3","true","false","true","false","true","false","0.5","1","0.25","1","0.25","75","0","75","100","75","0","0","30","2.5","2","60","1.6","0.4","20.5","6.7","16","8.21","365","14","1","0","0","299","299","490","59454","0","0","0","29483","1063","0","false","525935","118","299","646","32289","34779","14736"
"1","0.1","3","true","false","true","false","true","false","0.5","1","0.25","1","0.25","75","0","75","100","75","0","0","30","2.5","2","60","1.6","0.4","20.5","6.7","16","8.21","365","14","1","0","0","299","299","491","59806","0","0","0","29131","1063","0","false","525935","118","299","646","32289","34779","14736"
"1","0.1","3","true","false","true","false","true","false","0.5","1","0.25","1","0.25","75","0","75","100","75","0","0","30","2.5","2","60","1.6","0.4","20.5","6.7","16","8.21","365","14","1","0","0","299","299","492","60209","0","0","0","28728","1063","0","false","525935","118","299","646","32289","34779","14736"
"1","0.1","3","true","false","true","false","true","false","0.5","1","0.25","1","0.25","75","0","75","100","75","0","0","30","2.5","2","60","1.6","0.4","20.5","6.7","16","8.21","365","14","1","0","0","299","299","493","60625","0","0","0","28312","1063","0","false","525935","118","299","646","32289","34779","14736"
"1","0.1","3","true","false","true","false","true","false","0.5","1","0.25","1","0.25","75","0","75","100","75","0","0","30","2.5","2","60","1.6","0.4","20.5","6.7","16","8.21","365","14","1","0","0","299","299","494","61009","0","0","0","27928","1063","0","false","525935","118","299","646","32289","34779","14736"
"1","0.1","3","true","false","true","false","true","false","0.5","1","0.25","1","0.25","75","0","75","100","75","0","0","30","2.5","2","60","1.6","0.4","20.5","6.7","16","8.21","365","14","1","0","0","299","299","495","61432","0","0","0","27505","1063","0","false","525935","118","299","646","32289","34779","14736"
"1","0.1","3","true","false","true","false","true","false","0.5","1","0.25","1","0.25","75","0","75","100","75","0","0","30","2.5","2","60","1.6","0.4","20.5","6.7","16","8.21","365","14","1","0","0","299","299","496","61844","0","0","0","27093","1063","0","false","525935","118","299","646","32289","34779","14736"
"1","0.1","3","true","false","true","false","true","false","0.5","1","0.25","1","0.25","75","0","75","100","75","0","0","30","2.5","2","60","1.6","0.4","20.5","6.7","16","8.21","365","14","1","0","0","299","299","497","62227","0","0","0","26710","1063","0","false","525935","118","299","646","32289","34779","14736"
"1","0.1","3","true","false","true","false","true","false","0.5","1","0.25","1","0.25","75","0","75","100","75","0","0","30","2.5","2","60","1.6","0.4","20.5","6.7","16","8.21","365","14","1","0","0","299","299","498","62578","0","0","0","26359","1063","0","false","525935","118","299","646","32289","34779","14736"
"1","0.1","3","true","false","true","false","true","false","0.5","1","0.25","1","0.25","75","0","75","100","75","0","0","30","2.5","2","60","1.6","0.4","20.5","6.7","16","8.21","365","14","1","0","0","299","299","499","62946","0","0","0","25991","1063","0","false","525935","118","299","646","32289","34779","14736"
"1","0.1","3","true","false","true","false","true","false","0.5","1","0.25","1","0.25","75","0","75","100","75","0","0","30","2.5","2","60","1.6","0.4","20.5","6.7","16","8.21","365","14","1","0","0","299","299","500","63319","0","0","0","25618","1063","0","false","525935","118","299","646","32289","34779","14736"
"1","0.1","3","true","false","true","false","true","false","0.5","1","0.25","1","0.25","75","0","75","100","75","0","0","30","2.5","2","60","1.6","0.4","20.5","6.7","16","8.21","365","14","1","0","0","299","299","501","63684","0","0","0","25253","1063","0","false","525935","118","299","646","32289","34779","14736"
"1","0.1","3","true","false","true","false","true","false","0.5","1","0.25","1","0.25","75","0","75","100","75","0","0","30","2.5","2","60","1.6","0.4","20.5","6.7","16","8.21","365","14","1","0","0","299","299","502","64070","0","0","0","24867","1063","0","false","525935","118","299","646","32289","34779","14736"
"1","0.1","3","true","false","true","false","true","false","0.5","1","0.25","1","0.25","75","0","75","100","75","0","0","30","2.5","2","60","1.6","0.4","20.5","6.7","16","8.21","365","14","1","0","0","299","299","503","64489","0","0","0","24448","1063","0","false","525935","118","299","646","32289","34779","14736"
"1","0.1","3","true","false","true","false","true","false","0.5","1","0.25","1","0.25","75","0","75","100","75","0","0","30","2.5","2","60","1.6","0.4","20.5","6.7","16","8.21","365","14","1","0","0","299","299","504","64858","0","0","0","24079","1063","0","false","525935","118","299","646","32289","34779","14736"
"1","0.1","3","true","false","true","false","true","false","0.5","1","0.25","1","0.25","75","0","75","100","75","0","0","30","2.5","2","60","1.6","0.4","20.5","6.7","16","8.21","365","14","1","0","0","299","299","505","65248","0","0","0","23689","1063","0","false","525935","118","299","646","32289","34779","14736"
"1","0.1","3","true","false","true","false","true","false","0.5","1","0.25","1","0.25","75","0","75","100","75","0","0","30","2.5","2","60","1.6","0.4","20.5","6.7","16","8.21","365","14","1","0","0","299","299","506","65651","0","0","0","23286","1063","0","false","525935","118","299","646","32289","34779","14736"
"1","0.1","3","true","false","true","false","true","false","0.5","1","0.25","1","0.25","75","0","75","100","75","0","0","30","2.5","2","60","1.6","0.4","20.5","6.7","16","8.21","365","14","1","0","0","299","299","507","66026","0","0","0","22911","1063","0","false","525935","118","299","646","32289","34779","14736"
"1","0.1","3","true","false","true","false","true","false","0.5","1","0.25","1","0.25","75","0","75","100","75","0","0","30","2.5","2","60","1.6","0.4","20.5","6.7","16","8.21","365","14","1","0","0","299","299","508","66350","0","0","0","22587","1063","0","false","525935","118","299","646","32289","34779","14736"
"1","0.1","3","true","false","true","false","true","false","0.5","1","0.25","1","0.25","75","0","75","100","75","0","0","30","2.5","2","60","1.6","0.4","20.5","6.7","16","8.21","365","14","1","0","0","299","299","509","66694","0","0","0","22243","1063","0","false","525935","118","299","646","32289","34779","14736"
"1","0.1","3","true","false","true","false","true","false","0.5","1","0.25","1","0.25","75","0","75","100","75","0","0","30","2.5","2","60","1.6","0.4","20.5","6.7","16","8.21","365","14","1","0","0","299","299","510","67006","0","0","0","21931","1063","0","false","525935","118","299","646","32289","34779","14736"
"1","0.1","3","true","false","true","false","true","false","0.5","1","0.25","1","0.25","75","0","75","100","75","0","0","30","2.5","2","60","1.6","0.4","20.5","6.7","16","8.21","365","14","1","0","0","299","299","511","67322","0","0","0","21615","1063","0","false","525935","118","299","646","32289","34779","14736"
"1","0.1","3","true","false","true","false","true","false","0.5","1","0.25","1","0.25","75","0","75","100","75","0","0","30","2.5","2","60","1.6","0.4","20.5","6.7","16","8.21","365","14","1","0","0","299","299","512","67635","0","0","0","21302","1063","0","false","525935","118","299","646","32289","34779","14736"
"1","0.1","3","true","false","true","false","true","false","0.5","1","0.25","1","0.25","75","0","75","100","75","0","0","30","2.5","2","60","1.6","0.4","20.5","6.7","16","8.21","365","14","1","0","0","299","299","513","67946","0","0","0","20991","1063","0","false","525935","118","299","646","32289","34779","14736"
"1","0.1","3","true","false","true","false","true","false","0.5","1","0.25","1","0.25","75","0","75","100","75","0","0","30","2.5","2","60","1.6","0.4","20.5","6.7","16","8.21","365","14","1","0","0","299","299","514","68262","0","0","0","20675","1063","0","false","525935","118","299","646","32289","34779","14736"
"1","0.1","3","true","false","true","false","true","false","0.5","1","0.25","1","0.25","75","0","75","100","75","0","0","30","2.5","2","60","1.6","0.4","20.5","6.7","16","8.21","365","14","1","0","0","299","299","515","68597","0","0","0","20340","1063","0","false","525935","118","299","646","32289","34779","14736"
"1","0.1","3","true","false","true","false","true","false","0.5","1","0.25","1","0.25","75","0","75","100","75","0","0","30","2.5","2","60","1.6","0.4","20.5","6.7","16","8.21","365","14","1","0","0","299","299","516","68871","0","0","0","20066","1063","0","false","525935","118","299","646","32289","34779","14736"
"1","0.1","3","true","false","true","false","true","false","0.5","1","0.25","1","0.25","75","0","75","100","75","0","0","30","2.5","2","60","1.6","0.4","20.5","6.7","16","8.21","365","14","1","0","0","299","299","517","69161","0","0","0","19776","1063","0","false","525935","118","299","646","32289","34779","14736"
"1","0.1","3","true","false","true","false","true","false","0.5","1","0.25","1","0.25","75","0","75","100","75","0","0","30","2.5","2","60","1.6","0.4","20.5","6.7","16","8.21","365","14","1","0","0","299","299","518","69460","0","0","0","19477","1063","0","false","525935","118","299","646","32289","34779","14736"
"1","0.1","3","true","false","true","false","true","false","0.5","1","0.25","1","0.25","75","0","75","100","75","0","0","30","2.5","2","60","1.6","0.4","20.5","6.7","16","8.21","365","14","1","0","0","299","299","519","69775","0","0","0","19162","1063","0","false","525935","118","299","646","32289","34779","14736"
"1","0.1","3","true","false","true","false","true","false","0.5","1","0.25","1","0.25","75","0","75","100","75","0","0","30","2.5","2","60","1.6","0.4","20.5","6.7","16","8.21","365","14","1","0","0","299","299","520","70046","0","0","0","18891","1063","0","false","525935","118","299","646","32289","34779","14736"
"1","0.1","3","true","false","true","false","true","false","0.5","1","0.25","1","0.25","75","0","75","100","75","0","0","30","2.5","2","60","1.6","0.4","20.5","6.7","16","8.21","365","14","1","0","0","299","299","521","70366","0","0","0","18571","1063","0","false","525935","118","299","646","32289","34779","14736"
"1","0.1","3","true","false","true","false","true","false","0.5","1","0.25","1","0.25","75","0","75","100","75","0","0","30","2.5","2","60","1.6","0.4","20.5","6.7","16","8.21","365","14","1","0","0","299","299","522","70691","0","0","0","18246","1063","0","false","525935","118","299","646","32289","34779","14736"
"1","0.1","3","true","false","true","false","true","false","0.5","1","0.25","1","0.25","75","0","75","100","75","0","0","30","2.5","2","60","1.6","0.4","20.5","6.7","16","8.21","365","14","1","0","0","299","299","523","70962","0","0","0","17975","1063","0","false","525935","118","299","646","32289","34779","14736"
"1","0.1","3","true","false","true","false","true","false","0.5","1","0.25","1","0.25","75","0","75","100","75","0","0","30","2.5","2","60","1.6","0.4","20.5","6.7","16","8.21","365","14","1","0","0","299","299","524","71248","0","0","0","17689","1063","0","false","525935","118","299","646","32289","34779","14736"
"1","0.1","3","true","false","true","false","true","false","0.5","1","0.25","1","0.25","75","0","75","100","75","0","0","30","2.5","2","60","1.6","0.4","20.5","6.7","16","8.21","365","14","1","0","0","299","299","525","71529","0","0","0","17408","1063","0","false","525935","118","299","646","32289","34779","14736"
"1","0.1","3","true","false","true","false","true","false","0.5","1","0.25","1","0.25","75","0","75","100","75","0","0","30","2.5","2","60","1.6","0.4","20.5","6.7","16","8.21","365","14","1","0","0","299","299","526","71852","0","0","0","17085","1063","0","false","525935","118","299","646","32289","34779","14736"
"1","0.1","3","true","false","true","false","true","false","0.5","1","0.25","1","0.25","75","0","75","100","75","0","0","30","2.5","2","60","1.6","0.4","20.5","6.7","16","8.21","365","14","1","0","0","299","299","527","72138","0","0","0","16799","1063","0","false","525935","118","299","646","32289","34779","14736"
"1","0.1","3","true","false","true","false","true","false","0.5","1","0.25","1","0.25","75","0","75","100","75","0","0","30","2.5","2","60","1.6","0.4","20.5","6.7","16","8.21","365","14","1","0","0","299","299","528","72396","0","0","0","16541","1063","0","false","525935","118","299","646","32289","34779","14736"
"1","0.1","3","true","false","true","false","true","false","0.5","1","0.25","1","0.25","75","0","75","100","75","0","0","30","2.5","2","60","1.6","0.4","20.5","6.7","16","8.21","365","14","1","0","0","299","299","529","72700","0","0","0","16237","1063","0","false","525935","118","299","646","32289","34779","14736"
"1","0.1","3","true","false","true","false","true","false","0.5","1","0.25","1","0.25","75","0","75","100","75","0","0","30","2.5","2","60","1.6","0.4","20.5","6.7","16","8.21","365","14","1","0","0","299","299","530","72986","0","0","0","15951","1063","0","false","525935","118","299","646","32289","34779","14736"
"1","0.1","3","true","false","true","false","true","false","0.5","1","0.25","1","0.25","75","0","75","100","75","0","0","30","2.5","2","60","1.6","0.4","20.5","6.7","16","8.21","365","14","1","0","0","299","299","531","73280","0","0","0","15657","1063","0","false","525935","118","299","646","32289","34779","14736"
"1","0.1","3","true","false","true","false","true","false","0.5","1","0.25","1","0.25","75","0","75","100","75","0","0","30","2.5","2","60","1.6","0.4","20.5","6.7","16","8.21","365","14","1","0","0","299","299","532","73538","0","0","0","15399","1063","0","false","525935","118","299","646","32289","34779","14736"
"1","0.1","3","true","false","true","false","true","false","0.5","1","0.25","1","0.25","75","0","75","100","75","0","0","30","2.5","2","60","1.6","0.4","20.5","6.7","16","8.21","365","14","1","0","0","299","299","533","73823","0","0","0","15114","1063","0","false","525935","118","299","646","32289","34779","14736"
"1","0.1","3","true","false","true","false","true","false","0.5","1","0.25","1","0.25","75","0","75","100","75","0","0","30","2.5","2","60","1.6","0.4","20.5","6.7","16","8.21","365","14","1","0","0","299","299","534","74055","0","0","0","14882","1063","0","false","525935","118","299","646","32289","34779","14736"
"1","0.1","3","true","false","true","false","true","false","0.5","1","0.25","1","0.25","75","0","75","100","75","0","0","30","2.5","2","60","1.6","0.4","20.5","6.7","16","8.21","365","14","1","0","0","299","299","535","74309","0","0","0","14628","1063","0","false","525935","118","299","646","32289","34779","14736"
"1","0.1","3","true","false","true","false","true","false","0.5","1","0.25","1","0.25","75","0","75","100","75","0","0","30","2.5","2","60","1.6","0.4","20.5","6.7","16","8.21","365","14","1","0","0","299","299","536","74577","0","0","0","14360","1063","0","false","525935","118","299","646","32289","34779","14736"
"1","0.1","3","true","false","true","false","true","false","0.5","1","0.25","1","0.25","75","0","75","100","75","0","0","30","2.5","2","60","1.6","0.4","20.5","6.7","16","8.21","365","14","1","0","0","299","299","537","74824","0","0","0","14113","1063","0","false","525935","118","299","646","32289","34779","14736"
"1","0.1","3","true","false","true","false","true","false","0.5","1","0.25","1","0.25","75","0","75","100","75","0","0","30","2.5","2","60","1.6","0.4","20.5","6.7","16","8.21","365","14","1","0","0","299","299","538","75068","0","0","0","13869","1063","0","false","525935","118","299","646","32289","34779","14736"
"1","0.1","3","true","false","true","false","true","false","0.5","1","0.25","1","0.25","75","0","75","100","75","0","0","30","2.5","2","60","1.6","0.4","20.5","6.7","16","8.21","365","14","1","0","0","299","299","539","75331","0","0","0","13606","1063","0","false","525935","118","299","646","32289","34779","14736"
"1","0.1","3","true","false","true","false","true","false","0.5","1","0.25","1","0.25","75","0","75","100","75","0","0","30","2.5","2","60","1.6","0.4","20.5","6.7","16","8.21","365","14","1","0","0","299","299","540","75573","0","0","0","13364","1063","0","false","525935","118","299","646","32289","34779","14736"
"1","0.1","3","true","false","true","false","true","false","0.5","1","0.25","1","0.25","75","0","75","100","75","0","0","30","2.5","2","60","1.6","0.4","20.5","6.7","16","8.21","365","14","1","0","0","299","299","541","75825","0","0","0","13112","1063","0","false","525935","118","299","646","32289","34779","14736"
"1","0.1","3","true","false","true","false","true","false","0.5","1","0.25","1","0.25","75","0","75","100","75","0","0","30","2.5","2","60","1.6","0.4","20.5","6.7","16","8.21","365","14","1","0","0","299","299","542","76040","0","0","0","12897","1063","0","false","525935","118","299","646","32289","34779","14736"
"1","0.1","3","true","false","true","false","true","false","0.5","1","0.25","1","0.25","75","0","75","100","75","0","0","30","2.5","2","60","1.6","0.4","20.5","6.7","16","8.21","365","14","1","0","0","299","299","543","76280","0","0","0","12657","1063","0","false","525935","118","299","646","32289","34779","14736"
"1","0.1","3","true","false","true","false","true","false","0.5","1","0.25","1","0.25","75","0","75","100","75","0","0","30","2.5","2","60","1.6","0.4","20.5","6.7","16","8.21","365","14","1","0","0","299","299","544","76531","0","0","0","12406","1063","0","false","525935","118","299","646","32289","34779","14736"
"1","0.1","3","true","false","true","false","true","false","0.5","1","0.25","1","0.25","75","0","75","100","75","0","0","30","2.5","2","60","1.6","0.4","20.5","6.7","16","8.21","365","14","1","0","0","299","299","545","76751","0","0","0","12186","1063","0","false","525935","118","299","646","32289","34779","14736"
"1","0.1","3","true","false","true","false","true","false","0.5","1","0.25","1","0.25","75","0","75","100","75","0","0","30","2.5","2","60","1.6","0.4","20.5","6.7","16","8.21","365","14","1","0","0","299","299","546","76976","0","0","0","11961","1063","0","false","525935","118","299","646","32289","34779","14736"
"1","0.1","3","true","false","true","false","true","false","0.5","1","0.25","1","0.25","75","0","75","100","75","0","0","30","2.5","2","60","1.6","0.4","20.5","6.7","16","8.21","365","14","1","0","0","299","299","547","77213","0","0","0","11724","1063","0","false","525935","118","299","646","32289","34779","14736"
"1","0.1","3","true","false","true","false","true","false","0.5","1","0.25","1","0.25","75","0","75","100","75","0","0","30","2.5","2","60","1.6","0.4","20.5","6.7","16","8.21","365","14","1","0","0","299","299","548","77484","0","0","0","11453","1063","0","false","525935","118","299","646","32289","34779","14736"
"1","0.1","3","true","false","true","false","true","false","0.5","1","0.25","1","0.25","75","0","75","100","75","0","0","30","2.5","2","60","1.6","0.4","20.5","6.7","16","8.21","365","14","1","0","0","299","299","549","77719","0","0","0","11218","1063","0","false","525935","118","299","646","32289","34779","14736"
"1","0.1","3","true","false","true","false","true","false","0.5","1","0.25","1","0.25","75","0","75","100","75","0","0","30","2.5","2","60","1.6","0.4","20.5","6.7","16","8.21","365","14","1","0","0","299","299","550","77972","0","0","0","10965","1063","0","false","525935","118","299","646","32289","34779","14736"
"1","0.1","3","true","false","true","false","true","false","0.5","1","0.25","1","0.25","75","0","75","100","75","0","0","30","2.5","2","60","1.6","0.4","20.5","6.7","16","8.21","365","14","1","0","0","299","299","551","78196","0","0","0","10741","1063","0","false","525935","118","299","646","32289","34779","14736"
"1","0.1","3","true","false","true","false","true","false","0.5","1","0.25","1","0.25","75","0","75","100","75","0","0","30","2.5","2","60","1.6","0.4","20.5","6.7","16","8.21","365","14","1","0","0","299","299","552","78427","0","0","0","10510","1063","0","false","525935","118","299","646","32289","34779","14736"
"1","0.1","3","true","false","true","false","true","false","0.5","1","0.25","1","0.25","75","0","75","100","75","0","0","30","2.5","2","60","1.6","0.4","20.5","6.7","16","8.21","365","14","1","0","0","299","299","553","78614","0","0","0","10323","1063","0","false","525935","118","299","646","32289","34779","14736"
"1","0.1","3","true","false","true","false","true","false","0.5","1","0.25","1","0.25","75","0","75","100","75","0","0","30","2.5","2","60","1.6","0.4","20.5","6.7","16","8.21","365","14","1","0","0","299","299","554","78807","0","0","0","10130","1063","0","false","525935","118","299","646","32289","34779","14736"
"1","0.1","3","true","false","true","false","true","false","0.5","1","0.25","1","0.25","75","0","75","100","75","0","0","30","2.5","2","60","1.6","0.4","20.5","6.7","16","8.21","365","14","1","0","0","299","299","555","79030","0","0","0","9907","1063","0","false","525935","118","299","646","32289","34779","14736"
"1","0.1","3","true","false","true","false","true","false","0.5","1","0.25","1","0.25","75","0","75","100","75","0","0","30","2.5","2","60","1.6","0.4","20.5","6.7","16","8.21","365","14","1","0","0","299","299","556","79194","0","0","0","9743","1063","0","false","525935","118","299","646","32289","34779","14736"
"1","0.1","3","true","false","true","false","true","false","0.5","1","0.25","1","0.25","75","0","75","100","75","0","0","30","2.5","2","60","1.6","0.4","20.5","6.7","16","8.21","365","14","1","0","0","299","299","557","79390","0","0","0","9547","1063","0","false","525935","118","299","646","32289","34779","14736"
"1","0.1","3","true","false","true","false","true","false","0.5","1","0.25","1","0.25","75","0","75","100","75","0","0","30","2.5","2","60","1.6","0.4","20.5","6.7","16","8.21","365","14","1","0","0","299","299","558","79560","0","0","0","9377","1063","0","false","525935","118","299","646","32289","34779","14736"
"1","0.1","3","true","false","true","false","true","false","0.5","1","0.25","1","0.25","75","0","75","100","75","0","0","30","2.5","2","60","1.6","0.4","20.5","6.7","16","8.21","365","14","1","0","0","299","299","559","79746","0","0","0","9191","1063","0","false","525935","118","299","646","32289","34779","14736"
"1","0.1","3","true","false","true","false","true","false","0.5","1","0.25","1","0.25","75","0","75","100","75","0","0","30","2.5","2","60","1.6","0.4","20.5","6.7","16","8.21","365","14","1","0","0","299","299","560","79949","0","0","0","8988","1063","0","false","525935","118","299","646","32289","34779","14736"
"1","0.1","3","true","false","true","false","true","false","0.5","1","0.25","1","0.25","75","0","75","100","75","0","0","30","2.5","2","60","1.6","0.4","20.5","6.7","16","8.21","365","14","1","0","0","299","299","561","80114","0","0","0","8823","1063","0","false","525935","118","299","646","32289","34779","14736"
"1","0.1","3","true","false","true","false","true","false","0.5","1","0.25","1","0.25","75","0","75","100","75","0","0","30","2.5","2","60","1.6","0.4","20.5","6.7","16","8.21","365","14","1","0","0","299","299","562","80284","0","0","0","8653","1063","0","false","525935","118","299","646","32289","34779","14736"
"1","0.1","3","true","false","true","false","true","false","0.5","1","0.25","1","0.25","75","0","75","100","75","0","0","30","2.5","2","60","1.6","0.4","20.5","6.7","16","8.21","365","14","1","0","0","299","299","563","80466","0","0","0","8471","1063","0","false","525935","118","299","646","32289","34779","14736"
"1","0.1","3","true","false","true","false","true","false","0.5","1","0.25","1","0.25","75","0","75","100","75","0","0","30","2.5","2","60","1.6","0.4","20.5","6.7","16","8.21","365","14","1","0","0","299","299","564","80631","0","0","0","8306","1063","0","false","525935","118","299","646","32289","34779","14736"
"1","0.1","3","true","false","true","false","true","false","0.5","1","0.25","1","0.25","75","0","75","100","75","0","0","30","2.5","2","60","1.6","0.4","20.5","6.7","16","8.21","365","14","1","0","0","299","299","565","80777","0","0","0","8160","1063","0","false","525935","118","299","646","32289","34779","14736"
"1","0.1","3","true","false","true","false","true","false","0.5","1","0.25","1","0.25","75","0","75","100","75","0","0","30","2.5","2","60","1.6","0.4","20.5","6.7","16","8.21","365","14","1","0","0","299","299","566","80939","0","0","0","7998","1063","0","false","525935","118","299","646","32289","34779","14736"
"1","0.1","3","true","false","true","false","true","false","0.5","1","0.25","1","0.25","75","0","75","100","75","0","0","30","2.5","2","60","1.6","0.4","20.5","6.7","16","8.21","365","14","1","0","0","299","299","567","81090","0","0","0","7847","1063","0","false","525935","118","299","646","32289","34779","14736"
"1","0.1","3","true","false","true","false","true","false","0.5","1","0.25","1","0.25","75","0","75","100","75","0","0","30","2.5","2","60","1.6","0.4","20.5","6.7","16","8.21","365","14","1","0","0","299","299","568","81254","0","0","0","7683","1063","0","false","525935","118","299","646","32289","34779","14736"
"1","0.1","3","true","false","true","false","true","false","0.5","1","0.25","1","0.25","75","0","75","100","75","0","0","30","2.5","2","60","1.6","0.4","20.5","6.7","16","8.21","365","14","1","0","0","299","299","569","81430","0","0","0","7507","1063","0","false","525935","118","299","646","32289","34779","14736"
"1","0.1","3","true","false","true","false","true","false","0.5","1","0.25","1","0.25","75","0","75","100","75","0","0","30","2.5","2","60","1.6","0.4","20.5","6.7","16","8.21","365","14","1","0","0","299","299","570","81583","0","0","0","7354","1063","0","false","525935","118","299","646","32289","34779","14736"
"1","0.1","3","true","false","true","false","true","false","0.5","1","0.25","1","0.25","75","0","75","100","75","0","0","30","2.5","2","60","1.6","0.4","20.5","6.7","16","8.21","365","14","1","0","0","299","299","571","81734","0","0","0","7203","1063","0","false","525935","118","299","646","32289","34779","14736"
"1","0.1","3","true","false","true","false","true","false","0.5","1","0.25","1","0.25","75","0","75","100","75","0","0","30","2.5","2","60","1.6","0.4","20.5","6.7","16","8.21","365","14","1","0","0","299","299","572","81869","0","0","0","7068","1063","0","false","525935","118","299","646","32289","34779","14736"
"1","0.1","3","true","false","true","false","true","false","0.5","1","0.25","1","0.25","75","0","75","100","75","0","0","30","2.5","2","60","1.6","0.4","20.5","6.7","16","8.21","365","14","1","0","0","299","299","573","82001","0","0","0","6936","1063","0","false","525935","118","299","646","32289","34779","14736"
"1","0.1","3","true","false","true","false","true","false","0.5","1","0.25","1","0.25","75","0","75","100","75","0","0","30","2.5","2","60","1.6","0.4","20.5","6.7","16","8.21","365","14","1","0","0","299","299","574","82150","0","0","0","6787","1063","0","false","525935","118","299","646","32289","34779","14736"
"1","0.1","3","true","false","true","false","true","false","0.5","1","0.25","1","0.25","75","0","75","100","75","0","0","30","2.5","2","60","1.6","0.4","20.5","6.7","16","8.21","365","14","1","0","0","299","299","575","82304","0","0","0","6633","1063","0","false","525935","118","299","646","32289","34779","14736"
"1","0.1","3","true","false","true","false","true","false","0.5","1","0.25","1","0.25","75","0","75","100","75","0","0","30","2.5","2","60","1.6","0.4","20.5","6.7","16","8.21","365","14","1","0","0","299","299","576","82459","0","0","0","6478","1063","0","false","525935","118","299","646","32289","34779","14736"
"1","0.1","3","true","false","true","false","true","false","0.5","1","0.25","1","0.25","75","0","75","100","75","0","0","30","2.5","2","60","1.6","0.4","20.5","6.7","16","8.21","365","14","1","0","0","299","299","577","82610","0","0","0","6327","1063","0","false","525935","118","299","646","32289","34779","14736"
"1","0.1","3","true","false","true","false","true","false","0.5","1","0.25","1","0.25","75","0","75","100","75","0","0","30","2.5","2","60","1.6","0.4","20.5","6.7","16","8.21","365","14","1","0","0","299","299","578","82748","0","0","0","6189","1063","0","false","525935","118","299","646","32289","34779","14736"
"1","0.1","3","true","false","true","false","true","false","0.5","1","0.25","1","0.25","75","0","75","100","75","0","0","30","2.5","2","60","1.6","0.4","20.5","6.7","16","8.21","365","14","1","0","0","299","299","579","82873","0","0","0","6064","1063","0","false","525935","118","299","646","32289","34779","14736"
"1","0.1","3","true","false","true","false","true","false","0.5","1","0.25","1","0.25","75","0","75","100","75","0","0","30","2.5","2","60","1.6","0.4","20.5","6.7","16","8.21","365","14","1","0","0","299","299","580","82990","0","0","0","5947","1063","0","false","525935","118","299","646","32289","34779","14736"
"1","0.1","3","true","false","true","false","true","false","0.5","1","0.25","1","0.25","75","0","75","100","75","0","0","30","2.5","2","60","1.6","0.4","20.5","6.7","16","8.21","365","14","1","0","0","299","299","581","83128","0","0","0","5809","1063","0","false","525935","118","299","646","32289","34779","14736"
"1","0.1","3","true","false","true","false","true","false","0.5","1","0.25","1","0.25","75","0","75","100","75","0","0","30","2.5","2","60","1.6","0.4","20.5","6.7","16","8.21","365","14","1","0","0","299","299","582","83266","0","0","0","5671","1063","0","false","525935","118","299","646","32289","34779","14736"
"1","0.1","3","true","false","true","false","true","false","0.5","1","0.25","1","0.25","75","0","75","100","75","0","0","30","2.5","2","60","1.6","0.4","20.5","6.7","16","8.21","365","14","1","0","0","299","299","583","83392","0","0","0","5545","1063","0","false","525935","118","299","646","32289","34779","14736"
"1","0.1","3","true","false","true","false","true","false","0.5","1","0.25","1","0.25","75","0","75","100","75","0","0","30","2.5","2","60","1.6","0.4","20.5","6.7","16","8.21","365","14","1","0","0","299","299","584","83539","0","0","0","5398","1063","0","false","525935","118","299","646","32289","34779","14736"
"1","0.1","3","true","false","true","false","true","false","0.5","1","0.25","1","0.25","75","0","75","100","75","0","0","30","2.5","2","60","1.6","0.4","20.5","6.7","16","8.21","365","14","1","0","0","299","299","585","83656","0","0","0","5281","1063","0","false","525935","118","299","646","32289","34779","14736"
"1","0.1","3","true","false","true","false","true","false","0.5","1","0.25","1","0.25","75","0","75","100","75","0","0","30","2.5","2","60","1.6","0.4","20.5","6.7","16","8.21","365","14","1","0","0","299","299","586","83811","0","0","0","5126","1063","0","false","525935","118","299","646","32289","34779","14736"
"1","0.1","3","true","false","true","false","true","false","0.5","1","0.25","1","0.25","75","0","75","100","75","0","0","30","2.5","2","60","1.6","0.4","20.5","6.7","16","8.21","365","14","1","0","0","299","299","587","83941","0","0","0","4996","1063","0","false","525935","118","299","646","32289","34779","14736"
"1","0.1","3","true","false","true","false","true","false","0.5","1","0.25","1","0.25","75","0","75","100","75","0","0","30","2.5","2","60","1.6","0.4","20.5","6.7","16","8.21","365","14","1","0","0","299","299","588","84068","0","0","0","4869","1063","0","false","525935","118","299","646","32289","34779","14736"
"1","0.1","3","true","false","true","false","true","false","0.5","1","0.25","1","0.25","75","0","75","100","75","0","0","30","2.5","2","60","1.6","0.4","20.5","6.7","16","8.21","365","14","1","0","0","299","299","589","84190","0","0","0","4747","1063","0","false","525935","118","299","646","32289","34779","14736"
"1","0.1","3","true","false","true","false","true","false","0.5","1","0.25","1","0.25","75","0","75","100","75","0","0","30","2.5","2","60","1.6","0.4","20.5","6.7","16","8.21","365","14","1","0","0","299","299","590","84291","0","0","0","4646","1063","0","false","525935","118","299","646","32289","34779","14736"
"1","0.1","3","true","false","true","false","true","false","0.5","1","0.25","1","0.25","75","0","75","100","75","0","0","30","2.5","2","60","1.6","0.4","20.5","6.7","16","8.21","365","14","1","0","0","299","299","591","84402","0","0","0","4535","1063","0","false","525935","118","299","646","32289","34779","14736"
"1","0.1","3","true","false","true","false","true","false","0.5","1","0.25","1","0.25","75","0","75","100","75","0","0","30","2.5","2","60","1.6","0.4","20.5","6.7","16","8.21","365","14","1","0","0","299","299","592","84525","0","0","0","4412","1063","0","false","525935","118","299","646","32289","34779","14736"
"1","0.1","3","true","false","true","false","true","false","0.5","1","0.25","1","0.25","75","0","75","100","75","0","0","30","2.5","2","60","1.6","0.4","20.5","6.7","16","8.21","365","14","1","0","0","299","299","593","84635","0","0","0","4302","1063","0","false","525935","118","299","646","32289","34779","14736"
"1","0.1","3","true","false","true","false","true","false","0.5","1","0.25","1","0.25","75","0","75","100","75","0","0","30","2.5","2","60","1.6","0.4","20.5","6.7","16","8.21","365","14","1","0","0","299","299","594","84746","0","0","0","4191","1063","0","false","525935","118","299","646","32289","34779","14736"
"1","0.1","3","true","false","true","false","true","false","0.5","1","0.25","1","0.25","75","0","75","100","75","0","0","30","2.5","2","60","1.6","0.4","20.5","6.7","16","8.21","365","14","1","0","0","299","299","595","84842","0","0","0","4095","1063","0","false","525935","118","299","646","32289","34779","14736"
"1","0.1","3","true","false","true","false","true","false","0.5","1","0.25","1","0.25","75","0","75","100","75","0","0","30","2.5","2","60","1.6","0.4","20.5","6.7","16","8.21","365","14","1","0","0","299","299","596","84933","0","0","0","4004","1063","0","false","525935","118","299","646","32289","34779","14736"
"1","0.1","3","true","false","true","false","true","false","0.5","1","0.25","1","0.25","75","0","75","100","75","0","0","30","2.5","2","60","1.6","0.4","20.5","6.7","16","8.21","365","14","1","0","0","299","299","597","85028","0","0","0","3909","1063","0","false","525935","118","299","646","32289","34779","14736"
"1","0.1","3","true","false","true","false","true","false","0.5","1","0.25","1","0.25","75","0","75","100","75","0","0","30","2.5","2","60","1.6","0.4","20.5","6.7","16","8.21","365","14","1","0","0","299","299","598","85135","0","0","0","3802","1063","0","false","525935","118","299","646","32289","34779","14736"
"1","0.1","3","true","false","true","false","true","false","0.5","1","0.25","1","0.25","75","0","75","100","75","0","0","30","2.5","2","60","1.6","0.4","20.5","6.7","16","8.21","365","14","1","0","0","299","299","599","85236","0","0","0","3701","1063","0","false","525935","118","299","646","32289","34779","14736"
"1","0.1","3","true","false","true","false","true","false","0.5","1","0.25","1","0.25","75","0","75","100","75","0","0","30","2.5","2","60","1.6","0.4","20.5","6.7","16","8.21","365","14","1","0","0","299","299","600","85330","0","0","0","3607","1063","0","false","525935","118","299","646","32289","34779","14736"
"1","0.1","3","true","false","true","false","true","false","0.5","1","0.25","1","0.25","75","0","75","100","75","0","0","30","2.5","2","60","1.6","0.4","20.5","6.7","16","8.21","365","14","1","0","0","299","299","601","85437","0","0","0","3500","1063","0","false","525935","118","299","646","32289","34779","14736"
"1","0.1","3","true","false","true","false","true","false","0.5","1","0.25","1","0.25","75","0","75","100","75","0","0","30","2.5","2","60","1.6","0.4","20.5","6.7","16","8.21","365","14","1","0","0","299","299","602","85522","0","0","0","3415","1063","0","false","525935","118","299","646","32289","34779","14736"
"1","0.1","3","true","false","true","false","true","false","0.5","1","0.25","1","0.25","75","0","75","100","75","0","0","30","2.5","2","60","1.6","0.4","20.5","6.7","16","8.21","365","14","1","0","0","299","299","603","85615","0","0","0","3322","1063","0","false","525935","118","299","646","32289","34779","14736"
"1","0.1","3","true","false","true","false","true","false","0.5","1","0.25","1","0.25","75","0","75","100","75","0","0","30","2.5","2","60","1.6","0.4","20.5","6.7","16","8.21","365","14","1","0","0","299","299","604","85704","0","0","0","3233","1063","0","false","525935","118","299","646","32289","34779","14736"
"1","0.1","3","true","false","true","false","true","false","0.5","1","0.25","1","0.25","75","0","75","100","75","0","0","30","2.5","2","60","1.6","0.4","20.5","6.7","16","8.21","365","14","1","0","0","299","299","605","85793","0","0","0","3144","1063","0","false","525935","118","299","646","32289","34779","14736"
"1","0.1","3","true","false","true","false","true","false","0.5","1","0.25","1","0.25","75","0","75","100","75","0","0","30","2.5","2","60","1.6","0.4","20.5","6.7","16","8.21","365","14","1","0","0","299","299","606","85883","0","0","0","3054","1063","0","false","525935","118","299","646","32289","34779","14736"
"1","0.1","3","true","false","true","false","true","false","0.5","1","0.25","1","0.25","75","0","75","100","75","0","0","30","2.5","2","60","1.6","0.4","20.5","6.7","16","8.21","365","14","1","0","0","299","299","607","85960","0","0","0","2977","1063","0","false","525935","118","299","646","32289","34779","14736"
"1","0.1","3","true","false","true","false","true","false","0.5","1","0.25","1","0.25","75","0","75","100","75","0","0","30","2.5","2","60","1.6","0.4","20.5","6.7","16","8.21","365","14","1","0","0","299","299","608","86051","0","0","0","2886","1063","0","false","525935","118","299","646","32289","34779","14736"
"1","0.1","3","true","false","true","false","true","false","0.5","1","0.25","1","0.25","75","0","75","100","75","0","0","30","2.5","2","60","1.6","0.4","20.5","6.7","16","8.21","365","14","1","0","0","299","299","609","86135","0","0","0","2802","1063","0","false","525935","118","299","646","32289","34779","14736"
"1","0.1","3","true","false","true","false","true","false","0.5","1","0.25","1","0.25","75","0","75","100","75","0","0","30","2.5","2","60","1.6","0.4","20.5","6.7","16","8.21","365","14","1","0","0","299","299","610","86197","0","0","0","2740","1063","0","false","525935","118","299","646","32289","34779","14736"
"1","0.1","3","true","false","true","false","true","false","0.5","1","0.25","1","0.25","75","0","75","100","75","0","0","30","2.5","2","60","1.6","0.4","20.5","6.7","16","8.21","365","14","1","0","0","299","299","611","86288","0","0","0","2649","1063","0","false","525935","118","299","646","32289","34779","14736"
"1","0.1","3","true","false","true","false","true","false","0.5","1","0.25","1","0.25","75","0","75","100","75","0","0","30","2.5","2","60","1.6","0.4","20.5","6.7","16","8.21","365","14","1","0","0","299","299","612","86362","0","0","0","2575","1063","0","false","525935","118","299","646","32289","34779","14736"
"1","0.1","3","true","false","true","false","true","false","0.5","1","0.25","1","0.25","75","0","75","100","75","0","0","30","2.5","2","60","1.6","0.4","20.5","6.7","16","8.21","365","14","1","0","0","299","299","613","86435","0","0","0","2502","1063","0","false","525935","118","299","646","32289","34779","14736"
"1","0.1","3","true","false","true","false","true","false","0.5","1","0.25","1","0.25","75","0","75","100","75","0","0","30","2.5","2","60","1.6","0.4","20.5","6.7","16","8.21","365","14","1","0","0","299","299","614","86509","0","0","0","2428","1063","0","false","525935","118","299","646","32289","34779","14736"
"1","0.1","3","true","false","true","false","true","false","0.5","1","0.25","1","0.25","75","0","75","100","75","0","0","30","2.5","2","60","1.6","0.4","20.5","6.7","16","8.21","365","14","1","0","0","299","299","615","86592","0","0","0","2345","1063","0","false","525935","118","299","646","32289","34779","14736"
"1","0.1","3","true","false","true","false","true","false","0.5","1","0.25","1","0.25","75","0","75","100","75","0","0","30","2.5","2","60","1.6","0.4","20.5","6.7","16","8.21","365","14","1","0","0","299","299","616","86676","0","0","0","2261","1063","0","false","525935","118","299","646","32289","34779","14736"
"1","0.1","3","true","false","true","false","true","false","0.5","1","0.25","1","0.25","75","0","75","100","75","0","0","30","2.5","2","60","1.6","0.4","20.5","6.7","16","8.21","365","14","1","0","0","299","299","617","86741","0","0","0","2196","1063","0","false","525935","118","299","646","32289","34779","14736"
"1","0.1","3","true","false","true","false","true","false","0.5","1","0.25","1","0.25","75","0","75","100","75","0","0","30","2.5","2","60","1.6","0.4","20.5","6.7","16","8.21","365","14","1","0","0","299","299","618","86797","0","0","0","2140","1063","0","false","525935","118","299","646","32289","34779","14736"
"1","0.1","3","true","false","true","false","true","false","0.5","1","0.25","1","0.25","75","0","75","100","75","0","0","30","2.5","2","60","1.6","0.4","20.5","6.7","16","8.21","365","14","1","0","0","299","299","619","86870","0","0","0","2067","1063","0","false","525935","118","299","646","32289","34779","14736"
"1","0.1","3","true","false","true","false","true","false","0.5","1","0.25","1","0.25","75","0","75","100","75","0","0","30","2.5","2","60","1.6","0.4","20.5","6.7","16","8.21","365","14","1","0","0","299","299","620","86953","0","0","0","1984","1063","0","false","525935","118","299","646","32289","34779","14736"
"1","0.1","3","true","false","true","false","true","false","0.5","1","0.25","1","0.25","75","0","75","100","75","0","0","30","2.5","2","60","1.6","0.4","20.5","6.7","16","8.21","365","14","1","0","0","299","299","621","87014","0","0","0","1923","1063","0","false","525935","118","299","646","32289","34779","14736"
"1","0.1","3","true","false","true","false","true","false","0.5","1","0.25","1","0.25","75","0","75","100","75","0","0","30","2.5","2","60","1.6","0.4","20.5","6.7","16","8.21","365","14","1","0","0","299","299","622","87089","0","0","0","1848","1063","0","false","525935","118","299","646","32289","34779","14736"
"1","0.1","3","true","false","true","false","true","false","0.5","1","0.25","1","0.25","75","0","75","100","75","0","0","30","2.5","2","60","1.6","0.4","20.5","6.7","16","8.21","365","14","1","0","0","299","299","623","87160","0","0","0","1777","1063","0","false","525935","118","299","646","32289","34779","14736"
"1","0.1","3","true","false","true","false","true","false","0.5","1","0.25","1","0.25","75","0","75","100","75","0","0","30","2.5","2","60","1.6","0.4","20.5","6.7","16","8.21","365","14","1","0","0","299","299","624","87222","0","0","0","1715","1063","0","false","525935","118","299","646","32289","34779","14736"
"1","0.1","3","true","false","true","false","true","false","0.5","1","0.25","1","0.25","75","0","75","100","75","0","0","30","2.5","2","60","1.6","0.4","20.5","6.7","16","8.21","365","14","1","0","0","299","299","625","87281","0","0","0","1656","1063","0","false","525935","118","299","646","32289","34779","14736"
"1","0.1","3","true","false","true","false","true","false","0.5","1","0.25","1","0.25","75","0","75","100","75","0","0","30","2.5","2","60","1.6","0.4","20.5","6.7","16","8.21","365","14","1","0","0","299","299","626","87327","0","0","0","1610","1063","0","false","525935","118","299","646","32289","34779","14736"
"1","0.1","3","true","false","true","false","true","false","0.5","1","0.25","1","0.25","75","0","75","100","75","0","0","30","2.5","2","60","1.6","0.4","20.5","6.7","16","8.21","365","14","1","0","0","299","299","627","87385","0","0","0","1552","1063","0","false","525935","118","299","646","32289","34779","14736"
"1","0.1","3","true","false","true","false","true","false","0.5","1","0.25","1","0.25","75","0","75","100","75","0","0","30","2.5","2","60","1.6","0.4","20.5","6.7","16","8.21","365","14","1","0","0","299","299","628","87447","0","0","0","1490","1063","0","false","525935","118","299","646","32289","34779","14736"
"1","0.1","3","true","false","true","false","true","false","0.5","1","0.25","1","0.25","75","0","75","100","75","0","0","30","2.5","2","60","1.6","0.4","20.5","6.7","16","8.21","365","14","1","0","0","299","299","629","87506","0","0","0","1431","1063","0","false","525935","118","299","646","32289","34779","14736"
"1","0.1","3","true","false","true","false","true","false","0.5","1","0.25","1","0.25","75","0","75","100","75","0","0","30","2.5","2","60","1.6","0.4","20.5","6.7","16","8.21","365","14","1","0","0","299","299","630","87554","0","0","0","1383","1063","0","false","525935","118","299","646","32289","34779","14736"
"1","0.1","3","true","false","true","false","true","false","0.5","1","0.25","1","0.25","75","0","75","100","75","0","0","30","2.5","2","60","1.6","0.4","20.5","6.7","16","8.21","365","14","1","0","0","299","299","631","87594","0","0","0","1343","1063","0","false","525935","118","299","646","32289","34779","14736"
"1","0.1","3","true","false","true","false","true","false","0.5","1","0.25","1","0.25","75","0","75","100","75","0","0","30","2.5","2","60","1.6","0.4","20.5","6.7","16","8.21","365","14","1","0","0","299","299","632","87646","0","0","0","1291","1063","0","false","525935","118","299","646","32289","34779","14736"
"1","0.1","3","true","false","true","false","true","false","0.5","1","0.25","1","0.25","75","0","75","100","75","0","0","30","2.5","2","60","1.6","0.4","20.5","6.7","16","8.21","365","14","1","0","0","299","299","633","87697","0","0","0","1240","1063","0","false","525935","118","299","646","32289","34779","14736"
"1","0.1","3","true","false","true","false","true","false","0.5","1","0.25","1","0.25","75","0","75","100","75","0","0","30","2.5","2","60","1.6","0.4","20.5","6.7","16","8.21","365","14","1","0","0","299","299","634","87738","0","0","0","1199","1063","0","false","525935","118","299","646","32289","34779","14736"
"1","0.1","3","true","false","true","false","true","false","0.5","1","0.25","1","0.25","75","0","75","100","75","0","0","30","2.5","2","60","1.6","0.4","20.5","6.7","16","8.21","365","14","1","0","0","299","299","635","87791","0","0","0","1146","1063","0","false","525935","118","299","646","32289","34779","14736"
"1","0.1","3","true","false","true","false","true","false","0.5","1","0.25","1","0.25","75","0","75","100","75","0","0","30","2.5","2","60","1.6","0.4","20.5","6.7","16","8.21","365","14","1","0","0","299","299","636","87837","0","0","0","1100","1063","0","false","525935","118","299","646","32289","34779","14736"
"1","0.1","3","true","false","true","false","true","false","0.5","1","0.25","1","0.25","75","0","75","100","75","0","0","30","2.5","2","60","1.6","0.4","20.5","6.7","16","8.21","365","14","1","0","0","299","299","637","87880","0","0","0","1057","1063","0","false","525935","118","299","646","32289","34779","14736"
"1","0.1","3","true","false","true","false","true","false","0.5","1","0.25","1","0.25","75","0","75","100","75","0","0","30","2.5","2","60","1.6","0.4","20.5","6.7","16","8.21","365","14","1","0","0","299","299","638","87921","0","0","0","1016","1063","0","false","525935","118","299","646","32289","34779","14736"
"1","0.1","3","true","false","true","false","true","false","0.5","1","0.25","1","0.25","75","0","75","100","75","0","0","30","2.5","2","60","1.6","0.4","20.5","6.7","16","8.21","365","14","1","0","0","299","299","639","87961","0","0","0","976","1063","0","false","525935","118","299","646","32289","34779","14736"
"1","0.1","3","true","false","true","false","true","false","0.5","1","0.25","1","0.25","75","0","75","100","75","0","0","30","2.5","2","60","1.6","0.4","20.5","6.7","16","8.21","365","14","1","0","0","299","299","640","87995","0","0","0","942","1063","0","false","525935","118","299","646","32289","34779","14736"
"1","0.1","3","true","false","true","false","true","false","0.5","1","0.25","1","0.25","75","0","75","100","75","0","0","30","2.5","2","60","1.6","0.4","20.5","6.7","16","8.21","365","14","1","0","0","299","299","641","88038","0","0","0","899","1063","0","false","525935","118","299","646","32289","34779","14736"
"1","0.1","3","true","false","true","false","true","false","0.5","1","0.25","1","0.25","75","0","75","100","75","0","0","30","2.5","2","60","1.6","0.4","20.5","6.7","16","8.21","365","14","1","0","0","299","299","642","88074","0","0","0","863","1063","0","false","525935","118","299","646","32289","34779","14736"
"1","0.1","3","true","false","true","false","true","false","0.5","1","0.25","1","0.25","75","0","75","100","75","0","0","30","2.5","2","60","1.6","0.4","20.5","6.7","16","8.21","365","14","1","0","0","299","299","643","88100","0","0","0","837","1063","0","false","525935","118","299","646","32289","34779","14736"
"1","0.1","3","true","false","true","false","true","false","0.5","1","0.25","1","0.25","75","0","75","100","75","0","0","30","2.5","2","60","1.6","0.4","20.5","6.7","16","8.21","365","14","1","0","0","299","299","644","88135","0","0","0","802","1063","0","false","525935","118","299","646","32289","34779","14736"
"1","0.1","3","true","false","true","false","true","false","0.5","1","0.25","1","0.25","75","0","75","100","75","0","0","30","2.5","2","60","1.6","0.4","20.5","6.7","16","8.21","365","14","1","0","0","299","299","645","88174","0","0","0","763","1063","0","false","525935","118","299","646","32289","34779","14736"
"1","0.1","3","true","false","true","false","true","false","0.5","1","0.25","1","0.25","75","0","75","100","75","0","0","30","2.5","2","60","1.6","0.4","20.5","6.7","16","8.21","365","14","1","0","0","299","299","646","88208","0","0","0","729","1063","0","false","525935","118","299","646","32289","34779","14736"
"1","0.1","3","true","false","true","false","true","false","0.5","1","0.25","1","0.25","75","0","75","100","75","0","0","30","2.5","2","60","1.6","0.4","20.5","6.7","16","8.21","365","14","1","0","0","299","299","647","88243","0","0","0","694","1063","0","false","525935","118","299","646","32289","34779","14736"
"1","0.1","3","true","false","true","false","true","false","0.5","1","0.25","1","0.25","75","0","75","100","75","0","0","30","2.5","2","60","1.6","0.4","20.5","6.7","16","8.21","365","14","1","0","0","299","299","648","88269","0","0","0","668","1063","0","false","525935","118","299","646","32289","34779","14736"
"1","0.1","3","true","false","true","false","true","false","0.5","1","0.25","1","0.25","75","0","75","100","75","0","0","30","2.5","2","60","1.6","0.4","20.5","6.7","16","8.21","365","14","1","0","0","299","299","649","88305","0","0","0","632","1063","0","false","525935","118","299","646","32289","34779","14736"
"1","0.1","3","true","false","true","false","true","false","0.5","1","0.25","1","0.25","75","0","75","100","75","0","0","30","2.5","2","60","1.6","0.4","20.5","6.7","16","8.21","365","14","1","0","0","299","299","650","88331","0","0","0","606","1063","0","false","525935","118","299","646","32289","34779","14736"
"1","0.1","3","true","false","true","false","true","false","0.5","1","0.25","1","0.25","75","0","75","100","75","0","0","30","2.5","2","60","1.6","0.4","20.5","6.7","16","8.21","365","14","1","0","0","299","299","651","88355","0","0","0","582","1063","0","false","525935","118","299","646","32289","34779","14736"
"1","0.1","3","true","false","true","false","true","false","0.5","1","0.25","1","0.25","75","0","75","100","75","0","0","30","2.5","2","60","1.6","0.4","20.5","6.7","16","8.21","365","14","1","0","0","299","299","652","88383","0","0","0","554","1063","0","false","525935","118","299","646","32289","34779","14736"
"1","0.1","3","true","false","true","false","true","false","0.5","1","0.25","1","0.25","75","0","75","100","75","0","0","30","2.5","2","60","1.6","0.4","20.5","6.7","16","8.21","365","14","1","0","0","299","299","653","88416","0","0","0","521","1063","0","false","525935","118","299","646","32289","34779","14736"
"1","0.1","3","true","false","true","false","true","false","0.5","1","0.25","1","0.25","75","0","75","100","75","0","0","30","2.5","2","60","1.6","0.4","20.5","6.7","16","8.21","365","14","1","0","0","299","299","654","88439","0","0","0","498","1063","0","false","525935","118","299","646","32289","34779","14736"
"1","0.1","3","true","false","true","false","true","false","0.5","1","0.25","1","0.25","75","0","75","100","75","0","0","30","2.5","2","60","1.6","0.4","20.5","6.7","16","8.21","365","14","1","0","0","299","299","655","88472","0","0","0","465","1063","0","false","525935","118","299","646","32289","34779","14736"
"1","0.1","3","true","false","true","false","true","false","0.5","1","0.25","1","0.25","75","0","75","100","75","0","0","30","2.5","2","60","1.6","0.4","20.5","6.7","16","8.21","365","14","1","0","0","299","299","656","88494","0","0","0","443","1063","0","false","525935","118","299","646","32289","34779","14736"
"1","0.1","3","true","false","true","false","true","false","0.5","1","0.25","1","0.25","75","0","75","100","75","0","0","30","2.5","2","60","1.6","0.4","20.5","6.7","16","8.21","365","14","1","0","0","299","299","657","88515","0","0","0","422","1063","0","false","525935","118","299","646","32289","34779","14736"
"1","0.1","3","true","false","true","false","true","false","0.5","1","0.25","1","0.25","75","0","75","100","75","0","0","30","2.5","2","60","1.6","0.4","20.5","6.7","16","8.21","365","14","1","0","0","299","299","658","88543","0","0","0","394","1063","0","false","525935","118","299","646","32289","34779","14736"
"1","0.1","3","true","false","true","false","true","false","0.5","1","0.25","1","0.25","75","0","75","100","75","0","0","30","2.5","2","60","1.6","0.4","20.5","6.7","16","8.21","365","14","1","0","0","299","299","659","88557","0","0","0","380","1063","0","false","525935","118","299","646","32289","34779","14736"
"1","0.1","3","true","false","true","false","true","false","0.5","1","0.25","1","0.25","75","0","75","100","75","0","0","30","2.5","2","60","1.6","0.4","20.5","6.7","16","8.21","365","14","1","0","0","299","299","660","88574","0","0","0","363","1063","0","false","525935","118","299","646","32289","34779","14736"
"1","0.1","3","true","false","true","false","true","false","0.5","1","0.25","1","0.25","75","0","75","100","75","0","0","30","2.5","2","60","1.6","0.4","20.5","6.7","16","8.21","365","14","1","0","0","299","299","661","88596","0","0","0","341","1063","0","false","525935","118","299","646","32289","34779","14736"
"1","0.1","3","true","false","true","false","true","false","0.5","1","0.25","1","0.25","75","0","75","100","75","0","0","30","2.5","2","60","1.6","0.4","20.5","6.7","16","8.21","365","14","1","0","0","299","299","662","88613","0","0","0","324","1063","0","false","525935","118","299","646","32289","34779","14736"
"1","0.1","3","true","false","true","false","true","false","0.5","1","0.25","1","0.25","75","0","75","100","75","0","0","30","2.5","2","60","1.6","0.4","20.5","6.7","16","8.21","365","14","1","0","0","299","299","663","88621","0","0","0","316","1063","0","false","525935","118","299","646","32289","34779","14736"
"1","0.1","3","true","false","true","false","true","false","0.5","1","0.25","1","0.25","75","0","75","100","75","0","0","30","2.5","2","60","1.6","0.4","20.5","6.7","16","8.21","365","14","1","0","0","299","299","664","88630","0","0","0","307","1063","0","false","525935","118","299","646","32289","34779","14736"
"1","0.1","3","true","false","true","false","true","false","0.5","1","0.25","1","0.25","75","0","75","100","75","0","0","30","2.5","2","60","1.6","0.4","20.5","6.7","16","8.21","365","14","1","0","0","299","299","665","88640","0","0","0","297","1063","0","false","525935","118","299","646","32289","34779","14736"
"1","0.1","3","true","false","true","false","true","false","0.5","1","0.25","1","0.25","75","0","75","100","75","0","0","30","2.5","2","60","1.6","0.4","20.5","6.7","16","8.21","365","14","1","0","0","299","299","666","88656","0","0","0","281","1063","0","false","525935","118","299","646","32289","34779","14736"
"1","0.1","3","true","false","true","false","true","false","0.5","1","0.25","1","0.25","75","0","75","100","75","0","0","30","2.5","2","60","1.6","0.4","20.5","6.7","16","8.21","365","14","1","0","0","299","299","667","88675","0","0","0","262","1063","0","false","525935","118","299","646","32289","34779","14736"
"1","0.1","3","true","false","true","false","true","false","0.5","1","0.25","1","0.25","75","0","75","100","75","0","0","30","2.5","2","60","1.6","0.4","20.5","6.7","16","8.21","365","14","1","0","0","299","299","668","88683","0","0","0","254","1063","0","false","525935","118","299","646","32289","34779","14736"
"1","0.1","3","true","false","true","false","true","false","0.5","1","0.25","1","0.25","75","0","75","100","75","0","0","30","2.5","2","60","1.6","0.4","20.5","6.7","16","8.21","365","14","1","0","0","299","299","669","88692","0","0","0","245","1063","0","false","525935","118","299","646","32289","34779","14736"
"1","0.1","3","true","false","true","false","true","false","0.5","1","0.25","1","0.25","75","0","75","100","75","0","0","30","2.5","2","60","1.6","0.4","20.5","6.7","16","8.21","365","14","1","0","0","299","299","670","88704","0","0","0","233","1063","0","false","525935","118","299","646","32289","34779","14736"
"1","0.1","3","true","false","true","false","true","false","0.5","1","0.25","1","0.25","75","0","75","100","75","0","0","30","2.5","2","60","1.6","0.4","20.5","6.7","16","8.21","365","14","1","0","0","299","299","671","88711","0","0","0","226","1063","0","false","525935","118","299","646","32289","34779","14736"
"1","0.1","3","true","false","true","false","true","false","0.5","1","0.25","1","0.25","75","0","75","100","75","0","0","30","2.5","2","60","1.6","0.4","20.5","6.7","16","8.21","365","14","1","0","0","299","299","672","88723","0","0","0","214","1063","0","false","525935","118","299","646","32289","34779","14736"
"1","0.1","3","true","false","true","false","true","false","0.5","1","0.25","1","0.25","75","0","75","100","75","0","0","30","2.5","2","60","1.6","0.4","20.5","6.7","16","8.21","365","14","1","0","0","299","299","673","88734","0","0","0","203","1063","0","false","525935","118","299","646","32289","34779","14736"
"1","0.1","3","true","false","true","false","true","false","0.5","1","0.25","1","0.25","75","0","75","100","75","0","0","30","2.5","2","60","1.6","0.4","20.5","6.7","16","8.21","365","14","1","0","0","299","299","674","88741","0","0","0","196","1063","0","false","525935","118","299","646","32289","34779","14736"
"1","0.1","3","true","false","true","false","true","false","0.5","1","0.25","1","0.25","75","0","75","100","75","0","0","30","2.5","2","60","1.6","0.4","20.5","6.7","16","8.21","365","14","1","0","0","299","299","675","88753","0","0","0","184","1063","0","false","525935","118","299","646","32289","34779","14736"
"1","0.1","3","true","false","true","false","true","false","0.5","1","0.25","1","0.25","75","0","75","100","75","0","0","30","2.5","2","60","1.6","0.4","20.5","6.7","16","8.21","365","14","1","0","0","299","299","676","88762","0","0","0","175","1063","0","false","525935","118","299","646","32289","34779","14736"
"1","0.1","3","true","false","true","false","true","false","0.5","1","0.25","1","0.25","75","0","75","100","75","0","0","30","2.5","2","60","1.6","0.4","20.5","6.7","16","8.21","365","14","1","0","0","299","299","677","88768","0","0","0","169","1063","0","false","525935","118","299","646","32289","34779","14736"
"1","0.1","3","true","false","true","false","true","false","0.5","1","0.25","1","0.25","75","0","75","100","75","0","0","30","2.5","2","60","1.6","0.4","20.5","6.7","16","8.21","365","14","1","0","0","299","299","678","88776","0","0","0","161","1063","0","false","525935","118","299","646","32289","34779","14736"
"1","0.1","3","true","false","true","false","true","false","0.5","1","0.25","1","0.25","75","0","75","100","75","0","0","30","2.5","2","60","1.6","0.4","20.5","6.7","16","8.21","365","14","1","0","0","299","299","679","88783","0","0","0","154","1063","0","false","525935","118","299","646","32289","34779","14736"
"1","0.1","3","true","false","true","false","true","false","0.5","1","0.25","1","0.25","75","0","75","100","75","0","0","30","2.5","2","60","1.6","0.4","20.5","6.7","16","8.21","365","14","1","0","0","299","299","680","88788","0","0","0","149","1063","0","false","525935","118","299","646","32289","34779","14736"
"1","0.1","3","true","false","true","false","true","false","0.5","1","0.25","1","0.25","75","0","75","100","75","0","0","30","2.5","2","60","1.6","0.4","20.5","6.7","16","8.21","365","14","1","0","0","299","299","681","88795","0","0","0","142","1063","0","false","525935","118","299","646","32289","34779","14736"
"1","0.1","3","true","false","true","false","true","false","0.5","1","0.25","1","0.25","75","0","75","100","75","0","0","30","2.5","2","60","1.6","0.4","20.5","6.7","16","8.21","365","14","1","0","0","299","299","682","88800","0","0","0","137","1063","0","false","525935","118","299","646","32289","34779","14736"
"1","0.1","3","true","false","true","false","true","false","0.5","1","0.25","1","0.25","75","0","75","100","75","0","0","30","2.5","2","60","1.6","0.4","20.5","6.7","16","8.21","365","14","1","0","0","299","299","683","88808","0","0","0","129","1063","0","false","525935","118","299","646","32289","34779","14736"
"1","0.1","3","true","false","true","false","true","false","0.5","1","0.25","1","0.25","75","0","75","100","75","0","0","30","2.5","2","60","1.6","0.4","20.5","6.7","16","8.21","365","14","1","0","0","299","299","684","88814","0","0","0","123","1063","0","false","525935","118","299","646","32289","34779","14736"
"1","0.1","3","true","false","true","false","true","false","0.5","1","0.25","1","0.25","75","0","75","100","75","0","0","30","2.5","2","60","1.6","0.4","20.5","6.7","16","8.21","365","14","1","0","0","299","299","685","88825","0","0","0","112","1063","0","false","525935","118","299","646","32289","34779","14736"
"1","0.1","3","true","false","true","false","true","false","0.5","1","0.25","1","0.25","75","0","75","100","75","0","0","30","2.5","2","60","1.6","0.4","20.5","6.7","16","8.21","365","14","1","0","0","299","299","686","88830","0","0","0","107","1063","0","false","525935","118","299","646","32289","34779","14736"
"1","0.1","3","true","false","true","false","true","false","0.5","1","0.25","1","0.25","75","0","75","100","75","0","0","30","2.5","2","60","1.6","0.4","20.5","6.7","16","8.21","365","14","1","0","0","299","299","687","88839","0","0","0","98","1063","0","false","525935","118","299","646","32289","34779","14736"
"1","0.1","3","true","false","true","false","true","false","0.5","1","0.25","1","0.25","75","0","75","100","75","0","0","30","2.5","2","60","1.6","0.4","20.5","6.7","16","8.21","365","14","1","0","0","299","299","688","88844","0","0","0","93","1063","0","false","525935","118","299","646","32289","34779","14736"
"1","0.1","3","true","false","true","false","true","false","0.5","1","0.25","1","0.25","75","0","75","100","75","0","0","30","2.5","2","60","1.6","0.4","20.5","6.7","16","8.21","365","14","1","0","0","299","299","689","88853","0","0","0","84","1063","0","false","525935","118","299","646","32289","34779","14736"
"1","0.1","3","true","false","true","false","true","false","0.5","1","0.25","1","0.25","75","0","75","100","75","0","0","30","2.5","2","60","1.6","0.4","20.5","6.7","16","8.21","365","14","1","0","0","299","299","690","88858","0","0","0","79","1063","0","false","525935","118","299","646","32289","34779","14736"
"1","0.1","3","true","false","true","false","true","false","0.5","1","0.25","1","0.25","75","0","75","100","75","0","0","30","2.5","2","60","1.6","0.4","20.5","6.7","16","8.21","365","14","1","0","0","299","299","691","88865","0","0","0","72","1063","0","false","525935","118","299","646","32289","34779","14736"
"1","0.1","3","true","false","true","false","true","false","0.5","1","0.25","1","0.25","75","0","75","100","75","0","0","30","2.5","2","60","1.6","0.4","20.5","6.7","16","8.21","365","14","1","0","0","299","299","692","88872","0","0","0","65","1063","0","false","525935","118","299","646","32289","34779","14736"
"1","0.1","3","true","false","true","false","true","false","0.5","1","0.25","1","0.25","75","0","75","100","75","0","0","30","2.5","2","60","1.6","0.4","20.5","6.7","16","8.21","365","14","1","0","0","299","299","693","88875","0","0","0","62","1063","0","false","525935","118","299","646","32289","34779","14736"
"1","0.1","3","true","false","true","false","true","false","0.5","1","0.25","1","0.25","75","0","75","100","75","0","0","30","2.5","2","60","1.6","0.4","20.5","6.7","16","8.21","365","14","1","0","0","299","299","694","88878","0","0","0","59","1063","0","false","525935","118","299","646","32289","34779","14736"
"1","0.1","3","true","false","true","false","true","false","0.5","1","0.25","1","0.25","75","0","75","100","75","0","0","30","2.5","2","60","1.6","0.4","20.5","6.7","16","8.21","365","14","1","0","0","299","299","695","88883","0","0","0","54","1063","0","false","525935","118","299","646","32289","34779","14736"
"1","0.1","3","true","false","true","false","true","false","0.5","1","0.25","1","0.25","75","0","75","100","75","0","0","30","2.5","2","60","1.6","0.4","20.5","6.7","16","8.21","365","14","1","0","0","299","299","696","88884","0","0","0","53","1063","0","false","525935","118","299","646","32289","34779","14736"
"1","0.1","3","true","false","true","false","true","false","0.5","1","0.25","1","0.25","75","0","75","100","75","0","0","30","2.5","2","60","1.6","0.4","20.5","6.7","16","8.21","365","14","1","0","0","299","299","697","88889","0","0","0","48","1063","0","false","525935","118","299","646","32289","34779","14736"
"1","0.1","3","true","false","true","false","true","false","0.5","1","0.25","1","0.25","75","0","75","100","75","0","0","30","2.5","2","60","1.6","0.4","20.5","6.7","16","8.21","365","14","1","0","0","299","299","698","88891","0","0","0","46","1063","0","false","525935","118","299","646","32289","34779","14736"
"1","0.1","3","true","false","true","false","true","false","0.5","1","0.25","1","0.25","75","0","75","100","75","0","0","30","2.5","2","60","1.6","0.4","20.5","6.7","16","8.21","365","14","1","0","0","299","299","699","88894","0","0","0","43","1063","0","false","525935","118","299","646","32289","34779","14736"
"1","0.1","3","true","false","true","false","true","false","0.5","1","0.25","1","0.25","75","0","75","100","75","0","0","30","2.5","2","60","1.6","0.4","20.5","6.7","16","8.21","365","14","1","0","0","299","299","700","88895","0","0","0","42","1063","0","false","525935","118","299","646","32289","34779","14736"
"1","0.1","3","true","false","true","false","true","false","0.5","1","0.25","1","0.25","75","0","75","100","75","0","0","30","2.5","2","60","1.6","0.4","20.5","6.7","16","8.21","365","14","1","0","0","299","299","701","88897","0","0","0","40","1063","0","false","525935","118","299","646","32289","34779","14736"
"1","0.1","3","true","false","true","false","true","false","0.5","1","0.25","1","0.25","75","0","75","100","75","0","0","30","2.5","2","60","1.6","0.4","20.5","6.7","16","8.21","365","14","1","0","0","299","299","702","88899","0","0","0","38","1063","0","false","525935","118","299","646","32289","34779","14736"
"1","0.1","3","true","false","true","false","true","false","0.5","1","0.25","1","0.25","75","0","75","100","75","0","0","30","2.5","2","60","1.6","0.4","20.5","6.7","16","8.21","365","14","1","0","0","299","299","703","88902","0","0","0","35","1063","0","false","525935","118","299","646","32289","34779","14736"
"1","0.1","3","true","false","true","false","true","false","0.5","1","0.25","1","0.25","75","0","75","100","75","0","0","30","2.5","2","60","1.6","0.4","20.5","6.7","16","8.21","365","14","1","0","0","299","299","704","88904","0","0","0","33","1063","0","false","525935","118","299","646","32289","34779","14736"
"1","0.1","3","true","false","true","false","true","false","0.5","1","0.25","1","0.25","75","0","75","100","75","0","0","30","2.5","2","60","1.6","0.4","20.5","6.7","16","8.21","365","14","1","0","0","299","299","705","88904","0","0","0","33","1063","0","false","525935","118","299","646","32289","34779","14736"
"1","0.1","3","true","false","true","false","true","false","0.5","1","0.25","1","0.25","75","0","75","100","75","0","0","30","2.5","2","60","1.6","0.4","20.5","6.7","16","8.21","365","14","1","0","0","299","299","706","88904","0","0","0","33","1063","0","false","525935","118","299","646","32289","34779","14736"
"1","0.1","3","true","false","true","false","true","false","0.5","1","0.25","1","0.25","75","0","75","100","75","0","0","30","2.5","2","60","1.6","0.4","20.5","6.7","16","8.21","365","14","1","0","0","299","299","707","88905","0","0","0","32","1063","0","false","525935","118","299","646","32289","34779","14736"
"1","0.1","3","true","false","true","false","true","false","0.5","1","0.25","1","0.25","75","0","75","100","75","0","0","30","2.5","2","60","1.6","0.4","20.5","6.7","16","8.21","365","14","1","0","0","299","299","708","88906","0","0","0","31","1063","0","false","525935","118","299","646","32289","34779","14736"
"1","0.1","3","true","false","true","false","true","false","0.5","1","0.25","1","0.25","75","0","75","100","75","0","0","30","2.5","2","60","1.6","0.4","20.5","6.7","16","8.21","365","14","1","0","0","299","299","709","88908","0","0","0","29","1063","0","false","525935","118","299","646","32289","34779","14736"
"1","0.1","3","true","false","true","false","true","false","0.5","1","0.25","1","0.25","75","0","75","100","75","0","0","30","2.5","2","60","1.6","0.4","20.5","6.7","16","8.21","365","14","1","0","0","299","299","710","88911","0","0","0","26","1063","0","false","525935","118","299","646","32289","34779","14736"
"1","0.1","3","true","false","true","false","true","false","0.5","1","0.25","1","0.25","75","0","75","100","75","0","0","30","2.5","2","60","1.6","0.4","20.5","6.7","16","8.21","365","14","1","0","0","299","299","711","88914","0","0","0","23","1063","0","false","525935","118","299","646","32289","34779","14736"
"1","0.1","3","true","false","true","false","true","false","0.5","1","0.25","1","0.25","75","0","75","100","75","0","0","30","2.5","2","60","1.6","0.4","20.5","6.7","16","8.21","365","14","1","0","0","299","299","712","88915","0","0","0","22","1063","0","false","525935","118","299","646","32289","34779","14736"
"1","0.1","3","true","false","true","false","true","false","0.5","1","0.25","1","0.25","75","0","75","100","75","0","0","30","2.5","2","60","1.6","0.4","20.5","6.7","16","8.21","365","14","1","0","0","299","299","713","88914","1","0","0","22","1063","0","false","525935","118","299","646","32289","34779","14736"
"1","0.1","3","true","false","true","false","true","false","0.5","1","0.25","1","0.25","75","0","75","100","75","0","0","30","2.5","2","60","1.6","0.4","20.5","6.7","16","8.21","365","14","1","0","0","299","299","714","88910","5","0","0","22","1063","0","false","525935","118","299","646","32289","34779","14736"
"1","0.1","3","true","false","true","false","true","false","0.5","1","0.25","1","0.25","75","0","75","100","75","0","0","30","2.5","2","60","1.6","0.4","20.5","6.7","16","8.21","365","14","1","0","0","299","299","715","88899","16","0","0","22","1063","0","false","525935","118","299","646","32289","34779","14736"
"1","0.1","3","true","false","true","false","true","false","0.5","1","0.25","1","0.25","75","0","75","100","75","0","0","30","2.5","2","60","1.6","0.4","20.5","6.7","16","8.21","365","14","1","0","0","299","299","716","88873","42","0","0","22","1063","0","false","525935","118","299","646","32289","34779","14736"
"1","0.1","3","true","false","true","false","true","false","0.5","1","0.25","1","0.25","75","0","75","100","75","0","0","30","2.5","2","60","1.6","0.4","20.5","6.7","16","8.21","365","14","1","0","0","299","299","717","88834","80","1","0","22","1063","1","false","525935","118","299","646","32289","34780","14736"
"1","0.1","3","true","false","true","false","true","false","0.5","1","0.25","1","0.25","75","0","75","100","75","0","0","30","2.5","2","60","1.6","0.4","20.5","6.7","16","8.21","365","14","1","0","0","299","299","718","88792","122","2","0","21","1063","2","false","525924","118","299","646","32290","34780","14736"
"1","0.1","3","true","false","true","false","true","false","0.5","1","0.25","1","0.25","75","0","75","100","75","0","0","30","2.5","2","60","1.6","0.4","20.5","6.7","16","8.21","365","14","1","0","0","299","299","719","88738","172","4","3","20","1063","4","false","525914","118","299","646","32293","34781","14737"
"1","0.1","3","true","false","true","false","true","false","0.5","1","0.25","1","0.25","75","0","75","100","75","0","0","30","2.5","2","60","1.6","0.4","20.5","6.7","16","8.21","365","14","1","0","0","299","299","720","88678","221","5","14","19","1063","5","false","525895","118","299","646","32298","34784","14741"
"1","0.1","3","true","false","true","false","true","false","0.5","1","0.25","1","0.25","75","0","75","100","75","0","0","30","2.5","2","60","1.6","0.4","20.5","6.7","16","8.21","365","14","1","0","0","299","299","721","88604","275","14","25","19","1063","14","false","525883","118","299","646","32304","34793","14746"
"1","0.1","3","true","false","true","false","true","false","0.5","1","0.25","1","0.25","75","0","75","100","75","0","0","30","2.5","2","60","1.6","0.4","20.5","6.7","16","8.21","365","14","1","0","0","299","299","722","88520","343","21","37","16","1063","21","false","525784","118","299","646","32308","34801","14753"
"1","0.1","3","true","false","true","false","true","false","0.5","1","0.25","1","0.25","75","0","75","100","75","0","0","30","2.5","2","60","1.6","0.4","20.5","6.7","16","8.21","365","14","1","0","0","299","299","723","88425","415","35","48","14","1063","35","false","525711","118","299","646","32318","34812","14757"
"1","0.1","3","true","false","true","false","true","false","0.5","1","0.25","1","0.25","75","0","75","100","75","0","0","30","2.5","2","60","1.6","0.4","20.5","6.7","16","8.21","365","14","1","0","0","299","299","724","88339","448","58","81","11","1063","58","false","525565","118","299","646","32341","34833","14769"
"1","0.1","3","true","false","true","false","true","false","0.5","1","0.25","1","0.25","75","0","75","100","75","0","0","30","2.5","2","60","1.6","0.4","20.5","6.7","16","8.21","365","14","1","0","0","299","299","725","88242","495","74","115","11","1063","74","false","525330","118","299","646","32361","34846","14786"
"1","0.1","3","true","false","true","false","true","false","0.5","1","0.25","1","0.25","75","0","75","100","75","0","0","30","2.5","2","60","1.6","0.4","20.5","6.7","16","8.21","365","14","1","0","0","299","299","726","88125","549","95","157","11","1063","95","false","525172","118","299","646","32386","34867","14803"
"1","0.1","3","true","false","true","false","true","false","0.5","1","0.25","1","0.25","75","0","75","100","75","0","0","30","2.5","2","60","1.6","0.4","20.5","6.7","16","8.21","365","14","1","0","0","299","299","727","88025","592","120","191","9","1063","120","false","524962","118","299","646","32417","34889","14809"
"1","0.1","3","true","false","true","false","true","false","0.5","1","0.25","1","0.25","75","0","75","100","75","0","0","30","2.5","2","60","1.6","0.4","20.5","6.7","16","8.21","365","14","1","0","0","299","299","728","87896","641","153","238","9","1063","153","false","524710","118","299","646","32452","34915","14828"
"1","0.1","3","true","false","true","false","true","false","0.5","1","0.25","1","0.25","75","0","75","100","75","0","0","30","2.5","2","60","1.6","0.4","20.5","6.7","16","8.21","365","14","1","0","0","299","299","729","87769","688","197","277","6","1063","196","false","524392","118","299","646","32486","34948","14844"
"1","0.1","3","true","false","true","false","true","false","0.5","1","0.25","1","0.25","75","0","75","100","75","0","0","30","2.5","2","60","1.6","0.4","20.5","6.7","16","8.21","365","14","1","0","0","299","299","730","87630","727","228","345","6","1064","15262","false","523958","119","299","646","32527","34987","14864"
"1","0.1","3","true","false","true","false","true","false","0.5","1","0.25","1","0.25","75","0","75","100","75","0","0","30","2.5","2","60","1.6","0.4","20.5","6.7","16","8.21","365","14","1","0","0","299","299","731","87515","728","276","412","5","1064","18951","false","361044","119","299","646","32565","35034","14894"
"1","0.1","3","true","false","true","false","true","false","0.5","1","0.25","1","0.25","75","0","75","100","75","0","0","30","2.5","2","60","1.6","0.4","20.5","6.7","16","8.21","365","14","1","0","0","299","299","732","87378","773","318","461","6","1064","19900","false","325913","119","299","646","32599","35071","14915"
"1","0.1","3","true","false","true","false","true","false","0.5","1","0.25","1","0.25","75","0","75","100","75","0","0","30","2.5","2","60","1.6","0.4","20.5","6.7","16","8.21","365","14","1","0","0","299","299","733","87223","817","352","539","5","1064","20153","false","317065","119","299","646","32632","35121","14944"
"1","0.1","3","true","false","true","false","true","false","0.5","1","0.25","1","0.25","75","0","75","100","75","0","0","30","2.5","2","60","1.6","0.4","20.5","6.7","16","8.21","365","14","1","0","0","299","299","734","87055","860","392","624","5","1064","20239","false","314775","119","299","646","32678","35179","14966"
"1","0.1","3","true","false","true","false","true","false","0.5","1","0.25","1","0.25","75","0","75","100","75","0","0","30","2.5","2","60","1.6","0.4","20.5","6.7","16","8.21","365","14","1","0","0","299","299","735","86854","945","436","693","8","1064","20290","false","313981","119","299","646","32725","35222","14992"
"1","0.1","3","true","false","true","false","true","false","0.5","1","0.25","1","0.25","75","0","75","100","75","0","0","30","2.5","2","60","1.6","0.4","20.5","6.7","16","8.21","365","14","1","0","0","299","299","736","86668","1012","483","755","18","1064","71728","true","313516","119","299","646","32768","35275","15015"
"1","0.1","3","true","false","true","false","true","false","0.5","1","0.25","1","0.25","75","0","75","100","75","0","0","30","2.5","2","60","1.6","0.4","20.5","6.7","16","8.21","365","14","1","0","0","299","299","737","86647","904","540","820","25","1064","71744","true","19740","119","299","646","32832","35331","15024"
"1","0.1","3","true","false","true","false","true","false","0.5","1","0.25","1","0.25","75","0","75","100","75","0","0","30","2.5","2","60","1.6","0.4","20.5","6.7","16","8.21","365","14","1","0","0","299","299","738","86632","792","591","890","31","1064","71756","true","19712","119","299","646","32896","35388","15030"
"1","0.1","3","true","false","true","false","true","false","0.5","1","0.25","1","0.25","75","0","75","100","75","0","0","30","2.5","2","60","1.6","0.4","20.5","6.7","16","8.21","365","14","1","0","0","299","299","739","86624","646","639","983","43","1065","71771","true","19683","119","300","646","32968","35468","15033"
"1","0.1","3","true","false","true","false","true","false","0.5","1","0.25","1","0.25","75","0","75","100","75","0","0","30","2.5","2","60","1.6","0.4","20.5","6.7","16","8.21","365","14","1","0","0","299","299","740","86615","494","694","1074","57","1066","71782","true","19649","119","300","647","33041","35553","15036"
"1","0.1","3","true","false","true","false","true","false","0.5","1","0.25","1","0.25","75","0","75","100","75","0","0","30","2.5","2","60","1.6","0.4","20.5","6.7","16","8.21","365","14","1","0","0","299","299","741","86603","368","748","1136","78","1067","71799","true","19629","119","301","647","33114","35617","15037"
"1","0.1","3","true","false","true","false","true","false","0.5","1","0.25","1","0.25","75","0","75","100","75","0","0","30","2.5","2","60","1.6","0.4","20.5","6.7","16","8.21","365","14","1","0","0","299","299","742","86597","258","785","1186","106","1068","71813","true","19586","119","301","648","33160","35686","15038"
"1","0.1","3","true","false","true","false","true","false","0.5","1","0.25","1","0.25","75","0","75","100","75","0","0","30","2.5","2","60","1.6","0.4","20.5","6.7","16","8.21","365","14","1","0","0","299","299","743","86590","161","815","1223","143","1068","71829","true","19560","119","301","648","33210","35739","15039"
"1","0.1","3","true","false","true","false","true","false","0.5","1","0.25","1","0.25","75","0","75","100","75","0","0","30","2.5","2","60","1.6","0.4","20.5","6.7","16","8.21","365","14","1","0","0","299","299","744","86584","125","824","1223","176","1068","71834","true","19533","119","301","648","33234","35757","15039"
"1","0.1","3","true","false","true","false","true","false","0.5","1","0.25","1","0.25","75","0","75","100","75","0","0","30","2.5","2","60","1.6","0.4","20.5","6.7","16","8.21","365","14","1","0","0","299","299","745","86579","96","828","1218","211","1068","71843","true","19524","119","301","648","33246","35778","15040"
"1","0.1","3","true","false","true","false","true","false","0.5","1","0.25","1","0.25","75","0","75","100","75","0","0","30","2.5","2","60","1.6","0.4","20.5","6.7","16","8.21","365","14","1","0","0","299","299","746","86574","70","821","1209","258","1068","71849","true","19509","119","301","648","33263","35792","15040"
"1","0.1","3","true","false","true","false","true","false","0.5","1","0.25","1","0.25","75","0","75","100","75","0","0","30","2.5","2","60","1.6","0.4","20.5","6.7","16","8.21","365","14","1","0","0","299","299","747","86569","58","799","1196","309","1069","71851","true","19502","119","302","648","33267","35805","15040"
"1","0.1","3","true","false","true","false","true","false","0.5","1","0.25","1","0.25","75","0","75","100","75","0","0","30","2.5","2","60","1.6","0.4","20.5","6.7","16","8.21","365","14","1","0","0","299","299","748","86567","43","776","1172","371","1071","71854","true","19492","119","303","649","33278","35810","15041"
"1","0.1","3","true","false","true","false","true","false","0.5","1","0.25","1","0.25","75","0","75","100","75","0","0","30","2.5","2","60","1.6","0.4","20.5","6.7","16","8.21","365","14","1","0","0","299","299","749","86565","35","760","1132","436","1072","71856","true","19478","119","303","650","33282","35816","15041"
"1","0.1","3","true","false","true","false","true","false","0.5","1","0.25","1","0.25","75","0","75","100","75","0","0","30","2.5","2","60","1.6","0.4","20.5","6.7","16","8.21","365","14","1","0","0","299","299","750","86564","28","732","1090","511","1075","71856","true","19473","119","303","653","33285","35821","15041"
"1","0.1","3","true","false","true","false","true","false","0.5","1","0.25","1","0.25","75","0","75","100","75","0","0","30","2.5","2","60","1.6","0.4","20.5","6.7","16","8.21","365","14","1","0","0","299","299","751","86562","24","712","1048","578","1076","71858","true","19468","119","303","654","33288","35824","15041"
"1","0.1","3","true","false","true","false","true","false","0.5","1","0.25","1","0.25","75","0","75","100","75","0","0","30","2.5","2","60","1.6","0.4","20.5","6.7","16","8.21","365","14","1","0","0","299","299","752","86560","20","682","999","661","1078","71857","true","19463","119","304","655","33289","35829","15041"
"1","0.1","3","true","false","true","false","true","false","0.5","1","0.25","1","0.25","75","0","75","100","75","0","0","30","2.5","2","60","1.6","0.4","20.5","6.7","16","8.21","365","14","1","0","0","299","299","753","86560","14","644","950","752","1080","71857","true","19462","119","304","657","33291","35833","15041"
"1","0.1","3","true","false","true","false","true","false","0.5","1","0.25","1","0.25","75","0","75","100","75","0","0","30","2.5","2","60","1.6","0.4","20.5","6.7","16","8.21","365","14","1","0","0","299","299","754","86560","10","611","894","844","1081","71858","true","19459","119","304","658","33294","35834","15041"
"1","0.1","3","true","false","true","false","true","false","0.5","1","0.25","1","0.25","75","0","75","100","75","0","0","30","2.5","2","60","1.6","0.4","20.5","6.7","16","8.21","365","14","1","0","0","299","299","755","86560","8","568","827","956","1081","71858","true","19449","119","304","658","33295","35835","15041"
"1","0.1","3","true","false","true","false","true","false","0.5","1","0.25","1","0.25","75","0","75","100","75","0","0","30","2.5","2","60","1.6","0.4","20.5","6.7","16","8.21","365","14","1","0","0","299","299","756","86560","5","529","767","1058","1081","71858","true","19449","119","304","658","33297","35836","15041"
"1","0.1","3","true","false","true","false","true","false","0.5","1","0.25","1","0.25","75","0","75","100","75","0","0","30","2.5","2","60","1.6","0.4","20.5","6.7","16","8.21","365","14","1","0","0","299","299","757","86560","4","494","696","1165","1081","71859","true","19449","119","304","658","33297","35837","15041"
"1","0.1","3","true","false","true","false","true","false","0.5","1","0.25","1","0.25","75","0","75","100","75","0","0","30","2.5","2","60","1.6","0.4","20.5","6.7","16","8.21","365","14","1","0","0","299","299","758","86560","1","453","638","1267","1081","71862","true","19448","119","304","658","33300","35837","15041"
"1","0.1","3","true","false","true","false","true","false","0.5","1","0.25","1","0.25","75","0","75","100","75","0","0","30","2.5","2","60","1.6","0.4","20.5","6.7","16","8.21","365","14","1","0","0","299","299","759","86560","0","407","583","1369","1081","14961","false","19444","119","304","658","33300","35838","15041"
"1","0.1","3","true","false","true","false","true","false","0.5","1","0.25","1","0.25","75","0","75","100","75","0","0","30","2.5","2","60","1.6","0.4","20.5","6.7","16","8.21","365","14","1","0","0","299","299","760","86316","244","375","525","1459","1081","18626","false","363893","119","304","658","33300","35838","15041"
"1","0.1","3","true","false","true","false","true","false","0.5","1","0.25","1","0.25","75","0","75","100","75","0","0","30","2.5","2","60","1.6","0.4","20.5","6.7","16","8.21","365","14","1","0","0","299","299","761","86050","510","334","454","1570","1082","19524","false","328870","119","305","658","33300","35838","15041"
"1","0.1","3","true","false","true","false","true","false","0.5","1","0.25","1","0.25","75","0","75","100","75","0","0","30","2.5","2","60","1.6","0.4","20.5","6.7","16","8.21","365","14","1","0","0","299","299","762","85799","761","296","390","1672","1082","19745","false","320651","119","305","658","33300","35838","15041"
"1","0.1","3","true","false","true","false","true","false","0.5","1","0.25","1","0.25","75","0","75","100","75","0","0","30","2.5","2","60","1.6","0.4","20.5","6.7","16","8.21","365","14","1","0","0","299","299","763","85575","977","264","334","1767","1083","19810","false","318614","119","306","658","33305","35841","15042"
"1","0.1","3","true","false","true","false","true","false","0.5","1","0.25","1","0.25","75","0","75","100","75","0","0","30","2.5","2","60","1.6","0.4","20.5","6.7","16","8.21","365","14","1","0","0","299","299","764","85356","1154","258","317","1832","1083","19835","false","317998","119","306","658","33317","35864","15049"
"1","0.1","3","true","false","true","false","true","false","0.5","1","0.25","1","0.25","75","0","75","100","75","0","0","30","2.5","2","60","1.6","0.4","20.5","6.7","16","8.21","365","14","1","0","0","299","299","765","85135","1265","276","348","1893","1083","19876","false","317774","119","306","658","33359","35917","15064"
"1","0.1","3","true","false","true","false","true","false","0.5","1","0.25","1","0.25","75","0","75","100","75","0","0","30","2.5","2","60","1.6","0.4","20.5","6.7","16","8.21","365","14","1","0","0","299","299","766","84912","1340","308","400","1956","1084","19937","false","317397","120","306","658","33426","35984","15078"
"1","0.1","3","true","false","true","false","true","false","0.5","1","0.25","1","0.25","75","0","75","100","75","0","0","30","2.5","2","60","1.6","0.4","20.5","6.7","16","8.21","365","14","1","0","0","299","299","767","84674","1401","359","471","2011","1084","20013","false","316873","120","306","658","33500","36074","15091"
"1","0.1","3","true","false","true","false","true","false","0.5","1","0.25","1","0.25","75","0","75","100","75","0","0","30","2.5","2","60","1.6","0.4","20.5","6.7","16","8.21","365","14","1","0","0","299","299","768","84441","1447","406","549","2072","1085","20095","false","316234","120","306","659","33582","36173","15097"
"1","0.1","3","true","false","true","false","true","false","0.5","1","0.25","1","0.25","75","0","75","100","75","0","0","30","2.5","2","60","1.6","0.4","20.5","6.7","16","8.21","365","14","1","0","0","299","299","769","84203","1468","478","651","2115","1085","71711","true","315571","120","306","659","33683","36283","15103"
"1","0.1","3","true","false","true","false","true","false","0.5","1","0.25","1","0.25","75","0","75","100","75","0","0","30","2.5","2","60","1.6","0.4","20.5","6.7","16","8.21","365","14","1","0","0","299","299","770","84182","1277","533","756","2167","1085","71730","true","19649","120","306","659","33781","36393","15107"
"1","0.1","3","true","false","true","false","true","false","0.5","1","0.25","1","0.25","75","0","75","100","75","0","0","30","2.5","2","60","1.6","0.4","20.5","6.7","16","8.21","365","14","1","0","0","299","299","771","84164","1041","636","879","2195","1085","71769","true","19604","120","306","659","33907","36521","15107"
"1","0.1","3","true","false","true","false","true","false","0.5","1","0.25","1","0.25","75","0","75","100","75","0","0","30","2.5","2","60","1.6","0.4","20.5","6.7","16","8.21","365","14","1","0","0","299","299","772","84148","827","720","995","2225","1085","71786","true","19542","120","306","659","34022","36635","15108"
"1","0.1","3","true","false","true","false","true","false","0.5","1","0.25","1","0.25","75","0","75","100","75","0","0","30","2.5","2","60","1.6","0.4","20.5","6.7","16","8.21","365","14","1","0","0","299","299","773","84135","616","799","1110","2255","1085","71806","true","19511","120","306","659","34134","36746","15109"
"1","0.1","3","true","false","true","false","true","false","0.5","1","0.25","1","0.25","75","0","75","100","75","0","0","30","2.5","2","60","1.6","0.4","20.5","6.7","16","8.21","365","14","1","0","0","299","299","774","84118","445","865","1209","2277","1086","71823","true","19471","120","306","660","34211","36855","15111"
"1","0.1","3","true","false","true","false","true","false","0.5","1","0.25","1","0.25","75","0","75","100","75","0","0","30","2.5","2","60","1.6","0.4","20.5","6.7","16","8.21","365","14","1","0","0","299","299","775","84110","333","902","1279","2290","1086","71835","true","19439","120","306","660","34268","36919","15111"
"1","0.1","3","true","false","true","false","true","false","0.5","1","0.25","1","0.25","75","0","75","100","75","0","0","30","2.5","2","60","1.6","0.4","20.5","6.7","16","8.21","365","14","1","0","0","299","299","776","84100","235","937","1329","2312","1087","71850","true","19420","120","307","660","34320","36975","15111"
"1","0.1","3","true","false","true","false","true","false","0.5","1","0.25","1","0.25","75","0","75","100","75","0","0","30","2.5","2","60","1.6","0.4","20.5","6.7","16","8.21","365","14","1","0","0","299","299","777","84093","178","958","1361","2321","1089","71857","true","19393","121","307","661","34359","37000","15111"
"1","0.1","3","true","false","true","false","true","false","0.5","1","0.25","1","0.25","75","0","75","100","75","0","0","30","2.5","2","60","1.6","0.4","20.5","6.7","16","8.21","365","14","1","0","0","299","299","778","84080","141","971","1385","2333","1090","71867","true","19385","121","308","661","34386","37022","15112"
"1","0.1","3","true","false","true","false","true","false","0.5","1","0.25","1","0.25","75","0","75","100","75","0","0","30","2.5","2","60","1.6","0.4","20.5","6.7","16","8.21","365","14","1","0","0","299","299","779","84067","106","995","1401","2340","1091","71881","true","19370","122","308","661","34410","37046","15112"
"1","0.1","3","true","false","true","false","true","false","0.5","1","0.25","1","0.25","75","0","75","100","75","0","0","30","2.5","2","60","1.6","0.4","20.5","6.7","16","8.21","365","14","1","0","0","299","299","780","84056","97","992","1404","2359","1092","71882","true","19342","123","308","661","34419","37057","15112"
"1","0.1","3","true","false","true","false","true","false","0.5","1","0.25","1","0.25","75","0","75","100","75","0","0","30","2.5","2","60","1.6","0.4","20.5","6.7","16","8.21","365","14","1","0","0","299","299","781","84046","85","983","1399","2394","1093","71887","true","19337","123","309","661","34429","37069","15112"
"1","0.1","3","true","false","true","false","true","false","0.5","1","0.25","1","0.25","75","0","75","100","75","0","0","30","2.5","2","60","1.6","0.4","20.5","6.7","16","8.21","365","14","1","0","0","299","299","782","84037","74","970","1383","2443","1093","71893","true","19325","123","309","661","34436","37082","15112"
"1","0.1","3","true","false","true","false","true","false","0.5","1","0.25","1","0.25","75","0","75","100","75","0","0","30","2.5","2","60","1.6","0.4","20.5","6.7","16","8.21","365","14","1","0","0","299","299","783","84033","63","953","1365","2493","1093","71901","true","19314","123","309","661","34440","37093","15112"
"1","0.1","3","true","false","true","false","true","false","0.5","1","0.25","1","0.25","75","0","75","100","75","0","0","30","2.5","2","60","1.6","0.4","20.5","6.7","16","8.21","365","14","1","0","0","299","299","784","84027","55","925","1313","2587","1093","71906","true","19295","123","309","661","34451","37096","15112"
"1","0.1","3","true","false","true","false","true","false","0.5","1","0.25","1","0.25","75","0","75","100","75","0","0","30","2.5","2","60","1.6","0.4","20.5","6.7","16","8.21","365","14","1","0","0","299","299","785","84023","46","898","1271","2669","1093","71911","true","19284","123","309","661","34455","37105","15112"
"1","0.1","3","true","false","true","false","true","false","0.5","1","0.25","1","0.25","75","0","75","100","75","0","0","30","2.5","2","60","1.6","0.4","20.5","6.7","16","8.21","365","14","1","0","0","299","299","786","84016","42","849","1214","2786","1093","71916","true","19275","123","309","661","34460","37111","15112"
"1","0.1","3","true","false","true","false","true","false","0.5","1","0.25","1","0.25","75","0","75","100","75","0","0","30","2.5","2","60","1.6","0.4","20.5","6.7","16","8.21","365","14","1","0","0","299","299","787","84014","38","808","1145","2901","1094","71915","true","19264","123","310","661","34462","37115","15112"
"1","0.1","3","true","false","true","false","true","false","0.5","1","0.25","1","0.25","75","0","75","100","75","0","0","30","2.5","2","60","1.6","0.4","20.5","6.7","16","8.21","365","14","1","0","0","299","299","788","84012","35","762","1070","3026","1095","71917","true","19264","123","310","662","34463","37119","15112"
"1","0.1","3","true","false","true","false","true","false","0.5","1","0.25","1","0.25","75","0","75","100","75","0","0","30","2.5","2","60","1.6","0.4","20.5","6.7","16","8.21","365","14","1","0","0","299","299","789","84008","31","716","1012","3138","1095","71919","true","19253","123","310","662","34465","37125","15112"
"1","0.1","3","true","false","true","false","true","false","0.5","1","0.25","1","0.25","75","0","75","100","75","0","0","30","2.5","2","60","1.6","0.4","20.5","6.7","16","8.21","365","14","1","0","0","299","299","790","84004","29","654","950","3266","1097","71921","true","19249","123","312","662","34470","37126","15112"
"1","0.1","3","true","false","true","false","true","false","0.5","1","0.25","1","0.25","75","0","75","100","75","0","0","30","2.5","2","60","1.6","0.4","20.5","6.7","16","8.21","365","14","1","0","0","299","299","791","84000","25","603","875","3400","1097","71924","true","19237","123","312","662","34475","37129","15112"
"1","0.1","3","true","false","true","false","true","false","0.5","1","0.25","1","0.25","75","0","75","100","75","0","0","30","2.5","2","60","1.6","0.4","20.5","6.7","16","8.21","365","14","1","0","0","299","299","792","83996","24","557","795","3530","1098","71924","true","19233","124","312","662","34478","37131","15112"
"1","0.1","3","true","false","true","false","true","false","0.5","1","0.25","1","0.25","75","0","75","100","75","0","0","30","2.5","2","60","1.6","0.4","20.5","6.7","16","8.21","365","14","1","0","0","299","299","793","83991","28","506","715","3662","1098","71924","true","19231","124","312","662","34478","37132","15112"
"1","0.1","3","true","false","true","false","true","false","0.5","1","0.25","1","0.25","75","0","75","100","75","0","0","30","2.5","2","60","1.6","0.4","20.5","6.7","16","8.21","365","14","1","0","0","299","299","794","83988","25","446","632","3811","1098","14865","false","19231","124","312","662","34481","37135","15112"
"1","0.1","3","true","false","true","false","true","false","0.5","1","0.25","1","0.25","75","0","75","100","75","0","0","30","2.5","2","60","1.6","0.4","20.5","6.7","16","8.21","365","14","1","0","0","299","299","795","83584","424","393","563","3937","1099","18484","false","364662","124","313","662","34482","37139","15112"
"1","0.1","3","true","false","true","false","true","false","0.5","1","0.25","1","0.25","75","0","75","100","75","0","0","30","2.5","2","60","1.6","0.4","20.5","6.7","16","8.21","365","14","1","0","0","299","299","796","83154","851","354","491","4050","1100","19407","false","330186","124","314","662","34483","37141","15112"
"1","0.1","3","true","false","true","false","true","false","0.5","1","0.25","1","0.25","75","0","75","100","75","0","0","30","2.5","2","60","1.6","0.4","20.5","6.7","16","8.21","365","14","1","0","0","299","299","797","82786","1214","315","435","4150","1100","19632","false","321561","124","314","662","34484","37145","15112"
"1","0.1","3","true","false","true","false","true","false","0.5","1","0.25","1","0.25","75","0","75","100","75","0","0","30","2.5","2","60","1.6","0.4","20.5","6.7","16","8.21","365","14","1","0","0","299","299","798","82469","1515","279","376","4260","1101","19683","false","319509","124","315","662","34489","37153","15115"
"1","0.1","3","true","false","true","false","true","false","0.5","1","0.25","1","0.25","75","0","75","100","75","0","0","30","2.5","2","60","1.6","0.4","20.5","6.7","16","8.21","365","14","1","0","0","299","299","799","82127","1759","289","380","4343","1102","19728","false","319029","125","315","662","34529","37189","15137"
"1","0.1","3","true","false","true","false","true","false","0.5","1","0.25","1","0.25","75","0","75","100","75","0","0","30","2.5","2","60","1.6","0.4","20.5","6.7","16","8.21","365","14","1","0","0","299","299","800","81799","1934","314","430","4421","1102","19785","false","318589","125","315","662","34588","37259","15161"
"1","0.1","3","true","false","true","false","true","false","0.5","1","0.25","1","0.25","75","0","75","100","75","0","0","30","2.5","2","60","1.6","0.4","20.5","6.7","16","8.21","365","14","1","0","0","299","299","801","81524","1978","365","541","4490","1102","19869","false","318078","125","315","662","34681","37375","15183"
"1","0.1","3","true","false","true","false","true","false","0.5","1","0.25","1","0.25","75","0","75","100","75","0","0","30","2.5","2","60","1.6","0.4","20.5","6.7","16","8.21","365","14","1","0","0","299","299","802","81243","1975","458","670","4552","1102","71586","true","317346","125","315","662","34800","37515","15208"
"1","0.1","3","true","false","true","false","true","false","0.5","1","0.25","1","0.25","75","0","75","100","75","0","0","30","2.5","2","60","1.6","0.4","20.5","6.7","16","8.21","365","14","1","0","0","299","299","803","81206","1708","560","821","4603","1102","71622","true","19974","125","315","662","34936","37663","15228"
"1","0.1","3","true","false","true","false","true","false","0.5","1","0.25","1","0.25","75","0","75","100","75","0","0","30","2.5","2","60","1.6","0.4","20.5","6.7","16","8.21","365","14","1","0","0","299","299","804","81181","1406","694","969","4648","1102","71653","true","19918","125","315","662","35086","37827","15241"
"1","0.1","3","true","false","true","false","true","false","0.5","1","0.25","1","0.25","75","0","75","100","75","0","0","30","2.5","2","60","1.6","0.4","20.5","6.7","16","8.21","365","14","1","0","0","299","299","805","81171","1104","789","1140","4694","1102","71680","true","19863","125","315","662","35233","37983","15250"
"1","0.1","3","true","false","true","false","true","false","0.5","1","0.25","1","0.25","75","0","75","100","75","0","0","30","2.5","2","60","1.6","0.4","20.5","6.7","16","8.21","365","14","1","0","0","299","299","806","81157","815","911","1294","4721","1102","71711","true","19820","125","315","662","35375","38138","15256"
"1","0.1","3","true","false","true","false","true","false","0.5","1","0.25","1","0.25","75","0","75","100","75","0","0","30","2.5","2","60","1.6","0.4","20.5","6.7","16","8.21","365","14","1","0","0","299","299","807","81145","580","978","1433","4761","1103","71731","true","19748","126","315","662","35503","38253","15260"
"1","0.1","3","true","false","true","false","true","false","0.5","1","0.25","1","0.25","75","0","75","100","75","0","0","30","2.5","2","60","1.6","0.4","20.5","6.7","16","8.21","365","14","1","0","0","299","299","808","81128","418","1043","1526","4782","1103","71759","true","19701","126","315","662","35596","38339","15260"
"1","0.1","3","true","false","true","false","true","false","0.5","1","0.25","1","0.25","75","0","75","100","75","0","0","30","2.5","2","60","1.6","0.4","20.5","6.7","16","8.21","365","14","1","0","0","299","299","809","81114","306","1077","1593","4804","1106","71768","true","19641","126","315","665","35652","38408","15261"
"1","0.1","3","true","false","true","false","true","false","0.5","1","0.25","1","0.25","75","0","75","100","75","0","0","30","2.5","2","60","1.6","0.4","20.5","6.7","16","8.21","365","14","1","0","0","299","299","810","81103","198","1120","1653","4818","1108","71784","true","19612","127","316","665","35716","38462","15262"
"1","0.1","3","true","false","true","false","true","false","0.5","1","0.25","1","0.25","75","0","75","100","75","0","0","30","2.5","2","60","1.6","0.4","20.5","6.7","16","8.21","365","14","1","0","0","299","299","811","81095","144","1135","1676","4839","1111","71796","true","19576","127","317","667","35745","38495","15262"
"1","0.1","3","true","false","true","false","true","false","0.5","1","0.25","1","0.25","75","0","75","100","75","0","0","30","2.5","2","60","1.6","0.4","20.5","6.7","16","8.21","365","14","1","0","0","299","299","812","81084","109","1150","1699","4847","1111","71803","true","19560","127","317","667","35766","38520","15262"
"1","0.1","3","true","false","true","false","true","false","0.5","1","0.25","1","0.25","75","0","75","100","75","0","0","30","2.5","2","60","1.6","0.4","20.5","6.7","16","8.21","365","14","1","0","0","299","299","813","81076","86","1155","1708","4864","1111","71809","true","19546","127","317","667","35785","38532","15262"
"1","0.1","3","true","false","true","false","true","false","0.5","1","0.25","1","0.25","75","0","75","100","75","0","0","30","2.5","2","60","1.6","0.4","20.5","6.7","16","8.21","365","14","1","0","0","299","299","814","81069","69","1155","1710","4886","1111","71815","true","19530","127","317","667","35797","38544","15262"
"1","0.1","3","true","false","true","false","true","false","0.5","1","0.25","1","0.25","75","0","75","100","75","0","0","30","2.5","2","60","1.6","0.4","20.5","6.7","16","8.21","365","14","1","0","0","299","299","815","81060","66","1147","1700","4915","1112","71817","true","19516","127","318","667","35802","38551","15262"
"1","0.1","3","true","false","true","false","true","false","0.5","1","0.25","1","0.25","75","0","75","100","75","0","0","30","2.5","2","60","1.6","0.4","20.5","6.7","16","8.21","365","14","1","0","0","299","299","816","81051","63","1122","1675","4974","1115","71817","true","19511","127","320","668","35808","38557","15262"
"1","0.1","3","true","false","true","false","true","false","0.5","1","0.25","1","0.25","75","0","75","100","75","0","0","30","2.5","2","60","1.6","0.4","20.5","6.7","16","8.21","365","14","1","0","0","299","299","817","81037","64","1089","1625","5069","1116","71820","true","19502","127","321","668","35815","38563","15262"
"1","0.1","3","true","false","true","false","true","false","0.5","1","0.25","1","0.25","75","0","75","100","75","0","0","30","2.5","2","60","1.6","0.4","20.5","6.7","16","8.21","365","14","1","0","0","299","299","818","81030","58","1070","1574","5152","1116","71826","true","19494","127","321","668","35821","38570","15262"
"1","0.1","3","true","false","true","false","true","false","0.5","1","0.25","1","0.25","75","0","75","100","75","0","0","30","2.5","2","60","1.6","0.4","20.5","6.7","16","8.21","365","14","1","0","0","299","299","819","81024","58","1009","1517","5276","1116","71830","true","19475","127","321","668","35825","38572","15262"
"1","0.1","3","true","false","true","false","true","false","0.5","1","0.25","1","0.25","75","0","75","100","75","0","0","30","2.5","2","60","1.6","0.4","20.5","6.7","16","8.21","365","14","1","0","0","299","299","820","81019","55","967","1444","5399","1116","71833","true","19466","127","321","668","35831","38574","15262"
"1","0.1","3","true","false","true","false","true","false","0.5","1","0.25","1","0.25","75","0","75","100","75","0","0","30","2.5","2","60","1.6","0.4","20.5","6.7","16","8.21","365","14","1","0","0","299","299","821","81014","48","918","1374","5530","1116","71840","true","19461","127","321","668","35836","38581","15262"
"1","0.1","3","true","false","true","false","true","false","0.5","1","0.25","1","0.25","75","0","75","100","75","0","0","30","2.5","2","60","1.6","0.4","20.5","6.7","16","8.21","365","14","1","0","0","299","299","822","81009","45","859","1270","5699","1118","71843","true","19452","127","323","668","35841","38584","15262"
"1","0.1","3","true","false","true","false","true","false","0.5","1","0.25","1","0.25","75","0","75","100","75","0","0","30","2.5","2","60","1.6","0.4","20.5","6.7","16","8.21","365","14","1","0","0","299","299","823","81006","45","795","1184","5851","1119","71843","true","19443","127","324","668","35843","38585","15262"
"1","0.1","3","true","false","true","false","true","false","0.5","1","0.25","1","0.25","75","0","75","100","75","0","0","30","2.5","2","60","1.6","0.4","20.5","6.7","16","8.21","365","14","1","0","0","299","299","824","80997","42","739","1096","6007","1119","71848","true","19442","127","324","668","35848","38592","15262"
"1","0.1","3","true","false","true","false","true","false","0.5","1","0.25","1","0.25","75","0","75","100","75","0","0","30","2.5","2","60","1.6","0.4","20.5","6.7","16","8.21","365","14","1","0","0","299","299","825","80990","37","664","1005","6184","1120","71851","true","19433","127","325","668","35854","38598","15262"
"1","0.1","3","true","false","true","false","true","false","0.5","1","0.25","1","0.25","75","0","75","100","75","0","0","30","2.5","2","60","1.6","0.4","20.5","6.7","16","8.21","365","14","1","0","0","299","299","826","80986","33","601","909","6351","1120","71858","true","19425","127","325","668","35858","38602","15262"
"1","0.1","3","true","false","true","false","true","false","0.5","1","0.25","1","0.25","75","0","75","100","75","0","0","30","2.5","2","60","1.6","0.4","20.5","6.7","16","8.21","365","14","1","0","0","299","299","827","80979","32","540","830","6498","1121","71859","true","19405","127","326","668","35860","38608","15262"
"1","0.1","3","true","false","true","false","true","false","0.5","1","0.25","1","0.25","75","0","75","100","75","0","0","30","2.5","2","60","1.6","0.4","20.5","6.7","16","8.21","365","14","1","0","0","299","299","828","80974","31","496","738","6640","1121","71863","true","19402","127","326","668","35863","38611","15262"
"1","0.1","3","true","false","true","false","true","false","0.5","1","0.25","1","0.25","75","0","75","100","75","0","0","30","2.5","2","60","1.6","0.4","20.5","6.7","16","8.21","365","14","1","0","0","299","299","829","80970","30","441","636","6798","1125","14756","false","19393","127","328","670","35865","38614","15262"
"1","0.1","3","true","false","true","false","true","false","0.5","1","0.25","1","0.25","75","0","75","100","75","0","0","30","2.5","2","60","1.6","0.4","20.5","6.7","16","8.21","365","14","1","0","0","299","299","830","80511","485","387","559","6933","1125","18380","false","365407","127","328","670","35867","38616","15262"
"1","0.1","3","true","false","true","false","true","false","0.5","1","0.25","1","0.25","75","0","75","100","75","0","0","30","2.5","2","60","1.6","0.4","20.5","6.7","16","8.21","365","14","1","0","0","299","299","831","80041","952","333","494","7053","1127","19267","false","330860","128","329","670","35869","38617","15262"
"1","0.1","3","true","false","true","false","true","false","0.5","1","0.25","1","0.25","75","0","75","100","75","0","0","30","2.5","2","60","1.6","0.4","20.5","6.7","16","8.21","365","14","1","0","0","299","299","832","79566","1425","297","432","7152","1128","19459","false","322665","128","330","670","35870","38618","15262"
"1","0.1","3","true","false","true","false","true","false","0.5","1","0.25","1","0.25","75","0","75","100","75","0","0","30","2.5","2","60","1.6","0.4","20.5","6.7","16","8.21","365","14","1","0","0","299","299","833","79134","1835","261","392","7250","1128","19516","false","320929","128","330","670","35880","38626","15266"
"1","0.1","3","true","false","true","false","true","false","0.5","1","0.25","1","0.25","75","0","75","100","75","0","0","30","2.5","2","60","1.6","0.4","20.5","6.7","16","8.21","365","14","1","0","0","299","299","834","78744","2122","253","415","7338","1128","19556","false","320400","128","330","670","35913","38674","15288"
"1","0.1","3","true","false","true","false","true","false","0.5","1","0.25","1","0.25","75","0","75","100","75","0","0","30","2.5","2","60","1.6","0.4","20.5","6.7","16","8.21","365","14","1","0","0","299","299","835","78324","2352","300","483","7412","1129","19631","false","320012","128","331","670","35990","38757","15318"
"1","0.1","3","true","false","true","false","true","false","0.5","1","0.25","1","0.25","75","0","75","100","75","0","0","30","2.5","2","60","1.6","0.4","20.5","6.7","16","8.21","365","14","1","0","0","299","299","836","77940","2461","369","603","7498","1129","19727","false","319298","128","331","670","36104","38880","15356"
"1","0.1","3","true","false","true","false","true","false","0.5","1","0.25","1","0.25","75","0","75","100","75","0","0","30","2.5","2","60","1.6","0.4","20.5","6.7","16","8.21","365","14","1","0","0","299","299","837","77570","2487","473","764","7577","1129","71628","true","318446","128","331","670","36260","39038","15386"
"1","0.1","3","true","false","true","false","true","false","0.5","1","0.25","1","0.25","75","0","75","100","75","0","0","30","2.5","2","60","1.6","0.4","20.5","6.7","16","8.21","365","14","1","0","0","299","299","838","77541","2116","599","982","7633","1129","71680","true","19815","128","331","670","36439","39241","15404"
"1","0.1","3","true","false","true","false","true","false","0.5","1","0.25","1","0.25","75","0","75","100","75","0","0","30","2.5","2","60","1.6","0.4","20.5","6.7","16","8.21","365","14","1","0","0","299","299","839","77517","1761","724","1193","7676","1129","71717","true","19725","128","331","670","36620","39426","15417"
"1","0.1","3","true","false","true","false","true","false","0.5","1","0.25","1","0.25","75","0","75","100","75","0","0","30","2.5","2","60","1.6","0.4","20.5","6.7","16","8.21","365","14","1","0","0","299","299","840","77495","1403","865","1389","7719","1129","71750","true","19644","128","331","670","36788","39633","15422"
"1","0.1","3","true","false","true","false","true","false","0.5","1","0.25","1","0.25","75","0","75","100","75","0","0","30","2.5","2","60","1.6","0.4","20.5","6.7","16","8.21","365","14","1","0","0","299","299","841","77480","1020","1008","1620","7743","1129","71786","true","19602","128","331","670","36973","39842","15426"
"1","0.1","3","true","false","true","false","true","false","0.5","1","0.25","1","0.25","75","0","75","100","75","0","0","30","2.5","2","60","1.6","0.4","20.5","6.7","16","8.21","365","14","1","0","0","299","299","842","77461","696","1135","1802","7777","1129","71828","true","19531","128","331","670","37157","39999","15428"
"1","0.1","3","true","false","true","false","true","false","0.5","1","0.25","1","0.25","75","0","75","100","75","0","0","30","2.5","2","60","1.6","0.4","20.5","6.7","16","8.21","365","14","1","0","0","299","299","843","77450","483","1220","1926","7792","1129","71858","true","19444","128","331","670","37265","40114","15429"
"1","0.1","3","true","false","true","false","true","false","0.5","1","0.25","1","0.25","75","0","75","100","75","0","0","30","2.5","2","60","1.6","0.4","20.5","6.7","16","8.21","365","14","1","0","0","299","299","844","77439","321","1283","2021","7806","1130","71879","true","19378","128","332","670","37361","40189","15431"
"1","0.1","3","true","false","true","false","true","false","0.5","1","0.25","1","0.25","75","0","75","100","75","0","0","30","2.5","2","60","1.6","0.4","20.5","6.7","16","8.21","365","14","1","0","0","299","299","845","77428","228","1315","2078","7820","1131","71891","true","19341","128","332","671","37415","40239","15431"
"1","0.1","3","true","false","true","false","true","false","0.5","1","0.25","1","0.25","75","0","75","100","75","0","0","30","2.5","2","60","1.6","0.4","20.5","6.7","16","8.21","365","14","1","0","0","299","299","846","77417","162","1336","2125","7827","1133","71900","true","19315","128","334","671","37451","40280","15431"
"1","0.1","3","true","false","true","false","true","false","0.5","1","0.25","1","0.25","75","0","75","100","75","0","0","30","2.5","2","60","1.6","0.4","20.5","6.7","16","8.21","365","14","1","0","0","299","299","847","77408","129","1356","2142","7832","1133","71912","true","19289","128","334","671","37471","40302","15431"
"1","0.1","3","true","false","true","false","true","false","0.5","1","0.25","1","0.25","75","0","75","100","75","0","0","30","2.5","2","60","1.6","0.4","20.5","6.7","16","8.21","365","14","1","0","0","299","299","848","77403","101","1361","2154","7846","1135","71918","true","19265","129","334","672","37491","40315","15431"
"1","0.1","3","true","false","true","false","true","false","0.5","1","0.25","1","0.25","75","0","75","100","75","0","0","30","2.5","2","60","1.6","0.4","20.5","6.7","16","8.21","365","14","1","0","0","299","299","849","77396","77","1365","2162","7864","1136","71926","true","19249","129","335","672","37502","40335","15431"
"1","0.1","3","true","false","true","false","true","false","0.5","1","0.25","1","0.25","75","0","75","100","75","0","0","30","2.5","2","60","1.6","0.4","20.5","6.7","16","8.21","365","14","1","0","0","299","299","850","77392","70","1349","2142","7911","1136","71930","true","19229","129","335","672","37510","40338","15431"
"1","0.1","3","true","false","true","false","true","false","0.5","1","0.25","1","0.25","75","0","75","100","75","0","0","30","2.5","2","60","1.6","0.4","20.5","6.7","16","8.21","365","14","1","0","0","299","299","851","77389","49","1332","2100","7992","1138","71938","true","19225","129","336","673","37522","40350","15431"
"1","0.1","3","true","false","true","false","true","false","0.5","1","0.25","1","0.25","75","0","75","100","75","0","0","30","2.5","2","60","1.6","0.4","20.5","6.7","16","8.21","365","14","1","0","0","299","299","852","77386","39","1292","2057","8088","1138","71942","true","19198","129","336","673","37529","40356","15431"
"1","0.1","3","true","false","true","false","true","false","0.5","1","0.25","1","0.25","75","0","75","100","75","0","0","30","2.5","2","60","1.6","0.4","20.5","6.7","16","8.21","365","14","1","0","0","299","299","853","77380","34","1261","2016","8171","1138","71946","true","19191","129","336","673","37533","40363","15431"
"1","0.1","3","true","false","true","false","true","false","0.5","1","0.25","1","0.25","75","0","75","100","75","0","0","30","2.5","2","60","1.6","0.4","20.5","6.7","16","8.21","365","14","1","0","0","299","299","854","77377","32","1214","1934","8304","1139","71948","true","19183","129","337","673","37535","40366","15431"
"1","0.1","3","true","false","true","false","true","false","0.5","1","0.25","1","0.25","75","0","75","100","75","0","0","30","2.5","2","60","1.6","0.4","20.5","6.7","16","8.21","365","14","1","0","0","299","299","855","77374","29","1148","1829","8480","1140","71950","true","19177","130","337","673","37538","40369","15431"
"1","0.1","3","true","false","true","false","true","false","0.5","1","0.25","1","0.25","75","0","75","100","75","0","0","30","2.5","2","60","1.6","0.4","20.5","6.7","16","8.21","365","14","1","0","0","299","299","856","77374","25","1072","1716","8673","1140","71952","true","19169","130","337","673","37541","40370","15431"
"1","0.1","3","true","false","true","false","true","false","0.5","1","0.25","1","0.25","75","0","75","100","75","0","0","30","2.5","2","60","1.6","0.4","20.5","6.7","16","8.21","365","14","1","0","0","299","299","857","77369","27","989","1601","8874","1140","71953","true","19164","130","337","673","37543","40371","15431"
"1","0.1","3","true","false","true","false","true","false","0.5","1","0.25","1","0.25","75","0","75","100","75","0","0","30","2.5","2","60","1.6","0.4","20.5","6.7","16","8.21","365","14","1","0","0","299","299","858","77363","27","911","1497","9061","1141","71953","true","19162","131","337","673","37547","40373","15431"
"1","0.1","3","true","false","true","false","true","false","0.5","1","0.25","1","0.25","75","0","75","100","75","0","0","30","2.5","2","60","1.6","0.4","20.5","6.7","16","8.21","365","14","1","0","0","299","299","859","77361","23","821","1386","9267","1142","71953","true","19160","131","338","673","37549","40377","15431"
"1","0.1","3","true","false","true","false","true","false","0.5","1","0.25","1","0.25","75","0","75","100","75","0","0","30","2.5","2","60","1.6","0.4","20.5","6.7","16","8.21","365","14","1","0","0","299","299","860","77359","22","742","1260","9473","1144","71952","true","19158","131","340","673","37552","40377","15431"
"1","0.1","3","true","false","true","false","true","false","0.5","1","0.25","1","0.25","75","0","75","100","75","0","0","30","2.5","2","60","1.6","0.4","20.5","6.7","16","8.21","365","14","1","0","0","299","299","861","77356","20","689","1152","9639","1144","71955","true","19157","131","340","673","37555","40379","15431"
"1","0.1","3","true","false","true","false","true","false","0.5","1","0.25","1","0.25","75","0","75","100","75","0","0","30","2.5","2","60","1.6","0.4","20.5","6.7","16","8.21","365","14","1","0","0","299","299","862","77353","19","618","1034","9830","1146","71956","true","19151","132","341","673","37557","40381","15431"
"1","0.1","3","true","false","true","false","true","false","0.5","1","0.25","1","0.25","75","0","75","100","75","0","0","30","2.5","2","60","1.6","0.4","20.5","6.7","16","8.21","365","14","1","0","0","299","299","863","77348","20","554","918","10014","1146","71956","true","19145","132","341","673","37559","40383","15431"
"1","0.1","3","true","false","true","false","true","false","0.5","1","0.25","1","0.25","75","0","75","100","75","0","0","30","2.5","2","60","1.6","0.4","20.5","6.7","16","8.21","365","14","1","0","0","299","299","864","77345","20","493","813","10182","1147","71956","true","19145","132","342","673","37560","40385","15431"
"1","0.1","3","true","false","true","false","true","false","0.5","1","0.25","1","0.25","75","0","75","100","75","0","0","30","2.5","2","60","1.6","0.4","20.5","6.7","16","8.21","365","14","1","0","0","299","299","865","77345","16","434","734","10323","1148","14663","false","19141","132","343","673","37562","40387","15431"
"1","0.1","3","true","false","true","false","true","false","0.5","1","0.25","1","0.25","75","0","75","100","75","0","0","30","2.5","2","60","1.6","0.4","20.5","6.7","16","8.21","365","14","1","0","0","299","299","866","76889","471","376","632","10484","1148","18231","false","366157","132","343","673","37563","40387","15431"
"1","0.1","3","true","false","true","false","true","false","0.5","1","0.25","1","0.25","75","0","75","100","75","0","0","30","2.5","2","60","1.6","0.4","20.5","6.7","16","8.21","365","14","1","0","0","299","299","867","76381","978","325","542","10626","1148","19096","false","332089","132","343","673","37563","40388","15431"
"1","0.1","3","true","false","true","false","true","false","0.5","1","0.25","1","0.25","75","0","75","100","75","0","0","30","2.5","2","60","1.6","0.4","20.5","6.7","16","8.21","365","14","1","0","0","299","299","868","75901","1452","279","466","10754","1148","19283","false","324091","132","343","673","37566","40391","15431"
"1","0.1","3","true","false","true","false","true","false","0.5","1","0.25","1","0.25","75","0","75","100","75","0","0","30","2.5","2","60","1.6","0.4","20.5","6.7","16","8.21","365","14","1","0","0","299","299","869","75386","1938","236","402","10890","1148","19345","false","322391","132","343","673","37573","40408","15436"
"1","0.1","3","true","false","true","false","true","false","0.5","1","0.25","1","0.25","75","0","75","100","75","0","0","30","2.5","2","60","1.6","0.4","20.5","6.7","16","8.21","365","14","1","0","0","299","299","870","74925","2309","249","377","10991","1149","19408","false","321826","133","343","673","37608","40448","15451"
"1","0.1","3","true","false","true","false","true","false","0.5","1","0.25","1","0.25","75","0","75","100","75","0","0","30","2.5","2","60","1.6","0.4","20.5","6.7","16","8.21","365","14","1","0","0","299","299","871","74452","2592","300","435","11071","1150","19488","false","321226","133","343","674","37689","40521","15487"
"1","0.1","3","true","false","true","false","true","false","0.5","1","0.25","1","0.25","75","0","75","100","75","0","0","30","2.5","2","60","1.6","0.4","20.5","6.7","16","8.21","365","14","1","0","0","299","299","872","73970","2797","373","554","11155","1151","19594","false","320504","133","344","674","37795","40672","15507"
"1","0.1","3","true","false","true","false","true","false","0.5","1","0.25","1","0.25","75","0","75","100","75","0","0","30","2.5","2","60","1.6","0.4","20.5","6.7","16","8.21","365","14","1","0","0","299","299","873","73448","2963","491","725","11222","1151","71859","true","319554","133","344","674","37959","40835","15536"
"1","0.1","3","true","false","true","false","true","false","0.5","1","0.25","1","0.25","75","0","75","100","75","0","0","30","2.5","2","60","1.6","0.4","20.5","6.7","16","8.21","365","14","1","0","0","299","299","874","73400","2596","651","939","11263","1151","71903","true","19368","133","344","674","38155","41039","15551"
"1","0.1","3","true","false","true","false","true","false","0.5","1","0.25","1","0.25","75","0","75","100","75","0","0","30","2.5","2","60","1.6","0.4","20.5","6.7","16","8.21","365","14","1","0","0","299","299","875","73360","2181","798","1201","11309","1151","71944","true","19295","133","344","674","38357","41281","15562"
"1","0.1","3","true","false","true","false","true","false","0.5","1","0.25","1","0.25","75","0","75","100","75","0","0","30","2.5","2","60","1.6","0.4","20.5","6.7","16","8.21","365","14","1","0","0","299","299","876","73325","1772","955","1452","11344","1152","71992","true","19214","133","345","674","38580","41497","15567"
"1","0.1","3","true","false","true","false","true","false","0.5","1","0.25","1","0.25","75","0","75","100","75","0","0","30","2.5","2","60","1.6","0.4","20.5","6.7","16","8.21","365","14","1","0","0","299","299","877","73288","1346","1118","1729","11367","1152","72026","true","19105","133","345","674","38792","41743","15572"
"1","0.1","3","true","false","true","false","true","false","0.5","1","0.25","1","0.25","75","0","75","100","75","0","0","30","2.5","2","60","1.6","0.4","20.5","6.7","16","8.21","365","14","1","0","0","299","299","878","73262","971","1263","1950","11402","1152","72056","true","19040","133","345","674","39004","41930","15574"
"1","0.1","3","true","false","true","false","true","false","0.5","1","0.25","1","0.25","75","0","75","100","75","0","0","30","2.5","2","60","1.6","0.4","20.5","6.7","16","8.21","365","14","1","0","0","299","299","879","73232","682","1390","2118","11425","1153","72088","true","18987","134","345","674","39154","42096","15577"
"1","0.1","3","true","false","true","false","true","false","0.5","1","0.25","1","0.25","75","0","75","100","75","0","0","30","2.5","2","60","1.6","0.4","20.5","6.7","16","8.21","365","14","1","0","0","299","299","880","73209","490","1480","2224","11443","1154","72132","true","18920","135","345","674","39258","42204","15580"
"1","0.1","3","true","false","true","false","true","false","0.5","1","0.25","1","0.25","75","0","75","100","75","0","0","30","2.5","2","60","1.6","0.4","20.5","6.7","16","8.21","365","14","1","0","0","299","299","881","73189","350","1543","2313","11451","1154","72159","true","18809","135","345","674","39339","42282","15581"
"1","0.1","3","true","false","true","false","true","false","0.5","1","0.25","1","0.25","75","0","75","100","75","0","0","30","2.5","2","60","1.6","0.4","20.5","6.7","16","8.21","365","14","1","0","0","299","299","882","73168","268","1577","2375","11457","1155","72176","true","18759","136","345","674","39386","42338","15581"
"1","0.1","3","true","false","true","false","true","false","0.5","1","0.25","1","0.25","75","0","75","100","75","0","0","30","2.5","2","60","1.6","0.4","20.5","6.7","16","8.21","365","14","1","0","0","299","299","883","73152","203","1605","2423","11462","1155","72193","true","18725","136","345","674","39424","42381","15581"
"1","0.1","3","true","false","true","false","true","false","0.5","1","0.25","1","0.25","75","0","75","100","75","0","0","30","2.5","2","60","1.6","0.4","20.5","6.7","16","8.21","365","14","1","0","0","299","299","884","73138","176","1617","2440","11471","1158","72200","true","18694","138","345","675","39439","42407","15581"
"1","0.1","3","true","false","true","false","true","false","0.5","1","0.25","1","0.25","75","0","75","100","75","0","0","30","2.5","2","60","1.6","0.4","20.5","6.7","16","8.21","365","14","1","0","0","299","299","885","73125","143","1621","2447","11506","1158","72218","true","18673","138","345","675","39466","42426","15581"
"1","0.1","3","true","false","true","false","true","false","0.5","1","0.25","1","0.25","75","0","75","100","75","0","0","30","2.5","2","60","1.6","0.4","20.5","6.7","16","8.21","365","14","1","0","0","299","299","886","73117","115","1622","2441","11546","1159","72233","true","18634","138","346","675","39481","42447","15581"
"1","0.1","3","true","false","true","false","true","false","0.5","1","0.25","1","0.25","75","0","75","100","75","0","0","30","2.5","2","60","1.6","0.4","20.5","6.7","16","8.21","365","14","1","0","0","299","299","887","73113","97","1604","2416","11609","1161","72237","true","18593","139","347","675","39488","42462","15581"
"1","0.1","3","true","false","true","false","true","false","0.5","1","0.25","1","0.25","75","0","75","100","75","0","0","30","2.5","2","60","1.6","0.4","20.5","6.7","16","8.21","365","14","1","0","0","299","299","888","73109","86","1582","2360","11702","1161","72243","true","18580","139","347","675","39497","42468","15581"
"1","0.1","3","true","false","true","false","true","false","0.5","1","0.25","1","0.25","75","0","75","100","75","0","0","30","2.5","2","60","1.6","0.4","20.5","6.7","16","8.21","365","14","1","0","0","299","299","889","73104","71","1531","2294","11837","1163","72250","true","18566","139","347","677","39506","42479","15581"
"1","0.1","3","true","false","true","false","true","false","0.5","1","0.25","1","0.25","75","0","75","100","75","0","0","30","2.5","2","60","1.6","0.4","20.5","6.7","16","8.21","365","14","1","0","0","299","299","890","73099","59","1484","2217","11973","1168","72255","true","18554","140","351","677","39516","42486","15581"
"1","0.1","3","true","false","true","false","true","false","0.5","1","0.25","1","0.25","75","0","75","100","75","0","0","30","2.5","2","60","1.6","0.4","20.5","6.7","16","8.21","365","14","1","0","0","299","299","891","73096","48","1420","2105","12161","1170","72256","true","18535","141","352","677","39524","42492","15581"
"1","0.1","3","true","false","true","false","true","false","0.5","1","0.25","1","0.25","75","0","75","100","75","0","0","30","2.5","2","60","1.6","0.4","20.5","6.7","16","8.21","365","14","1","0","0","299","299","892","73094","40","1349","1999","12346","1172","72257","true","18526","141","354","677","39528","42498","15581"
"1","0.1","3","true","false","true","false","true","false","0.5","1","0.25","1","0.25","75","0","75","100","75","0","0","30","2.5","2","60","1.6","0.4","20.5","6.7","16","8.21","365","14","1","0","0","299","299","893","73091","35","1267","1868","12567","1172","72262","true","18520","141","354","677","39533","42501","15581"
"1","0.1","3","true","false","true","false","true","false","0.5","1","0.25","1","0.25","75","0","75","100","75","0","0","30","2.5","2","60","1.6","0.4","20.5","6.7","16","8.21","365","14","1","0","0","299","299","894","73089","25","1180","1752","12782","1172","72265","true","18508","141","354","677","39540","42506","15581"
"1","0.1","3","true","false","true","false","true","false","0.5","1","0.25","1","0.25","75","0","75","100","75","0","0","30","2.5","2","60","1.6","0.4","20.5","6.7","16","8.21","365","14","1","0","0","299","299","895","73087","18","1097","1636","12989","1173","72270","true","18501","141","354","678","39544","42511","15581"
"1","0.1","3","true","false","true","false","true","false","0.5","1","0.25","1","0.25","75","0","75","100","75","0","0","30","2.5","2","60","1.6","0.4","20.5","6.7","16","8.21","365","14","1","0","0","299","299","896","73084","19","1005","1505","13214","1173","72270","true","18488","141","354","678","39546","42511","15581"
"1","0.1","3","true","false","true","false","true","false","0.5","1","0.25","1","0.25","75","0","75","100","75","0","0","30","2.5","2","60","1.6","0.4","20.5","6.7","16","8.21","365","14","1","0","0","299","299","897","73081","17","927","1391","13410","1174","72271","true","18488","141","355","678","39548","42514","15581"
"1","0.1","3","true","false","true","false","true","false","0.5","1","0.25","1","0.25","75","0","75","100","75","0","0","30","2.5","2","60","1.6","0.4","20.5","6.7","16","8.21","365","14","1","0","0","299","299","898","73081","14","825","1246","13659","1175","72271","true","18483","141","356","678","39550","42515","15581"
"1","0.1","3","true","false","true","false","true","false","0.5","1","0.25","1","0.25","75","0","75","100","75","0","0","30","2.5","2","60","1.6","0.4","20.5","6.7","16","8.21","365","14","1","0","0","299","299","899","73079","14","745","1112","13875","1175","72272","true","18481","141","356","678","39550","42517","15581"
"1","0.1","3","true","false","true","false","true","false","0.5","1","0.25","1","0.25","75","0","75","100","75","0","0","30","2.5","2","60","1.6","0.4","20.5","6.7","16","8.21","365","14","1","0","0","299","299","900","73079","13","661","988","14082","1177","72270","true","18478","141","357","679","39550","42518","15581"
"1","0.1","3","true","false","true","false","true","false","0.5","1","0.25","1","0.25","75","0","75","100","75","0","0","30","2.5","2","60","1.6","0.4","20.5","6.7","16","8.21","365","14","1","0","0","299","299","901","73078","9","592","866","14277","1178","72270","true","18478","141","358","679","39553","42520","15581"
"1","0.1","3","true","false","true","false","true","false","0.5","1","0.25","1","0.25","75","0","75","100","75","0","0","30","2.5","2","60","1.6","0.4","20.5","6.7","16","8.21","365","14","1","0","0","299","299","902","73078","6","515","756","14466","1179","72270","true","18475","141","359","679","39555","42521","15581"
"1","0.1","3","true","false","true","false","true","false","0.5","1","0.25","1","0.25","75","0","75","100","75","0","0","30","2.5","2","60","1.6","0.4","20.5","6.7","16","8.21","365","14","1","0","0","299","299","903","73078","4","442","651","14645","1180","14568","false","18474","141","360","679","39556","42522","15581"
"1","0.1","3","true","false","true","false","true","false","0.5","1","0.25","1","0.25","75","0","75","100","75","0","0","30","2.5","2","60","1.6","0.4","20.5","6.7","16","8.21","365","14","1","0","0","299","299","904","72515","567","383","551","14804","1180","18084","false","366780","141","360","679","39556","42522","15581"
"1","0.1","3","true","false","true","false","true","false","0.5","1","0.25","1","0.25","75","0","75","100","75","0","0","30","2.5","2","60","1.6","0.4","20.5","6.7","16","8.21","365","14","1","0","0","299","299","905","71842","1240","329","447","14962","1180","18906","false","333192","141","360","679","39556","42522","15581"
"1","0.1","3","true","false","true","false","true","false","0.5","1","0.25","1","0.25","75","0","75","100","75","0","0","30","2.5","2","60","1.6","0.4","20.5","6.7","16","8.21","365","14","1","0","0","299","299","906","71217","1862","272","372","15097","1180","19102","false","325621","141","360","679","39559","42522","15581"
"1","0.1","3","true","false","true","false","true","false","0.5","1","0.25","1","0.25","75","0","75","100","75","0","0","30","2.5","2","60","1.6","0.4","20.5","6.7","16","8.21","365","14","1","0","0","299","299","907","70606","2443","231","328","15211","1181","19153","false","323820","141","361","679","39566","42539","15587"
"1","0.1","3","true","false","true","false","true","false","0.5","1","0.25","1","0.25","75","0","75","100","75","0","0","30","2.5","2","60","1.6","0.4","20.5","6.7","16","8.21","365","14","1","0","0","299","299","908","70035","2892","258","346","15288","1181","19220","false","323356","141","361","679","39617","42580","15617"
"1","0.1","3","true","false","true","false","true","false","0.5","1","0.25","1","0.25","75","0","75","100","75","0","0","30","2.5","2","60","1.6","0.4","20.5","6.7","16","8.21","365","14","1","0","0","299","299","909","69479","3185","326","466","15363","1181","19318","false","322728","141","361","679","39727","42693","15657"
"1","0.1","3","true","false","true","false","true","false","0.5","1","0.25","1","0.25","75","0","75","100","75","0","0","30","2.5","2","60","1.6","0.4","20.5","6.7","16","8.21","365","14","1","0","0","299","299","910","68901","3407","442","640","15429","1181","19463","false","321821","141","361","679","39892","42850","15691"
"1","0.1","3","true","false","true","false","true","false","0.5","1","0.25","1","0.25","75","0","75","100","75","0","0","30","2.5","2","60","1.6","0.4","20.5","6.7","16","8.21","365","14","1","0","0","299","299","911","68330","3546","586","876","15481","1181","71493","true","320533","141","361","679","40088","43062","15715"
"1","0.1","3","true","false","true","false","true","false","0.5","1","0.25","1","0.25","75","0","75","100","75","0","0","30","2.5","2","60","1.6","0.4","20.5","6.7","16","8.21","365","14","1","0","0","299","299","912","68286","3082","755","1168","15528","1181","71545","true","19994","141","361","679","40308","43324","15741"
"1","0.1","3","true","false","true","false","true","false","0.5","1","0.25","1","0.25","75","0","75","100","75","0","0","30","2.5","2","60","1.6","0.4","20.5","6.7","16","8.21","365","14","1","0","0","299","299","913","68236","2559","965","1487","15572","1181","71597","true","19882","141","361","679","40571","43620","15755"
"1","0.1","3","true","false","true","false","true","false","0.5","1","0.25","1","0.25","75","0","75","100","75","0","0","30","2.5","2","60","1.6","0.4","20.5","6.7","16","8.21","365","14","1","0","0","299","299","914","68192","2047","1174","1796","15610","1181","71651","true","19789","141","361","679","40827","43911","15764"
"1","0.1","3","true","false","true","false","true","false","0.5","1","0.25","1","0.25","75","0","75","100","75","0","0","30","2.5","2","60","1.6","0.4","20.5","6.7","16","8.21","365","14","1","0","0","299","299","915","68158","1545","1379","2097","15640","1181","71701","true","19674","141","361","679","41073","44199","15766"
"1","0.1","3","true","false","true","false","true","false","0.5","1","0.25","1","0.25","75","0","75","100","75","0","0","30","2.5","2","60","1.6","0.4","20.5","6.7","16","8.21","365","14","1","0","0","299","299","916","68135","1100","1556","2364","15663","1182","71763","true","19564","141","362","679","41300","44439","15767"
"1","0.1","3","true","false","true","false","true","false","0.5","1","0.25","1","0.25","75","0","75","100","75","0","0","30","2.5","2","60","1.6","0.4","20.5","6.7","16","8.21","365","14","1","0","0","299","299","917","68107","732","1714","2587","15677","1183","71806","true","19457","141","362","680","41466","44669","15767"
"1","0.1","3","true","false","true","false","true","false","0.5","1","0.25","1","0.25","75","0","75","100","75","0","0","30","2.5","2","60","1.6","0.4","20.5","6.7","16","8.21","365","14","1","0","0","299","299","918","68089","495","1812","2727","15693","1184","71840","true","19380","141","362","681","41591","44798","15768"
"1","0.1","3","true","false","true","false","true","false","0.5","1","0.25","1","0.25","75","0","75","100","75","0","0","30","2.5","2","60","1.6","0.4","20.5","6.7","16","8.21","365","14","1","0","0","299","299","919","68070","354","1869","2826","15697","1184","71869","true","19323","141","362","681","41665","44883","15769"
"1","0.1","3","true","false","true","false","true","false","0.5","1","0.25","1","0.25","75","0","75","100","75","0","0","30","2.5","2","60","1.6","0.4","20.5","6.7","16","8.21","365","14","1","0","0","299","299","920","68059","250","1907","2893","15706","1185","71889","true","19261","141","363","681","41726","44937","15769"
"1","0.1","3","true","false","true","false","true","false","0.5","1","0.25","1","0.25","75","0","75","100","75","0","0","30","2.5","2","60","1.6","0.4","20.5","6.7","16","8.21","365","14","1","0","0","299","299","921","68045","189","1935","2932","15713","1186","71906","true","19212","142","363","681","41757","44981","15769"
"1","0.1","3","true","false","true","false","true","false","0.5","1","0.25","1","0.25","75","0","75","100","75","0","0","30","2.5","2","60","1.6","0.4","20.5","6.7","16","8.21","365","14","1","0","0","299","299","922","68037","140","1950","2959","15726","1188","71919","true","19177","142","363","683","41780","45015","15769"
"1","0.1","3","true","false","true","false","true","false","0.5","1","0.25","1","0.25","75","0","75","100","75","0","0","30","2.5","2","60","1.6","0.4","20.5","6.7","16","8.21","365","14","1","0","0","299","299","923","68030","107","1950","2971","15753","1189","71929","true","19148","142","364","683","41799","45036","15769"
"1","0.1","3","true","false","true","false","true","false","0.5","1","0.25","1","0.25","75","0","75","100","75","0","0","30","2.5","2","60","1.6","0.4","20.5","6.7","16","8.21","365","14","1","0","0","299","299","924","68025","91","1930","2949","15816","1189","71935","true","19128","142","364","683","41807","45049","15769"
"1","0.1","3","true","false","true","false","true","false","0.5","1","0.25","1","0.25","75","0","75","100","75","0","0","30","2.5","2","60","1.6","0.4","20.5","6.7","16","8.21","365","14","1","0","0","299","299","925","68015","76","1908","2927","15884","1190","71940","true","19119","142","364","684","41819","45062","15769"
"1","0.1","3","true","false","true","false","true","false","0.5","1","0.25","1","0.25","75","0","75","100","75","0","0","30","2.5","2","60","1.6","0.4","20.5","6.7","16","8.21","365","14","1","0","0","299","299","926","68009","60","1869","2863","16008","1191","71945","true","19109","142","365","684","41836","45067","15769"
"1","0.1","3","true","false","true","false","true","false","0.5","1","0.25","1","0.25","75","0","75","100","75","0","0","30","2.5","2","60","1.6","0.4","20.5","6.7","16","8.21","365","14","1","0","0","299","299","927","68000","57","1808","2753","16190","1192","71945","true","19096","142","365","685","41840","45075","15769"
"1","0.1","3","true","false","true","false","true","false","0.5","1","0.25","1","0.25","75","0","75","100","75","0","0","30","2.5","2","60","1.6","0.4","20.5","6.7","16","8.21","365","14","1","0","0","299","299","928","67994","48","1742","2652","16370","1194","71951","true","19095","143","366","685","41846","45084","15769"
"1","0.1","3","true","false","true","false","true","false","0.5","1","0.25","1","0.25","75","0","75","100","75","0","0","30","2.5","2","60","1.6","0.4","20.5","6.7","16","8.21","365","14","1","0","0","299","299","929","67991","42","1659","2504","16608","1196","71954","true","19074","143","367","686","41851","45088","15769"
"1","0.1","3","true","false","true","false","true","false","0.5","1","0.25","1","0.25","75","0","75","100","75","0","0","30","2.5","2","60","1.6","0.4","20.5","6.7","16","8.21","365","14","1","0","0","299","299","930","67986","37","1563","2337","16880","1197","71958","true","19064","143","367","687","41858","45091","15769"
"1","0.1","3","true","false","true","false","true","false","0.5","1","0.25","1","0.25","75","0","75","100","75","0","0","30","2.5","2","60","1.6","0.4","20.5","6.7","16","8.21","365","14","1","0","0","299","299","931","67981","37","1456","2185","17138","1203","71953","true","19057","144","371","688","41860","45094","15769"
"1","0.1","3","true","false","true","false","true","false","0.5","1","0.25","1","0.25","75","0","75","100","75","0","0","30","2.5","2","60","1.6","0.4","20.5","6.7","16","8.21","365","14","1","0","0","299","299","932","67978","34","1338","2018","17429","1203","71956","true","19053","144","371","688","41864","45096","15769"
"1","0.1","3","true","false","true","false","true","false","0.5","1","0.25","1","0.25","75","0","75","100","75","0","0","30","2.5","2","60","1.6","0.4","20.5","6.7","16","8.21","365","14","1","0","0","299","299","933","67974","30","1226","1863","17704","1203","71960","true","19047","144","371","688","41867","45101","15769"
"1","0.1","3","true","false","true","false","true","false","0.5","1","0.25","1","0.25","75","0","75","100","75","0","0","30","2.5","2","60","1.6","0.4","20.5","6.7","16","8.21","365","14","1","0","0","299","299","934","67971","26","1127","1696","17976","1204","71963","true","19040","145","371","688","41872","45103","15769"
"1","0.1","3","true","false","true","false","true","false","0.5","1","0.25","1","0.25","75","0","75","100","75","0","0","30","2.5","2","60","1.6","0.4","20.5","6.7","16","8.21","365","14","1","0","0","299","299","935","67969","24","1029","1544","18230","1204","71965","true","19033","145","371","688","41874","45105","15769"
"1","0.1","3","true","false","true","false","true","false","0.5","1","0.25","1","0.25","75","0","75","100","75","0","0","30","2.5","2","60","1.6","0.4","20.5","6.7","16","8.21","365","14","1","0","0","299","299","936","67964","24","921","1391","18494","1206","71965","true","19030","145","373","688","41876","45108","15769"
"1","0.1","3","true","false","true","false","true","false","0.5","1","0.25","1","0.25","75","0","75","100","75","0","0","30","2.5","2","60","1.6","0.4","20.5","6.7","16","8.21","365","14","1","0","0","299","299","937","67959","24","814","1251","18746","1206","71966","true","19025","145","373","688","41878","45111","15769"
"1","0.1","3","true","false","true","false","true","false","0.5","1","0.25","1","0.25","75","0","75","100","75","0","0","30","2.5","2","60","1.6","0.4","20.5","6.7","16","8.21","365","14","1","0","0","299","299","938","67957","23","726","1085","19002","1207","71965","true","19023","145","374","688","41881","45111","15769"
"1","0.1","3","true","false","true","false","true","false","0.5","1","0.25","1","0.25","75","0","75","100","75","0","0","30","2.5","2","60","1.6","0.4","20.5","6.7","16","8.21","365","14","1","0","0","299","299","939","67953","23","629","943","19244","1208","71965","true","19023","145","375","688","41882","45114","15769"
"1","0.1","3","true","false","true","false","true","false","0.5","1","0.25","1","0.25","75","0","75","100","75","0","0","30","2.5","2","60","1.6","0.4","20.5","6.7","16","8.21","365","14","1","0","0","299","299","940","67949","24","534","809","19475","1209","71966","true","19019","145","376","688","41882","45117","15769"
"1","0.1","3","true","false","true","false","true","false","0.5","1","0.25","1","0.25","75","0","75","100","75","0","0","30","2.5","2","60","1.6","0.4","20.5","6.7","16","8.21","365","14","1","0","0","299","299","941","67946","25","448","695","19675","1211","14364","false","19015","146","376","689","41883","45118","15769"
"1","0.1","3","true","false","true","false","true","false","0.5","1","0.25","1","0.25","75","0","75","100","75","0","0","30","2.5","2","60","1.6","0.4","20.5","6.7","16","8.21","365","14","1","0","0","299","299","942","67401","568","394","572","19853","1212","17893","false","368515","147","376","689","41885","45118","15769"
"1","0.1","3","true","false","true","false","true","false","0.5","1","0.25","1","0.25","75","0","75","100","75","0","0","30","2.5","2","60","1.6","0.4","20.5","6.7","16","8.21","365","14","1","0","0","299","299","943","66753","1212","319","477","20027","1212","18706","false","334764","147","376","689","41886","45121","15769"
"1","0.1","3","true","false","true","false","true","false","0.5","1","0.25","1","0.25","75","0","75","100","75","0","0","30","2.5","2","60","1.6","0.4","20.5","6.7","16","8.21","365","14","1","0","0","299","299","944","66000","1956","264","400","20167","1213","18913","false","327213","147","377","689","41892","45124","15769"
"1","0.1","3","true","false","true","false","true","false","0.5","1","0.25","1","0.25","75","0","75","100","75","0","0","30","2.5","2","60","1.6","0.4","20.5","6.7","16","8.21","365","14","1","0","0","299","299","945","65283","2639","219","336","20310","1213","36","false","325308","147","377","689","41907","45139","15773"
"1","0.1","3","true","false","true","false","true","false","0.5","1","0.25","1","0.25","75","0","75","100","75","0","0","30","2.5","2","60","1.6","0.4","20.5","6.7","16","8.21","365","14","1","0","0","299","299","946","63342","4477","229","341","20397","1214","13390","false","523725","148","377","689","41937","45191","15794"
"1","0.1","3","true","false","true","false","true","false","0.5","1","0.25","1","0.25","75","0","75","100","75","0","0","30","2.5","2","60","1.6","0.4","20.5","6.7","16","8.21","365","14","1","0","0","299","299","947","62438","5128","300","448","20472","1214","16634","false","378744","148","377","689","42026","45303","15846"
"1","0.1","3","true","false","true","false","true","false","0.5","1","0.25","1","0.25","75","0","75","100","75","0","0","30","2.5","2","60","1.6","0.4","20.5","6.7","16","8.21","365","14","1","0","0","299","299","948","61741","5415","434","650","20546","1214","17579","false","347464","148","377","689","42204","45482","15899"
"1","0.1","3","true","false","true","false","true","false","0.5","1","0.25","1","0.25","75","0","75","100","75","0","0","30","2.5","2","60","1.6","0.4","20.5","6.7","16","8.21","365","14","1","0","0","299","299","949","61148","5431","636","963","20608","1214","70921","true","338347","148","377","689","42447","45738","15977"
"1","0.1","3","true","false","true","false","true","false","0.5","1","0.25","1","0.25","75","0","75","100","75","0","0","30","2.5","2","60","1.6","0.4","20.5","6.7","16","8.21","365","14","1","0","0","299","299","950","61104","4746","927","1363","20646","1214","71027","true","21192","148","377","689","42710","45998","16183"
"1","0.1","3","true","false","true","false","true","false","0.5","1","0.25","1","0.25","75","0","75","100","75","0","0","30","2.5","2","60","1.6","0.4","20.5","6.7","16","8.21","365","14","1","0","0","299","299","951","61070","3827","1310","1899","20680","1214","71124","true","20965","148","377","689","43020","46337","16487"
"1","0.1","3","true","false","true","false","true","false","0.5","1","0.25","1","0.25","75","0","75","100","75","0","0","30","2.5","2","60","1.6","0.4","20.5","6.7","16","8.21","365","14","1","0","0","299","299","952","61050","2859","1713","2455","20709","1214","71231","true","20734","148","377","689","43364","46674","16794"
"1","0.1","3","true","false","true","false","true","false","0.5","1","0.25","1","0.25","75","0","75","100","75","0","0","30","2.5","2","60","1.6","0.4","20.5","6.7","16","8.21","365","14","1","0","0","299","299","953","61021","2065","2046","2925","20729","1214","71318","true","20486","148","377","689","43660","46996","16999"
"1","0.1","3","true","false","true","false","true","false","0.5","1","0.25","1","0.25","75","0","75","100","75","0","0","30","2.5","2","60","1.6","0.4","20.5","6.7","16","8.21","365","14","1","0","0","299","299","954","60995","1382","2318","3335","20756","1214","71389","true","20278","148","377","689","43937","47281","17146"
"1","0.1","3","true","false","true","false","true","false","0.5","1","0.25","1","0.25","75","0","75","100","75","0","0","30","2.5","2","60","1.6","0.4","20.5","6.7","16","8.21","365","14","1","0","0","299","299","955","60980","913","2497","3630","20764","1216","71450","true","20141","149","378","689","44113","47501","17234"
"1","0.1","3","true","false","true","false","true","false","0.5","1","0.25","1","0.25","75","0","75","100","75","0","0","30","2.5","2","60","1.6","0.4","20.5","6.7","16","8.21","365","14","1","0","0","299","299","956","60960","612","2628","3808","20776","1216","71488","true","20020","149","378","689","44243","47633","17293"
"1","0.1","3","true","false","true","false","true","false","0.5","1","0.25","1","0.25","75","0","75","100","75","0","0","30","2.5","2","60","1.6","0.4","20.5","6.7","16","8.21","365","14","1","0","0","299","299","957","60948","400","2711","3942","20782","1217","71518","true","19949","149","378","690","44338","47725","17330"
"1","0.1","3","true","false","true","false","true","false","0.5","1","0.25","1","0.25","75","0","75","100","75","0","0","30","2.5","2","60","1.6","0.4","20.5","6.7","16","8.21","365","14","1","0","0","299","299","958","60930","269","2761","4028","20791","1221","71535","true","19890","149","379","693","44399","47798","17345"
"1","0.1","3","true","false","true","false","true","false","0.5","1","0.25","1","0.25","75","0","75","100","75","0","0","30","2.5","2","60","1.6","0.4","20.5","6.7","16","8.21","365","14","1","0","0","299","299","959","60912","211","2783","4072","20799","1223","71544","true","19858","149","380","694","44439","47825","17354"
"1","0.1","3","true","false","true","false","true","false","0.5","1","0.25","1","0.25","75","0","75","100","75","0","0","30","2.5","2","60","1.6","0.4","20.5","6.7","16","8.21","365","14","1","0","0","299","299","960","60898","175","2800","4090","20813","1224","71552","true","19841","149","380","695","44461","47852","17355"
"1","0.1","3","true","false","true","false","true","false","0.5","1","0.25","1","0.25","75","0","75","100","75","0","0","30","2.5","2","60","1.6","0.4","20.5","6.7","16","8.21","365","14","1","0","0","299","299","961","60881","145","2797","4113","20838","1226","71557","true","19821","149","380","697","44477","47876","17362"
"1","0.1","3","true","false","true","false","true","false","0.5","1","0.25","1","0.25","75","0","75","100","75","0","0","30","2.5","2","60","1.6","0.4","20.5","6.7","16","8.21","365","14","1","0","0","299","299","962","60868","129","2778","4106","20889","1230","71560","true","19807","149","381","700","44493","47884","17367"
"1","0.1","3","true","false","true","false","true","false","0.5","1","0.25","1","0.25","75","0","75","100","75","0","0","30","2.5","2","60","1.6","0.4","20.5","6.7","16","8.21","365","14","1","0","0","299","299","963","60847","119","2751","4076","20974","1233","71568","true","19791","149","383","701","44502","47905","17368"
"1","0.1","3","true","false","true","false","true","false","0.5","1","0.25","1","0.25","75","0","75","100","75","0","0","30","2.5","2","60","1.6","0.4","20.5","6.7","16","8.21","365","14","1","0","0","299","299","964","60842","101","2711","4011","21099","1236","71573","true","19756","150","383","703","44515","47915","17368"
"1","0.1","3","true","false","true","false","true","false","0.5","1","0.25","1","0.25","75","0","75","100","75","0","0","30","2.5","2","60","1.6","0.4","20.5","6.7","16","8.21","365","14","1","0","0","299","299","965","60832","88","2640","3918","21285","1237","71581","true","19745","150","383","704","44526","47927","17368"
"1","0.1","3","true","false","true","false","true","false","0.5","1","0.25","1","0.25","75","0","75","100","75","0","0","30","2.5","2","60","1.6","0.4","20.5","6.7","16","8.21","365","14","1","0","0","299","299","966","60824","81","2540","3760","21555","1240","71584","true","19728","150","384","706","44533","47934","17369"
"1","0.1","3","true","false","true","false","true","false","0.5","1","0.25","1","0.25","75","0","75","100","75","0","0","30","2.5","2","60","1.6","0.4","20.5","6.7","16","8.21","365","14","1","0","0","299","299","967","60821","65","2402","3573","21892","1247","71584","true","19709","150","386","711","44542","47944","17369"
"1","0.1","3","true","false","true","false","true","false","0.5","1","0.25","1","0.25","75","0","75","100","75","0","0","30","2.5","2","60","1.6","0.4","20.5","6.7","16","8.21","365","14","1","0","0","299","299","968","60816","54","2265","3362","22247","1256","71583","true","19691","151","387","718","44549","47953","17369"
"1","0.1","3","true","false","true","false","true","false","0.5","1","0.25","1","0.25","75","0","75","100","75","0","0","30","2.5","2","60","1.6","0.4","20.5","6.7","16","8.21","365","14","1","0","0","299","299","969","60813","46","2111","3148","22620","1262","71581","true","19672","151","387","724","44554","47959","17369"
"1","0.1","3","true","false","true","false","true","false","0.5","1","0.25","1","0.25","75","0","75","100","75","0","0","30","2.5","2","60","1.6","0.4","20.5","6.7","16","8.21","365","14","1","0","0","299","299","970","60811","35","1944","2927","23017","1266","71582","true","19664","151","389","726","44564","47962","17369"
"1","0.1","3","true","false","true","false","true","false","0.5","1","0.25","1","0.25","75","0","75","100","75","0","0","30","2.5","2","60","1.6","0.4","20.5","6.7","16","8.21","365","14","1","0","0","299","299","971","60808","30","1767","2706","23418","1271","71579","true","19653","151","391","729","44568","47966","17369"
"1","0.1","3","true","false","true","false","true","false","0.5","1","0.25","1","0.25","75","0","75","100","75","0","0","30","2.5","2","60","1.6","0.4","20.5","6.7","16","8.21","365","14","1","0","0","299","299","972","60802","27","1591","2500","23805","1275","71578","true","19648","152","391","732","44572","47971","17369"
"1","0.1","3","true","false","true","false","true","false","0.5","1","0.25","1","0.25","75","0","75","100","75","0","0","30","2.5","2","60","1.6","0.4","20.5","6.7","16","8.21","365","14","1","0","0","299","299","973","60799","24","1442","2270","24188","1277","71577","true","19642","152","391","734","44574","47975","17369"
"1","0.1","3","true","false","true","false","true","false","0.5","1","0.25","1","0.25","75","0","75","100","75","0","0","30","2.5","2","60","1.6","0.4","20.5","6.7","16","8.21","365","14","1","0","0","299","299","974","60796","22","1306","2031","24560","1285","71572","true","19639","154","391","740","44578","47976","17369"
"1","0.1","3","true","false","true","false","true","false","0.5","1","0.25","1","0.25","75","0","75","100","75","0","0","30","2.5","2","60","1.6","0.4","20.5","6.7","16","8.21","365","14","1","0","0","299","299","975","60793","23","1151","1781","24961","1291","71567","true","19635","156","393","742","44578","47978","17369"
"1","0.1","3","true","false","true","false","true","false","0.5","1","0.25","1","0.25","75","0","75","100","75","0","0","30","2.5","2","60","1.6","0.4","20.5","6.7","16","8.21","365","14","1","0","0","299","299","976","60789","21","1032","1535","25330","1293","71571","true","19634","157","393","743","44579","47983","17369"
"1","0.1","3","true","false","true","false","true","false","0.5","1","0.25","1","0.25","75","0","75","100","75","0","0","30","2.5","2","60","1.6","0.4","20.5","6.7","16","8.21","365","14","1","0","0","299","299","977","60788","18","897","1336","25665","1296","71571","true","19624","157","393","746","44579","47987","17369"
"1","0.1","3","true","false","true","false","true","false","0.5","1","0.25","1","0.25","75","0","75","100","75","0","0","30","2.5","2","60","1.6","0.4","20.5","6.7","16","8.21","365","14","1","0","0","299","299","978","60784","20","783","1157","25959","1297","71571","true","19618","157","393","747","44580","47988","17369"
"1","0.1","3","true","false","true","false","true","false","0.5","1","0.25","1","0.25","75","0","75","100","75","0","0","30","2.5","2","60","1.6","0.4","20.5","6.7","16","8.21","365","14","1","0","0","299","299","979","60780","20","666","989","26246","1299","71571","true","19616","158","393","748","44581","47991","17369"
"1","0.1","3","true","false","true","false","true","false","0.5","1","0.25","1","0.25","75","0","75","100","75","0","0","30","2.5","2","60","1.6","0.4","20.5","6.7","16","8.21","365","14","1","0","0","299","299","980","60776","20","570","822","26510","1302","71571","true","19611","159","394","749","44582","47994","17369"
"1","0.1","3","true","false","true","false","true","false","0.5","1","0.25","1","0.25","75","0","75","100","75","0","0","30","2.5","2","60","1.6","0.4","20.5","6.7","16","8.21","365","14","1","0","0","299","299","981","60775","18","483","694","26726","1304","71569","true","19603","159","395","750","44583","47996","17369"
"1","0.1","3","true","false","true","false","true","false","0.5","1","0.25","1","0.25","75","0","75","100","75","0","0","30","2.5","2","60","1.6","0.4","20.5","6.7","16","8.21","365","14","1","0","0","299","299","982","60773","17","420","564","26921","1305","13257","false","19603","159","396","750","44584","47998","17369"
"1","0.1","3","true","false","true","false","true","false","0.5","1","0.25","1","0.25","75","0","75","100","75","0","0","30","2.5","2","60","1.6","0.4","20.5","6.7","16","8.21","365","14","1","0","0","299","299","983","60270","517","341","456","27108","1308","16454","false","379400","159","396","753","44585","48000","17369"
"1","0.1","3","true","false","true","false","true","false","0.5","1","0.25","1","0.25","75","0","75","100","75","0","0","30","2.5","2","60","1.6","0.4","20.5","6.7","16","8.21","365","14","1","0","0","299","299","984","59607","1178","281","373","27253","1308","17223","false","348494","159","396","753","44586","48001","17369"
"1","0.1","3","true","false","true","false","true","false","0.5","1","0.25","1","0.25","75","0","75","100","75","0","0","30","2.5","2","60","1.6","0.4","20.5","6.7","16","8.21","365","14","1","0","0","299","299","985","58910","1870","227","303","27380","1310","17403","false","341370","159","396","755","44587","48005","17369"
"1","0.1","3","true","false","true","false","true","false","0.5","1","0.25","1","0.25","75","0","75","100","75","0","0","30","2.5","2","60","1.6","0.4","20.5","6.7","16","8.21","365","14","1","0","0","299","299","986","58253","2508","185","248","27494","1312","28","false","339662","160","397","755","44593","48018","17369"
"1","0.1","3","true","false","true","false","true","false","0.5","1","0.25","1","0.25","75","0","75","100","75","0","0","30","2.5","2","60","1.6","0.4","20.5","6.7","16","8.21","365","14","1","0","0","299","299","987","56585","4078","188","263","27574","1312","66","false","522646","160","397","755","44633","48063","17382"
"1","0.1","3","true","false","true","false","true","false","0.5","1","0.25","1","0.25","75","0","75","100","75","0","0","30","2.5","2","60","1.6","0.4","20.5","6.7","16","8.21","365","14","1","0","0","299","299","988","55393","5031","270","366","27627","1313","12140","false","522197","160","398","755","44723","48187","17407"
"1","0.1","3","true","false","true","false","true","false","0.5","1","0.25","1","0.25","75","0","75","100","75","0","0","30","2.5","2","60","1.6","0.4","20.5","6.7","16","8.21","365","14","1","0","0","299","299","989","54578","5481","374","577","27674","1316","15203","false","390992","160","398","758","44892","48366","17424"
"1","0.1","3","true","false","true","false","true","false","0.5","1","0.25","1","0.25","75","0","75","100","75","0","0","30","2.5","2","60","1.6","0.4","20.5","6.7","16","8.21","365","14","1","0","0","299","299","990","53889","5647","574","865","27709","1316","70602","true","361212","160","398","758","45109","48605","17491"
"1","0.1","3","true","false","true","false","true","false","0.5","1","0.25","1","0.25","75","0","75","100","75","0","0","30","2.5","2","60","1.6","0.4","20.5","6.7","16","8.21","365","14","1","0","0","299","299","991","53839","4952","870","1283","27740","1316","70733","true","21786","160","398","758","45396","48878","17676"
"1","0.1","3","true","false","true","false","true","false","0.5","1","0.25","1","0.25","75","0","75","100","75","0","0","30","2.5","2","60","1.6","0.4","20.5","6.7","16","8.21","365","14","1","0","0","299","299","992","53799","4101","1248","1769","27767","1316","70822","true","21473","160","398","758","45703","49158","17980"
"1","0.1","3","true","false","true","false","true","false","0.5","1","0.25","1","0.25","75","0","75","100","75","0","0","30","2.5","2","60","1.6","0.4","20.5","6.7","16","8.21","365","14","1","0","0","299","299","993","53764","3180","1594","2357","27789","1316","70922","true","21263","160","398","758","46016","49480","18301"
"1","0.1","3","true","false","true","false","true","false","0.5","1","0.25","1","0.25","75","0","75","100","75","0","0","30","2.5","2","60","1.6","0.4","20.5","6.7","16","8.21","365","14","1","0","0","299","299","994","53745","2293","1948","2885","27813","1316","71024","true","21015","160","398","758","46319","49805","18579"
"1","0.1","3","true","false","true","false","true","false","0.5","1","0.25","1","0.25","75","0","75","100","75","0","0","30","2.5","2","60","1.6","0.4","20.5","6.7","16","8.21","365","14","1","0","0","299","299","995","53720","1611","2240","3285","27828","1316","71105","true","20814","160","398","758","46563","50083","18764"
"1","0.1","3","true","false","true","false","true","false","0.5","1","0.25","1","0.25","75","0","75","100","75","0","0","30","2.5","2","60","1.6","0.4","20.5","6.7","16","8.21","365","14","1","0","0","299","299","996","53702","1119","2442","3583","27837","1317","71163","true","20661","160","398","759","46752","50285","18883"
"1","0.1","3","true","false","true","false","true","false","0.5","1","0.25","1","0.25","75","0","75","100","75","0","0","30","2.5","2","60","1.6","0.4","20.5","6.7","16","8.21","365","14","1","0","0","299","299","997","53683","747","2592","3810","27851","1317","71197","true","20518","160","398","759","46914","50438","18959"
"1","0.1","3","true","false","true","false","true","false","0.5","1","0.25","1","0.25","75","0","75","100","75","0","0","30","2.5","2","60","1.6","0.4","20.5","6.7","16","8.21","365","14","1","0","0","299","299","998","53663","501","2696","3962","27860","1318","71227","true","20439","160","399","759","47013","50547","19017"
"1","0.1","3","true","false","true","false","true","false","0.5","1","0.25","1","0.25","75","0","75","100","75","0","0","30","2.5","2","60","1.6","0.4","20.5","6.7","16","8.21","365","14","1","0","0","299","299","999","53650","341","2769","4055","27865","1320","71253","true","20379","160","400","760","47081","50625","19044"
"1","0.1","3","true","false","true","false","true","false","0.5","1","0.25","1","0.25","75","0","75","100","75","0","0","30","2.5","2","60","1.6","0.4","20.5","6.7","16","8.21","365","14","1","0","0","299","299","1000","53638","251","2808","4112","27869","1322","71267","true","20335","160","400","762","47123","50671","19058"
"1","0.1","3","true","false","true","false","true","false","0.5","1","0.25","1","0.25","75","0","75","100","75","0","0","30","2.5","2","60","1.6","0.4","20.5","6.7","16","8.21","365","14","1","0","0","299","299","1001","53634","187","2828","4149","27875","1327","71273","true","20301","160","400","767","47153","50701","19066"
"1","0.1","3","true","false","true","false","true","false","0.5","1","0.25","1","0.25","75","0","75","100","75","0","0","30","2.5","2","60","1.6","0.4","20.5","6.7","16","8.21","365","14","1","0","0","299","299","1002","53624","142","2841","4161","27901","1331","71283","true","20280","160","402","769","47174","50724","19077"
"1","0.1","3","true","false","true","false","true","false","0.5","1","0.25","1","0.25","75","0","75","100","75","0","0","30","2.5","2","60","1.6","0.4","20.5","6.7","16","8.21","365","14","1","0","0","299","299","1003","53617","110","2833","4156","27947","1337","71290","true","20241","160","403","774","47192","50741","19081"
"1","0.1","3","true","false","true","false","true","false","0.5","1","0.25","1","0.25","75","0","75","100","75","0","0","30","2.5","2","60","1.6","0.4","20.5","6.7","16","8.21","365","14","1","0","0","299","299","1004","53612","80","2806","4119","28038","1345","71294","true","20214","160","405","780","47209","50757","19083"
"1","0.1","3","true","false","true","false","true","false","0.5","1","0.25","1","0.25","75","0","75","100","75","0","0","30","2.5","2","60","1.6","0.4","20.5","6.7","16","8.21","365","14","1","0","0","299","299","1005","53603","64","2759","4045","28181","1348","71299","true","20196","161","406","781","47220","50769","19085"
"1","0.1","3","true","false","true","false","true","false","0.5","1","0.25","1","0.25","75","0","75","100","75","0","0","30","2.5","2","60","1.6","0.4","20.5","6.7","16","8.21","365","14","1","0","0","299","299","1006","53599","53","2679","3945","28369","1355","71297","true","20181","164","406","785","47225","50777","19087"
"1","0.1","3","true","false","true","false","true","false","0.5","1","0.25","1","0.25","75","0","75","100","75","0","0","30","2.5","2","60","1.6","0.4","20.5","6.7","16","8.21","365","14","1","0","0","299","299","1007","53591","48","2564","3808","28629","1360","71298","true","20172","164","409","787","47232","50783","19087"
"1","0.1","3","true","false","true","false","true","false","0.5","1","0.25","1","0.25","75","0","75","100","75","0","0","30","2.5","2","60","1.6","0.4","20.5","6.7","16","8.21","365","14","1","0","0","299","299","1008","53587","42","2448","3603","28955","1365","71298","true","20161","166","410","789","47236","50789","19087"
"1","0.1","3","true","false","true","false","true","false","0.5","1","0.25","1","0.25","75","0","75","100","75","0","0","30","2.5","2","60","1.6","0.4","20.5","6.7","16","8.21","365","14","1","0","0","299","299","1009","53578","42","2319","3386","29304","1371","71294","true","20151","167","411","793","47241","50793","19087"
"1","0.1","3","true","false","true","false","true","false","0.5","1","0.25","1","0.25","75","0","75","100","75","0","0","30","2.5","2","60","1.6","0.4","20.5","6.7","16","8.21","365","14","1","0","0","299","299","1010","53570","42","2155","3172","29686","1375","71294","true","20148","167","411","797","47246","50796","19087"
"1","0.1","3","true","false","true","false","true","false","0.5","1","0.25","1","0.25","75","0","75","100","75","0","0","30","2.5","2","60","1.6","0.4","20.5","6.7","16","8.21","365","14","1","0","0","299","299","1011","53566","42","1996","2953","30064","1379","71291","true","20144","167","411","801","47248","50798","19087"
"1","0.1","3","true","false","true","false","true","false","0.5","1","0.25","1","0.25","75","0","75","100","75","0","0","30","2.5","2","60","1.6","0.4","20.5","6.7","16","8.21","365","14","1","0","0","299","299","1012","53564","40","1828","2710","30478","1380","71293","true","20142","167","412","801","47251","50799","19087"
"1","0.1","3","true","false","true","false","true","false","0.5","1","0.25","1","0.25","75","0","75","100","75","0","0","30","2.5","2","60","1.6","0.4","20.5","6.7","16","8.21","365","14","1","0","0","299","299","1013","53561","35","1652","2451","30915","1386","71291","true","20133","167","412","807","47254","50804","19087"
"1","0.1","3","true","false","true","false","true","false","0.5","1","0.25","1","0.25","75","0","75","100","75","0","0","30","2.5","2","60","1.6","0.4","20.5","6.7","16","8.21","365","14","1","0","0","299","299","1014","53556","34","1503","2210","31308","1389","71290","true","20125","168","412","809","47256","50808","19087"
"1","0.1","3","true","false","true","false","true","false","0.5","1","0.25","1","0.25","75","0","75","100","75","0","0","30","2.5","2","60","1.6","0.4","20.5","6.7","16","8.21","365","14","1","0","0","299","299","1015","53551","31","1339","1960","31724","1395","71288","true","20122","169","412","814","47262","50810","19087"
"1","0.1","3","true","false","true","false","true","false","0.5","1","0.25","1","0.25","75","0","75","100","75","0","0","30","2.5","2","60","1.6","0.4","20.5","6.7","16","8.21","365","14","1","0","0","299","299","1016","53549","28","1189","1744","32091","1399","71287","true","20110","170","412","817","47266","50811","19087"
"1","0.1","3","true","false","true","false","true","false","0.5","1","0.25","1","0.25","75","0","75","100","75","0","0","30","2.5","2","60","1.6","0.4","20.5","6.7","16","8.21","365","14","1","0","0","299","299","1017","53546","24","1036","1515","32476","1403","71287","true","20103","170","413","820","47268","50816","19087"
"1","0.1","3","true","false","true","false","true","false","0.5","1","0.25","1","0.25","75","0","75","100","75","0","0","30","2.5","2","60","1.6","0.4","20.5","6.7","16","8.21","365","14","1","0","0","299","299","1018","53544","21","894","1318","32814","1409","71282","true","20094","171","414","824","47269","50820","19087"
"1","0.1","3","true","false","true","false","true","false","0.5","1","0.25","1","0.25","75","0","75","100","75","0","0","30","2.5","2","60","1.6","0.4","20.5","6.7","16","8.21","365","14","1","0","0","299","299","1019","53543","17","763","1132","33135","1410","71282","true","20093","171","415","824","47271","50823","19087"
"1","0.1","3","true","false","true","false","true","false","0.5","1","0.25","1","0.25","75","0","75","100","75","0","0","30","2.5","2","60","1.6","0.4","20.5","6.7","16","8.21","365","14","1","0","0","299","299","1020","53538","21","641","972","33414","1414","71279","true","20091","172","415","827","47271","50824","19087"
"1","0.1","3","true","false","true","false","true","false","0.5","1","0.25","1","0.25","75","0","75","100","75","0","0","30","2.5","2","60","1.6","0.4","20.5","6.7","16","8.21","365","14","1","0","0","299","299","1021","53537","20","528","803","33696","1416","71277","true","20089","172","415","829","47272","50825","19087"
"1","0.1","3","true","false","true","false","true","false","0.5","1","0.25","1","0.25","75","0","75","100","75","0","0","30","2.5","2","60","1.6","0.4","20.5","6.7","16","8.21","365","14","1","0","0","299","299","1022","53536","16","449","652","33929","1418","11899","false","20089","172","415","831","47274","50828","19087"
"1","0.1","3","true","false","true","false","true","false","0.5","1","0.25","1","0.25","75","0","75","100","75","0","0","30","2.5","2","60","1.6","0.4","20.5","6.7","16","8.21","365","14","1","0","0","299","299","1023","53117","433","371","531","34128","1420","14796","false","392666","172","416","832","47276","50828","19087"
"1","0.1","3","true","false","true","false","true","false","0.5","1","0.25","1","0.25","75","0","75","100","75","0","0","30","2.5","2","60","1.6","0.4","20.5","6.7","16","8.21","365","14","1","0","0","299","299","1024","52509","1036","303","436","34294","1422","15525","false","364598","172","416","834","47278","50831","19087"
"1","0.1","3","true","false","true","false","true","false","0.5","1","0.25","1","0.25","75","0","75","100","75","0","0","30","2.5","2","60","1.6","0.4","20.5","6.7","16","8.21","365","14","1","0","0","299","299","1025","51809","1734","250","344","34439","1424","15693","false","357755","172","417","835","47280","50831","19087"
"1","0.1","3","true","false","true","false","true","false","0.5","1","0.25","1","0.25","75","0","75","100","75","0","0","30","2.5","2","60","1.6","0.4","20.5","6.7","16","8.21","365","14","1","0","0","299","299","1026","51130","2396","209","292","34546","1427","28","false","356146","173","417","837","47287","50839","19089"
"1","0.1","3","true","false","true","false","true","false","0.5","1","0.25","1","0.25","75","0","75","100","75","0","0","30","2.5","2","60","1.6","0.4","20.5","6.7","16","8.21","365","14","1","0","0","299","299","1027","49488","3948","198","298","34641","1427","58","false","521290","173","417","837","47324","50881","19100"
"1","0.1","3","true","false","true","false","true","false","0.5","1","0.25","1","0.25","75","0","75","100","75","0","0","30","2.5","2","60","1.6","0.4","20.5","6.7","16","8.21","365","14","1","0","0","299","299","1028","48260","4973","242","372","34724","1429","10854","false","520938","173","418","838","47408","50983","19117"
"1","0.1","3","true","false","true","false","true","false","0.5","1","0.25","1","0.25","75","0","75","100","75","0","0","30","2.5","2","60","1.6","0.4","20.5","6.7","16","8.21","365","14","1","0","0","299","299","1029","47367","5524","352","560","34767","1430","13664","false","403778","173","418","839","47553","51154","19143"
"1","0.1","3","true","false","true","false","true","false","0.5","1","0.25","1","0.25","75","0","75","100","75","0","0","30","2.5","2","60","1.6","0.4","20.5","6.7","16","8.21","365","14","1","0","0","299","299","1030","46580","5824","538","808","34819","1431","70017","true","376246","173","418","840","47754","51381","19202"
"1","0.1","3","true","false","true","false","true","false","0.5","1","0.25","1","0.25","75","0","75","100","75","0","0","30","2.5","2","60","1.6","0.4","20.5","6.7","16","8.21","365","14","1","0","0","299","299","1031","46511","5188","796","1212","34862","1431","70118","true","23083","173","418","840","48007","51648","19387"
"1","0.1","3","true","false","true","false","true","false","0.5","1","0.25","1","0.25","75","0","75","100","75","0","0","30","2.5","2","60","1.6","0.4","20.5","6.7","16","8.21","365","14","1","0","0","299","299","1032","46452","4310","1142","1760","34903","1433","70204","true","22816","173","419","841","48313","51995","19671"
"1","0.1","3","true","false","true","false","true","false","0.5","1","0.25","1","0.25","75","0","75","100","75","0","0","30","2.5","2","60","1.6","0.4","20.5","6.7","16","8.21","365","14","1","0","0","299","299","1033","46405","3379","1543","2314","34925","1434","70305","true","22588","174","419","841","48632","52371","19954"
"1","0.1","3","true","false","true","false","true","false","0.5","1","0.25","1","0.25","75","0","75","100","75","0","0","30","2.5","2","60","1.6","0.4","20.5","6.7","16","8.21","365","14","1","0","0","299","299","1034","46361","2466","1908","2889","34942","1434","70394","true","22354","174","419","841","48978","52721","20215"
"1","0.1","3","true","false","true","false","true","false","0.5","1","0.25","1","0.25","75","0","75","100","75","0","0","30","2.5","2","60","1.6","0.4","20.5","6.7","16","8.21","365","14","1","0","0","299","299","1035","46334","1702","2207","3371","34952","1434","70493","true","22148","174","419","841","49295","53034","20376"
"1","0.1","3","true","false","true","false","true","false","0.5","1","0.25","1","0.25","75","0","75","100","75","0","0","30","2.5","2","60","1.6","0.4","20.5","6.7","16","8.21","365","14","1","0","0","299","299","1036","46308","1126","2449","3722","34961","1434","70569","true","21912","174","419","841","49531","53285","20491"
"1","0.1","3","true","false","true","false","true","false","0.5","1","0.25","1","0.25","75","0","75","100","75","0","0","30","2.5","2","60","1.6","0.4","20.5","6.7","16","8.21","365","14","1","0","0","299","299","1037","46280","778","2586","3953","34969","1434","70613","true","21735","174","419","841","49689","53438","20556"
"1","0.1","3","true","false","true","false","true","false","0.5","1","0.25","1","0.25","75","0","75","100","75","0","0","30","2.5","2","60","1.6","0.4","20.5","6.7","16","8.21","365","14","1","0","0","299","299","1038","46264","526","2695","4103","34977","1435","70653","true","21643","174","420","841","49804","53551","20596"
"1","0.1","3","true","false","true","false","true","false","0.5","1","0.25","1","0.25","75","0","75","100","75","0","0","30","2.5","2","60","1.6","0.4","20.5","6.7","16","8.21","365","14","1","0","0","299","299","1039","46247","356","2777","4202","34983","1435","70686","true","21556","174","420","841","49893","53629","20616"
"1","0.1","3","true","false","true","false","true","false","0.5","1","0.25","1","0.25","75","0","75","100","75","0","0","30","2.5","2","60","1.6","0.4","20.5","6.7","16","8.21","365","14","1","0","0","299","299","1040","46235","253","2822","4263","34989","1438","70718","true","21482","174","421","843","49938","53683","20632"
"1","0.1","3","true","false","true","false","true","false","0.5","1","0.25","1","0.25","75","0","75","100","75","0","0","30","2.5","2","60","1.6","0.4","20.5","6.7","16","8.21","365","14","1","0","0","299","299","1041","46221","203","2845","4292","34996","1443","70730","true","21416","175","422","846","49966","53712","20639"
"1","0.1","3","true","false","true","false","true","false","0.5","1","0.25","1","0.25","75","0","75","100","75","0","0","30","2.5","2","60","1.6","0.4","20.5","6.7","16","8.21","365","14","1","0","0","299","299","1042","46208","150","2852","4317","35026","1447","70739","true","21376","175","425","847","49997","53742","20644"
"1","0.1","3","true","false","true","false","true","false","0.5","1","0.25","1","0.25","75","0","75","100","75","0","0","30","2.5","2","60","1.6","0.4","20.5","6.7","16","8.21","365","14","1","0","0","299","299","1043","46196","133","2844","4311","35066","1450","70744","true","21356","175","425","850","50011","53753","20648"
"1","0.1","3","true","false","true","false","true","false","0.5","1","0.25","1","0.25","75","0","75","100","75","0","0","30","2.5","2","60","1.6","0.4","20.5","6.7","16","8.21","365","14","1","0","0","299","299","1044","46190","103","2832","4285","35136","1454","70754","true","21344","175","425","854","50026","53771","20651"
"1","0.1","3","true","false","true","false","true","false","0.5","1","0.25","1","0.25","75","0","75","100","75","0","0","30","2.5","2","60","1.6","0.4","20.5","6.7","16","8.21","365","14","1","0","0","299","299","1045","46182","87","2783","4236","35253","1459","70753","true","21322","176","426","857","50039","53782","20651"
"1","0.1","3","true","false","true","false","true","false","0.5","1","0.25","1","0.25","75","0","75","100","75","0","0","30","2.5","2","60","1.6","0.4","20.5","6.7","16","8.21","365","14","1","0","0","299","299","1046","46174","83","2721","4136","35425","1461","70758","true","21314","176","427","858","50046","53787","20651"
"1","0.1","3","true","false","true","false","true","false","0.5","1","0.25","1","0.25","75","0","75","100","75","0","0","30","2.5","2","60","1.6","0.4","20.5","6.7","16","8.21","365","14","1","0","0","299","299","1047","46163","70","2633","3974","35693","1467","70761","true","21301","178","427","862","50062","53794","20652"
"1","0.1","3","true","false","true","false","true","false","0.5","1","0.25","1","0.25","75","0","75","100","75","0","0","30","2.5","2","60","1.6","0.4","20.5","6.7","16","8.21","365","14","1","0","0","299","299","1048","46154","65","2518","3808","35980","1475","70759","true","21287","178","430","867","50072","53798","20652"
"1","0.1","3","true","false","true","false","true","false","0.5","1","0.25","1","0.25","75","0","75","100","75","0","0","30","2.5","2","60","1.6","0.4","20.5","6.7","16","8.21","365","14","1","0","0","299","299","1049","46146","63","2376","3591","36348","1476","70762","true","21280","178","430","868","50080","53800","20652"
"1","0.1","3","true","false","true","false","true","false","0.5","1","0.25","1","0.25","75","0","75","100","75","0","0","30","2.5","2","60","1.6","0.4","20.5","6.7","16","8.21","365","14","1","0","0","299","299","1050","46134","65","2227","3355","36738","1481","70761","true","21273","178","431","872","50082","53808","20652"
"1","0.1","3","true","false","true","false","true","false","0.5","1","0.25","1","0.25","75","0","75","100","75","0","0","30","2.5","2","60","1.6","0.4","20.5","6.7","16","8.21","365","14","1","0","0","299","299","1051","46133","56","2067","3096","37165","1483","70764","true","21270","178","432","873","50087","53814","20652"
"1","0.1","3","true","false","true","false","true","false","0.5","1","0.25","1","0.25","75","0","75","100","75","0","0","30","2.5","2","60","1.6","0.4","20.5","6.7","16","8.21","365","14","1","0","0","299","299","1052","46129","50","1912","2841","37583","1485","70768","true","21263","179","432","874","50091","53820","20652"
"1","0.1","3","true","false","true","false","true","false","0.5","1","0.25","1","0.25","75","0","75","100","75","0","0","30","2.5","2","60","1.6","0.4","20.5","6.7","16","8.21","365","14","1","0","0","299","299","1053","46124","49","1748","2608","37984","1487","70768","true","21249","179","432","876","50095","53822","20652"
"1","0.1","3","true","false","true","false","true","false","0.5","1","0.25","1","0.25","75","0","75","100","75","0","0","30","2.5","2","60","1.6","0.4","20.5","6.7","16","8.21","365","14","1","0","0","299","299","1054","46118","49","1601","2391","38353","1488","70769","true","21249","179","432","877","50098","53825","20652"
"1","0.1","3","true","false","true","false","true","false","0.5","1","0.25","1","0.25","75","0","75","100","75","0","0","30","2.5","2","60","1.6","0.4","20.5","6.7","16","8.21","365","14","1","0","0","299","299","1055","46111","45","1467","2129","38758","1490","70773","true","21243","179","433","878","50106","53828","20652"
"1","0.1","3","true","false","true","false","true","false","0.5","1","0.25","1","0.25","75","0","75","100","75","0","0","30","2.5","2","60","1.6","0.4","20.5","6.7","16","8.21","365","14","1","0","0","299","299","1056","46108","36","1293","1914","39154","1495","70772","true","21231","179","433","883","50111","53835","20652"
"1","0.1","3","true","false","true","false","true","false","0.5","1","0.25","1","0.25","75","0","75","100","75","0","0","30","2.5","2","60","1.6","0.4","20.5","6.7","16","8.21","365","14","1","0","0","299","299","1057","46110","28","1141","1692","39528","1501","70771","true","21222","179","433","889","50117","53837","20652"
"1","0.1","3","true","false","true","false","true","false","0.5","1","0.25","1","0.25","75","0","75","100","75","0","0","30","2.5","2","60","1.6","0.4","20.5","6.7","16","8.21","365","14","1","0","0","299","299","1058","46111","23","990","1462","39909","1505","70769","true","21209","179","435","891","50120","53839","20652"
"1","0.1","3","true","false","true","false","true","false","0.5","1","0.25","1","0.25","75","0","75","100","75","0","0","30","2.5","2","60","1.6","0.4","20.5","6.7","16","8.21","365","14","1","0","0","299","299","1059","46110","18","850","1220","40295","1507","70769","true","21201","179","435","893","50123","53842","20652"
"1","0.1","3","true","false","true","false","true","false","0.5","1","0.25","1","0.25","75","0","75","100","75","0","0","30","2.5","2","60","1.6","0.4","20.5","6.7","16","8.21","365","14","1","0","0","299","299","1060","46110","13","724","1032","40613","1508","70769","true","21199","179","435","894","50125","53845","20652"
"1","0.1","3","true","false","true","false","true","false","0.5","1","0.25","1","0.25","75","0","75","100","75","0","0","30","2.5","2","60","1.6","0.4","20.5","6.7","16","8.21","365","14","1","0","0","299","299","1061","46109","12","620","894","40857","1508","70771","true","21194","179","435","894","50126","53846","20652"
"1","0.1","3","true","false","true","false","true","false","0.5","1","0.25","1","0.25","75","0","75","100","75","0","0","30","2.5","2","60","1.6","0.4","20.5","6.7","16","8.21","365","14","1","0","0","299","299","1062","46108","12","518","764","41089","1509","70771","true","21188","180","435","894","50126","53847","20652"
"1","0.1","3","true","false","true","false","true","false","0.5","1","0.25","1","0.25","75","0","75","100","75","0","0","30","2.5","2","60","1.6","0.4","20.5","6.7","16","8.21","365","14","1","0","0","299","299","1063","46107","10","425","643","41304","1511","10749","false","21187","180","435","896","50127","53849","20652"
"1","0.1","3","true","false","true","false","true","false","0.5","1","0.25","1","0.25","75","0","75","100","75","0","0","30","2.5","2","60","1.6","0.4","20.5","6.7","16","8.21","365","14","1","0","0","299","299","1064","45585","531","348","535","41485","1516","13342","false","404139","180","436","900","50127","53850","20652"
"1","0.1","3","true","false","true","false","true","false","0.5","1","0.25","1","0.25","75","0","75","100","75","0","0","30","2.5","2","60","1.6","0.4","20.5","6.7","16","8.21","365","14","1","0","0","299","299","1065","44898","1213","282","453","41635","1519","13991","false","378841","181","438","900","50131","53852","20652"
"1","0.1","3","true","false","true","false","true","false","0.5","1","0.25","1","0.25","75","0","75","100","75","0","0","30","2.5","2","60","1.6","0.4","20.5","6.7","16","8.21","365","14","1","0","0","299","299","1066","44092","2017","224","369","41779","1519","28","false","372713","181","438","900","50132","53853","20652"
"1","0.1","3","true","false","true","false","true","false","0.5","1","0.25","1","0.25","75","0","75","100","75","0","0","30","2.5","2","60","1.6","0.4","20.5","6.7","16","8.21","365","14","1","0","0","299","299","1067","42445","3642","183","313","41896","1521","31","false","520200","181","438","902","50142","53862","20655"
"1","0.1","3","true","false","true","false","true","false","0.5","1","0.25","1","0.25","75","0","75","100","75","0","0","30","2.5","2","60","1.6","0.4","20.5","6.7","16","8.21","365","14","1","0","0","299","299","1068","41139","4849","190","318","41983","1521","71","false","520141","181","438","902","50190","53905","20665"
"1","0.1","3","true","false","true","false","true","false","0.5","1","0.25","1","0.25","75","0","75","100","75","0","0","30","2.5","2","60","1.6","0.4","20.5","6.7","16","8.21","365","14","1","0","0","299","299","1069","39920","5836","259","405","42059","1521","9677","false","519671","181","438","902","50293","54012","20688"
"1","0.1","3","true","false","true","false","true","false","0.5","1","0.25","1","0.25","75","0","75","100","75","0","0","30","2.5","2","60","1.6","0.4","20.5","6.7","16","8.21","365","14","1","0","0","299","299","1070","38952","6355","411","651","42110","1521","12042","false","415567","181","438","902","50473","54219","20752"
"1","0.1","3","true","false","true","false","true","false","0.5","1","0.25","1","0.25","75","0","75","100","75","0","0","30","2.5","2","60","1.6","0.4","20.5","6.7","16","8.21","365","14","1","0","0","299","299","1071","38194","6390","691","1055","42148","1522","69657","true","392340","181","439","902","50728","54501","20941"
"1","0.1","3","true","false","true","false","true","false","0.5","1","0.25","1","0.25","75","0","75","100","75","0","0","30","2.5","2","60","1.6","0.4","20.5","6.7","16","8.21","365","14","1","0","0","299","299","1072","38135","5558","1048","1543","42194","1522","69784","true","23815","181","439","902","51036","54827","21199"
"1","0.1","3","true","false","true","false","true","false","0.5","1","0.25","1","0.25","75","0","75","100","75","0","0","30","2.5","2","60","1.6","0.4","20.5","6.7","16","8.21","365","14","1","0","0","299","299","1073","38092","4614","1440","2112","42220","1522","69888","true","23485","181","439","902","51377","55186","21488"
"1","0.1","3","true","false","true","false","true","false","0.5","1","0.25","1","0.25","75","0","75","100","75","0","0","30","2.5","2","60","1.6","0.4","20.5","6.7","16","8.21","365","14","1","0","0","299","299","1074","38060","3509","1852","2813","42244","1522","69990","true","23217","181","439","902","51783","55614","21794"
"1","0.1","3","true","false","true","false","true","false","0.5","1","0.25","1","0.25","75","0","75","100","75","0","0","30","2.5","2","60","1.6","0.4","20.5","6.7","16","8.21","365","14","1","0","0","299","299","1075","38027","2582","2251","3355","42263","1522","70092","true","22978","181","439","902","52123","55990","22039"
"1","0.1","3","true","false","true","false","true","false","0.5","1","0.25","1","0.25","75","0","75","100","75","0","0","30","2.5","2","60","1.6","0.4","20.5","6.7","16","8.21","365","14","1","0","0","299","299","1076","38007","1808","2564","3825","42274","1522","70187","true","22764","181","439","902","52439","56313","22196"
"1","0.1","3","true","false","true","false","true","false","0.5","1","0.25","1","0.25","75","0","75","100","75","0","0","30","2.5","2","60","1.6","0.4","20.5","6.7","16","8.21","365","14","1","0","0","299","299","1077","37985","1219","2832","4159","42283","1522","70256","true","22576","181","439","902","52681","56582","22298"
"1","0.1","3","true","false","true","false","true","false","0.5","1","0.25","1","0.25","75","0","75","100","75","0","0","30","2.5","2","60","1.6","0.4","20.5","6.7","16","8.21","365","14","1","0","0","299","299","1078","37971","793","3004","4418","42292","1522","70309","true","22434","181","439","902","52877","56776","22352"
"1","0.1","3","true","false","true","false","true","false","0.5","1","0.25","1","0.25","75","0","75","100","75","0","0","30","2.5","2","60","1.6","0.4","20.5","6.7","16","8.21","365","14","1","0","0","299","299","1079","37955","490","3127","4608","42298","1522","70352","true","22317","181","439","902","52999","56928","22399"
"1","0.1","3","true","false","true","false","true","false","0.5","1","0.25","1","0.25","75","0","75","100","75","0","0","30","2.5","2","60","1.6","0.4","20.5","6.7","16","8.21","365","14","1","0","0","299","299","1080","37941","351","3181","4704","42299","1524","70366","true","22230","181","439","904","53057","57015","22413"
"1","0.1","3","true","false","true","false","true","false","0.5","1","0.25","1","0.25","75","0","75","100","75","0","0","30","2.5","2","60","1.6","0.4","20.5","6.7","16","8.21","365","14","1","0","0","299","299","1081","37923","257","3223","4773","42299","1525","70384","true","22206","181","439","905","53105","57063","22432"
"1","0.1","3","true","false","true","false","true","false","0.5","1","0.25","1","0.25","75","0","75","100","75","0","0","30","2.5","2","60","1.6","0.4","20.5","6.7","16","8.21","365","14","1","0","0","299","299","1082","37911","202","3232","4815","42309","1531","70390","true","22175","183","439","909","53134","57097","22439"
"1","0.1","3","true","false","true","false","true","false","0.5","1","0.25","1","0.25","75","0","75","100","75","0","0","30","2.5","2","60","1.6","0.4","20.5","6.7","16","8.21","365","14","1","0","0","299","299","1083","37909","158","3232","4825","42337","1539","70396","true","22152","184","439","916","53156","57122","22445"
"1","0.1","3","true","false","true","false","true","false","0.5","1","0.25","1","0.25","75","0","75","100","75","0","0","30","2.5","2","60","1.6","0.4","20.5","6.7","16","8.21","365","14","1","0","0","299","299","1084","37902","121","3228","4820","42386","1543","70406","true","22121","184","440","919","53174","57150","22449"
"1","0.1","3","true","false","true","false","true","false","0.5","1","0.25","1","0.25","75","0","75","100","75","0","0","30","2.5","2","60","1.6","0.4","20.5","6.7","16","8.21","365","14","1","0","0","299","299","1085","37904","101","3184","4775","42490","1546","70409","true","22094","184","441","921","53188","57160","22452"
"1","0.1","3","true","false","true","false","true","false","0.5","1","0.25","1","0.25","75","0","75","100","75","0","0","30","2.5","2","60","1.6","0.4","20.5","6.7","16","8.21","365","14","1","0","0","299","299","1086","37902","83","3127","4695","42643","1550","70415","true","22083","185","442","923","53199","57175","22453"
"1","0.1","3","true","false","true","false","true","false","0.5","1","0.25","1","0.25","75","0","75","100","75","0","0","30","2.5","2","60","1.6","0.4","20.5","6.7","16","8.21","365","14","1","0","0","299","299","1087","37907","75","3039","4560","42865","1554","70416","true","22061","185","442","927","53211","57178","22453"
"1","0.1","3","true","false","true","false","true","false","0.5","1","0.25","1","0.25","75","0","75","100","75","0","0","30","2.5","2","60","1.6","0.4","20.5","6.7","16","8.21","365","14","1","0","0","299","299","1088","37919","66","2940","4402","43114","1559","70418","true","22053","186","442","931","53218","57186","22454"
"1","0.1","3","true","false","true","false","true","false","0.5","1","0.25","1","0.25","75","0","75","100","75","0","0","30","2.5","2","60","1.6","0.4","20.5","6.7","16","8.21","365","14","1","0","0","299","299","1089","37928","57","2795","4203","43453","1564","70416","true","22040","186","442","936","53225","57193","22454"
"1","0.1","3","true","false","true","false","true","false","0.5","1","0.25","1","0.25","75","0","75","100","75","0","0","30","2.5","2","60","1.6","0.4","20.5","6.7","16","8.21","365","14","1","0","0","299","299","1090","37931","53","2649","3963","43838","1566","70417","true","22035","186","443","937","53229","57201","22454"
"1","0.1","3","true","false","true","false","true","false","0.5","1","0.25","1","0.25","75","0","75","100","75","0","0","30","2.5","2","60","1.6","0.4","20.5","6.7","16","8.21","365","14","1","0","0","299","299","1091","37938","53","2488","3712","44238","1571","70416","true","22028","187","443","941","53232","57204","22454"
"1","0.1","3","true","false","true","false","true","false","0.5","1","0.25","1","0.25","75","0","75","100","75","0","0","30","2.5","2","60","1.6","0.4","20.5","6.7","16","8.21","365","14","1","0","0","299","299","1092","37944","46","2309","3477","44646","1578","70412","true","22024","187","444","947","53236","57213","22454"
"1","0.1","3","true","false","true","false","true","false","0.5","1","0.25","1","0.25","75","0","75","100","75","0","0","30","2.5","2","60","1.6","0.4","20.5","6.7","16","8.21","365","14","1","0","0","299","299","1093","37958","43","2107","3181","45125","1586","70408","true","22017","187","446","953","53242","57214","22454"
"1","0.1","3","true","false","true","false","true","false","0.5","1","0.25","1","0.25","75","0","75","100","75","0","0","30","2.5","2","60","1.6","0.4","20.5","6.7","16","8.21","365","14","1","0","0","299","299","1094","37966","43","1907","2892","45602","1590","70405","true","22008","187","446","957","53243","57217","22454"
"1","0.1","3","true","false","true","false","true","false","0.5","1","0.25","1","0.25","75","0","75","100","75","0","0","30","2.5","2","60","1.6","0.4","20.5","6.7","16","8.21","365","14","1","0","0","299","299","1095","37982","40","1739","2624","46020","1595","70405","true","22006","187","448","960","53244","57223","22454"
