"BehaviorSpace results (NetLogo 6.1.1)"
"model.nlogo"
"vary-tt-coverage-combo-fix"
"07/17/2020 15:48:30:218 +0100"
"min-pxcor","max-pxcor","min-pycor","max-pycor"
"0","49","0","49"
"[run number]","initial-inf","duration","imposed-lockdown?","personal-protection?","isolate-symptomatics?","test-and-trace?","shield-vulnerable?","closed-system?","lose-immunity?","lockdown-threshold","protection-threshold","isolate-threshold","testtrace-threshold","shield-threshold","lockdown-strictness","protection-strength","isolation-strictness","travel-strictness","shield-adherance","sym-test-coverage","asym-test-coverage","p-infect-init","p-death","z-contact-min","asym-infections","incubation-mean","incubation-stdev","recovery-mean","recovery-stdev","death-mean","death-stdev","immunity-mean","iso-countdown-max","mean-iso-reduction","min-pxcor","min-pycor","max-pxcor","max-pycor","[step]","count susceptibles","count exposeds","count symptomatics","count asymptomatics","count recovereds","count deads","count.locked","currently-locked?","num-contacts","dead-0-29","dead-30-59","dead-60+","count-infecteds-0-29","count-infecteds-30-59","count-infecteds-60+"
"1","0.1","1","false","false","false","true","false","false","false","1","1","1","0.25","1","0","0","0","100","0","0","0","10","2.5","2","60","1.6","0.4","20.5","6.7","16","8.21","365","14","1","0","0","299","299","0","89910","90","0","0","0","0","0","false","0","0","0","0","0","0","0"
"1","0.1","1","false","false","false","true","false","false","false","1","1","1","0.25","1","0","0","0","100","0","0","0","10","2.5","2","60","1.6","0.4","20.5","6.7","16","8.21","365","14","1","0","0","299","299","1","89910","84","0","6","0","0","0","false","538453","0","0","0","2","1","0"
"1","0.1","1","false","false","false","true","false","false","false","1","1","1","0.25","1","0","0","0","100","0","0","0","10","2.5","2","60","1.6","0.4","20.5","6.7","16","8.21","365","14","1","0","0","299","299","2","89904","75","0","21","0","0","0","false","538453","0","0","0","3","8","1"
"1","0.1","1","false","false","false","true","false","false","false","1","1","1","0.25","1","0","0","0","100","0","0","0","10","2.5","2","60","1.6","0.4","20.5","6.7","16","8.21","365","14","1","0","0","299","299","3","89876","86","0","38","0","0","0","false","538453","0","0","0","5","15","2"
"1","0.1","1","false","false","false","true","false","false","false","1","1","1","0.25","1","0","0","0","100","0","0","0","10","2.5","2","60","1.6","0.4","20.5","6.7","16","8.21","365","14","1","0","0","299","299","4","89834","110","2","54","0","0","0","false","538453","0","0","0","8","21","6"
"1","0.1","1","false","false","false","true","false","false","false","1","1","1","0.25","1","0","0","0","100","0","0","0","10","2.5","2","60","1.6","0.4","20.5","6.7","16","8.21","365","14","1","0","0","299","299","5","89770","156","12","62","0","0","0","false","538453","0","0","0","17","29","10"
"1","0.1","1","false","false","false","true","false","false","false","1","1","1","0.25","1","0","0","0","100","0","0","0","10","2.5","2","60","1.6","0.4","20.5","6.7","16","8.21","365","14","1","0","0","299","299","6","89717","181","18","84","0","0","0","false","538453","0","0","0","24","43","12"
"1","0.1","1","false","false","false","true","false","false","false","1","1","1","0.25","1","0","0","0","100","0","0","0","10","2.5","2","60","1.6","0.4","20.5","6.7","16","8.21","365","14","1","0","0","299","299","7","89641","218","23","118","0","0","0","false","538453","0","0","0","32","60","18"
"1","0.1","1","false","false","false","true","false","false","false","1","1","1","0.25","1","0","0","0","100","0","0","0","10","2.5","2","60","1.6","0.4","20.5","6.7","16","8.21","365","14","1","0","0","299","299","8","89542","275","32","151","0","0","0","false","538453","0","0","0","44","73","22"
"1","0.1","1","false","false","false","true","false","false","false","1","1","1","0.25","1","0","0","0","100","0","0","0","10","2.5","2","60","1.6","0.4","20.5","6.7","16","8.21","365","14","1","0","0","299","299","9","89416","348","46","190","0","0","0","false","538453","0","0","0","60","94","29"
"1","0.1","1","false","false","false","true","false","false","false","1","1","1","0.25","1","0","0","0","100","0","0","0","10","2.5","2","60","1.6","0.4","20.5","6.7","16","8.21","365","14","1","0","0","299","299","10","89275","419","60","246","0","0","0","false","538453","0","0","0","84","112","42"
"1","0.1","1","false","false","false","true","false","false","false","1","1","1","0.25","1","0","0","0","100","0","0","0","10","2.5","2","60","1.6","0.4","20.5","6.7","16","8.21","365","14","1","0","0","299","299","11","89122","499","75","304","0","0","0","false","538453","0","0","0","100","141","59"
"1","0.1","1","false","false","false","true","false","false","false","1","1","1","0.25","1","0","0","0","100","0","0","0","10","2.5","2","60","1.6","0.4","20.5","6.7","16","8.21","365","14","1","0","0","299","299","12","88943","589","97","371","0","0","0","false","538453","0","0","0","128","164","80"
"1","0.1","1","false","false","false","true","false","false","false","1","1","1","0.25","1","0","0","0","100","0","0","0","10","2.5","2","60","1.6","0.4","20.5","6.7","16","8.21","365","14","1","0","0","299","299","13","88751","659","124","466","0","0","0","false","538453","0","0","0","168","208","99"
"1","0.1","1","false","false","false","true","false","false","false","1","1","1","0.25","1","0","0","0","100","0","0","0","10","2.5","2","60","1.6","0.4","20.5","6.7","16","8.21","365","14","1","0","0","299","299","14","88511","761","157","571","0","0","0","false","538453","0","0","0","211","256","125"
"1","0.1","1","false","false","false","true","false","false","false","1","1","1","0.25","1","0","0","0","100","0","0","0","10","2.5","2","60","1.6","0.4","20.5","6.7","16","8.21","365","14","1","0","0","299","299","15","88286","827","190","696","0","1","0","false","538453","0","0","1","261","310","154"
"1","0.1","1","false","false","false","true","false","false","false","1","1","1","0.25","1","0","0","0","100","0","0","0","10","2.5","2","60","1.6","0.4","20.5","6.7","16","8.21","365","14","1","0","0","299","299","16","88006","937","231","824","1","1","0","false","538441","0","0","1","321","364","184"
"1","0.1","1","false","false","false","true","false","false","false","1","1","1","0.25","1","0","0","0","100","0","0","0","10","2.5","2","60","1.6","0.4","20.5","6.7","16","8.21","365","14","1","0","0","299","299","17","87697","1035","294","971","2","1","0","false","538441","0","0","1","392","446","223"
"1","0.1","1","false","false","false","true","false","false","false","1","1","1","0.25","1","0","0","0","100","0","0","0","10","2.5","2","60","1.6","0.4","20.5","6.7","16","8.21","365","14","1","0","0","299","299","18","87364","1152","359","1120","4","1","0","false","538441","0","0","1","456","525","271"
"1","0.1","1","false","false","false","true","false","false","false","1","1","1","0.25","1","0","0","0","100","0","0","0","10","2.5","2","60","1.6","0.4","20.5","6.7","16","8.21","365","14","1","0","0","299","299","19","86998","1291","421","1280","9","1","0","false","538441","0","0","1","538","599","312"
"1","0.1","1","false","false","false","true","false","false","false","1","1","1","0.25","1","0","0","0","100","0","0","0","10","2.5","2","60","1.6","0.4","20.5","6.7","16","8.21","365","14","1","0","0","299","299","20","86652","1369","504","1459","15","1","0","false","538441","0","0","1","621","692","376"
"1","0.1","1","false","false","false","true","false","false","false","1","1","1","0.25","1","0","0","0","100","0","0","0","10","2.5","2","60","1.6","0.4","20.5","6.7","16","8.21","365","14","1","0","0","299","299","21","86283","1428","586","1680","22","1","0","false","538441","0","0","1","727","809","432"
"1","0.1","1","false","false","false","true","false","false","false","1","1","1","0.25","1","0","0","0","100","0","0","0","10","2.5","2","60","1.6","0.4","20.5","6.7","16","8.21","365","14","1","0","0","299","299","22","85853","1529","684","1901","32","1","0","false","538441","0","0","1","833","923","499"
"1","0.1","1","false","false","false","true","false","false","false","1","1","1","0.25","1","0","0","0","100","0","0","0","10","2.5","2","60","1.6","0.4","20.5","6.7","16","8.21","365","14","1","0","0","299","299","23","85402","1641","790","2126","40","1","0","false","538441","0","0","1","952","1045","573"
"1","0.1","1","false","false","false","true","false","false","false","1","1","1","0.25","1","0","0","0","100","0","0","0","10","2.5","2","60","1.6","0.4","20.5","6.7","16","8.21","365","14","1","0","0","299","299","24","84935","1780","913","2317","54","1","0","false","538441","0","0","1","1055","1195","645"
"1","0.1","1","false","false","false","true","false","false","false","1","1","1","0.25","1","0","0","0","100","0","0","0","10","2.5","2","60","1.6","0.4","20.5","6.7","16","8.21","365","14","1","0","0","299","299","25","84459","1894","1034","2542","68","3","0","false","538441","1","0","2","1179","1342","718"
"1","0.1","1","false","false","false","true","false","false","false","1","1","1","0.25","1","0","0","0","100","0","0","0","10","2.5","2","60","1.6","0.4","20.5","6.7","16","8.21","365","14","1","0","0","299","299","26","83925","2002","1159","2822","89","3","0","false","538417","1","0","2","1337","1497","815"
"1","0.1","1","false","false","false","true","false","false","false","1","1","1","0.25","1","0","0","0","100","0","0","0","10","2.5","2","60","1.6","0.4","20.5","6.7","16","8.21","365","14","1","0","0","299","299","27","83359","2142","1287","3092","117","3","0","false","538417","1","0","2","1468","1661","904"
"1","0.1","1","false","false","false","true","false","false","false","1","1","1","0.25","1","0","0","0","100","0","0","0","10","2.5","2","60","1.6","0.4","20.5","6.7","16","8.21","365","14","1","0","0","299","299","28","82775","2251","1432","3366","173","3","0","false","538417","1","0","2","1640","1827","1005"
"1","0.1","1","false","false","false","true","false","false","false","1","1","1","0.25","1","0","0","0","100","0","0","0","10","2.5","2","60","1.6","0.4","20.5","6.7","16","8.21","365","14","1","0","0","299","299","29","82150","2362","1559","3714","212","3","0","false","538417","1","0","2","1802","2009","1108"
"1","0.1","1","false","false","false","true","false","false","false","1","1","1","0.25","1","0","0","0","100","0","0","0","10","2.5","2","60","1.6","0.4","20.5","6.7","16","8.21","365","14","1","0","0","299","299","30","81544","2430","1699","4069","253","5","0","false","538417","1","0","4","1979","2198","1231"
"1","0.1","1","false","false","false","true","false","false","false","1","1","1","0.25","1","0","0","0","100","0","0","0","10","2.5","2","60","1.6","0.4","20.5","6.7","16","8.21","365","14","1","0","0","299","299","31","80891","2571","1890","4321","320","7","0","false","538393","1","0","6","2163","2416","1358"
"1","0.1","1","false","false","false","true","false","false","false","1","1","1","0.25","1","0","0","0","100","0","0","0","10","2.5","2","60","1.6","0.4","20.5","6.7","16","8.21","365","14","1","0","0","299","299","32","80211","2676","2073","4632","398","10","0","false","538369","1","1","8","2360","2653","1488"
"1","0.1","1","false","false","false","true","false","false","false","1","1","1","0.25","1","0","0","0","100","0","0","0","10","2.5","2","60","1.6","0.4","20.5","6.7","16","8.21","365","14","1","0","0","299","299","33","79533","2746","2242","4978","491","10","0","false","538333","1","1","8","2559","2866","1637"
"1","0.1","1","false","false","false","true","false","false","false","1","1","1","0.25","1","0","0","0","100","0","0","0","10","2.5","2","60","1.6","0.4","20.5","6.7","16","8.21","365","14","1","0","0","299","299","34","78777","2916","2405","5303","582","17","0","false","538333","1","5","11","2760","3099","1775"
"1","0.1","1","false","false","false","true","false","false","false","1","1","1","0.25","1","0","0","0","100","0","0","0","10","2.5","2","60","1.6","0.4","20.5","6.7","16","8.21","365","14","1","0","0","299","299","35","78070","2981","2581","5650","698","20","0","false","538250","1","5","14","2977","3352","1900"
"1","0.1","1","false","false","false","true","false","false","false","1","1","1","0.25","1","0","0","0","100","0","0","0","10","2.5","2","60","1.6","0.4","20.5","6.7","16","8.21","365","14","1","0","0","299","299","36","77309","3068","2758","6012","829","24","0","false","538214","2","7","15","3215","3611","2036"
"1","0.1","1","false","false","false","true","false","false","false","1","1","1","0.25","1","0","0","0","100","0","0","0","10","2.5","2","60","1.6","0.4","20.5","6.7","16","8.21","365","14","1","0","0","299","299","37","76484","3211","2963","6338","977","27","0","false","538166","2","9","16","3452","3893","2194"
"1","0.1","1","false","false","false","true","false","false","false","1","1","1","0.25","1","0","0","0","100","0","0","0","10","2.5","2","60","1.6","0.4","20.5","6.7","16","8.21","365","14","1","0","0","299","299","38","75657","3326","3163","6679","1144","31","0","false","538130","3","9","19","3699","4181","2353"
"1","0.1","1","false","false","false","true","false","false","false","1","1","1","0.25","1","0","0","0","100","0","0","0","10","2.5","2","60","1.6","0.4","20.5","6.7","16","8.21","365","14","1","0","0","299","299","39","74832","3374","3346","7085","1329","34","0","false","538082","3","9","22","3960","4482","2507"
"1","0.1","1","false","false","false","true","false","false","false","1","1","1","0.25","1","0","0","0","100","0","0","0","10","2.5","2","60","1.6","0.4","20.5","6.7","16","8.21","365","14","1","0","0","299","299","40","73930","3474","3545","7479","1532","40","0","false","538046","4","11","25","4234","4785","2692"
"1","0.1","1","false","false","false","true","false","false","false","1","1","1","0.25","1","0","0","0","100","0","0","0","10","2.5","2","60","1.6","0.4","20.5","6.7","16","8.21","365","14","1","0","0","299","299","41","73004","3614","3732","7818","1787","45","0","false","537975","4","12","29","4529","5089","2850"
"1","0.1","1","false","false","false","true","false","false","false","1","1","1","0.25","1","0","0","0","100","0","0","0","10","2.5","2","60","1.6","0.4","20.5","6.7","16","8.21","365","14","1","0","0","299","299","42","72111","3663","3950","8213","2015","48","0","false","537915","5","12","31","4823","5426","3039"
"1","0.1","1","false","false","false","true","false","false","false","1","1","1","0.25","1","0","0","0","100","0","0","0","10","2.5","2","60","1.6","0.4","20.5","6.7","16","8.21","365","14","1","0","0","299","299","43","71164","3780","4169","8533","2301","53","0","false","537879","5","15","33","5113","5781","3225"
"1","0.1","1","false","false","false","true","false","false","false","1","1","1","0.25","1","0","0","0","100","0","0","0","10","2.5","2","60","1.6","0.4","20.5","6.7","16","8.21","365","14","1","0","0","299","299","44","70179","3895","4374","8939","2560","53","0","false","537819","5","15","33","5427","6105","3418"
"1","0.1","1","false","false","false","true","false","false","false","1","1","1","0.25","1","0","0","0","100","0","0","0","10","2.5","2","60","1.6","0.4","20.5","6.7","16","8.21","365","14","1","0","0","299","299","45","69234","3923","4582","9316","2886","59","0","false","537819","6","15","38","5736","6454","3630"
"1","0.1","1","false","false","false","true","false","false","false","1","1","1","0.25","1","0","0","0","100","0","0","0","10","2.5","2","60","1.6","0.4","20.5","6.7","16","8.21","365","14","1","0","0","299","299","46","68239","4020","4789","9669","3217","66","0","false","537748","9","16","41","6042","6804","3837"
"1","0.1","1","false","false","false","true","false","false","false","1","1","1","0.25","1","0","0","0","100","0","0","0","10","2.5","2","60","1.6","0.4","20.5","6.7","16","8.21","365","14","1","0","0","299","299","47","67269","4056","4985","10028","3590","72","0","false","537664","9","19","44","6361","7172","4041"
"1","0.1","1","false","false","false","true","false","false","false","1","1","1","0.25","1","0","0","0","100","0","0","0","10","2.5","2","60","1.6","0.4","20.5","6.7","16","8.21","365","14","1","0","0","299","299","48","66186","4266","5191","10291","3990","76","0","false","537591","9","19","48","6653","7530","4237"
"1","0.1","1","false","false","false","true","false","false","false","1","1","1","0.25","1","0","0","0","100","0","0","0","10","2.5","2","60","1.6","0.4","20.5","6.7","16","8.21","365","14","1","0","0","299","299","49","65166","4275","5442","10650","4384","83","0","false","537543","10","19","54","7041","7934","4462"
"1","0.1","1","false","false","false","true","false","false","false","1","1","1","0.25","1","0","0","0","100","0","0","0","10","2.5","2","60","1.6","0.4","20.5","6.7","16","8.21","365","14","1","0","0","299","299","50","64095","4424","5636","10938","4816","91","0","false","537459","10","21","60","7382","8311","4678"
"1","0.1","1","false","false","false","true","false","false","false","1","1","1","0.25","1","0","0","0","100","0","0","0","10","2.5","2","60","1.6","0.4","20.5","6.7","16","8.21","365","14","1","0","0","299","299","51","63054","4423","5836","11313","5268","106","0","false","537362","11","25","70","7737","8706","4926"
"1","0.1","1","false","false","false","true","false","false","false","1","1","1","0.25","1","0","0","0","100","0","0","0","10","2.5","2","60","1.6","0.4","20.5","6.7","16","8.21","365","14","1","0","0","299","299","52","61928","4547","6057","11644","5706","118","0","false","537182","13","28","77","8091","9075","5163"
"1","0.1","1","false","false","false","true","false","false","false","1","1","1","0.25","1","0","0","0","100","0","0","0","10","2.5","2","60","1.6","0.4","20.5","6.7","16","8.21","365","14","1","0","0","299","299","53","60865","4588","6261","11943","6215","128","0","false","537039","14","30","84","8494","9476","5376"
"1","0.1","1","false","false","false","true","false","false","false","1","1","1","0.25","1","0","0","0","100","0","0","0","10","2.5","2","60","1.6","0.4","20.5","6.7","16","8.21","365","14","1","0","0","299","299","54","59751","4574","6482","12321","6734","138","0","false","536920","15","33","90","8886","9930","5637"
"1","0.1","1","false","false","false","true","false","false","false","1","1","1","0.25","1","0","0","0","100","0","0","0","10","2.5","2","60","1.6","0.4","20.5","6.7","16","8.21","365","14","1","0","0","299","299","55","58653","4610","6658","12623","7306","150","0","false","536802","16","35","99","9264","10341","5877"
"1","0.1","1","false","false","false","true","false","false","false","1","1","1","0.25","1","0","0","0","100","0","0","0","10","2.5","2","60","1.6","0.4","20.5","6.7","16","8.21","365","14","1","0","0","299","299","56","57514","4761","6884","12807","7881","153","0","false","536660","17","36","100","9628","10759","6126"
"1","0.1","1","false","false","false","true","false","false","false","1","1","1","0.25","1","0","0","0","100","0","0","0","10","2.5","2","60","1.6","0.4","20.5","6.7","16","8.21","365","14","1","0","0","299","299","57","56345","4792","7109","13088","8506","160","0","false","536626","17","38","105","10046","11227","6366"
"1","0.1","1","false","false","false","true","false","false","false","1","1","1","0.25","1","0","0","0","100","0","0","0","10","2.5","2","60","1.6","0.4","20.5","6.7","16","8.21","365","14","1","0","0","299","299","58","55233","4804","7285","13392","9117","169","0","false","536542","20","39","110","10416","11659","6613"
"1","0.1","1","false","false","false","true","false","false","false","1","1","1","0.25","1","0","0","0","100","0","0","0","10","2.5","2","60","1.6","0.4","20.5","6.7","16","8.21","365","14","1","0","0","299","299","59","54046","4859","7457","13730","9725","183","0","false","536436","21","43","119","10813","12067","6875"
"1","0.1","1","false","false","false","true","false","false","false","1","1","1","0.25","1","0","0","0","100","0","0","0","10","2.5","2","60","1.6","0.4","20.5","6.7","16","8.21","365","14","1","0","0","299","299","60","52898","4921","7644","13923","10419","195","0","false","536268","22","44","129","11237","12509","7124"
"1","0.1","1","false","false","false","true","false","false","false","1","1","1","0.25","1","0","0","0","100","0","0","0","10","2.5","2","60","1.6","0.4","20.5","6.7","16","8.21","365","14","1","0","0","299","299","61","51767","4920","7831","14150","11129","203","0","false","536124","22","44","137","11645","12991","7359"
"1","0.1","1","false","false","false","true","false","false","false","1","1","1","0.25","1","0","0","0","100","0","0","0","10","2.5","2","60","1.6","0.4","20.5","6.7","16","8.21","365","14","1","0","0","299","299","62","50602","4963","7993","14365","11855","222","0","false","536029","23","47","152","12053","13420","7645"
"1","0.1","1","false","false","false","true","false","false","false","1","1","1","0.25","1","0","0","0","100","0","0","0","10","2.5","2","60","1.6","0.4","20.5","6.7","16","8.21","365","14","1","0","0","299","299","63","49441","4956","8121","14662","12584","236","0","false","535803","25","48","163","12462","13867","7909"
"1","0.1","1","false","false","false","true","false","false","false","1","1","1","0.25","1","0","0","0","100","0","0","0","10","2.5","2","60","1.6","0.4","20.5","6.7","16","8.21","365","14","1","0","0","299","299","64","48260","4988","8295","14840","13370","247","0","false","535634","26","52","169","12864","14342","8160"
"1","0.1","1","false","false","false","true","false","false","false","1","1","1","0.25","1","0","0","0","100","0","0","0","10","2.5","2","60","1.6","0.4","20.5","6.7","16","8.21","365","14","1","0","0","299","299","65","47081","5006","8410","15067","14177","259","0","false","535502","28","53","178","13288","14790","8424"
"1","0.1","1","false","false","false","true","false","false","false","1","1","1","0.25","1","0","0","0","100","0","0","0","10","2.5","2","60","1.6","0.4","20.5","6.7","16","8.21","365","14","1","0","0","299","299","66","45941","5002","8580","15181","15016","280","0","false","535363","31","58","191","13711","15295","8692"
"1","0.1","1","false","false","false","true","false","false","false","1","1","1","0.25","1","0","0","0","100","0","0","0","10","2.5","2","60","1.6","0.4","20.5","6.7","16","8.21","365","14","1","0","0","299","299","67","44805","5010","8727","15324","15834","300","0","false","535119","34","62","204","14149","15773","8934"
"1","0.1","1","false","false","false","true","false","false","false","1","1","1","0.25","1","0","0","0","100","0","0","0","10","2.5","2","60","1.6","0.4","20.5","6.7","16","8.21","365","14","1","0","0","299","299","68","43662","4955","8827","15514","16725","317","0","false","534874","34","64","219","14555","16254","9205"
"1","0.1","1","false","false","false","true","false","false","false","1","1","1","0.25","1","0","0","0","100","0","0","0","10","2.5","2","60","1.6","0.4","20.5","6.7","16","8.21","365","14","1","0","0","299","299","69","42456","4960","8897","15723","17629","335","0","false","534673","34","70","231","15004","16689","9485"
"1","0.1","1","false","false","false","true","false","false","false","1","1","1","0.25","1","0","0","0","100","0","0","0","10","2.5","2","60","1.6","0.4","20.5","6.7","16","8.21","365","14","1","0","0","299","299","70","41349","4906","9057","15833","18506","349","0","false","534458","37","75","237","15409","17153","9753"
"1","0.1","1","false","false","false","true","false","false","false","1","1","1","0.25","1","0","0","0","100","0","0","0","10","2.5","2","60","1.6","0.4","20.5","6.7","16","8.21","365","14","1","0","0","299","299","71","40226","4888","9187","15880","19461","358","0","false","534292","37","78","243","15840","17584","10056"
"1","0.1","1","false","false","false","true","false","false","false","1","1","1","0.25","1","0","0","0","100","0","0","0","10","2.5","2","60","1.6","0.4","20.5","6.7","16","8.21","365","14","1","0","0","299","299","72","39078","4896","9288","15939","20422","377","0","false","534185","39","82","256","16279","18062","10323"
"1","0.1","1","false","false","false","true","false","false","false","1","1","1","0.25","1","0","0","0","100","0","0","0","10","2.5","2","60","1.6","0.4","20.5","6.7","16","8.21","365","14","1","0","0","299","299","73","37952","4883","9378","16029","21363","395","0","false","533960","40","88","267","16727","18504","10573"
"1","0.1","1","false","false","false","true","false","false","false","1","1","1","0.25","1","0","0","0","100","0","0","0","10","2.5","2","60","1.6","0.4","20.5","6.7","16","8.21","365","14","1","0","0","299","299","74","36812","4901","9476","16087","22315","409","0","false","533748","42","96","271","17159","18954","10840"
"1","0.1","1","false","false","false","true","false","false","false","1","1","1","0.25","1","0","0","0","100","0","0","0","10","2.5","2","60","1.6","0.4","20.5","6.7","16","8.21","365","14","1","0","0","299","299","75","35707","4843","9534","16209","23282","425","0","false","533585","46","102","277","17573","19388","11091"
"1","0.1","1","false","false","false","true","false","false","false","1","1","1","0.25","1","0","0","0","100","0","0","0","10","2.5","2","60","1.6","0.4","20.5","6.7","16","8.21","365","14","1","0","0","299","299","76","34643","4781","9586","16264","24278","448","0","false","533394","50","106","292","17993","19818","11340"
"1","0.1","1","false","false","false","true","false","false","false","1","1","1","0.25","1","0","0","0","100","0","0","0","10","2.5","2","60","1.6","0.4","20.5","6.7","16","8.21","365","14","1","0","0","299","299","77","33573","4751","9683","16268","25265","460","0","false","533121","51","108","301","18441","20272","11589"
"1","0.1","1","false","false","false","true","false","false","false","1","1","1","0.25","1","0","0","0","100","0","0","0","10","2.5","2","60","1.6","0.4","20.5","6.7","16","8.21","365","14","1","0","0","299","299","78","32519","4706","9751","16218","26316","490","0","false","532977","56","115","319","18815","20737","11868"
"1","0.1","1","false","false","false","true","false","false","false","1","1","1","0.25","1","0","0","0","100","0","0","0","10","2.5","2","60","1.6","0.4","20.5","6.7","16","8.21","365","14","1","0","0","299","299","79","31476","4634","9774","16206","27403","507","0","false","532616","57","119","331","19272","21152","12120"
"1","0.1","1","false","false","false","true","false","false","false","1","1","1","0.25","1","0","0","0","100","0","0","0","10","2.5","2","60","1.6","0.4","20.5","6.7","16","8.21","365","14","1","0","0","299","299","80","30402","4581","9842","16230","28428","517","0","false","532418","59","123","335","19702","21610","12379"
"1","0.1","1","false","false","false","true","false","false","false","1","1","1","0.25","1","0","0","0","100","0","0","0","10","2.5","2","60","1.6","0.4","20.5","6.7","16","8.21","365","14","1","0","0","299","299","81","29419","4460","9909","16176","29496","540","0","false","532298","60","132","348","20134","22076","12647"
"1","0.1","1","false","false","false","true","false","false","false","1","1","1","0.25","1","0","0","0","100","0","0","0","10","2.5","2","60","1.6","0.4","20.5","6.7","16","8.21","365","14","1","0","0","299","299","82","28401","4466","9907","16107","30555","564","0","false","532024","63","136","365","20540","22502","12882"
"1","0.1","1","false","false","false","true","false","false","false","1","1","1","0.25","1","0","0","0","100","0","0","0","10","2.5","2","60","1.6","0.4","20.5","6.7","16","8.21","365","14","1","0","0","299","299","83","27414","4409","9916","16053","31622","586","0","false","531744","64","143","379","20904","22955","13123"
"1","0.1","1","false","false","false","true","false","false","false","1","1","1","0.25","1","0","0","0","100","0","0","0","10","2.5","2","60","1.6","0.4","20.5","6.7","16","8.21","365","14","1","0","0","299","299","84","26484","4344","9869","15960","32737","606","0","false","531482","67","146","393","21264","23349","13366"
"1","0.1","1","false","false","false","true","false","false","false","1","1","1","0.25","1","0","0","0","100","0","0","0","10","2.5","2","60","1.6","0.4","20.5","6.7","16","8.21","365","14","1","0","0","299","299","85","25554","4245","9793","15895","33883","630","0","false","531241","71","149","410","21625","23760","13622"
"1","0.1","1","false","false","false","true","false","false","false","1","1","1","0.25","1","0","0","0","100","0","0","0","10","2.5","2","60","1.6","0.4","20.5","6.7","16","8.21","365","14","1","0","0","299","299","86","24663","4117","9769","15838","34962","651","0","false","530954","74","154","423","21971","24178","13861"
"1","0.1","1","false","false","false","true","false","false","false","1","1","1","0.25","1","0","0","0","100","0","0","0","10","2.5","2","60","1.6","0.4","20.5","6.7","16","8.21","365","14","1","0","0","299","299","87","23779","3992","9725","15779","36055","670","0","false","530702","77","163","430","22343","24579","14064"
"1","0.1","1","false","false","false","true","false","false","false","1","1","1","0.25","1","0","0","0","100","0","0","0","10","2.5","2","60","1.6","0.4","20.5","6.7","16","8.21","365","14","1","0","0","299","299","88","22966","3861","9666","15613","37203","691","0","false","530476","80","167","444","22671","24950","14295"
"1","0.1","1","false","false","false","true","false","false","false","1","1","1","0.25","1","0","0","0","100","0","0","0","10","2.5","2","60","1.6","0.4","20.5","6.7","16","8.21","365","14","1","0","0","299","299","89","22154","3750","9611","15457","38321","707","0","false","530229","84","172","451","23056","25306","14537"
"1","0.1","1","false","false","false","true","false","false","false","1","1","1","0.25","1","0","0","0","100","0","0","0","10","2.5","2","60","1.6","0.4","20.5","6.7","16","8.21","365","14","1","0","0","299","299","90","21317","3667","9597","15283","39405","731","0","false","530038","86","178","467","23425","25671","14787"
"1","0.1","1","false","false","false","true","false","false","false","1","1","1","0.25","1","0","0","0","100","0","0","0","10","2.5","2","60","1.6","0.4","20.5","6.7","16","8.21","365","14","1","0","0","299","299","91","20527","3582","9531","15076","40536","748","0","false","529753","86","185","477","23758","26061","14997"
"1","0.1","1","false","false","false","true","false","false","false","1","1","1","0.25","1","0","0","0","100","0","0","0","10","2.5","2","60","1.6","0.4","20.5","6.7","16","8.21","365","14","1","0","0","299","299","92","19713","3509","9442","14946","41620","770","0","false","529553","89","188","493","24117","26401","15210"
"1","0.1","1","false","false","false","true","false","false","false","1","1","1","0.25","1","0","0","0","100","0","0","0","10","2.5","2","60","1.6","0.4","20.5","6.7","16","8.21","365","14","1","0","0","299","299","93","18996","3385","9343","14775","42718","783","0","false","529291","91","190","502","24409","26737","15420"
"1","0.1","1","false","false","false","true","false","false","false","1","1","1","0.25","1","0","0","0","100","0","0","0","10","2.5","2","60","1.6","0.4","20.5","6.7","16","8.21","365","14","1","0","0","299","299","94","18269","3306","9258","14605","43766","796","0","false","529139","94","192","510","24730","27088","15588"
"1","0.1","1","false","false","false","true","false","false","false","1","1","1","0.25","1","0","0","0","100","0","0","0","10","2.5","2","60","1.6","0.4","20.5","6.7","16","8.21","365","14","1","0","0","299","299","95","17579","3204","9157","14376","44872","812","0","false","528983","95","193","524","25037","27383","15785"
"1","0.1","1","false","false","false","true","false","false","false","1","1","1","0.25","1","0","0","0","100","0","0","0","10","2.5","2","60","1.6","0.4","20.5","6.7","16","8.21","365","14","1","0","0","299","299","96","16861","3176","9023","14140","45966","834","0","false","528793","97","202","535","25322","27711","15951"
"1","0.1","1","false","false","false","true","false","false","false","1","1","1","0.25","1","0","0","0","100","0","0","0","10","2.5","2","60","1.6","0.4","20.5","6.7","16","8.21","365","14","1","0","0","299","299","97","16204","3113","8935","13838","47053","857","0","false","528529","101","208","548","25635","28010","16129"
"1","0.1","1","false","false","false","true","false","false","false","1","1","1","0.25","1","0","0","0","100","0","0","0","10","2.5","2","60","1.6","0.4","20.5","6.7","16","8.21","365","14","1","0","0","299","299","98","15536","2973","8791","13689","48136","875","0","false","528263","104","211","560","25930","28320","16305"
"1","0.1","1","false","false","false","true","false","false","false","1","1","1","0.25","1","0","0","0","100","0","0","0","10","2.5","2","60","1.6","0.4","20.5","6.7","16","8.21","365","14","1","0","0","299","299","99","14992","2842","8682","13382","49207","895","0","false","528049","106","214","575","26196","28628","16454"
"1","0.1","1","false","false","false","true","false","false","false","1","1","1","0.25","1","0","0","0","100","0","0","0","10","2.5","2","60","1.6","0.4","20.5","6.7","16","8.21","365","14","1","0","0","299","299","100","14437","2699","8530","13094","50329","911","0","false","527812","107","219","585","26460","28934","16610"
"1","0.1","1","false","false","false","true","false","false","false","1","1","1","0.25","1","0","0","0","100","0","0","0","10","2.5","2","60","1.6","0.4","20.5","6.7","16","8.21","365","14","1","0","0","299","299","101","13887","2597","8367","12797","51423","929","0","false","527618","109","224","596","26705","29190","16783"
"1","0.1","1","false","false","false","true","false","false","false","1","1","1","0.25","1","0","0","0","100","0","0","0","10","2.5","2","60","1.6","0.4","20.5","6.7","16","8.21","365","14","1","0","0","299","299","102","13364","2495","8241","12493","52467","940","0","false","527403","112","225","603","26939","29466","16943"
"1","0.1","1","false","false","false","true","false","false","false","1","1","1","0.25","1","0","0","0","100","0","0","0","10","2.5","2","60","1.6","0.4","20.5","6.7","16","8.21","365","14","1","0","0","299","299","103","12852","2379","8080","12191","53546","952","0","false","527271","113","230","609","27196","29717","17090"
"1","0.1","1","false","false","false","true","false","false","false","1","1","1","0.25","1","0","0","0","100","0","0","0","10","2.5","2","60","1.6","0.4","20.5","6.7","16","8.21","365","14","1","0","0","299","299","104","12404","2272","7878","11864","54612","970","0","false","527133","113","233","624","27419","29954","17211"
"1","0.1","1","false","false","false","true","false","false","false","1","1","1","0.25","1","0","0","0","100","0","0","0","10","2.5","2","60","1.6","0.4","20.5","6.7","16","8.21","365","14","1","0","0","299","299","105","11971","2111","7703","11585","55644","986","0","false","526918","114","234","638","27674","30187","17339"
"1","0.1","1","false","false","false","true","false","false","false","1","1","1","0.25","1","0","0","0","100","0","0","0","10","2.5","2","60","1.6","0.4","20.5","6.7","16","8.21","365","14","1","0","0","299","299","106","11497","2096","7519","11204","56683","1001","0","false","526726","115","235","651","27874","30382","17483"
"1","0.1","1","false","false","false","true","false","false","false","1","1","1","0.25","1","0","0","0","100","0","0","0","10","2.5","2","60","1.6","0.4","20.5","6.7","16","8.21","365","14","1","0","0","299","299","107","11064","1965","7347","10943","57667","1014","0","false","526553","117","238","659","28061","30626","17607"
"1","0.1","1","false","false","false","true","false","false","false","1","1","1","0.25","1","0","0","0","100","0","0","0","10","2.5","2","60","1.6","0.4","20.5","6.7","16","8.21","365","14","1","0","0","299","299","108","10653","1936","7144","10572","58658","1037","0","false","526403","123","242","672","28220","30830","17714"
"1","0.1","1","false","false","false","true","false","false","false","1","1","1","0.25","1","0","0","0","100","0","0","0","10","2.5","2","60","1.6","0.4","20.5","6.7","16","8.21","365","14","1","0","0","299","299","109","10269","1864","6976","10261","59570","1060","0","false","526135","127","248","685","28417","31042","17826"
"1","0.1","1","false","false","false","true","false","false","false","1","1","1","0.25","1","0","0","0","100","0","0","0","10","2.5","2","60","1.6","0.4","20.5","6.7","16","8.21","365","14","1","0","0","299","299","110","9850","1832","6784","9976","60491","1067","0","false","525856","127","250","690","28596","31221","17935"
"1","0.1","1","false","false","false","true","false","false","false","1","1","1","0.25","1","0","0","0","100","0","0","0","10","2.5","2","60","1.6","0.4","20.5","6.7","16","8.21","365","14","1","0","0","299","299","111","9452","1783","6592","9646","61445","1082","0","false","525773","129","253","700","28770","31415","18061"
"1","0.1","1","false","false","false","true","false","false","false","1","1","1","0.25","1","0","0","0","100","0","0","0","10","2.5","2","60","1.6","0.4","20.5","6.7","16","8.21","365","14","1","0","0","299","299","112","9103","1697","6397","9353","62351","1099","0","false","525595","131","256","712","28929","31589","18153"
"1","0.1","1","false","false","false","true","false","false","false","1","1","1","0.25","1","0","0","0","100","0","0","0","10","2.5","2","60","1.6","0.4","20.5","6.7","16","8.21","365","14","1","0","0","299","299","113","8743","1636","6194","9045","63268","1114","0","false","525393","131","261","722","29069","31761","18249"
"1","0.1","1","false","false","false","true","false","false","false","1","1","1","0.25","1","0","0","0","100","0","0","0","10","2.5","2","60","1.6","0.4","20.5","6.7","16","8.21","365","14","1","0","0","299","299","114","8417","1573","5978","8742","64167","1123","0","false","525213","133","262","728","29201","31919","18341"
"1","0.1","1","false","false","false","true","false","false","false","1","1","1","0.25","1","0","0","0","100","0","0","0","10","2.5","2","60","1.6","0.4","20.5","6.7","16","8.21","365","14","1","0","0","299","299","115","8108","1471","5800","8447","65038","1136","0","false","525107","134","266","736","29374","32084","18445"
"1","0.1","1","false","false","false","true","false","false","false","1","1","1","0.25","1","0","0","0","100","0","0","0","10","2.5","2","60","1.6","0.4","20.5","6.7","16","8.21","365","14","1","0","0","299","299","116","7816","1403","5645","8130","65855","1151","0","false","524951","136","267","748","29524","32251","18552"
"1","0.1","1","false","false","false","true","false","false","false","1","1","1","0.25","1","0","0","0","100","0","0","0","10","2.5","2","60","1.6","0.4","20.5","6.7","16","8.21","365","14","1","0","0","299","299","117","7499","1391","5463","7800","66674","1173","0","false","524769","140","275","758","29660","32397","18643"
"1","0.1","1","false","false","false","true","false","false","false","1","1","1","0.25","1","0","0","0","100","0","0","0","10","2.5","2","60","1.6","0.4","20.5","6.7","16","8.21","365","14","1","0","0","299","299","118","7225","1347","5252","7480","67511","1185","0","false","524510","140","280","765","29791","32523","18725"
"1","0.1","1","false","false","false","true","false","false","false","1","1","1","0.25","1","0","0","0","100","0","0","0","10","2.5","2","60","1.6","0.4","20.5","6.7","16","8.21","365","14","1","0","0","299","299","119","6946","1292","5064","7251","68247","1200","0","false","524369","140","285","775","29907","32639","18807"
"1","0.1","1","false","false","false","true","false","false","false","1","1","1","0.25","1","0","0","0","100","0","0","0","10","2.5","2","60","1.6","0.4","20.5","6.7","16","8.21","365","14","1","0","0","299","299","120","6686","1216","4888","7006","68985","1219","0","false","524192","142","291","786","30034","32780","18882"
"1","0.1","1","false","false","false","true","false","false","false","1","1","1","0.25","1","0","0","0","100","0","0","0","10","2.5","2","60","1.6","0.4","20.5","6.7","16","8.21","365","14","1","0","0","299","299","121","6440","1173","4732","6746","69682","1227","0","false","523970","144","292","791","30154","32910","18961"
"1","0.1","1","false","false","false","true","false","false","false","1","1","1","0.25","1","0","0","0","100","0","0","0","10","2.5","2","60","1.6","0.4","20.5","6.7","16","8.21","365","14","1","0","0","299","299","122","6204","1097","4545","6529","70390","1235","0","false","523875","146","297","792","30274","33035","19037"
"1","0.1","1","false","false","false","true","false","false","false","1","1","1","0.25","1","0","0","0","100","0","0","0","10","2.5","2","60","1.6","0.4","20.5","6.7","16","8.21","365","14","1","0","0","299","299","123","5952","1084","4415","6260","71041","1248","0","false","523780","148","299","801","30375","33152","19100"
"1","0.1","1","false","false","false","true","false","false","false","1","1","1","0.25","1","0","0","0","100","0","0","0","10","2.5","2","60","1.6","0.4","20.5","6.7","16","8.21","365","14","1","0","0","299","299","124","5712","1060","4257","6046","71663","1262","0","false","523627","152","301","809","30483","33263","19157"
"1","0.1","1","false","false","false","true","false","false","false","1","1","1","0.25","1","0","0","0","100","0","0","0","10","2.5","2","60","1.6","0.4","20.5","6.7","16","8.21","365","14","1","0","0","299","299","125","5479","1038","4093","5823","72293","1274","0","false","523465","153","306","815","30576","33372","19226"
"1","0.1","1","false","false","false","true","false","false","false","1","1","1","0.25","1","0","0","0","100","0","0","0","10","2.5","2","60","1.6","0.4","20.5","6.7","16","8.21","365","14","1","0","0","299","299","126","5288","995","3952","5593","72890","1282","0","false","523324","154","307","821","30655","33470","19287"
"1","0.1","1","false","false","false","true","false","false","false","1","1","1","0.25","1","0","0","0","100","0","0","0","10","2.5","2","60","1.6","0.4","20.5","6.7","16","8.21","365","14","1","0","0","299","299","127","5085","952","3785","5427","73458","1293","0","false","523230","155","311","827","30736","33582","19328"
"1","0.1","1","false","false","false","true","false","false","false","1","1","1","0.25","1","0","0","0","100","0","0","0","10","2.5","2","60","1.6","0.4","20.5","6.7","16","8.21","365","14","1","0","0","299","299","128","4867","949","3643","5215","74025","1301","0","false","523102","156","312","833","30821","33679","19380"
"1","0.1","1","false","false","false","true","false","false","false","1","1","1","0.25","1","0","0","0","100","0","0","0","10","2.5","2","60","1.6","0.4","20.5","6.7","16","8.21","365","14","1","0","0","299","299","129","4688","925","3505","4988","74588","1306","0","false","523007","156","313","837","30890","33792","19434"
"1","0.1","1","false","false","false","true","false","false","false","1","1","1","0.25","1","0","0","0","100","0","0","0","10","2.5","2","60","1.6","0.4","20.5","6.7","16","8.21","365","14","1","0","0","299","299","130","4521","868","3373","4803","75124","1311","0","false","522948","157","314","840","30977","33879","19494"
"1","0.1","1","false","false","false","true","false","false","false","1","1","1","0.25","1","0","0","0","100","0","0","0","10","2.5","2","60","1.6","0.4","20.5","6.7","16","8.21","365","14","1","0","0","299","299","131","4339","827","3258","4636","75619","1321","0","false","522889","158","317","846","31060","33954","19552"
"1","0.1","1","false","false","false","true","false","false","false","1","1","1","0.25","1","0","0","0","100","0","0","0","10","2.5","2","60","1.6","0.4","20.5","6.7","16","8.21","365","14","1","0","0","299","299","132","4184","774","3111","4497","76108","1326","0","false","522771","159","317","850","31136","34044","19593"
"1","0.1","1","false","false","false","true","false","false","false","1","1","1","0.25","1","0","0","0","100","0","0","0","10","2.5","2","60","1.6","0.4","20.5","6.7","16","8.21","365","14","1","0","0","299","299","133","4030","729","3029","4332","76552","1328","0","false","522711","159","317","852","31216","34130","19640"
"1","0.1","1","false","false","false","true","false","false","false","1","1","1","0.25","1","0","0","0","100","0","0","0","10","2.5","2","60","1.6","0.4","20.5","6.7","16","8.21","365","14","1","0","0","299","299","134","3879","693","2930","4189","76973","1336","0","false","522688","160","318","858","31290","34213","19689"
"1","0.1","1","false","false","false","true","false","false","false","1","1","1","0.25","1","0","0","0","100","0","0","0","10","2.5","2","60","1.6","0.4","20.5","6.7","16","8.21","365","14","1","0","0","299","299","135","3741","674","2794","3971","77478","1342","0","false","522593","160","318","864","31365","34279","19725"
"1","0.1","1","false","false","false","true","false","false","false","1","1","1","0.25","1","0","0","0","100","0","0","0","10","2.5","2","60","1.6","0.4","20.5","6.7","16","8.21","365","14","1","0","0","299","299","136","3604","656","2687","3786","77920","1347","0","false","522521","161","319","867","31421","34348","19756"
"1","0.1","1","false","false","false","true","false","false","false","1","1","1","0.25","1","0","0","0","100","0","0","0","10","2.5","2","60","1.6","0.4","20.5","6.7","16","8.21","365","14","1","0","0","299","299","137","3476","640","2577","3625","78325","1357","0","false","522461","161","321","875","31473","34411","19794"
"1","0.1","1","false","false","false","true","false","false","false","1","1","1","0.25","1","0","0","0","100","0","0","0","10","2.5","2","60","1.6","0.4","20.5","6.7","16","8.21","365","14","1","0","0","299","299","138","3373","575","2489","3479","78720","1364","0","false","522340","161","323","880","31548","34485","19831"
"1","0.1","1","false","false","false","true","false","false","false","1","1","1","0.25","1","0","0","0","100","0","0","0","10","2.5","2","60","1.6","0.4","20.5","6.7","16","8.21","365","14","1","0","0","299","299","139","3229","578","2401","3354","79067","1371","0","false","522256","161","327","883","31590","34555","19866"
"1","0.1","1","false","false","false","true","false","false","false","1","1","1","0.25","1","0","0","0","100","0","0","0","10","2.5","2","60","1.6","0.4","20.5","6.7","16","8.21","365","14","1","0","0","299","299","140","3128","536","2286","3239","79434","1377","0","false","522172","163","328","886","31643","34613","19897"
"1","0.1","1","false","false","false","true","false","false","false","1","1","1","0.25","1","0","0","0","100","0","0","0","10","2.5","2","60","1.6","0.4","20.5","6.7","16","8.21","365","14","1","0","0","299","299","141","3023","526","2191","3106","79776","1378","0","false","522100","163","328","887","31705","34657","19927"
"1","0.1","1","false","false","false","true","false","false","false","1","1","1","0.25","1","0","0","0","100","0","0","0","10","2.5","2","60","1.6","0.4","20.5","6.7","16","8.21","365","14","1","0","0","299","299","142","2923","505","2116","2969","80106","1381","0","false","522088","163","328","890","31760","34709","19961"
"1","0.1","1","false","false","false","true","false","false","false","1","1","1","0.25","1","0","0","0","100","0","0","0","10","2.5","2","60","1.6","0.4","20.5","6.7","16","8.21","365","14","1","0","0","299","299","143","2823","475","2056","2861","80402","1383","0","false","522060","163","329","891","31821","34755","19998"
"1","0.1","1","false","false","false","true","false","false","false","1","1","1","0.25","1","0","0","0","100","0","0","0","10","2.5","2","60","1.6","0.4","20.5","6.7","16","8.21","365","14","1","0","0","299","299","144","2743","444","1955","2755","80715","1388","0","false","522036","163","330","895","31863","34794","20022"
"1","0.1","1","false","false","false","true","false","false","false","1","1","1","0.25","1","0","0","0","100","0","0","0","10","2.5","2","60","1.6","0.4","20.5","6.7","16","8.21","365","14","1","0","0","299","299","145","2642","416","1868","2675","81005","1394","0","false","521977","164","331","899","31906","34845","20044"
"1","0.1","1","false","false","false","true","false","false","false","1","1","1","0.25","1","0","0","0","100","0","0","0","10","2.5","2","60","1.6","0.4","20.5","6.7","16","8.21","365","14","1","0","0","299","299","146","2563","390","1805","2546","81302","1394","0","false","521908","164","331","899","31946","34892","20076"
"1","0.1","1","false","false","false","true","false","false","false","1","1","1","0.25","1","0","0","0","100","0","0","0","10","2.5","2","60","1.6","0.4","20.5","6.7","16","8.21","365","14","1","0","0","299","299","147","2481","371","1741","2438","81567","1402","0","false","521908","165","331","906","31990","34934","20098"
"1","0.1","1","false","false","false","true","false","false","false","1","1","1","0.25","1","0","0","0","100","0","0","0","10","2.5","2","60","1.6","0.4","20.5","6.7","16","8.21","365","14","1","0","0","299","299","148","2401","352","1651","2339","81850","1407","0","false","521814","166","331","910","32028","34967","20120"
"1","0.1","1","false","false","false","true","false","false","false","1","1","1","0.25","1","0","0","0","100","0","0","0","10","2.5","2","60","1.6","0.4","20.5","6.7","16","8.21","365","14","1","0","0","299","299","149","2324","343","1588","2209","82126","1410","0","false","521758","166","332","912","32058","35008","20152"
"1","0.1","1","false","false","false","true","false","false","false","1","1","1","0.25","1","0","0","0","100","0","0","0","10","2.5","2","60","1.6","0.4","20.5","6.7","16","8.21","365","14","1","0","0","299","299","150","2240","349","1514","2121","82361","1415","0","false","521726","166","333","916","32088","35046","20174"
"1","0.1","1","false","false","false","true","false","false","false","1","1","1","0.25","1","0","0","0","100","0","0","0","10","2.5","2","60","1.6","0.4","20.5","6.7","16","8.21","365","14","1","0","0","299","299","151","2179","328","1457","2041","82579","1416","0","false","521666","166","334","916","32113","35082","20201"
"1","0.1","1","false","false","false","true","false","false","false","1","1","1","0.25","1","0","0","0","100","0","0","0","10","2.5","2","60","1.6","0.4","20.5","6.7","16","8.21","365","14","1","0","0","299","299","152","2127","307","1370","1956","82816","1424","0","false","521658","168","335","921","32134","35124","20214"
"1","0.1","1","false","false","false","true","false","false","false","1","1","1","0.25","1","0","0","0","100","0","0","0","10","2.5","2","60","1.6","0.4","20.5","6.7","16","8.21","365","14","1","0","0","299","299","153","2074","281","1313","1870","83035","1427","0","false","521564","169","336","922","32160","35157","20229"
"1","0.1","1","false","false","false","true","false","false","false","1","1","1","0.25","1","0","0","0","100","0","0","0","10","2.5","2","60","1.6","0.4","20.5","6.7","16","8.21","365","14","1","0","0","299","299","154","2017","265","1258","1785","83244","1431","0","false","521529","170","336","925","32196","35182","20248"
"1","0.1","1","false","false","false","true","false","false","false","1","1","1","0.25","1","0","0","0","100","0","0","0","10","2.5","2","60","1.6","0.4","20.5","6.7","16","8.21","365","14","1","0","0","299","299","155","1967","259","1218","1692","83428","1436","0","false","521486","170","336","930","32229","35199","20266"
"1","0.1","1","false","false","false","true","false","false","false","1","1","1","0.25","1","0","0","0","100","0","0","0","10","2.5","2","60","1.6","0.4","20.5","6.7","16","8.21","365","14","1","0","0","299","299","156","1900","266","1174","1630","83591","1439","0","false","521426","172","337","930","32249","35224","20279"
"1","0.1","1","false","false","false","true","false","false","false","1","1","1","0.25","1","0","0","0","100","0","0","0","10","2.5","2","60","1.6","0.4","20.5","6.7","16","8.21","365","14","1","0","0","299","299","157","1851","242","1117","1589","83758","1443","0","false","521390","172","337","934","32277","35255","20296"
"1","0.1","1","false","false","false","true","false","false","false","1","1","1","0.25","1","0","0","0","100","0","0","0","10","2.5","2","60","1.6","0.4","20.5","6.7","16","8.21","365","14","1","0","0","299","299","158","1800","239","1063","1501","83952","1445","0","false","521343","172","338","935","32290","35285","20307"
"1","0.1","1","false","false","false","true","false","false","false","1","1","1","0.25","1","0","0","0","100","0","0","0","10","2.5","2","60","1.6","0.4","20.5","6.7","16","8.21","365","14","1","0","0","299","299","159","1735","242","1029","1446","84098","1450","0","false","521319","172","340","938","32309","35319","20320"
"1","0.1","1","false","false","false","true","false","false","false","1","1","1","0.25","1","0","0","0","100","0","0","0","10","2.5","2","60","1.6","0.4","20.5","6.7","16","8.21","365","14","1","0","0","299","299","160","1683","235","989","1384","84254","1455","0","false","521261","172","344","939","32326","35343","20336"
"1","0.1","1","false","false","false","true","false","false","false","1","1","1","0.25","1","0","0","0","100","0","0","0","10","2.5","2","60","1.6","0.4","20.5","6.7","16","8.21","365","14","1","0","0","299","299","161","1633","229","929","1328","84424","1457","0","false","521205","172","344","941","32346","35364","20348"
"1","0.1","1","false","false","false","true","false","false","false","1","1","1","0.25","1","0","0","0","100","0","0","0","10","2.5","2","60","1.6","0.4","20.5","6.7","16","8.21","365","14","1","0","0","299","299","162","1577","225","898","1263","84578","1459","0","false","521181","174","344","941","32373","35390","20371"
"1","0.1","1","false","false","false","true","false","false","false","1","1","1","0.25","1","0","0","0","100","0","0","0","10","2.5","2","60","1.6","0.4","20.5","6.7","16","8.21","365","14","1","0","0","299","299","163","1525","224","859","1215","84715","1462","0","false","521159","174","346","942","32397","35411","20382"
"1","0.1","1","false","false","false","true","false","false","false","1","1","1","0.25","1","0","0","0","100","0","0","0","10","2.5","2","60","1.6","0.4","20.5","6.7","16","8.21","365","14","1","0","0","299","299","164","1473","230","817","1174","84843","1463","0","false","521124","174","346","943","32414","35431","20390"
"1","0.1","1","false","false","false","true","false","false","false","1","1","1","0.25","1","0","0","0","100","0","0","0","10","2.5","2","60","1.6","0.4","20.5","6.7","16","8.21","365","14","1","0","0","299","299","165","1434","219","778","1109","84995","1465","0","false","521112","174","346","945","32433","35455","20403"
"1","0.1","1","false","false","false","true","false","false","false","1","1","1","0.25","1","0","0","0","100","0","0","0","10","2.5","2","60","1.6","0.4","20.5","6.7","16","8.21","365","14","1","0","0","299","299","166","1372","221","751","1074","85116","1466","0","false","521088","174","346","946","32450","35480","20419"
"1","0.1","1","false","false","false","true","false","false","false","1","1","1","0.25","1","0","0","0","100","0","0","0","10","2.5","2","60","1.6","0.4","20.5","6.7","16","8.21","365","14","1","0","0","299","299","167","1320","234","720","1024","85236","1466","0","false","521077","174","346","946","32464","35494","20427"
"1","0.1","1","false","false","false","true","false","false","false","1","1","1","0.25","1","0","0","0","100","0","0","0","10","2.5","2","60","1.6","0.4","20.5","6.7","16","8.21","365","14","1","0","0","299","299","168","1264","235","704","1002","85328","1467","0","false","521077","174","346","947","32487","35514","20441"
"1","0.1","1","false","false","false","true","false","false","false","1","1","1","0.25","1","0","0","0","100","0","0","0","10","2.5","2","60","1.6","0.4","20.5","6.7","16","8.21","365","14","1","0","0","299","299","169","1217","223","686","977","85428","1469","0","false","521065","174","347","948","32510","35535","20455"
"1","0.1","1","false","false","false","true","false","false","false","1","1","1","0.25","1","0","0","0","100","0","0","0","10","2.5","2","60","1.6","0.4","20.5","6.7","16","8.21","365","14","1","0","0","299","299","170","1171","220","662","948","85529","1470","0","false","521041","175","347","948","32530","35554","20467"
"1","0.1","1","false","false","false","true","false","false","false","1","1","1","0.25","1","0","0","0","100","0","0","0","10","2.5","2","60","1.6","0.4","20.5","6.7","16","8.21","365","14","1","0","0","299","299","171","1127","215","635","929","85623","1471","0","false","521029","175","348","948","32541","35577","20477"
"1","0.1","1","false","false","false","true","false","false","false","1","1","1","0.25","1","0","0","0","100","0","0","0","10","2.5","2","60","1.6","0.4","20.5","6.7","16","8.21","365","14","1","0","0","299","299","172","1082","204","610","905","85728","1471","0","false","521017","175","348","948","32564","35597","20480"
"1","0.1","1","false","false","false","true","false","false","false","1","1","1","0.25","1","0","0","0","100","0","0","0","10","2.5","2","60","1.6","0.4","20.5","6.7","16","8.21","365","14","1","0","0","299","299","173","1028","203","587","884","85826","1472","0","false","521017","175","349","948","32587","35612","20494"
"1","0.1","1","false","false","false","true","false","false","false","1","1","1","0.25","1","0","0","0","100","0","0","0","10","2.5","2","60","1.6","0.4","20.5","6.7","16","8.21","365","14","1","0","0","299","299","174","992","189","577","850","85918","1474","0","false","521005","175","349","950","32609","35635","20501"
"1","0.1","1","false","false","false","true","false","false","false","1","1","1","0.25","1","0","0","0","100","0","0","0","10","2.5","2","60","1.6","0.4","20.5","6.7","16","8.21","365","14","1","0","0","299","299","175","946","188","559","827","86005","1475","0","false","520981","175","350","950","32625","35658","20511"
"1","0.1","1","false","false","false","true","false","false","false","1","1","1","0.25","1","0","0","0","100","0","0","0","10","2.5","2","60","1.6","0.4","20.5","6.7","16","8.21","365","14","1","0","0","299","299","176","899","185","558","792","86090","1476","0","false","520969","175","350","951","32654","35683","20522"
"1","0.1","1","false","false","false","true","false","false","false","1","1","1","0.25","1","0","0","0","100","0","0","0","10","2.5","2","60","1.6","0.4","20.5","6.7","16","8.21","365","14","1","0","0","299","299","177","859","188","541","771","86165","1476","0","false","520961","175","350","951","32670","35707","20532"
"1","0.1","1","false","false","false","true","false","false","false","1","1","1","0.25","1","0","0","0","100","0","0","0","10","2.5","2","60","1.6","0.4","20.5","6.7","16","8.21","365","14","1","0","0","299","299","178","819","187","532","763","86223","1476","0","false","520961","175","350","951","32690","35725","20539"
"1","0.1","1","false","false","false","true","false","false","false","1","1","1","0.25","1","0","0","0","100","0","0","0","10","2.5","2","60","1.6","0.4","20.5","6.7","16","8.21","365","14","1","0","0","299","299","179","782","180","518","752","86291","1477","0","false","520961","175","350","952","32702","35744","20548"
"1","0.1","1","false","false","false","true","false","false","false","1","1","1","0.25","1","0","0","0","100","0","0","0","10","2.5","2","60","1.6","0.4","20.5","6.7","16","8.21","365","14","1","0","0","299","299","180","744","169","503","744","86363","1477","0","false","520950","175","350","952","32716","35755","20556"
"1","0.1","1","false","false","false","true","false","false","false","1","1","1","0.25","1","0","0","0","100","0","0","0","10","2.5","2","60","1.6","0.4","20.5","6.7","16","8.21","365","14","1","0","0","299","299","181","711","163","486","725","86438","1477","0","false","520950","175","350","952","32734","35773","20559"
"1","0.1","1","false","false","false","true","false","false","false","1","1","1","0.25","1","0","0","0","100","0","0","0","10","2.5","2","60","1.6","0.4","20.5","6.7","16","8.21","365","14","1","0","0","299","299","182","688","144","476","721","86494","1477","0","false","520950","175","350","952","32748","35787","20566"
"1","0.1","1","false","false","false","true","false","false","false","1","1","1","0.25","1","0","0","0","100","0","0","0","10","2.5","2","60","1.6","0.4","20.5","6.7","16","8.21","365","14","1","0","0","299","299","183","652","144","481","693","86553","1477","0","false","520950","175","350","952","32765","35806","20579"
"1","0.1","1","false","false","false","true","false","false","false","1","1","1","0.25","1","0","0","0","100","0","0","0","10","2.5","2","60","1.6","0.4","20.5","6.7","16","8.21","365","14","1","0","0","299","299","184","610","146","470","668","86628","1478","0","false","520950","175","350","953","32785","35822","20592"
"1","0.1","1","false","false","false","true","false","false","false","1","1","1","0.25","1","0","0","0","100","0","0","0","10","2.5","2","60","1.6","0.4","20.5","6.7","16","8.21","365","14","1","0","0","299","299","185","573","150","457","658","86684","1478","0","false","520938","175","350","953","32799","35837","20598"
"1","0.1","1","false","false","false","true","false","false","false","1","1","1","0.25","1","0","0","0","100","0","0","0","10","2.5","2","60","1.6","0.4","20.5","6.7","16","8.21","365","14","1","0","0","299","299","186","541","150","457","642","86731","1479","0","false","520938","175","351","953","32812","35846","20611"
"1","0.1","1","false","false","false","true","false","false","false","1","1","1","0.25","1","0","0","0","100","0","0","0","10","2.5","2","60","1.6","0.4","20.5","6.7","16","8.21","365","14","1","0","0","299","299","187","512","140","445","637","86787","1479","0","false","520927","175","351","953","32825","35864","20618"
"1","0.1","1","false","false","false","true","false","false","false","1","1","1","0.25","1","0","0","0","100","0","0","0","10","2.5","2","60","1.6","0.4","20.5","6.7","16","8.21","365","14","1","0","0","299","299","188","478","135","432","630","86844","1481","0","false","520927","175","351","955","32840","35873","20626"
"1","0.1","1","false","false","false","true","false","false","false","1","1","1","0.25","1","0","0","0","100","0","0","0","10","2.5","2","60","1.6","0.4","20.5","6.7","16","8.21","365","14","1","0","0","299","299","189","440","143","431","615","86890","1481","0","false","520903","175","351","955","32858","35890","20634"
"1","0.1","1","false","false","false","true","false","false","false","1","1","1","0.25","1","0","0","0","100","0","0","0","10","2.5","2","60","1.6","0.4","20.5","6.7","16","8.21","365","14","1","0","0","299","299","190","404","146","413","594","86961","1482","0","false","520903","175","352","955","32875","35901","20641"
"1","0.1","1","false","false","false","true","false","false","false","1","1","1","0.25","1","0","0","0","100","0","0","0","10","2.5","2","60","1.6","0.4","20.5","6.7","16","8.21","365","14","1","0","0","299","299","191","369","153","396","584","87015","1483","0","false","520891","175","353","955","32887","35910","20644"
"1","0.1","1","false","false","false","true","false","false","false","1","1","1","0.25","1","0","0","0","100","0","0","0","10","2.5","2","60","1.6","0.4","20.5","6.7","16","8.21","365","14","1","0","0","299","299","192","339","147","387","585","87056","1486","0","false","520879","177","353","956","32902","35923","20655"
"1","0.1","1","false","false","false","true","false","false","false","1","1","1","0.25","1","0","0","0","100","0","0","0","10","2.5","2","60","1.6","0.4","20.5","6.7","16","8.21","365","14","1","0","0","299","299","193","312","137","373","589","87102","1487","0","false","520844","177","353","957","32914","35937","20665"
"1","0.1","1","false","false","false","true","false","false","false","1","1","1","0.25","1","0","0","0","100","0","0","0","10","2.5","2","60","1.6","0.4","20.5","6.7","16","8.21","365","14","1","0","0","299","299","194","296","125","371","572","87149","1487","0","false","520832","177","353","957","32926","35951","20669"
"1","0.1","1","false","false","false","true","false","false","false","1","1","1","0.25","1","0","0","0","100","0","0","0","10","2.5","2","60","1.6","0.4","20.5","6.7","16","8.21","365","14","1","0","0","299","299","195","278","102","357","576","87199","1488","0","false","520832","177","353","958","32934","35963","20676"
"1","0.1","1","false","false","false","true","false","false","false","1","1","1","0.25","1","0","0","0","100","0","0","0","10","2.5","2","60","1.6","0.4","20.5","6.7","16","8.21","365","14","1","0","0","299","299","196","256","97","348","563","87247","1489","0","false","520820","177","354","958","32944","35975","20682"
"1","0.1","1","false","false","false","true","false","false","false","1","1","1","0.25","1","0","0","0","100","0","0","0","10","2.5","2","60","1.6","0.4","20.5","6.7","16","8.21","365","14","1","0","0","299","299","197","242","82","345","547","87293","1491","0","false","520812","177","355","959","32962","35991","20689"
"1","0.1","1","false","false","false","true","false","false","false","1","1","1","0.25","1","0","0","0","100","0","0","0","10","2.5","2","60","1.6","0.4","20.5","6.7","16","8.21","365","14","1","0","0","299","299","198","216","89","343","524","87336","1492","0","false","520788","177","355","960","32969","36008","20692"
"1","0.1","1","false","false","false","true","false","false","false","1","1","1","0.25","1","0","0","0","100","0","0","0","10","2.5","2","60","1.6","0.4","20.5","6.7","16","8.21","365","14","1","0","0","299","299","199","195","89","341","506","87377","1492","0","false","520776","177","355","960","32973","36015","20702"
"1","0.1","1","false","false","false","true","false","false","false","1","1","1","0.25","1","0","0","0","100","0","0","0","10","2.5","2","60","1.6","0.4","20.5","6.7","16","8.21","365","14","1","0","0","299","299","200","173","90","333","490","87421","1493","0","false","520776","177","355","961","32981","36020","20708"
"1","0.1","1","false","false","false","true","false","false","false","1","1","1","0.25","1","0","0","0","100","0","0","0","10","2.5","2","60","1.6","0.4","20.5","6.7","16","8.21","365","14","1","0","0","299","299","201","159","81","324","480","87463","1493","0","false","520764","177","355","961","32988","36030","20712"
"1","0.1","1","false","false","false","true","false","false","false","1","1","1","0.25","1","0","0","0","100","0","0","0","10","2.5","2","60","1.6","0.4","20.5","6.7","16","8.21","365","14","1","0","0","299","299","202","148","66","319","470","87503","1494","0","false","520764","178","355","961","32996","36040","20719"
"1","0.1","1","false","false","false","true","false","false","false","1","1","1","0.25","1","0","0","0","100","0","0","0","10","2.5","2","60","1.6","0.4","20.5","6.7","16","8.21","365","14","1","0","0","299","299","203","141","57","298","453","87556","1495","0","false","520752","178","356","961","33005","36047","20720"
"1","0.1","1","false","false","false","true","false","false","false","1","1","1","0.25","1","0","0","0","100","0","0","0","10","2.5","2","60","1.6","0.4","20.5","6.7","16","8.21","365","14","1","0","0","299","299","204","126","55","292","438","87594","1495","0","false","520740","178","356","961","33015","36054","20726"
"1","0.1","1","false","false","false","true","false","false","false","1","1","1","0.25","1","0","0","0","100","0","0","0","10","2.5","2","60","1.6","0.4","20.5","6.7","16","8.21","365","14","1","0","0","299","299","205","116","48","274","410","87654","1498","0","false","520740","178","356","964","33024","36059","20730"
"1","0.1","1","false","false","false","true","false","false","false","1","1","1","0.25","1","0","0","0","100","0","0","0","10","2.5","2","60","1.6","0.4","20.5","6.7","16","8.21","365","14","1","0","0","299","299","206","107","43","267","392","87691","1500","0","false","520704","178","356","966","33028","36067","20734"
"1","0.1","1","false","false","false","true","false","false","false","1","1","1","0.25","1","0","0","0","100","0","0","0","10","2.5","2","60","1.6","0.4","20.5","6.7","16","8.21","365","14","1","0","0","299","299","207","98","38","257","376","87730","1501","0","false","520681","178","357","966","33033","36078","20736"
"1","0.1","1","false","false","false","true","false","false","false","1","1","1","0.25","1","0","0","0","100","0","0","0","10","2.5","2","60","1.6","0.4","20.5","6.7","16","8.21","365","14","1","0","0","299","299","208","86","38","237","358","87779","1502","0","false","520669","178","357","967","33039","36078","20741"
"1","0.1","1","false","false","false","true","false","false","false","1","1","1","0.25","1","0","0","0","100","0","0","0","10","2.5","2","60","1.6","0.4","20.5","6.7","16","8.21","365","14","1","0","0","299","299","209","80","37","233","340","87807","1503","0","false","520657","178","357","968","33041","36085","20744"
"1","0.1","1","false","false","false","true","false","false","false","1","1","1","0.25","1","0","0","0","100","0","0","0","10","2.5","2","60","1.6","0.4","20.5","6.7","16","8.21","365","14","1","0","0","299","299","210","74","36","228","333","87825","1504","0","false","520645","178","357","969","33043","36089","20747"
"1","0.1","1","false","false","false","true","false","false","false","1","1","1","0.25","1","0","0","0","100","0","0","0","10","2.5","2","60","1.6","0.4","20.5","6.7","16","8.21","365","14","1","0","0","299","299","211","68","33","227","316","87851","1505","0","false","520633","178","357","970","33048","36091","20750"
"1","0.1","1","false","false","false","true","false","false","false","1","1","1","0.25","1","0","0","0","100","0","0","0","10","2.5","2","60","1.6","0.4","20.5","6.7","16","8.21","365","14","1","0","0","299","299","212","61","36","219","291","87888","1505","0","false","520625","178","357","970","33050","36093","20752"
"1","0.1","1","false","false","false","true","false","false","false","1","1","1","0.25","1","0","0","0","100","0","0","0","10","2.5","2","60","1.6","0.4","20.5","6.7","16","8.21","365","14","1","0","0","299","299","213","55","28","209","282","87921","1505","0","false","520625","178","357","970","33055","36098","20754"
"1","0.1","1","false","false","false","true","false","false","false","1","1","1","0.25","1","0","0","0","100","0","0","0","10","2.5","2","60","1.6","0.4","20.5","6.7","16","8.21","365","14","1","0","0","299","299","214","48","27","199","263","87958","1505","0","false","520625","178","357","970","33057","36103","20756"
"1","0.1","1","false","false","false","true","false","false","false","1","1","1","0.25","1","0","0","0","100","0","0","0","10","2.5","2","60","1.6","0.4","20.5","6.7","16","8.21","365","14","1","0","0","299","299","215","42","29","192","251","87981","1505","0","false","520625","178","357","970","33059","36104","20757"
"1","0.1","1","false","false","false","true","false","false","false","1","1","1","0.25","1","0","0","0","100","0","0","0","10","2.5","2","60","1.6","0.4","20.5","6.7","16","8.21","365","14","1","0","0","299","299","216","35","30","183","237","88009","1506","0","false","520625","178","357","971","33061","36105","20760"
"1","0.1","1","false","false","false","true","false","false","false","1","1","1","0.25","1","0","0","0","100","0","0","0","10","2.5","2","60","1.6","0.4","20.5","6.7","16","8.21","365","14","1","0","0","299","299","217","32","28","179","224","88031","1506","0","false","520614","178","357","971","33063","36109","20761"
"1","0.1","1","false","false","false","true","false","false","false","1","1","1","0.25","1","0","0","0","100","0","0","0","10","2.5","2","60","1.6","0.4","20.5","6.7","16","8.21","365","14","1","0","0","299","299","218","29","24","170","204","88067","1506","0","false","520614","178","357","971","33065","36114","20762"
"1","0.1","1","false","false","false","true","false","false","false","1","1","1","0.25","1","0","0","0","100","0","0","0","10","2.5","2","60","1.6","0.4","20.5","6.7","16","8.21","365","14","1","0","0","299","299","219","28","14","162","200","88090","1506","0","false","520614","178","357","971","33067","36121","20764"
"1","0.1","1","false","false","false","true","false","false","false","1","1","1","0.25","1","0","0","0","100","0","0","0","10","2.5","2","60","1.6","0.4","20.5","6.7","16","8.21","365","14","1","0","0","299","299","220","26","13","148","180","88127","1506","0","false","520614","178","357","971","33068","36123","20764"
"1","0.1","1","false","false","false","true","false","false","false","1","1","1","0.25","1","0","0","0","100","0","0","0","10","2.5","2","60","1.6","0.4","20.5","6.7","16","8.21","365","14","1","0","0","299","299","221","24","13","138","166","88152","1507","0","false","520614","179","357","971","33071","36124","20764"
"1","0.1","1","false","false","false","true","false","false","false","1","1","1","0.25","1","0","0","0","100","0","0","0","10","2.5","2","60","1.6","0.4","20.5","6.7","16","8.21","365","14","1","0","0","299","299","222","19","16","127","156","88175","1507","0","false","520602","179","357","971","33071","36124","20765"
"1","0.1","1","false","false","false","true","false","false","false","1","1","1","0.25","1","0","0","0","100","0","0","0","10","2.5","2","60","1.6","0.4","20.5","6.7","16","8.21","365","14","1","0","0","299","299","223","17","15","121","141","88199","1507","0","false","520602","179","357","971","33074","36124","20766"
"1","0.1","1","false","false","false","true","false","false","false","1","1","1","0.25","1","0","0","0","100","0","0","0","10","2.5","2","60","1.6","0.4","20.5","6.7","16","8.21","365","14","1","0","0","299","299","224","13","15","114","137","88214","1507","0","false","520602","179","357","971","33075","36125","20767"
"1","0.1","1","false","false","false","true","false","false","false","1","1","1","0.25","1","0","0","0","100","0","0","0","10","2.5","2","60","1.6","0.4","20.5","6.7","16","8.21","365","14","1","0","0","299","299","225","8","19","101","128","88237","1507","0","false","520602","179","357","971","33076","36125","20768"
"1","0.1","1","false","false","false","true","false","false","false","1","1","1","0.25","1","0","0","0","100","0","0","0","10","2.5","2","60","1.6","0.4","20.5","6.7","16","8.21","365","14","1","0","0","299","299","226","7","15","89","124","88258","1507","0","false","520602","179","357","971","33077","36126","20771"
"1","0.1","1","false","false","false","true","false","false","false","1","1","1","0.25","1","0","0","0","100","0","0","0","10","2.5","2","60","1.6","0.4","20.5","6.7","16","8.21","365","14","1","0","0","299","299","227","7","13","75","118","88279","1508","0","false","520602","179","357","972","33077","36128","20771"
"1","0.1","1","false","false","false","true","false","false","false","1","1","1","0.25","1","0","0","0","100","0","0","0","10","2.5","2","60","1.6","0.4","20.5","6.7","16","8.21","365","14","1","0","0","299","299","228","7","12","71","109","88293","1508","0","false","520590","179","357","972","33077","36130","20772"
"1","0.1","1","false","false","false","true","false","false","false","1","1","1","0.25","1","0","0","0","100","0","0","0","10","2.5","2","60","1.6","0.4","20.5","6.7","16","8.21","365","14","1","0","0","299","299","229","7","6","65","103","88310","1509","0","false","520590","180","357","972","33077","36131","20773"
"1","0.1","1","false","false","false","true","false","false","false","1","1","1","0.25","1","0","0","0","100","0","0","0","10","2.5","2","60","1.6","0.4","20.5","6.7","16","8.21","365","14","1","0","0","299","299","230","7","4","61","91","88328","1509","0","false","520578","180","357","972","33077","36133","20775"
"1","0.1","1","false","false","false","true","false","false","false","1","1","1","0.25","1","0","0","0","100","0","0","0","10","2.5","2","60","1.6","0.4","20.5","6.7","16","8.21","365","14","1","0","0","299","299","231","7","3","60","82","88339","1509","0","false","520578","180","357","972","33078","36133","20776"
"1","0.1","1","false","false","false","true","false","false","false","1","1","1","0.25","1","0","0","0","100","0","0","0","10","2.5","2","60","1.6","0.4","20.5","6.7","16","8.21","365","14","1","0","0","299","299","232","6","2","52","81","88349","1510","0","false","520578","180","357","973","33078","36133","20778"
"1","0.1","1","false","false","false","true","false","false","false","1","1","1","0.25","1","0","0","0","100","0","0","0","10","2.5","2","60","1.6","0.4","20.5","6.7","16","8.21","365","14","1","0","0","299","299","233","6","2","52","71","88359","1510","0","false","520566","180","357","973","33078","36134","20778"
"1","0.1","1","false","false","false","true","false","false","false","1","1","1","0.25","1","0","0","0","100","0","0","0","10","2.5","2","60","1.6","0.4","20.5","6.7","16","8.21","365","14","1","0","0","299","299","234","6","2","51","65","88366","1510","0","false","520566","180","357","973","33078","36135","20778"
"1","0.1","1","false","false","false","true","false","false","false","1","1","1","0.25","1","0","0","0","100","0","0","0","10","2.5","2","60","1.6","0.4","20.5","6.7","16","8.21","365","14","1","0","0","299","299","235","6","2","46","57","88379","1510","0","false","520566","180","357","973","33079","36135","20778"
"1","0.1","1","false","false","false","true","false","false","false","1","1","1","0.25","1","0","0","0","100","0","0","0","10","2.5","2","60","1.6","0.4","20.5","6.7","16","8.21","365","14","1","0","0","299","299","236","6","1","41","51","88391","1510","0","false","520566","180","357","973","33079","36135","20778"
"1","0.1","1","false","false","false","true","false","false","false","1","1","1","0.25","1","0","0","0","100","0","0","0","10","2.5","2","60","1.6","0.4","20.5","6.7","16","8.21","365","14","1","0","0","299","299","237","5","1","40","47","88397","1510","0","false","520566","180","357","973","33080","36135","20778"
"1","0.1","1","false","false","false","true","false","false","false","1","1","1","0.25","1","0","0","0","100","0","0","0","10","2.5","2","60","1.6","0.4","20.5","6.7","16","8.21","365","14","1","0","0","299","299","238","5","1","35","46","88403","1510","0","false","520566","180","357","973","33080","36135","20778"
"1","0.1","1","false","false","false","true","false","false","false","1","1","1","0.25","1","0","0","0","100","0","0","0","10","2.5","2","60","1.6","0.4","20.5","6.7","16","8.21","365","14","1","0","0","299","299","239","5","1","33","43","88408","1510","0","false","520566","180","357","973","33080","36135","20778"
"1","0.1","1","false","false","false","true","false","false","false","1","1","1","0.25","1","0","0","0","100","0","0","0","10","2.5","2","60","1.6","0.4","20.5","6.7","16","8.21","365","14","1","0","0","299","299","240","5","1","32","36","88415","1511","0","false","520566","180","357","974","33081","36135","20778"
"1","0.1","1","false","false","false","true","false","false","false","1","1","1","0.25","1","0","0","0","100","0","0","0","10","2.5","2","60","1.6","0.4","20.5","6.7","16","8.21","365","14","1","0","0","299","299","241","5","1","30","31","88422","1511","0","false","520554","180","357","974","33081","36135","20778"
"1","0.1","1","false","false","false","true","false","false","false","1","1","1","0.25","1","0","0","0","100","0","0","0","10","2.5","2","60","1.6","0.4","20.5","6.7","16","8.21","365","14","1","0","0","299","299","242","5","0","29","30","88425","1511","0","false","520554","180","357","974","33081","36135","20778"
"1","0.1","1","false","false","false","true","false","false","false","1","1","1","0.25","1","0","0","0","100","0","0","0","10","2.5","2","60","1.6","0.4","20.5","6.7","16","8.21","365","14","1","0","0","299","299","243","5","0","28","28","88428","1511","0","false","520554","180","357","974","33081","36135","20778"
"1","0.1","1","false","false","false","true","false","false","false","1","1","1","0.25","1","0","0","0","100","0","0","0","10","2.5","2","60","1.6","0.4","20.5","6.7","16","8.21","365","14","1","0","0","299","299","244","4","1","25","23","88436","1511","0","false","520554","180","357","974","33081","36136","20778"
"1","0.1","1","false","false","false","true","false","false","false","1","1","1","0.25","1","0","0","0","100","0","0","0","10","2.5","2","60","1.6","0.4","20.5","6.7","16","8.21","365","14","1","0","0","299","299","245","4","0","20","19","88446","1511","0","false","520554","180","357","974","33081","36137","20778"
"1","0.1","1","false","false","false","true","false","false","false","1","1","1","0.25","1","0","0","0","100","0","0","0","10","2.5","2","60","1.6","0.4","20.5","6.7","16","8.21","365","14","1","0","0","299","299","246","4","0","18","16","88451","1511","0","false","520554","180","357","974","33081","36137","20778"
"1","0.1","1","false","false","false","true","false","false","false","1","1","1","0.25","1","0","0","0","100","0","0","0","10","2.5","2","60","1.6","0.4","20.5","6.7","16","8.21","365","14","1","0","0","299","299","247","4","0","17","14","88454","1511","0","false","520554","180","357","974","33081","36137","20778"
"1","0.1","1","false","false","false","true","false","false","false","1","1","1","0.25","1","0","0","0","100","0","0","0","10","2.5","2","60","1.6","0.4","20.5","6.7","16","8.21","365","14","1","0","0","299","299","248","4","0","15","14","88456","1511","0","false","520554","180","357","974","33081","36137","20778"
"1","0.1","1","false","false","false","true","false","false","false","1","1","1","0.25","1","0","0","0","100","0","0","0","10","2.5","2","60","1.6","0.4","20.5","6.7","16","8.21","365","14","1","0","0","299","299","249","4","0","12","12","88460","1512","0","false","520554","180","357","975","33081","36137","20778"
"1","0.1","1","false","false","false","true","false","false","false","1","1","1","0.25","1","0","0","0","100","0","0","0","10","2.5","2","60","1.6","0.4","20.5","6.7","16","8.21","365","14","1","0","0","299","299","250","4","0","11","10","88463","1512","0","false","520543","180","357","975","33081","36137","20778"
"1","0.1","1","false","false","false","true","false","false","false","1","1","1","0.25","1","0","0","0","100","0","0","0","10","2.5","2","60","1.6","0.4","20.5","6.7","16","8.21","365","14","1","0","0","299","299","251","4","0","11","10","88463","1512","0","false","520543","180","357","975","33081","36137","20778"
"1","0.1","1","false","false","false","true","false","false","false","1","1","1","0.25","1","0","0","0","100","0","0","0","10","2.5","2","60","1.6","0.4","20.5","6.7","16","8.21","365","14","1","0","0","299","299","252","4","0","11","8","88465","1512","0","false","520543","180","357","975","33081","36137","20778"
"1","0.1","1","false","false","false","true","false","false","false","1","1","1","0.25","1","0","0","0","100","0","0","0","10","2.5","2","60","1.6","0.4","20.5","6.7","16","8.21","365","14","1","0","0","299","299","253","4","0","9","7","88468","1512","0","false","520543","180","357","975","33081","36137","20778"
"1","0.1","1","false","false","false","true","false","false","false","1","1","1","0.25","1","0","0","0","100","0","0","0","10","2.5","2","60","1.6","0.4","20.5","6.7","16","8.21","365","14","1","0","0","299","299","254","4","0","6","6","88472","1512","0","false","520543","180","357","975","33081","36137","20778"
"1","0.1","1","false","false","false","true","false","false","false","1","1","1","0.25","1","0","0","0","100","0","0","0","10","2.5","2","60","1.6","0.4","20.5","6.7","16","8.21","365","14","1","0","0","299","299","255","4","0","6","5","88473","1512","0","false","520543","180","357","975","33081","36137","20778"
"1","0.1","1","false","false","false","true","false","false","false","1","1","1","0.25","1","0","0","0","100","0","0","0","10","2.5","2","60","1.6","0.4","20.5","6.7","16","8.21","365","14","1","0","0","299","299","256","4","0","5","4","88475","1512","0","false","520543","180","357","975","33081","36137","20778"
"1","0.1","1","false","false","false","true","false","false","false","1","1","1","0.25","1","0","0","0","100","0","0","0","10","2.5","2","60","1.6","0.4","20.5","6.7","16","8.21","365","14","1","0","0","299","299","257","4","0","4","4","88476","1512","0","false","520543","180","357","975","33081","36137","20778"
"1","0.1","1","false","false","false","true","false","false","false","1","1","1","0.25","1","0","0","0","100","0","0","0","10","2.5","2","60","1.6","0.4","20.5","6.7","16","8.21","365","14","1","0","0","299","299","258","4","0","4","2","88478","1512","0","false","520543","180","357","975","33081","36137","20778"
"1","0.1","1","false","false","false","true","false","false","false","1","1","1","0.25","1","0","0","0","100","0","0","0","10","2.5","2","60","1.6","0.4","20.5","6.7","16","8.21","365","14","1","0","0","299","299","259","4","0","4","2","88478","1512","0","false","520543","180","357","975","33081","36137","20778"
"1","0.1","1","false","false","false","true","false","false","false","1","1","1","0.25","1","0","0","0","100","0","0","0","10","2.5","2","60","1.6","0.4","20.5","6.7","16","8.21","365","14","1","0","0","299","299","260","4","0","4","1","88479","1512","0","false","520543","180","357","975","33081","36137","20778"
"1","0.1","1","false","false","false","true","false","false","false","1","1","1","0.25","1","0","0","0","100","0","0","0","10","2.5","2","60","1.6","0.4","20.5","6.7","16","8.21","365","14","1","0","0","299","299","261","4","0","4","1","88479","1512","0","false","520543","180","357","975","33081","36137","20778"
"1","0.1","1","false","false","false","true","false","false","false","1","1","1","0.25","1","0","0","0","100","0","0","0","10","2.5","2","60","1.6","0.4","20.5","6.7","16","8.21","365","14","1","0","0","299","299","262","4","0","4","1","88479","1512","0","false","520543","180","357","975","33081","36137","20778"
"1","0.1","1","false","false","false","true","false","false","false","1","1","1","0.25","1","0","0","0","100","0","0","0","10","2.5","2","60","1.6","0.4","20.5","6.7","16","8.21","365","14","1","0","0","299","299","263","4","0","4","1","88479","1512","0","false","520543","180","357","975","33081","36137","20778"
"1","0.1","1","false","false","false","true","false","false","false","1","1","1","0.25","1","0","0","0","100","0","0","0","10","2.5","2","60","1.6","0.4","20.5","6.7","16","8.21","365","14","1","0","0","299","299","264","4","0","3","1","88480","1512","0","false","520543","180","357","975","33081","36137","20778"
"1","0.1","1","false","false","false","true","false","false","false","1","1","1","0.25","1","0","0","0","100","0","0","0","10","2.5","2","60","1.6","0.4","20.5","6.7","16","8.21","365","14","1","0","0","299","299","265","4","0","2","1","88481","1512","0","false","520543","180","357","975","33081","36137","20778"
"1","0.1","1","false","false","false","true","false","false","false","1","1","1","0.25","1","0","0","0","100","0","0","0","10","2.5","2","60","1.6","0.4","20.5","6.7","16","8.21","365","14","1","0","0","299","299","266","4","0","2","1","88481","1512","0","false","520543","180","357","975","33081","36137","20778"
"1","0.1","1","false","false","false","true","false","false","false","1","1","1","0.25","1","0","0","0","100","0","0","0","10","2.5","2","60","1.6","0.4","20.5","6.7","16","8.21","365","14","1","0","0","299","299","267","4","0","2","1","88481","1512","0","false","520543","180","357","975","33081","36137","20778"
"1","0.1","1","false","false","false","true","false","false","false","1","1","1","0.25","1","0","0","0","100","0","0","0","10","2.5","2","60","1.6","0.4","20.5","6.7","16","8.21","365","14","1","0","0","299","299","268","4","0","2","1","88481","1512","0","false","520543","180","357","975","33081","36137","20778"
"1","0.1","1","false","false","false","true","false","false","false","1","1","1","0.25","1","0","0","0","100","0","0","0","10","2.5","2","60","1.6","0.4","20.5","6.7","16","8.21","365","14","1","0","0","299","299","269","4","0","0","0","88484","1512","0","false","520543","180","357","975","33081","36137","20778"
"1","0.1","1","false","false","false","true","false","false","false","1","1","1","0.25","1","0","0","0","100","0","0","0","10","2.5","2","60","1.6","0.4","20.5","6.7","16","8.21","365","14","1","0","0","299","299","270","4","0","0","0","88484","1512","0","false","520543","180","357","975","33081","36137","20778"
"1","0.1","1","false","false","false","true","false","false","false","1","1","1","0.25","1","0","0","0","100","0","0","0","10","2.5","2","60","1.6","0.4","20.5","6.7","16","8.21","365","14","1","0","0","299","299","271","4","0","0","0","88484","1512","0","false","520543","180","357","975","33081","36137","20778"
"1","0.1","1","false","false","false","true","false","false","false","1","1","1","0.25","1","0","0","0","100","0","0","0","10","2.5","2","60","1.6","0.4","20.5","6.7","16","8.21","365","14","1","0","0","299","299","272","4","0","0","0","88484","1512","0","false","520543","180","357","975","33081","36137","20778"
"1","0.1","1","false","false","false","true","false","false","false","1","1","1","0.25","1","0","0","0","100","0","0","0","10","2.5","2","60","1.6","0.4","20.5","6.7","16","8.21","365","14","1","0","0","299","299","273","4","0","0","0","88484","1512","0","false","520543","180","357","975","33081","36137","20778"
"1","0.1","1","false","false","false","true","false","false","false","1","1","1","0.25","1","0","0","0","100","0","0","0","10","2.5","2","60","1.6","0.4","20.5","6.7","16","8.21","365","14","1","0","0","299","299","274","4","0","0","0","88484","1512","0","false","520543","180","357","975","33081","36137","20778"
"1","0.1","1","false","false","false","true","false","false","false","1","1","1","0.25","1","0","0","0","100","0","0","0","10","2.5","2","60","1.6","0.4","20.5","6.7","16","8.21","365","14","1","0","0","299","299","275","4","0","0","0","88484","1512","0","false","520543","180","357","975","33081","36137","20778"
"1","0.1","1","false","false","false","true","false","false","false","1","1","1","0.25","1","0","0","0","100","0","0","0","10","2.5","2","60","1.6","0.4","20.5","6.7","16","8.21","365","14","1","0","0","299","299","276","4","0","0","0","88484","1512","0","false","520543","180","357","975","33081","36137","20778"
"1","0.1","1","false","false","false","true","false","false","false","1","1","1","0.25","1","0","0","0","100","0","0","0","10","2.5","2","60","1.6","0.4","20.5","6.7","16","8.21","365","14","1","0","0","299","299","277","4","0","0","0","88484","1512","0","false","520543","180","357","975","33081","36137","20778"
"1","0.1","1","false","false","false","true","false","false","false","1","1","1","0.25","1","0","0","0","100","0","0","0","10","2.5","2","60","1.6","0.4","20.5","6.7","16","8.21","365","14","1","0","0","299","299","278","4","0","0","0","88484","1512","0","false","520543","180","357","975","33081","36137","20778"
"1","0.1","1","false","false","false","true","false","false","false","1","1","1","0.25","1","0","0","0","100","0","0","0","10","2.5","2","60","1.6","0.4","20.5","6.7","16","8.21","365","14","1","0","0","299","299","279","4","0","0","0","88484","1512","0","false","520543","180","357","975","33081","36137","20778"
"1","0.1","1","false","false","false","true","false","false","false","1","1","1","0.25","1","0","0","0","100","0","0","0","10","2.5","2","60","1.6","0.4","20.5","6.7","16","8.21","365","14","1","0","0","299","299","280","4","0","0","0","88484","1512","0","false","520543","180","357","975","33081","36137","20778"
"1","0.1","1","false","false","false","true","false","false","false","1","1","1","0.25","1","0","0","0","100","0","0","0","10","2.5","2","60","1.6","0.4","20.5","6.7","16","8.21","365","14","1","0","0","299","299","281","4","0","0","0","88484","1512","0","false","520543","180","357","975","33081","36137","20778"
"1","0.1","1","false","false","false","true","false","false","false","1","1","1","0.25","1","0","0","0","100","0","0","0","10","2.5","2","60","1.6","0.4","20.5","6.7","16","8.21","365","14","1","0","0","299","299","282","4","0","0","0","88484","1512","0","false","520543","180","357","975","33081","36137","20778"
"1","0.1","1","false","false","false","true","false","false","false","1","1","1","0.25","1","0","0","0","100","0","0","0","10","2.5","2","60","1.6","0.4","20.5","6.7","16","8.21","365","14","1","0","0","299","299","283","4","0","0","0","88484","1512","0","false","520543","180","357","975","33081","36137","20778"
"1","0.1","1","false","false","false","true","false","false","false","1","1","1","0.25","1","0","0","0","100","0","0","0","10","2.5","2","60","1.6","0.4","20.5","6.7","16","8.21","365","14","1","0","0","299","299","284","4","0","0","0","88484","1512","0","false","520543","180","357","975","33081","36137","20778"
"1","0.1","1","false","false","false","true","false","false","false","1","1","1","0.25","1","0","0","0","100","0","0","0","10","2.5","2","60","1.6","0.4","20.5","6.7","16","8.21","365","14","1","0","0","299","299","285","4","0","0","0","88484","1512","0","false","520543","180","357","975","33081","36137","20778"
"1","0.1","1","false","false","false","true","false","false","false","1","1","1","0.25","1","0","0","0","100","0","0","0","10","2.5","2","60","1.6","0.4","20.5","6.7","16","8.21","365","14","1","0","0","299","299","286","4","0","0","0","88484","1512","0","false","520543","180","357","975","33081","36137","20778"
"1","0.1","1","false","false","false","true","false","false","false","1","1","1","0.25","1","0","0","0","100","0","0","0","10","2.5","2","60","1.6","0.4","20.5","6.7","16","8.21","365","14","1","0","0","299","299","287","4","0","0","0","88484","1512","0","false","520543","180","357","975","33081","36137","20778"
"1","0.1","1","false","false","false","true","false","false","false","1","1","1","0.25","1","0","0","0","100","0","0","0","10","2.5","2","60","1.6","0.4","20.5","6.7","16","8.21","365","14","1","0","0","299","299","288","4","0","0","0","88484","1512","0","false","520543","180","357","975","33081","36137","20778"
"1","0.1","1","false","false","false","true","false","false","false","1","1","1","0.25","1","0","0","0","100","0","0","0","10","2.5","2","60","1.6","0.4","20.5","6.7","16","8.21","365","14","1","0","0","299","299","289","4","0","0","0","88484","1512","0","false","520543","180","357","975","33081","36137","20778"
"1","0.1","1","false","false","false","true","false","false","false","1","1","1","0.25","1","0","0","0","100","0","0","0","10","2.5","2","60","1.6","0.4","20.5","6.7","16","8.21","365","14","1","0","0","299","299","290","4","0","0","0","88484","1512","0","false","520543","180","357","975","33081","36137","20778"
"1","0.1","1","false","false","false","true","false","false","false","1","1","1","0.25","1","0","0","0","100","0","0","0","10","2.5","2","60","1.6","0.4","20.5","6.7","16","8.21","365","14","1","0","0","299","299","291","4","0","0","0","88484","1512","0","false","520543","180","357","975","33081","36137","20778"
"1","0.1","1","false","false","false","true","false","false","false","1","1","1","0.25","1","0","0","0","100","0","0","0","10","2.5","2","60","1.6","0.4","20.5","6.7","16","8.21","365","14","1","0","0","299","299","292","4","0","0","0","88484","1512","0","false","520543","180","357","975","33081","36137","20778"
"1","0.1","1","false","false","false","true","false","false","false","1","1","1","0.25","1","0","0","0","100","0","0","0","10","2.5","2","60","1.6","0.4","20.5","6.7","16","8.21","365","14","1","0","0","299","299","293","4","0","0","0","88484","1512","0","false","520543","180","357","975","33081","36137","20778"
"1","0.1","1","false","false","false","true","false","false","false","1","1","1","0.25","1","0","0","0","100","0","0","0","10","2.5","2","60","1.6","0.4","20.5","6.7","16","8.21","365","14","1","0","0","299","299","294","4","0","0","0","88484","1512","0","false","520543","180","357","975","33081","36137","20778"
"1","0.1","1","false","false","false","true","false","false","false","1","1","1","0.25","1","0","0","0","100","0","0","0","10","2.5","2","60","1.6","0.4","20.5","6.7","16","8.21","365","14","1","0","0","299","299","295","4","0","0","0","88484","1512","0","false","520543","180","357","975","33081","36137","20778"
"1","0.1","1","false","false","false","true","false","false","false","1","1","1","0.25","1","0","0","0","100","0","0","0","10","2.5","2","60","1.6","0.4","20.5","6.7","16","8.21","365","14","1","0","0","299","299","296","4","0","0","0","88484","1512","0","false","520543","180","357","975","33081","36137","20778"
"1","0.1","1","false","false","false","true","false","false","false","1","1","1","0.25","1","0","0","0","100","0","0","0","10","2.5","2","60","1.6","0.4","20.5","6.7","16","8.21","365","14","1","0","0","299","299","297","4","0","0","0","88484","1512","0","false","520543","180","357","975","33081","36137","20778"
"1","0.1","1","false","false","false","true","false","false","false","1","1","1","0.25","1","0","0","0","100","0","0","0","10","2.5","2","60","1.6","0.4","20.5","6.7","16","8.21","365","14","1","0","0","299","299","298","4","0","0","0","88484","1512","0","false","520543","180","357","975","33081","36137","20778"
"1","0.1","1","false","false","false","true","false","false","false","1","1","1","0.25","1","0","0","0","100","0","0","0","10","2.5","2","60","1.6","0.4","20.5","6.7","16","8.21","365","14","1","0","0","299","299","299","4","0","0","0","88484","1512","0","false","520543","180","357","975","33081","36137","20778"
"1","0.1","1","false","false","false","true","false","false","false","1","1","1","0.25","1","0","0","0","100","0","0","0","10","2.5","2","60","1.6","0.4","20.5","6.7","16","8.21","365","14","1","0","0","299","299","300","4","0","0","0","88484","1512","0","false","520543","180","357","975","33081","36137","20778"
"1","0.1","1","false","false","false","true","false","false","false","1","1","1","0.25","1","0","0","0","100","0","0","0","10","2.5","2","60","1.6","0.4","20.5","6.7","16","8.21","365","14","1","0","0","299","299","301","4","0","0","0","88484","1512","0","false","520543","180","357","975","33081","36137","20778"
"1","0.1","1","false","false","false","true","false","false","false","1","1","1","0.25","1","0","0","0","100","0","0","0","10","2.5","2","60","1.6","0.4","20.5","6.7","16","8.21","365","14","1","0","0","299","299","302","4","0","0","0","88484","1512","0","false","520543","180","357","975","33081","36137","20778"
"1","0.1","1","false","false","false","true","false","false","false","1","1","1","0.25","1","0","0","0","100","0","0","0","10","2.5","2","60","1.6","0.4","20.5","6.7","16","8.21","365","14","1","0","0","299","299","303","4","0","0","0","88484","1512","0","false","520543","180","357","975","33081","36137","20778"
"1","0.1","1","false","false","false","true","false","false","false","1","1","1","0.25","1","0","0","0","100","0","0","0","10","2.5","2","60","1.6","0.4","20.5","6.7","16","8.21","365","14","1","0","0","299","299","304","4","0","0","0","88484","1512","0","false","520543","180","357","975","33081","36137","20778"
"1","0.1","1","false","false","false","true","false","false","false","1","1","1","0.25","1","0","0","0","100","0","0","0","10","2.5","2","60","1.6","0.4","20.5","6.7","16","8.21","365","14","1","0","0","299","299","305","4","0","0","0","88484","1512","0","false","520543","180","357","975","33081","36137","20778"
"1","0.1","1","false","false","false","true","false","false","false","1","1","1","0.25","1","0","0","0","100","0","0","0","10","2.5","2","60","1.6","0.4","20.5","6.7","16","8.21","365","14","1","0","0","299","299","306","4","0","0","0","88484","1512","0","false","520543","180","357","975","33081","36137","20778"
"1","0.1","1","false","false","false","true","false","false","false","1","1","1","0.25","1","0","0","0","100","0","0","0","10","2.5","2","60","1.6","0.4","20.5","6.7","16","8.21","365","14","1","0","0","299","299","307","4","0","0","0","88484","1512","0","false","520543","180","357","975","33081","36137","20778"
"1","0.1","1","false","false","false","true","false","false","false","1","1","1","0.25","1","0","0","0","100","0","0","0","10","2.5","2","60","1.6","0.4","20.5","6.7","16","8.21","365","14","1","0","0","299","299","308","4","0","0","0","88484","1512","0","false","520543","180","357","975","33081","36137","20778"
"1","0.1","1","false","false","false","true","false","false","false","1","1","1","0.25","1","0","0","0","100","0","0","0","10","2.5","2","60","1.6","0.4","20.5","6.7","16","8.21","365","14","1","0","0","299","299","309","4","0","0","0","88484","1512","0","false","520543","180","357","975","33081","36137","20778"
"1","0.1","1","false","false","false","true","false","false","false","1","1","1","0.25","1","0","0","0","100","0","0","0","10","2.5","2","60","1.6","0.4","20.5","6.7","16","8.21","365","14","1","0","0","299","299","310","4","0","0","0","88484","1512","0","false","520543","180","357","975","33081","36137","20778"
"1","0.1","1","false","false","false","true","false","false","false","1","1","1","0.25","1","0","0","0","100","0","0","0","10","2.5","2","60","1.6","0.4","20.5","6.7","16","8.21","365","14","1","0","0","299","299","311","4","0","0","0","88484","1512","0","false","520543","180","357","975","33081","36137","20778"
"1","0.1","1","false","false","false","true","false","false","false","1","1","1","0.25","1","0","0","0","100","0","0","0","10","2.5","2","60","1.6","0.4","20.5","6.7","16","8.21","365","14","1","0","0","299","299","312","4","0","0","0","88484","1512","0","false","520543","180","357","975","33081","36137","20778"
"1","0.1","1","false","false","false","true","false","false","false","1","1","1","0.25","1","0","0","0","100","0","0","0","10","2.5","2","60","1.6","0.4","20.5","6.7","16","8.21","365","14","1","0","0","299","299","313","4","0","0","0","88484","1512","0","false","520543","180","357","975","33081","36137","20778"
"1","0.1","1","false","false","false","true","false","false","false","1","1","1","0.25","1","0","0","0","100","0","0","0","10","2.5","2","60","1.6","0.4","20.5","6.7","16","8.21","365","14","1","0","0","299","299","314","4","0","0","0","88484","1512","0","false","520543","180","357","975","33081","36137","20778"
"1","0.1","1","false","false","false","true","false","false","false","1","1","1","0.25","1","0","0","0","100","0","0","0","10","2.5","2","60","1.6","0.4","20.5","6.7","16","8.21","365","14","1","0","0","299","299","315","4","0","0","0","88484","1512","0","false","520543","180","357","975","33081","36137","20778"
"1","0.1","1","false","false","false","true","false","false","false","1","1","1","0.25","1","0","0","0","100","0","0","0","10","2.5","2","60","1.6","0.4","20.5","6.7","16","8.21","365","14","1","0","0","299","299","316","4","0","0","0","88484","1512","0","false","520543","180","357","975","33081","36137","20778"
"1","0.1","1","false","false","false","true","false","false","false","1","1","1","0.25","1","0","0","0","100","0","0","0","10","2.5","2","60","1.6","0.4","20.5","6.7","16","8.21","365","14","1","0","0","299","299","317","4","0","0","0","88484","1512","0","false","520543","180","357","975","33081","36137","20778"
"1","0.1","1","false","false","false","true","false","false","false","1","1","1","0.25","1","0","0","0","100","0","0","0","10","2.5","2","60","1.6","0.4","20.5","6.7","16","8.21","365","14","1","0","0","299","299","318","4","0","0","0","88484","1512","0","false","520543","180","357","975","33081","36137","20778"
"1","0.1","1","false","false","false","true","false","false","false","1","1","1","0.25","1","0","0","0","100","0","0","0","10","2.5","2","60","1.6","0.4","20.5","6.7","16","8.21","365","14","1","0","0","299","299","319","4","0","0","0","88484","1512","0","false","520543","180","357","975","33081","36137","20778"
"1","0.1","1","false","false","false","true","false","false","false","1","1","1","0.25","1","0","0","0","100","0","0","0","10","2.5","2","60","1.6","0.4","20.5","6.7","16","8.21","365","14","1","0","0","299","299","320","4","0","0","0","88484","1512","0","false","520543","180","357","975","33081","36137","20778"
"1","0.1","1","false","false","false","true","false","false","false","1","1","1","0.25","1","0","0","0","100","0","0","0","10","2.5","2","60","1.6","0.4","20.5","6.7","16","8.21","365","14","1","0","0","299","299","321","4","0","0","0","88484","1512","0","false","520543","180","357","975","33081","36137","20778"
"1","0.1","1","false","false","false","true","false","false","false","1","1","1","0.25","1","0","0","0","100","0","0","0","10","2.5","2","60","1.6","0.4","20.5","6.7","16","8.21","365","14","1","0","0","299","299","322","4","0","0","0","88484","1512","0","false","520543","180","357","975","33081","36137","20778"
"1","0.1","1","false","false","false","true","false","false","false","1","1","1","0.25","1","0","0","0","100","0","0","0","10","2.5","2","60","1.6","0.4","20.5","6.7","16","8.21","365","14","1","0","0","299","299","323","4","0","0","0","88484","1512","0","false","520543","180","357","975","33081","36137","20778"
"1","0.1","1","false","false","false","true","false","false","false","1","1","1","0.25","1","0","0","0","100","0","0","0","10","2.5","2","60","1.6","0.4","20.5","6.7","16","8.21","365","14","1","0","0","299","299","324","4","0","0","0","88484","1512","0","false","520543","180","357","975","33081","36137","20778"
"1","0.1","1","false","false","false","true","false","false","false","1","1","1","0.25","1","0","0","0","100","0","0","0","10","2.5","2","60","1.6","0.4","20.5","6.7","16","8.21","365","14","1","0","0","299","299","325","4","0","0","0","88484","1512","0","false","520543","180","357","975","33081","36137","20778"
"1","0.1","1","false","false","false","true","false","false","false","1","1","1","0.25","1","0","0","0","100","0","0","0","10","2.5","2","60","1.6","0.4","20.5","6.7","16","8.21","365","14","1","0","0","299","299","326","4","0","0","0","88484","1512","0","false","520543","180","357","975","33081","36137","20778"
"1","0.1","1","false","false","false","true","false","false","false","1","1","1","0.25","1","0","0","0","100","0","0","0","10","2.5","2","60","1.6","0.4","20.5","6.7","16","8.21","365","14","1","0","0","299","299","327","4","0","0","0","88484","1512","0","false","520543","180","357","975","33081","36137","20778"
"1","0.1","1","false","false","false","true","false","false","false","1","1","1","0.25","1","0","0","0","100","0","0","0","10","2.5","2","60","1.6","0.4","20.5","6.7","16","8.21","365","14","1","0","0","299","299","328","4","0","0","0","88484","1512","0","false","520543","180","357","975","33081","36137","20778"
"1","0.1","1","false","false","false","true","false","false","false","1","1","1","0.25","1","0","0","0","100","0","0","0","10","2.5","2","60","1.6","0.4","20.5","6.7","16","8.21","365","14","1","0","0","299","299","329","4","0","0","0","88484","1512","0","false","520543","180","357","975","33081","36137","20778"
"1","0.1","1","false","false","false","true","false","false","false","1","1","1","0.25","1","0","0","0","100","0","0","0","10","2.5","2","60","1.6","0.4","20.5","6.7","16","8.21","365","14","1","0","0","299","299","330","4","0","0","0","88484","1512","0","false","520543","180","357","975","33081","36137","20778"
"1","0.1","1","false","false","false","true","false","false","false","1","1","1","0.25","1","0","0","0","100","0","0","0","10","2.5","2","60","1.6","0.4","20.5","6.7","16","8.21","365","14","1","0","0","299","299","331","4","0","0","0","88484","1512","0","false","520543","180","357","975","33081","36137","20778"
"1","0.1","1","false","false","false","true","false","false","false","1","1","1","0.25","1","0","0","0","100","0","0","0","10","2.5","2","60","1.6","0.4","20.5","6.7","16","8.21","365","14","1","0","0","299","299","332","4","0","0","0","88484","1512","0","false","520543","180","357","975","33081","36137","20778"
"1","0.1","1","false","false","false","true","false","false","false","1","1","1","0.25","1","0","0","0","100","0","0","0","10","2.5","2","60","1.6","0.4","20.5","6.7","16","8.21","365","14","1","0","0","299","299","333","4","0","0","0","88484","1512","0","false","520543","180","357","975","33081","36137","20778"
"1","0.1","1","false","false","false","true","false","false","false","1","1","1","0.25","1","0","0","0","100","0","0","0","10","2.5","2","60","1.6","0.4","20.5","6.7","16","8.21","365","14","1","0","0","299","299","334","4","0","0","0","88484","1512","0","false","520543","180","357","975","33081","36137","20778"
"1","0.1","1","false","false","false","true","false","false","false","1","1","1","0.25","1","0","0","0","100","0","0","0","10","2.5","2","60","1.6","0.4","20.5","6.7","16","8.21","365","14","1","0","0","299","299","335","4","0","0","0","88484","1512","0","false","520543","180","357","975","33081","36137","20778"
"1","0.1","1","false","false","false","true","false","false","false","1","1","1","0.25","1","0","0","0","100","0","0","0","10","2.5","2","60","1.6","0.4","20.5","6.7","16","8.21","365","14","1","0","0","299","299","336","4","0","0","0","88484","1512","0","false","520543","180","357","975","33081","36137","20778"
"1","0.1","1","false","false","false","true","false","false","false","1","1","1","0.25","1","0","0","0","100","0","0","0","10","2.5","2","60","1.6","0.4","20.5","6.7","16","8.21","365","14","1","0","0","299","299","337","4","0","0","0","88484","1512","0","false","520543","180","357","975","33081","36137","20778"
"1","0.1","1","false","false","false","true","false","false","false","1","1","1","0.25","1","0","0","0","100","0","0","0","10","2.5","2","60","1.6","0.4","20.5","6.7","16","8.21","365","14","1","0","0","299","299","338","4","0","0","0","88484","1512","0","false","520543","180","357","975","33081","36137","20778"
"1","0.1","1","false","false","false","true","false","false","false","1","1","1","0.25","1","0","0","0","100","0","0","0","10","2.5","2","60","1.6","0.4","20.5","6.7","16","8.21","365","14","1","0","0","299","299","339","4","0","0","0","88484","1512","0","false","520543","180","357","975","33081","36137","20778"
"1","0.1","1","false","false","false","true","false","false","false","1","1","1","0.25","1","0","0","0","100","0","0","0","10","2.5","2","60","1.6","0.4","20.5","6.7","16","8.21","365","14","1","0","0","299","299","340","4","0","0","0","88484","1512","0","false","520543","180","357","975","33081","36137","20778"
"1","0.1","1","false","false","false","true","false","false","false","1","1","1","0.25","1","0","0","0","100","0","0","0","10","2.5","2","60","1.6","0.4","20.5","6.7","16","8.21","365","14","1","0","0","299","299","341","4","0","0","0","88484","1512","0","false","520543","180","357","975","33081","36137","20778"
"1","0.1","1","false","false","false","true","false","false","false","1","1","1","0.25","1","0","0","0","100","0","0","0","10","2.5","2","60","1.6","0.4","20.5","6.7","16","8.21","365","14","1","0","0","299","299","342","4","0","0","0","88484","1512","0","false","520543","180","357","975","33081","36137","20778"
"1","0.1","1","false","false","false","true","false","false","false","1","1","1","0.25","1","0","0","0","100","0","0","0","10","2.5","2","60","1.6","0.4","20.5","6.7","16","8.21","365","14","1","0","0","299","299","343","4","0","0","0","88484","1512","0","false","520543","180","357","975","33081","36137","20778"
"1","0.1","1","false","false","false","true","false","false","false","1","1","1","0.25","1","0","0","0","100","0","0","0","10","2.5","2","60","1.6","0.4","20.5","6.7","16","8.21","365","14","1","0","0","299","299","344","4","0","0","0","88484","1512","0","false","520543","180","357","975","33081","36137","20778"
"1","0.1","1","false","false","false","true","false","false","false","1","1","1","0.25","1","0","0","0","100","0","0","0","10","2.5","2","60","1.6","0.4","20.5","6.7","16","8.21","365","14","1","0","0","299","299","345","4","0","0","0","88484","1512","0","false","520543","180","357","975","33081","36137","20778"
"1","0.1","1","false","false","false","true","false","false","false","1","1","1","0.25","1","0","0","0","100","0","0","0","10","2.5","2","60","1.6","0.4","20.5","6.7","16","8.21","365","14","1","0","0","299","299","346","4","0","0","0","88484","1512","0","false","520543","180","357","975","33081","36137","20778"
"1","0.1","1","false","false","false","true","false","false","false","1","1","1","0.25","1","0","0","0","100","0","0","0","10","2.5","2","60","1.6","0.4","20.5","6.7","16","8.21","365","14","1","0","0","299","299","347","4","0","0","0","88484","1512","0","false","520543","180","357","975","33081","36137","20778"
"1","0.1","1","false","false","false","true","false","false","false","1","1","1","0.25","1","0","0","0","100","0","0","0","10","2.5","2","60","1.6","0.4","20.5","6.7","16","8.21","365","14","1","0","0","299","299","348","4","0","0","0","88484","1512","0","false","520543","180","357","975","33081","36137","20778"
"1","0.1","1","false","false","false","true","false","false","false","1","1","1","0.25","1","0","0","0","100","0","0","0","10","2.5","2","60","1.6","0.4","20.5","6.7","16","8.21","365","14","1","0","0","299","299","349","4","0","0","0","88484","1512","0","false","520543","180","357","975","33081","36137","20778"
"1","0.1","1","false","false","false","true","false","false","false","1","1","1","0.25","1","0","0","0","100","0","0","0","10","2.5","2","60","1.6","0.4","20.5","6.7","16","8.21","365","14","1","0","0","299","299","350","4","0","0","0","88484","1512","0","false","520543","180","357","975","33081","36137","20778"
"1","0.1","1","false","false","false","true","false","false","false","1","1","1","0.25","1","0","0","0","100","0","0","0","10","2.5","2","60","1.6","0.4","20.5","6.7","16","8.21","365","14","1","0","0","299","299","351","4","0","0","0","88484","1512","0","false","520543","180","357","975","33081","36137","20778"
"1","0.1","1","false","false","false","true","false","false","false","1","1","1","0.25","1","0","0","0","100","0","0","0","10","2.5","2","60","1.6","0.4","20.5","6.7","16","8.21","365","14","1","0","0","299","299","352","4","0","0","0","88484","1512","0","false","520543","180","357","975","33081","36137","20778"
"1","0.1","1","false","false","false","true","false","false","false","1","1","1","0.25","1","0","0","0","100","0","0","0","10","2.5","2","60","1.6","0.4","20.5","6.7","16","8.21","365","14","1","0","0","299","299","353","4","0","0","0","88484","1512","0","false","520543","180","357","975","33081","36137","20778"
"1","0.1","1","false","false","false","true","false","false","false","1","1","1","0.25","1","0","0","0","100","0","0","0","10","2.5","2","60","1.6","0.4","20.5","6.7","16","8.21","365","14","1","0","0","299","299","354","4","0","0","0","88484","1512","0","false","520543","180","357","975","33081","36137","20778"
"1","0.1","1","false","false","false","true","false","false","false","1","1","1","0.25","1","0","0","0","100","0","0","0","10","2.5","2","60","1.6","0.4","20.5","6.7","16","8.21","365","14","1","0","0","299","299","355","4","0","0","0","88484","1512","0","false","520543","180","357","975","33081","36137","20778"
"1","0.1","1","false","false","false","true","false","false","false","1","1","1","0.25","1","0","0","0","100","0","0","0","10","2.5","2","60","1.6","0.4","20.5","6.7","16","8.21","365","14","1","0","0","299","299","356","4","0","0","0","88484","1512","0","false","520543","180","357","975","33081","36137","20778"
"1","0.1","1","false","false","false","true","false","false","false","1","1","1","0.25","1","0","0","0","100","0","0","0","10","2.5","2","60","1.6","0.4","20.5","6.7","16","8.21","365","14","1","0","0","299","299","357","4","0","0","0","88484","1512","0","false","520543","180","357","975","33081","36137","20778"
"1","0.1","1","false","false","false","true","false","false","false","1","1","1","0.25","1","0","0","0","100","0","0","0","10","2.5","2","60","1.6","0.4","20.5","6.7","16","8.21","365","14","1","0","0","299","299","358","4","0","0","0","88484","1512","0","false","520543","180","357","975","33081","36137","20778"
"1","0.1","1","false","false","false","true","false","false","false","1","1","1","0.25","1","0","0","0","100","0","0","0","10","2.5","2","60","1.6","0.4","20.5","6.7","16","8.21","365","14","1","0","0","299","299","359","4","0","0","0","88484","1512","0","false","520543","180","357","975","33081","36137","20778"
"1","0.1","1","false","false","false","true","false","false","false","1","1","1","0.25","1","0","0","0","100","0","0","0","10","2.5","2","60","1.6","0.4","20.5","6.7","16","8.21","365","14","1","0","0","299","299","360","4","0","0","0","88484","1512","0","false","520543","180","357","975","33081","36137","20778"
"1","0.1","1","false","false","false","true","false","false","false","1","1","1","0.25","1","0","0","0","100","0","0","0","10","2.5","2","60","1.6","0.4","20.5","6.7","16","8.21","365","14","1","0","0","299","299","361","4","0","0","0","88484","1512","0","false","520543","180","357","975","33081","36137","20778"
"1","0.1","1","false","false","false","true","false","false","false","1","1","1","0.25","1","0","0","0","100","0","0","0","10","2.5","2","60","1.6","0.4","20.5","6.7","16","8.21","365","14","1","0","0","299","299","362","4","0","0","0","88484","1512","0","false","520543","180","357","975","33081","36137","20778"
"1","0.1","1","false","false","false","true","false","false","false","1","1","1","0.25","1","0","0","0","100","0","0","0","10","2.5","2","60","1.6","0.4","20.5","6.7","16","8.21","365","14","1","0","0","299","299","363","4","0","0","0","88484","1512","0","false","520543","180","357","975","33081","36137","20778"
"1","0.1","1","false","false","false","true","false","false","false","1","1","1","0.25","1","0","0","0","100","0","0","0","10","2.5","2","60","1.6","0.4","20.5","6.7","16","8.21","365","14","1","0","0","299","299","364","4","0","0","0","88484","1512","0","false","520543","180","357","975","33081","36137","20778"
"1","0.1","1","false","false","false","true","false","false","false","1","1","1","0.25","1","0","0","0","100","0","0","0","10","2.5","2","60","1.6","0.4","20.5","6.7","16","8.21","365","14","1","0","0","299","299","365","4","0","0","0","88484","1512","0","false","520543","180","357","975","33081","36137","20778"
"2","0.1","1","false","false","false","true","false","false","false","1","1","1","0.25","1","0","0","0","100","0","0","0.1","10","2.5","2","60","1.6","0.4","20.5","6.7","16","8.21","365","14","1","0","0","299","299","0","89910","90","0","0","0","0","0","false","0","0","0","0","0","0","0"
"2","0.1","1","false","false","false","true","false","false","false","1","1","1","0.25","1","0","0","0","100","0","0","0.1","10","2.5","2","60","1.6","0.4","20.5","6.7","16","8.21","365","14","1","0","0","299","299","1","89910","83","0","7","0","0","0","false","538487","0","0","0","3","1","1"
"2","0.1","1","false","false","false","true","false","false","false","1","1","1","0.25","1","0","0","0","100","0","0","0.1","10","2.5","2","60","1.6","0.4","20.5","6.7","16","8.21","365","14","1","0","0","299","299","2","89905","74","0","21","0","0","0","false","538487","0","0","0","8","4","2"
"2","0.1","1","false","false","false","true","false","false","false","1","1","1","0.25","1","0","0","0","100","0","0","0.1","10","2.5","2","60","1.6","0.4","20.5","6.7","16","8.21","365","14","1","0","0","299","299","3","89884","75","2","39","0","0","0","false","538487","0","0","0","13","12","7"
"2","0.1","1","false","false","false","true","false","false","false","1","1","1","0.25","1","0","0","0","100","0","0","0.1","10","2.5","2","60","1.6","0.4","20.5","6.7","16","8.21","365","14","1","0","0","299","299","4","89830","110","4","56","0","0","0","false","538487","0","0","0","20","18","10"
"2","0.1","1","false","false","false","true","false","false","false","1","1","1","0.25","1","0","0","0","100","0","0","0.1","10","2.5","2","60","1.6","0.4","20.5","6.7","16","8.21","365","14","1","0","0","299","299","5","89773","151","6","70","0","0","0","false","538487","0","0","0","22","26","16"
"2","0.1","1","false","false","false","true","false","false","false","1","1","1","0.25","1","0","0","0","100","0","0","0.1","10","2.5","2","60","1.6","0.4","20.5","6.7","16","8.21","365","14","1","0","0","299","299","6","89702","195","10","93","0","0","0","false","538487","0","0","0","27","39","19"
"2","0.1","1","false","false","false","true","false","false","false","1","1","1","0.25","1","0","0","0","100","0","0","0.1","10","2.5","2","60","1.6","0.4","20.5","6.7","16","8.21","365","14","1","0","0","299","299","7","89617","236","15","132","0","0","0","false","538487","0","0","0","38","54","29"
"2","0.1","1","false","false","false","true","false","false","false","1","1","1","0.25","1","0","0","0","100","0","0","0.1","10","2.5","2","60","1.6","0.4","20.5","6.7","16","8.21","365","14","1","0","0","299","299","8","89511","305","19","165","0","0","0","false","538487","0","0","0","48","62","36"
"2","0.1","1","false","false","false","true","false","false","false","1","1","1","0.25","1","0","0","0","100","0","0","0.1","10","2.5","2","60","1.6","0.4","20.5","6.7","16","8.21","365","14","1","0","0","299","299","9","89404","349","29","218","0","0","0","false","538487","0","0","0","71","78","44"
"2","0.1","1","false","false","false","true","false","false","false","1","1","1","0.25","1","0","0","0","100","0","0","0.1","10","2.5","2","60","1.6","0.4","20.5","6.7","16","8.21","365","14","1","0","0","299","299","10","89264","424","44","268","0","0","0","false","538487","0","0","0","89","103","56"
"2","0.1","1","false","false","false","true","false","false","false","1","1","1","0.25","1","0","0","0","100","0","0","0.1","10","2.5","2","60","1.6","0.4","20.5","6.7","16","8.21","365","14","1","0","0","299","299","11","89109","486","61","344","0","0","0","false","538487","0","0","0","116","127","66"
"2","0.1","1","false","false","false","true","false","false","false","1","1","1","0.25","1","0","0","0","100","0","0","0.1","10","2.5","2","60","1.6","0.4","20.5","6.7","16","8.21","365","14","1","0","0","299","299","12","88937","556","80","427","0","0","0","false","538487","0","0","0","148","157","88"
"2","0.1","1","false","false","false","true","false","false","false","1","1","1","0.25","1","0","0","0","100","0","0","0.1","10","2.5","2","60","1.6","0.4","20.5","6.7","16","8.21","365","14","1","0","0","299","299","13","88745","635","112","508","0","0","0","false","538487","0","0","0","187","187","116"
"2","0.1","1","false","false","false","true","false","false","false","1","1","1","0.25","1","0","0","0","100","0","0","0.1","10","2.5","2","60","1.6","0.4","20.5","6.7","16","8.21","365","14","1","0","0","299","299","14","88516","739","160","585","0","0","0","false","538487","0","0","0","229","244","143"
"2","0.1","1","false","false","false","true","false","false","false","1","1","1","0.25","1","0","0","0","100","0","0","0.1","10","2.5","2","60","1.6","0.4","20.5","6.7","16","8.21","365","14","1","0","0","299","299","15","88260","842","201","697","0","0","0","false","538487","0","0","0","275","288","178"
"2","0.1","1","false","false","false","true","false","false","false","1","1","1","0.25","1","0","0","0","100","0","0","0.1","10","2.5","2","60","1.6","0.4","20.5","6.7","16","8.21","365","14","1","0","0","299","299","16","88002","910","243","843","2","0","1","false","538487","0","0","0","329","358","208"
"2","0.1","1","false","false","false","true","false","false","false","1","1","1","0.25","1","0","0","0","100","0","0","0.1","10","2.5","2","60","1.6","0.4","20.5","6.7","16","8.21","365","14","1","0","0","299","299","17","87700","1019","299","980","2","0","26","false","538475","0","0","0","391","423","250"
"2","0.1","1","false","false","false","true","false","false","false","1","1","1","0.25","1","0","0","0","100","0","0","0.1","10","2.5","2","60","1.6","0.4","20.5","6.7","16","8.21","365","14","1","0","0","299","299","18","87325","1191","353","1127","4","0","52","false","538225","0","0","0","451","494","290"
"2","0.1","1","false","false","false","true","false","false","false","1","1","1","0.25","1","0","0","0","100","0","0","0.1","10","2.5","2","60","1.6","0.4","20.5","6.7","16","8.21","365","14","1","0","0","299","299","19","87007","1252","430","1301","10","0","70","false","537972","0","0","0","524","573","353"
"2","0.1","1","false","false","false","true","false","false","false","1","1","1","0.25","1","0","0","0","100","0","0","0.1","10","2.5","2","60","1.6","0.4","20.5","6.7","16","8.21","365","14","1","0","0","299","299","20","86620","1361","516","1486","17","0","108","false","537803","0","0","0","615","690","393"
"2","0.1","1","false","false","false","true","false","false","false","1","1","1","0.25","1","0","0","0","100","0","0","0.1","10","2.5","2","60","1.6","0.4","20.5","6.7","16","8.21","365","14","1","0","0","299","299","21","86199","1481","595","1702","22","1","128","false","537430","0","0","1","711","789","449"
"2","0.1","1","false","false","false","true","false","false","false","1","1","1","0.25","1","0","0","0","100","0","0","0.1","10","2.5","2","60","1.6","0.4","20.5","6.7","16","8.21","365","14","1","0","0","299","299","22","85789","1564","711","1898","37","1","148","false","537217","0","0","1","840","898","530"
"2","0.1","1","false","false","false","true","false","false","false","1","1","1","0.25","1","0","0","0","100","0","0","0.1","10","2.5","2","60","1.6","0.4","20.5","6.7","16","8.21","365","14","1","0","0","299","299","23","85328","1694","841","2084","52","1","200","false","537022","0","0","1","972","1016","597"
"2","0.1","1","false","false","false","true","false","false","false","1","1","1","0.25","1","0","0","0","100","0","0","0.1","10","2.5","2","60","1.6","0.4","20.5","6.7","16","8.21","365","14","1","0","0","299","299","24","84805","1855","952","2322","64","2","231","false","536518","0","0","2","1105","1161","666"
"2","0.1","1","false","false","false","true","false","false","false","1","1","1","0.25","1","0","0","0","100","0","0","0.1","10","2.5","2","60","1.6","0.4","20.5","6.7","16","8.21","365","14","1","0","0","299","299","25","84276","1965","1081","2586","89","3","256","false","536211","0","1","2","1259","1316","757"
"2","0.1","1","false","false","false","true","false","false","false","1","1","1","0.25","1","0","0","0","100","0","0","0.1","10","2.5","2","60","1.6","0.4","20.5","6.7","16","8.21","365","14","1","0","0","299","299","26","83766","2051","1214","2856","110","3","285","false","535964","0","1","2","1406","1467","844"
"2","0.1","1","false","false","false","true","false","false","false","1","1","1","0.25","1","0","0","0","100","0","0","0.1","10","2.5","2","60","1.6","0.4","20.5","6.7","16","8.21","365","14","1","0","0","299","299","27","83194","2188","1338","3136","141","3","318","false","535678","0","1","2","1528","1640","946"
"2","0.1","1","false","false","false","true","false","false","false","1","1","1","0.25","1","0","0","0","100","0","0","0.1","10","2.5","2","60","1.6","0.4","20.5","6.7","16","8.21","365","14","1","0","0","299","299","28","82652","2223","1497","3435","188","5","354","false","535356","0","2","3","1713","1833","1054"
"2","0.1","1","false","false","false","true","false","false","false","1","1","1","0.25","1","0","0","0","100","0","0","0.1","10","2.5","2","60","1.6","0.4","20.5","6.7","16","8.21","365","14","1","0","0","299","299","29","82076","2314","1642","3728","235","5","350","false","534973","0","2","3","1877","2010","1154"
"2","0.1","1","false","false","false","true","false","false","false","1","1","1","0.25","1","0","0","0","100","0","0","0.1","10","2.5","2","60","1.6","0.4","20.5","6.7","16","8.21","365","14","1","0","0","299","299","30","81469","2386","1798","4040","300","7","355","false","534998","0","4","3","2045","2202","1279"
"2","0.1","1","false","false","false","true","false","false","false","1","1","1","0.25","1","0","0","0","100","0","0","0.1","10","2.5","2","60","1.6","0.4","20.5","6.7","16","8.21","365","14","1","0","0","299","299","31","80818","2499","1967","4358","349","9","364","false","534920","0","5","4","2219","2409","1384"
"2","0.1","1","false","false","false","true","false","false","false","1","1","1","0.25","1","0","0","0","100","0","0","0.1","10","2.5","2","60","1.6","0.4","20.5","6.7","16","8.21","365","14","1","0","0","299","299","32","80129","2648","2163","4631","419","10","415","false","534780","0","6","4","2436","2621","1508"
"2","0.1","1","false","false","false","true","false","false","false","1","1","1","0.25","1","0","0","0","100","0","0","0.1","10","2.5","2","60","1.6","0.4","20.5","6.7","16","8.21","365","14","1","0","0","299","299","33","79436","2748","2344","4958","503","11","438","false","534288","0","6","5","2640","2847","1646"
"2","0.1","1","false","false","false","true","false","false","false","1","1","1","0.25","1","0","0","0","100","0","0","0.1","10","2.5","2","60","1.6","0.4","20.5","6.7","16","8.21","365","14","1","0","0","299","299","34","78743","2794","2552","5289","611","11","494","false","534023","0","6","5","2866","3103","1770"
"2","0.1","1","false","false","false","true","false","false","false","1","1","1","0.25","1","0","0","0","100","0","0","0.1","10","2.5","2","60","1.6","0.4","20.5","6.7","16","8.21","365","14","1","0","0","299","299","35","77969","2913","2732","5644","729","13","545","false","533489","0","6","7","3112","3325","1922"
"2","0.1","1","false","false","false","true","false","false","false","1","1","1","0.25","1","0","0","0","100","0","0","0.1","10","2.5","2","60","1.6","0.4","20.5","6.7","16","8.21","365","14","1","0","0","299","299","36","77169","3090","2944","5946","838","13","613","false","532981","0","6","7","3318","3609","2057"
"2","0.1","1","false","false","false","true","false","false","false","1","1","1","0.25","1","0","0","0","100","0","0","0.1","10","2.5","2","60","1.6","0.4","20.5","6.7","16","8.21","365","14","1","0","0","299","299","37","76397","3135","3141","6333","977","17","658","false","532320","1","6","10","3599","3835","2226"
"2","0.1","1","false","false","false","true","false","false","false","1","1","1","0.25","1","0","0","0","100","0","0","0.1","10","2.5","2","60","1.6","0.4","20.5","6.7","16","8.21","365","14","1","0","0","299","299","38","75581","3223","3332","6681","1158","25","689","false","531853","1","8","16","3875","4123","2376"
"2","0.1","1","false","false","false","true","false","false","false","1","1","1","0.25","1","0","0","0","100","0","0","0.1","10","2.5","2","60","1.6","0.4","20.5","6.7","16","8.21","365","14","1","0","0","299","299","39","74707","3372","3536","7023","1335","27","737","false","531438","1","8","18","4137","4410","2522"
"2","0.1","1","false","false","false","true","false","false","false","1","1","1","0.25","1","0","0","0","100","0","0","0.1","10","2.5","2","60","1.6","0.4","20.5","6.7","16","8.21","365","14","1","0","0","299","299","40","73833","3469","3729","7372","1568","29","746","false","530953","1","8","20","4407","4720","2678"
"2","0.1","1","false","false","false","true","false","false","false","1","1","1","0.25","1","0","0","0","100","0","0","0.1","10","2.5","2","60","1.6","0.4","20.5","6.7","16","8.21","365","14","1","0","0","299","299","41","72975","3566","3912","7702","1813","32","813","false","530790","2","8","22","4658","5024","2846"
"2","0.1","1","false","false","false","true","false","false","false","1","1","1","0.25","1","0","0","0","100","0","0","0.1","10","2.5","2","60","1.6","0.4","20.5","6.7","16","8.21","365","14","1","0","0","299","299","42","72085","3630","4138","8042","2071","34","870","false","530104","2","9","23","4957","5361","3008"
"2","0.1","1","false","false","false","true","false","false","false","1","1","1","0.25","1","0","0","0","100","0","0","0.1","10","2.5","2","60","1.6","0.4","20.5","6.7","16","8.21","365","14","1","0","0","299","299","43","71186","3654","4351","8411","2362","36","924","false","529551","2","10","24","5265","5708","3189"
"2","0.1","1","false","false","false","true","false","false","false","1","1","1","0.25","1","0","0","0","100","0","0","0.1","10","2.5","2","60","1.6","0.4","20.5","6.7","16","8.21","365","14","1","0","0","299","299","44","70257","3756","4588","8732","2627","40","954","false","528993","2","12","26","5546","6064","3387"
"2","0.1","1","false","false","false","true","false","false","false","1","1","1","0.25","1","0","0","0","100","0","0","0.1","10","2.5","2","60","1.6","0.4","20.5","6.7","16","8.21","365","14","1","0","0","299","299","45","69299","3788","4799","9124","2945","45","977","false","528605","2","14","29","5895","6394","3596"
"2","0.1","1","false","false","false","true","false","false","false","1","1","1","0.25","1","0","0","0","100","0","0","0.1","10","2.5","2","60","1.6","0.4","20.5","6.7","16","8.21","365","14","1","0","0","299","299","46","68362","3883","5005","9372","3328","50","1048","false","528313","2","15","33","6200","6730","3773"
"2","0.1","1","false","false","false","true","false","false","false","1","1","1","0.25","1","0","0","0","100","0","0","0.1","10","2.5","2","60","1.6","0.4","20.5","6.7","16","8.21","365","14","1","0","0","299","299","47","67357","4015","5230","9648","3693","57","1109","false","527545","4","17","36","6558","7093","3962"
"2","0.1","1","false","false","false","true","false","false","false","1","1","1","0.25","1","0","0","0","100","0","0","0.1","10","2.5","2","60","1.6","0.4","20.5","6.7","16","8.21","365","14","1","0","0","299","299","48","66400","4031","5424","10012","4070","63","1182","false","526864","4","19","40","6866","7447","4175"
"2","0.1","1","false","false","false","true","false","false","false","1","1","1","0.25","1","0","0","0","100","0","0","0.1","10","2.5","2","60","1.6","0.4","20.5","6.7","16","8.21","365","14","1","0","0","299","299","49","65350","4159","5596","10331","4495","69","1212","false","526081","6","21","42","7175","7805","4392"
"2","0.1","1","false","false","false","true","false","false","false","1","1","1","0.25","1","0","0","0","100","0","0","0.1","10","2.5","2","60","1.6","0.4","20.5","6.7","16","8.21","365","14","1","0","0","299","299","50","64365","4221","5763","10652","4923","76","1327","false","525697","7","22","47","7503","8149","4601"
"2","0.1","1","false","false","false","true","false","false","false","1","1","1","0.25","1","0","0","0","100","0","0","0.1","10","2.5","2","60","1.6","0.4","20.5","6.7","16","8.21","365","14","1","0","0","299","299","51","63393","4229","5970","10903","5414","91","1337","false","524540","8","26","57","7873","8512","4822"
"2","0.1","1","false","false","false","true","false","false","false","1","1","1","0.25","1","0","0","0","100","0","0","0.1","10","2.5","2","60","1.6","0.4","20.5","6.7","16","8.21","365","14","1","0","0","299","299","52","62382","4196","6195","11239","5890","98","1399","false","524270","10","29","59","8265","8915","5073"
"2","0.1","1","false","false","false","true","false","false","false","1","1","1","0.25","1","0","0","0","100","0","0","0.1","10","2.5","2","60","1.6","0.4","20.5","6.7","16","8.21","365","14","1","0","0","299","299","53","61305","4302","6364","11538","6381","110","1481","false","523589","12","32","66","8624","9277","5318"
"2","0.1","1","false","false","false","true","false","false","false","1","1","1","0.25","1","0","0","0","100","0","0","0.1","10","2.5","2","60","1.6","0.4","20.5","6.7","16","8.21","365","14","1","0","0","299","299","54","60217","4402","6516","11789","6953","123","1592","false","522682","14","35","74","8984","9675","5524"
"2","0.1","1","false","false","false","true","false","false","false","1","1","1","0.25","1","0","0","0","100","0","0","0.1","10","2.5","2","60","1.6","0.4","20.5","6.7","16","8.21","365","14","1","0","0","299","299","55","59219","4391","6664","12018","7573","135","1684","false","521427","14","38","83","9355","10084","5734"
"2","0.1","1","false","false","false","true","false","false","false","1","1","1","0.25","1","0","0","0","100","0","0","0.1","10","2.5","2","60","1.6","0.4","20.5","6.7","16","8.21","365","14","1","0","0","299","299","56","58160","4411","6865","12315","8107","142","1701","false","520429","16","39","87","9722","10511","5967"
"2","0.1","1","false","false","false","true","false","false","false","1","1","1","0.25","1","0","0","0","100","0","0","0.1","10","2.5","2","60","1.6","0.4","20.5","6.7","16","8.21","365","14","1","0","0","299","299","57","57128","4446","7065","12509","8702","150","1752","false","520108","17","40","93","10097","10935","6216"
"2","0.1","1","false","false","false","true","false","false","false","1","1","1","0.25","1","0","0","0","100","0","0","0.1","10","2.5","2","60","1.6","0.4","20.5","6.7","16","8.21","365","14","1","0","0","299","299","58","56058","4466","7261","12767","9287","161","1809","false","519526","17","44","100","10457","11352","6460"
"2","0.1","1","false","false","false","true","false","false","false","1","1","1","0.25","1","0","0","0","100","0","0","0.1","10","2.5","2","60","1.6","0.4","20.5","6.7","16","8.21","365","14","1","0","0","299","299","59","54993","4461","7423","13030","9919","174","1777","false","518767","19","45","110","10835","11747","6723"
"2","0.1","1","false","false","false","true","false","false","false","1","1","1","0.25","1","0","0","0","100","0","0","0.1","10","2.5","2","60","1.6","0.4","20.5","6.7","16","8.21","365","14","1","0","0","299","299","60","53872","4517","7529","13314","10584","184","1807","false","518871","21","48","115","11216","12141","6950"
"2","0.1","1","false","false","false","true","false","false","false","1","1","1","0.25","1","0","0","0","100","0","0","0.1","10","2.5","2","60","1.6","0.4","20.5","6.7","16","8.21","365","14","1","0","0","299","299","61","52761","4589","7699","13481","11270","200","1808","false","518472","25","48","127","11605","12586","7207"
"2","0.1","1","false","false","false","true","false","false","false","1","1","1","0.25","1","0","0","0","100","0","0","0.1","10","2.5","2","60","1.6","0.4","20.5","6.7","16","8.21","365","14","1","0","0","299","299","62","51674","4663","7872","13588","11991","212","1801","false","518242","29","51","132","11982","12978","7467"
"2","0.1","1","false","false","false","true","false","false","false","1","1","1","0.25","1","0","0","0","100","0","0","0.1","10","2.5","2","60","1.6","0.4","20.5","6.7","16","8.21","365","14","1","0","0","299","299","63","50531","4706","7992","13828","12721","222","1811","false","518139","31","53","138","12373","13413","7724"
"2","0.1","1","false","false","false","true","false","false","false","1","1","1","0.25","1","0","0","0","100","0","0","0.1","10","2.5","2","60","1.6","0.4","20.5","6.7","16","8.21","365","14","1","0","0","299","299","64","49410","4768","8164","14004","13420","234","1836","false","517880","31","58","145","12767","13842","7968"
"2","0.1","1","false","false","false","true","false","false","false","1","1","1","0.25","1","0","0","0","100","0","0","0.1","10","2.5","2","60","1.6","0.4","20.5","6.7","16","8.21","365","14","1","0","0","299","299","65","48257","4780","8314","14226","14170","253","1898","false","517458","33","63","157","13175","14302","8221"
"2","0.1","1","false","false","false","true","false","false","false","1","1","1","0.25","1","0","0","0","100","0","0","0.1","10","2.5","2","60","1.6","0.4","20.5","6.7","16","8.21","365","14","1","0","0","299","299","66","47174","4769","8367","14425","14993","272","1890","false","516516","36","68","168","13552","14704","8477"
"2","0.1","1","false","false","false","true","false","false","false","1","1","1","0.25","1","0","0","0","100","0","0","0.1","10","2.5","2","60","1.6","0.4","20.5","6.7","16","8.21","365","14","1","0","0","299","299","67","46062","4789","8510","14526","15831","282","1856","false","516281","38","70","174","13976","15151","8733"
"2","0.1","1","false","false","false","true","false","false","false","1","1","1","0.25","1","0","0","0","100","0","0","0.1","10","2.5","2","60","1.6","0.4","20.5","6.7","16","8.21","365","14","1","0","0","299","299","68","44944","4778","8624","14716","16635","303","1835","false","516457","39","77","187","14360","15622","9001"
"2","0.1","1","false","false","false","true","false","false","false","1","1","1","0.25","1","0","0","0","100","0","0","0.1","10","2.5","2","60","1.6","0.4","20.5","6.7","16","8.21","365","14","1","0","0","299","299","69","43802","4810","8731","14862","17478","317","1884","false","516457","41","80","196","14758","16059","9274"
"2","0.1","1","false","false","false","true","false","false","false","1","1","1","0.25","1","0","0","0","100","0","0","0.1","10","2.5","2","60","1.6","0.4","20.5","6.7","16","8.21","365","14","1","0","0","299","299","70","42746","4747","8804","15035","18332","336","1915","false","515827","44","86","206","15182","16481","9529"
"2","0.1","1","false","false","false","true","false","false","false","1","1","1","0.25","1","0","0","0","100","0","0","0.1","10","2.5","2","60","1.6","0.4","20.5","6.7","16","8.21","365","14","1","0","0","299","299","71","41634","4744","8851","15204","19215","352","1930","false","515353","46","92","214","15576","16914","9785"
"2","0.1","1","false","false","false","true","false","false","false","1","1","1","0.25","1","0","0","0","100","0","0","0.1","10","2.5","2","60","1.6","0.4","20.5","6.7","16","8.21","365","14","1","0","0","299","299","72","40572","4718","8928","15335","20084","363","1926","false","515045","46","97","220","16034","17318","10031"
"2","0.1","1","false","false","false","true","false","false","false","1","1","1","0.25","1","0","0","0","100","0","0","0.1","10","2.5","2","60","1.6","0.4","20.5","6.7","16","8.21","365","14","1","0","0","299","299","73","39484","4698","8983","15450","21004","381","1973","false","514962","47","102","232","16448","17739","10283"
"2","0.1","1","false","false","false","true","false","false","false","1","1","1","0.25","1","0","0","0","100","0","0","0.1","10","2.5","2","60","1.6","0.4","20.5","6.7","16","8.21","365","14","1","0","0","299","299","74","38431","4624","9031","15584","21929","401","1997","false","514271","52","105","244","16833","18169","10546"
"2","0.1","1","false","false","false","true","false","false","false","1","1","1","0.25","1","0","0","0","100","0","0","0.1","10","2.5","2","60","1.6","0.4","20.5","6.7","16","8.21","365","14","1","0","0","299","299","75","37379","4587","9099","15667","22848","420","2028","false","513832","52","107","261","17272","18565","10807"
"2","0.1","1","false","false","false","true","false","false","false","1","1","1","0.25","1","0","0","0","100","0","0","0.1","10","2.5","2","60","1.6","0.4","20.5","6.7","16","8.21","365","14","1","0","0","299","299","76","36332","4510","9195","15701","23822","440","2037","false","513274","54","115","271","17723","19012","11057"
"2","0.1","1","false","false","false","true","false","false","false","1","1","1","0.25","1","0","0","0","100","0","0","0.1","10","2.5","2","60","1.6","0.4","20.5","6.7","16","8.21","365","14","1","0","0","299","299","77","35301","4471","9275","15683","24813","457","2090","false","512985","56","120","281","18133","19445","11321"
"2","0.1","1","false","false","false","true","false","false","false","1","1","1","0.25","1","0","0","0","100","0","0","0.1","10","2.5","2","60","1.6","0.4","20.5","6.7","16","8.21","365","14","1","0","0","299","299","78","34234","4488","9364","15613","25833","468","2039","false","512237","57","123","288","18526","19874","11569"
"2","0.1","1","false","false","false","true","false","false","false","1","1","1","0.25","1","0","0","0","100","0","0","0.1","10","2.5","2","60","1.6","0.4","20.5","6.7","16","8.21","365","14","1","0","0","299","299","79","33241","4445","9388","15624","26815","487","2022","false","512652","58","131","298","18896","20296","11817"
"2","0.1","1","false","false","false","true","false","false","false","1","1","1","0.25","1","0","0","0","100","0","0","0.1","10","2.5","2","60","1.6","0.4","20.5","6.7","16","8.21","365","14","1","0","0","299","299","80","32228","4370","9462","15632","27807","501","2060","false","512665","59","133","309","19289","20724","12046"
"2","0.1","1","false","false","false","true","false","false","false","1","1","1","0.25","1","0","0","0","100","0","0","0.1","10","2.5","2","60","1.6","0.4","20.5","6.7","16","8.21","365","14","1","0","0","299","299","81","31248","4353","9529","15560","28793","517","2069","false","512098","59","137","321","19662","21157","12309"
"2","0.1","1","false","false","false","true","false","false","false","1","1","1","0.25","1","0","0","0","100","0","0","0.1","10","2.5","2","60","1.6","0.4","20.5","6.7","16","8.21","365","14","1","0","0","299","299","82","30221","4356","9503","15555","29826","539","2031","false","511779","59","143","337","20058","21560","12549"
"2","0.1","1","false","false","false","true","false","false","false","1","1","1","0.25","1","0","0","0","100","0","0","0.1","10","2.5","2","60","1.6","0.4","20.5","6.7","16","8.21","365","14","1","0","0","299","299","83","29243","4289","9490","15539","30879","560","2020","false","511819","63","148","349","20416","22006","12794"
"2","0.1","1","false","false","false","true","false","false","false","1","1","1","0.25","1","0","0","0","100","0","0","0.1","10","2.5","2","60","1.6","0.4","20.5","6.7","16","8.21","365","14","1","0","0","299","299","84","28253","4257","9471","15473","31967","579","1966","false","511681","66","152","361","20758","22458","13037"
"2","0.1","1","false","false","false","true","false","false","false","1","1","1","0.25","1","0","0","0","100","0","0","0.1","10","2.5","2","60","1.6","0.4","20.5","6.7","16","8.21","365","14","1","0","0","299","299","85","27326","4192","9476","15403","33001","602","1946","false","511973","67","158","377","21135","22855","13247"
"2","0.1","1","false","false","false","true","false","false","false","1","1","1","0.25","1","0","0","0","100","0","0","0.1","10","2.5","2","60","1.6","0.4","20.5","6.7","16","8.21","365","14","1","0","0","299","299","86","26377","4137","9472","15286","34110","618","1923","false","511882","69","160","389","21508","23275","13500"
"2","0.1","1","false","false","false","true","false","false","false","1","1","1","0.25","1","0","0","0","100","0","0","0.1","10","2.5","2","60","1.6","0.4","20.5","6.7","16","8.21","365","14","1","0","0","299","299","87","25455","4059","9488","15220","35141","637","1831","false","511920","69","163","405","21907","23662","13717"
"2","0.1","1","false","false","false","true","false","false","false","1","1","1","0.25","1","0","0","0","100","0","0","0.1","10","2.5","2","60","1.6","0.4","20.5","6.7","16","8.21","365","14","1","0","0","299","299","88","24532","4046","9495","15074","36199","654","1783","false","512562","71","167","416","22285","24046","13928"
"2","0.1","1","false","false","false","true","false","false","false","1","1","1","0.25","1","0","0","0","100","0","0","0.1","10","2.5","2","60","1.6","0.4","20.5","6.7","16","8.21","365","14","1","0","0","299","299","89","23610","4027","9471","14981","37237","674","1788","false","512722","73","171","430","22619","24462","14164"
"2","0.1","1","false","false","false","true","false","false","false","1","1","1","0.25","1","0","0","0","100","0","0","0.1","10","2.5","2","60","1.6","0.4","20.5","6.7","16","8.21","365","14","1","0","0","299","299","90","22682","4027","9419","14923","38259","690","1756","false","512431","77","175","438","22965","24824","14366"
"2","0.1","1","false","false","false","true","false","false","false","1","1","1","0.25","1","0","0","0","100","0","0","0.1","10","2.5","2","60","1.6","0.4","20.5","6.7","16","8.21","365","14","1","0","0","299","299","91","21878","3880","9372","14871","39289","710","1686","false","512545","78","181","451","23315","25205","14607"
"2","0.1","1","false","false","false","true","false","false","false","1","1","1","0.25","1","0","0","0","100","0","0","0.1","10","2.5","2","60","1.6","0.4","20.5","6.7","16","8.21","365","14","1","0","0","299","299","92","20988","3868","9295","14757","40368","724","1656","false","513003","78","182","464","23636","25562","14835"
"2","0.1","1","false","false","false","true","false","false","false","1","1","1","0.25","1","0","0","0","100","0","0","0.1","10","2.5","2","60","1.6","0.4","20.5","6.7","16","8.21","365","14","1","0","0","299","299","93","20137","3848","9240","14597","41436","742","1648","false","513148","80","186","476","24011","25924","15031"
"2","0.1","1","false","false","false","true","false","false","false","1","1","1","0.25","1","0","0","0","100","0","0","0.1","10","2.5","2","60","1.6","0.4","20.5","6.7","16","8.21","365","14","1","0","0","299","299","94","19310","3735","9164","14463","42567","761","1595","false","512979","85","191","485","24362","26290","15240"
"2","0.1","1","false","false","false","true","false","false","false","1","1","1","0.25","1","0","0","0","100","0","0","0.1","10","2.5","2","60","1.6","0.4","20.5","6.7","16","8.21","365","14","1","0","0","299","299","95","18458","3681","9042","14382","43655","782","1594","false","513337","89","196","497","24687","26638","15443"
"2","0.1","1","false","false","false","true","false","false","false","1","1","1","0.25","1","0","0","0","100","0","0","0.1","10","2.5","2","60","1.6","0.4","20.5","6.7","16","8.21","365","14","1","0","0","299","299","96","17687","3593","8969","14217","44723","811","1568","false","513153","92","202","517","25043","26966","15641"
"2","0.1","1","false","false","false","true","false","false","false","1","1","1","0.25","1","0","0","0","100","0","0","0.1","10","2.5","2","60","1.6","0.4","20.5","6.7","16","8.21","365","14","1","0","0","299","299","97","16904","3530","8898","14076","45763","829","1568","false","513072","94","206","529","25353","27311","15853"
"2","0.1","1","false","false","false","true","false","false","false","1","1","1","0.25","1","0","0","0","100","0","0","0.1","10","2.5","2","60","1.6","0.4","20.5","6.7","16","8.21","365","14","1","0","0","299","299","98","16219","3412","8800","13837","46885","847","1615","false","512935","97","213","537","25648","27654","16062"
"2","0.1","1","false","false","false","true","false","false","false","1","1","1","0.25","1","0","0","0","100","0","0","0.1","10","2.5","2","60","1.6","0.4","20.5","6.7","16","8.21","365","14","1","0","0","299","299","99","15516","3300","8731","13648","47939","866","1579","false","512274","97","214","555","25957","27985","16258"
"2","0.1","1","false","false","false","true","false","false","false","1","1","1","0.25","1","0","0","0","100","0","0","0.1","10","2.5","2","60","1.6","0.4","20.5","6.7","16","8.21","365","14","1","0","0","299","299","100","14822","3195","8648","13473","48982","880","1583","false","512420","99","218","563","26260","28315","16446"
"2","0.1","1","false","false","false","true","false","false","false","1","1","1","0.25","1","0","0","0","100","0","0","0.1","10","2.5","2","60","1.6","0.4","20.5","6.7","16","8.21","365","14","1","0","0","299","299","101","14154","3097","8543","13285","50022","899","1591","false","512259","103","224","572","26535","28638","16622"
"2","0.1","1","false","false","false","true","false","false","false","1","1","1","0.25","1","0","0","0","100","0","0","0.1","10","2.5","2","60","1.6","0.4","20.5","6.7","16","8.21","365","14","1","0","0","299","299","102","13484","3029","8464","13066","51043","914","1615","false","511952","105","227","582","26833","28921","16793"
"2","0.1","1","false","false","false","true","false","false","false","1","1","1","0.25","1","0","0","0","100","0","0","0.1","10","2.5","2","60","1.6","0.4","20.5","6.7","16","8.21","365","14","1","0","0","299","299","103","12828","2938","8313","12909","52079","933","1591","false","511587","107","233","593","27122","29226","16954"
"2","0.1","1","false","false","false","true","false","false","false","1","1","1","0.25","1","0","0","0","100","0","0","0.1","10","2.5","2","60","1.6","0.4","20.5","6.7","16","8.21","365","14","1","0","0","299","299","104","12200","2866","8191","12691","53104","948","1587","false","511596","109","238","601","27385","29535","17109"
"2","0.1","1","false","false","false","true","false","false","false","1","1","1","0.25","1","0","0","0","100","0","0","0.1","10","2.5","2","60","1.6","0.4","20.5","6.7","16","8.21","365","14","1","0","0","299","299","105","11600","2778","8096","12510","54054","962","1656","false","511521","113","239","610","27646","29836","17285"
"2","0.1","1","false","false","false","true","false","false","false","1","1","1","0.25","1","0","0","0","100","0","0","0.1","10","2.5","2","60","1.6","0.4","20.5","6.7","16","8.21","365","14","1","0","0","299","299","106","11005","2691","7936","12288","55101","979","1607","false","510688","116","243","620","27904","30121","17432"
"2","0.1","1","false","false","false","true","false","false","false","1","1","1","0.25","1","0","0","0","100","0","0","0.1","10","2.5","2","60","1.6","0.4","20.5","6.7","16","8.21","365","14","1","0","0","299","299","107","10439","2635","7794","11992","56146","994","1565","false","510918","116","250","628","28173","30388","17569"
"2","0.1","1","false","false","false","true","false","false","false","1","1","1","0.25","1","0","0","0","100","0","0","0.1","10","2.5","2","60","1.6","0.4","20.5","6.7","16","8.21","365","14","1","0","0","299","299","108","9871","2574","7618","11723","57202","1012","1552","false","511172","119","252","641","28427","30646","17701"
"2","0.1","1","false","false","false","true","false","false","false","1","1","1","0.25","1","0","0","0","100","0","0","0.1","10","2.5","2","60","1.6","0.4","20.5","6.7","16","8.21","365","14","1","0","0","299","299","109","9378","2442","7499","11447","58211","1023","1473","false","511073","119","255","649","28677","30915","17847"
"2","0.1","1","false","false","false","true","false","false","false","1","1","1","0.25","1","0","0","0","100","0","0","0.1","10","2.5","2","60","1.6","0.4","20.5","6.7","16","8.21","365","14","1","0","0","299","299","110","8903","2284","7347","11247","59182","1037","1462","false","511673","120","259","658","28922","31149","17989"
"2","0.1","1","false","false","false","true","false","false","false","1","1","1","0.25","1","0","0","0","100","0","0","0.1","10","2.5","2","60","1.6","0.4","20.5","6.7","16","8.21","365","14","1","0","0","299","299","111","8422","2170","7217","11074","60067","1050","1422","false","511551","120","261","669","29146","31395","18125"
"2","0.1","1","false","false","false","true","false","false","false","1","1","1","0.25","1","0","0","0","100","0","0","0.1","10","2.5","2","60","1.6","0.4","20.5","6.7","16","8.21","365","14","1","0","0","299","299","112","7993","2071","7104","10814","60955","1063","1388","false","511773","123","268","672","29348","31623","18252"
"2","0.1","1","false","false","false","true","false","false","false","1","1","1","0.25","1","0","0","0","100","0","0","0.1","10","2.5","2","60","1.6","0.4","20.5","6.7","16","8.21","365","14","1","0","0","299","299","113","7537","2008","6964","10552","61862","1077","1336","false","511926","125","269","683","29560","31841","18370"
"2","0.1","1","false","false","false","true","false","false","false","1","1","1","0.25","1","0","0","0","100","0","0","0.1","10","2.5","2","60","1.6","0.4","20.5","6.7","16","8.21","365","14","1","0","0","299","299","114","7119","1944","6881","10225","62735","1096","1298","false","512248","127","270","699","29772","32076","18495"
"2","0.1","1","false","false","false","true","false","false","false","1","1","1","0.25","1","0","0","0","100","0","0","0.1","10","2.5","2","60","1.6","0.4","20.5","6.7","16","8.21","365","14","1","0","0","299","299","115","6720","1915","6700","9893","63665","1107","1222","false","512402","129","274","704","29945","32239","18597"
"2","0.1","1","false","false","false","true","false","false","false","1","1","1","0.25","1","0","0","0","100","0","0","0.1","10","2.5","2","60","1.6","0.4","20.5","6.7","16","8.21","365","14","1","0","0","299","299","116","6354","1807","6535","9672","64511","1121","1151","false","513028","130","276","715","30121","32431","18709"
"2","0.1","1","false","false","false","true","false","false","false","1","1","1","0.25","1","0","0","0","100","0","0","0.1","10","2.5","2","60","1.6","0.4","20.5","6.7","16","8.21","365","14","1","0","0","299","299","117","6004","1716","6362","9424","65356","1138","1113","false","513628","131","279","728","30276","32644","18824"
"2","0.1","1","false","false","false","true","false","false","false","1","1","1","0.25","1","0","0","0","100","0","0","0.1","10","2.5","2","60","1.6","0.4","20.5","6.7","16","8.21","365","14","1","0","0","299","299","118","5640","1674","6182","9095","66261","1148","1057","false","513803","134","281","733","30442","32825","18915"
"2","0.1","1","false","false","false","true","false","false","false","1","1","1","0.25","1","0","0","0","100","0","0","0.1","10","2.5","2","60","1.6","0.4","20.5","6.7","16","8.21","365","14","1","0","0","299","299","119","5302","1616","6008","8836","67071","1167","1004","false","514211","138","284","745","30596","32990","19026"
"2","0.1","1","false","false","false","true","false","false","false","1","1","1","0.25","1","0","0","0","100","0","0","0.1","10","2.5","2","60","1.6","0.4","20.5","6.7","16","8.21","365","14","1","0","0","299","299","120","5018","1485","5808","8590","67918","1181","971","false","514569","140","287","754","30741","33150","19109"
"2","0.1","1","false","false","false","true","false","false","false","1","1","1","0.25","1","0","0","0","100","0","0","0.1","10","2.5","2","60","1.6","0.4","20.5","6.7","16","8.21","365","14","1","0","0","299","299","121","4695","1457","5656","8272","68726","1194","920","false","514691","144","291","759","30874","33290","19208"
"2","0.1","1","false","false","false","true","false","false","false","1","1","1","0.25","1","0","0","0","100","0","0","0.1","10","2.5","2","60","1.6","0.4","20.5","6.7","16","8.21","365","14","1","0","0","299","299","122","4402","1387","5507","8003","69490","1211","920","false","515065","146","295","770","31017","33427","19296"
"2","0.1","1","false","false","false","true","false","false","false","1","1","1","0.25","1","0","0","0","100","0","0","0.1","10","2.5","2","60","1.6","0.4","20.5","6.7","16","8.21","365","14","1","0","0","299","299","123","4142","1293","5322","7723","70299","1221","902","false","514862","148","298","775","31165","33559","19378"
"2","0.1","1","false","false","false","true","false","false","false","1","1","1","0.25","1","0","0","0","100","0","0","0.1","10","2.5","2","60","1.6","0.4","20.5","6.7","16","8.21","365","14","1","0","0","299","299","124","3887","1247","5154","7413","71067","1232","879","false","514948","149","303","780","31289","33684","19459"
"2","0.1","1","false","false","false","true","false","false","false","1","1","1","0.25","1","0","0","0","100","0","0","0.1","10","2.5","2","60","1.6","0.4","20.5","6.7","16","8.21","365","14","1","0","0","299","299","125","3650","1182","4989","7123","71816","1240","859","false","515099","149","306","785","31403","33816","19546"
"2","0.1","1","false","false","false","true","false","false","false","1","1","1","0.25","1","0","0","0","100","0","0","0.1","10","2.5","2","60","1.6","0.4","20.5","6.7","16","8.21","365","14","1","0","0","299","299","126","3407","1135","4848","6844","72513","1253","834","false","515157","151","311","791","31535","33945","19614"
"2","0.1","1","false","false","false","true","false","false","false","1","1","1","0.25","1","0","0","0","100","0","0","0.1","10","2.5","2","60","1.6","0.4","20.5","6.7","16","8.21","365","14","1","0","0","299","299","127","3188","1039","4687","6619","73204","1263","758","false","515249","152","312","799","31645","34070","19685"
"2","0.1","1","false","false","false","true","false","false","false","1","1","1","0.25","1","0","0","0","100","0","0","0.1","10","2.5","2","60","1.6","0.4","20.5","6.7","16","8.21","365","14","1","0","0","299","299","128","2982","1005","4512","6320","73911","1270","722","false","515880","153","312","805","31750","34179","19753"
"2","0.1","1","false","false","false","true","false","false","false","1","1","1","0.25","1","0","0","0","100","0","0","0.1","10","2.5","2","60","1.6","0.4","20.5","6.7","16","8.21","365","14","1","0","0","299","299","129","2759","978","4320","6098","74564","1281","691","false","516127","157","315","809","31853","34278","19811"
"2","0.1","1","false","false","false","true","false","false","false","1","1","1","0.25","1","0","0","0","100","0","0","0.1","10","2.5","2","60","1.6","0.4","20.5","6.7","16","8.21","365","14","1","0","0","299","299","130","2560","919","4192","5886","75152","1291","698","false","516277","157","316","818","31962","34392","19872"
"2","0.1","1","false","false","false","true","false","false","false","1","1","1","0.25","1","0","0","0","100","0","0","0.1","10","2.5","2","60","1.6","0.4","20.5","6.7","16","8.21","365","14","1","0","0","299","299","131","2359","906","4035","5651","75750","1299","663","false","516132","157","320","822","32054","34478","19925"
"2","0.1","1","false","false","false","true","false","false","false","1","1","1","0.25","1","0","0","0","100","0","0","0.1","10","2.5","2","60","1.6","0.4","20.5","6.7","16","8.21","365","14","1","0","0","299","299","132","2189","871","3858","5415","76362","1305","635","false","516365","157","321","827","32120","34573","19979"
"2","0.1","1","false","false","false","true","false","false","false","1","1","1","0.25","1","0","0","0","100","0","0","0.1","10","2.5","2","60","1.6","0.4","20.5","6.7","16","8.21","365","14","1","0","0","299","299","133","2053","785","3722","5183","76939","1318","579","false","516579","159","325","834","32211","34653","20037"
"2","0.1","1","false","false","false","true","false","false","false","1","1","1","0.25","1","0","0","0","100","0","0","0.1","10","2.5","2","60","1.6","0.4","20.5","6.7","16","8.21","365","14","1","0","0","299","299","134","1924","725","3570","4949","77507","1325","523","false","517005","160","327","838","32290","34736","20071"
"2","0.1","1","false","false","false","true","false","false","false","1","1","1","0.25","1","0","0","0","100","0","0","0.1","10","2.5","2","60","1.6","0.4","20.5","6.7","16","8.21","365","14","1","0","0","299","299","135","1781","671","3432","4725","78060","1331","469","false","517485","162","328","841","32368","34833","20113"
"2","0.1","1","false","false","false","true","false","false","false","1","1","1","0.25","1","0","0","0","100","0","0","0.1","10","2.5","2","60","1.6","0.4","20.5","6.7","16","8.21","365","14","1","0","0","299","299","136","1645","627","3290","4526","78579","1333","438","false","517911","162","329","842","32437","34906","20155"
"2","0.1","1","false","false","false","true","false","false","false","1","1","1","0.25","1","0","0","0","100","0","0","0.1","10","2.5","2","60","1.6","0.4","20.5","6.7","16","8.21","365","14","1","0","0","299","299","137","1518","608","3155","4299","79078","1342","412","false","518163","163","332","847","32501","34976","20192"
"2","0.1","1","false","false","false","true","false","false","false","1","1","1","0.25","1","0","0","0","100","0","0","0.1","10","2.5","2","60","1.6","0.4","20.5","6.7","16","8.21","365","14","1","0","0","299","299","138","1394","569","3010","4117","79562","1348","367","false","518331","165","333","850","32566","35048","20229"
"2","0.1","1","false","false","false","true","false","false","false","1","1","1","0.25","1","0","0","0","100","0","0","0.1","10","2.5","2","60","1.6","0.4","20.5","6.7","16","8.21","365","14","1","0","0","299","299","139","1264","567","2861","3927","80023","1358","331","false","518725","168","334","856","32617","35112","20257"
"2","0.1","1","false","false","false","true","false","false","false","1","1","1","0.25","1","0","0","0","100","0","0","0.1","10","2.5","2","60","1.6","0.4","20.5","6.7","16","8.21","365","14","1","0","0","299","299","140","1158","521","2748","3757","80448","1368","308","false","518984","171","336","861","32679","35168","20296"
"2","0.1","1","false","false","false","true","false","false","false","1","1","1","0.25","1","0","0","0","100","0","0","0.1","10","2.5","2","60","1.6","0.4","20.5","6.7","16","8.21","365","14","1","0","0","299","299","141","1059","504","2563","3587","80913","1374","314","false","519104","173","337","864","32731","35224","20322"
"2","0.1","1","false","false","false","true","false","false","false","1","1","1","0.25","1","0","0","0","100","0","0","0.1","10","2.5","2","60","1.6","0.4","20.5","6.7","16","8.21","365","14","1","0","0","299","299","142","978","457","2484","3420","81283","1378","287","false","518972","173","338","867","32776","35280","20362"
"2","0.1","1","false","false","false","true","false","false","false","1","1","1","0.25","1","0","0","0","100","0","0","0.1","10","2.5","2","60","1.6","0.4","20.5","6.7","16","8.21","365","14","1","0","0","299","299","143","892","419","2345","3265","81697","1382","273","false","519196","173","338","871","32819","35329","20391"
"2","0.1","1","false","false","false","true","false","false","false","1","1","1","0.25","1","0","0","0","100","0","0","0.1","10","2.5","2","60","1.6","0.4","20.5","6.7","16","8.21","365","14","1","0","0","299","299","144","819","377","2216","3093","82106","1389","235","false","519279","174","340","875","32855","35371","20418"
"2","0.1","1","false","false","false","true","false","false","false","1","1","1","0.25","1","0","0","0","100","0","0","0.1","10","2.5","2","60","1.6","0.4","20.5","6.7","16","8.21","365","14","1","0","0","299","299","145","762","342","2100","2946","82458","1392","252","false","519591","174","343","875","32901","35411","20433"
"2","0.1","1","false","false","false","true","false","false","false","1","1","1","0.25","1","0","0","0","100","0","0","0.1","10","2.5","2","60","1.6","0.4","20.5","6.7","16","8.21","365","14","1","0","0","299","299","146","707","306","2011","2772","82809","1395","263","false","519393","174","343","878","32946","35456","20458"
"2","0.1","1","false","false","false","true","false","false","false","1","1","1","0.25","1","0","0","0","100","0","0","0.1","10","2.5","2","60","1.6","0.4","20.5","6.7","16","8.21","365","14","1","0","0","299","299","147","636","297","1917","2630","83118","1402","267","false","519273","174","344","884","32982","35493","20489"
"2","0.1","1","false","false","false","true","false","false","false","1","1","1","0.25","1","0","0","0","100","0","0","0.1","10","2.5","2","60","1.6","0.4","20.5","6.7","16","8.21","365","14","1","0","0","299","299","148","573","289","1841","2486","83407","1404","263","false","519158","174","344","886","33012","35527","20507"
"2","0.1","1","false","false","false","true","false","false","false","1","1","1","0.25","1","0","0","0","100","0","0","0.1","10","2.5","2","60","1.6","0.4","20.5","6.7","16","8.21","365","14","1","0","0","299","299","149","520","263","1746","2367","83698","1406","258","false","519193","174","345","887","33038","35556","20520"
"2","0.1","1","false","false","false","true","false","false","false","1","1","1","0.25","1","0","0","0","100","0","0","0.1","10","2.5","2","60","1.6","0.4","20.5","6.7","16","8.21","365","14","1","0","0","299","299","150","473","243","1660","2227","83990","1407","249","false","519217","174","346","887","33065","35575","20541"
"2","0.1","1","false","false","false","true","false","false","false","1","1","1","0.25","1","0","0","0","100","0","0","0.1","10","2.5","2","60","1.6","0.4","20.5","6.7","16","8.21","365","14","1","0","0","299","299","151","437","213","1592","2087","84259","1412","239","false","519285","174","347","891","33096","35602","20560"
"2","0.1","1","false","false","false","true","false","false","false","1","1","1","0.25","1","0","0","0","100","0","0","0.1","10","2.5","2","60","1.6","0.4","20.5","6.7","16","8.21","365","14","1","0","0","299","299","152","399","200","1517","1940","84527","1417","249","false","519355","174","348","895","33120","35631","20575"
"2","0.1","1","false","false","false","true","false","false","false","1","1","1","0.25","1","0","0","0","100","0","0","0.1","10","2.5","2","60","1.6","0.4","20.5","6.7","16","8.21","365","14","1","0","0","299","299","153","363","193","1419","1812","84787","1426","249","false","519211","174","349","903","33143","35654","20585"
"2","0.1","1","false","false","false","true","false","false","false","1","1","1","0.25","1","0","0","0","100","0","0","0.1","10","2.5","2","60","1.6","0.4","20.5","6.7","16","8.21","365","14","1","0","0","299","299","154","336","169","1313","1709","85044","1429","225","false","519091","176","349","904","33164","35671","20595"
"2","0.1","1","false","false","false","true","false","false","false","1","1","1","0.25","1","0","0","0","100","0","0","0.1","10","2.5","2","60","1.6","0.4","20.5","6.7","16","8.21","365","14","1","0","0","299","299","155","295","166","1241","1593","85274","1431","214","false","519271","177","350","904","33179","35693","20612"
"2","0.1","1","false","false","false","true","false","false","false","1","1","1","0.25","1","0","0","0","100","0","0","0.1","10","2.5","2","60","1.6","0.4","20.5","6.7","16","8.21","365","14","1","0","0","299","299","156","259","164","1161","1505","85476","1435","195","false","519359","177","352","906","33194","35709","20620"
"2","0.1","1","false","false","false","true","false","false","false","1","1","1","0.25","1","0","0","0","100","0","0","0.1","10","2.5","2","60","1.6","0.4","20.5","6.7","16","8.21","365","14","1","0","0","299","299","157","232","148","1082","1415","85685","1438","188","false","519518","177","352","909","33206","35722","20635"
"2","0.1","1","false","false","false","true","false","false","false","1","1","1","0.25","1","0","0","0","100","0","0","0.1","10","2.5","2","60","1.6","0.4","20.5","6.7","16","8.21","365","14","1","0","0","299","299","158","206","141","1006","1305","85902","1440","177","false","519549","177","353","910","33218","35731","20645"
"2","0.1","1","false","false","false","true","false","false","false","1","1","1","0.25","1","0","0","0","100","0","0","0.1","10","2.5","2","60","1.6","0.4","20.5","6.7","16","8.21","365","14","1","0","0","299","299","159","189","117","939","1218","86087","1450","174","false","519617","179","353","918","33237","35751","20657"
"2","0.1","1","false","false","false","true","false","false","false","1","1","1","0.25","1","0","0","0","100","0","0","0.1","10","2.5","2","60","1.6","0.4","20.5","6.7","16","8.21","365","14","1","0","0","299","299","160","177","99","892","1110","86270","1452","155","false","519549","179","353","920","33250","35764","20666"
"2","0.1","1","false","false","false","true","false","false","false","1","1","1","0.25","1","0","0","0","100","0","0","0.1","10","2.5","2","60","1.6","0.4","20.5","6.7","16","8.21","365","14","1","0","0","299","299","161","162","79","846","1040","86420","1453","137","false","519716","179","354","920","33266","35782","20674"
"2","0.1","1","false","false","false","true","false","false","false","1","1","1","0.25","1","0","0","0","100","0","0","0.1","10","2.5","2","60","1.6","0.4","20.5","6.7","16","8.21","365","14","1","0","0","299","299","162","148","75","793","969","86560","1455","122","false","519878","180","355","920","33273","35785","20685"
"2","0.1","1","false","false","false","true","false","false","false","1","1","1","0.25","1","0","0","0","100","0","0","0.1","10","2.5","2","60","1.6","0.4","20.5","6.7","16","8.21","365","14","1","0","0","299","299","163","128","76","726","899","86714","1457","113","false","520008","180","355","922","33279","35795","20692"
"2","0.1","1","false","false","false","true","false","false","false","1","1","1","0.25","1","0","0","0","100","0","0","0.1","10","2.5","2","60","1.6","0.4","20.5","6.7","16","8.21","365","14","1","0","0","299","299","164","117","64","683","837","86839","1460","104","false","520075","181","355","924","33284","35807","20697"
"2","0.1","1","false","false","false","true","false","false","false","1","1","1","0.25","1","0","0","0","100","0","0","0.1","10","2.5","2","60","1.6","0.4","20.5","6.7","16","8.21","365","14","1","0","0","299","299","165","102","64","651","777","86946","1460","89","false","520123","181","355","924","33293","35815","20703"
"2","0.1","1","false","false","false","true","false","false","false","1","1","1","0.25","1","0","0","0","100","0","0","0.1","10","2.5","2","60","1.6","0.4","20.5","6.7","16","8.21","365","14","1","0","0","299","299","166","93","62","611","717","87056","1461","69","false","520274","181","356","924","33295","35822","20705"
"2","0.1","1","false","false","false","true","false","false","false","1","1","1","0.25","1","0","0","0","100","0","0","0.1","10","2.5","2","60","1.6","0.4","20.5","6.7","16","8.21","365","14","1","0","0","299","299","167","83","58","571","671","87154","1463","73","false","520467","181","357","925","33298","35834","20708"
"2","0.1","1","false","false","false","true","false","false","false","1","1","1","0.25","1","0","0","0","100","0","0","0.1","10","2.5","2","60","1.6","0.4","20.5","6.7","16","8.21","365","14","1","0","0","299","299","168","74","53","527","622","87258","1466","70","false","520404","181","358","927","33306","35837","20712"
"2","0.1","1","false","false","false","true","false","false","false","1","1","1","0.25","1","0","0","0","100","0","0","0.1","10","2.5","2","60","1.6","0.4","20.5","6.7","16","8.21","365","14","1","0","0","299","299","169","59","52","489","581","87351","1468","65","false","520396","182","359","927","33313","35841","20717"
"2","0.1","1","false","false","false","true","false","false","false","1","1","1","0.25","1","0","0","0","100","0","0","0.1","10","2.5","2","60","1.6","0.4","20.5","6.7","16","8.21","365","14","1","0","0","299","299","170","54","48","447","534","87448","1469","67","false","520414","182","359","928","33319","35842","20719"
"2","0.1","1","false","false","false","true","false","false","false","1","1","1","0.25","1","0","0","0","100","0","0","0.1","10","2.5","2","60","1.6","0.4","20.5","6.7","16","8.21","365","14","1","0","0","299","299","171","47","44","405","492","87539","1473","53","false","520402","182","360","931","33327","35846","20721"
"2","0.1","1","false","false","false","true","false","false","false","1","1","1","0.25","1","0","0","0","100","0","0","0.1","10","2.5","2","60","1.6","0.4","20.5","6.7","16","8.21","365","14","1","0","0","299","299","172","42","41","375","463","87604","1475","48","false","520486","182","362","931","33329","35853","20723"
"2","0.1","1","false","false","false","true","false","false","false","1","1","1","0.25","1","0","0","0","100","0","0","0.1","10","2.5","2","60","1.6","0.4","20.5","6.7","16","8.21","365","14","1","0","0","299","299","173","34","38","356","436","87659","1477","42","false","520540","182","362","933","33334","35855","20725"
"2","0.1","1","false","false","false","true","false","false","false","1","1","1","0.25","1","0","0","0","100","0","0","0.1","10","2.5","2","60","1.6","0.4","20.5","6.7","16","8.21","365","14","1","0","0","299","299","174","27","33","335","398","87730","1477","41","false","520586","182","362","933","33336","35860","20730"
"2","0.1","1","false","false","false","true","false","false","false","1","1","1","0.25","1","0","0","0","100","0","0","0.1","10","2.5","2","60","1.6","0.4","20.5","6.7","16","8.21","365","14","1","0","0","299","299","175","26","25","315","369","87788","1477","42","false","520588","182","362","933","33340","35862","20733"
"2","0.1","1","false","false","false","true","false","false","false","1","1","1","0.25","1","0","0","0","100","0","0","0.1","10","2.5","2","60","1.6","0.4","20.5","6.7","16","8.21","365","14","1","0","0","299","299","176","24","17","291","332","87858","1478","39","false","520577","182","363","933","33345","35866","20736"
"2","0.1","1","false","false","false","true","false","false","false","1","1","1","0.25","1","0","0","0","100","0","0","0.1","10","2.5","2","60","1.6","0.4","20.5","6.7","16","8.21","365","14","1","0","0","299","299","177","22","15","263","297","87925","1478","40","false","520597","182","363","933","33348","35870","20736"
"2","0.1","1","false","false","false","true","false","false","false","1","1","1","0.25","1","0","0","0","100","0","0","0.1","10","2.5","2","60","1.6","0.4","20.5","6.7","16","8.21","365","14","1","0","0","299","299","178","19","10","235","277","87980","1479","40","false","520592","182","363","934","33350","35873","20737"
"2","0.1","1","false","false","false","true","false","false","false","1","1","1","0.25","1","0","0","0","100","0","0","0.1","10","2.5","2","60","1.6","0.4","20.5","6.7","16","8.21","365","14","1","0","0","299","299","179","16","11","217","246","88031","1479","40","false","520580","182","363","934","33352","35874","20738"
"2","0.1","1","false","false","false","true","false","false","false","1","1","1","0.25","1","0","0","0","100","0","0","0.1","10","2.5","2","60","1.6","0.4","20.5","6.7","16","8.21","365","14","1","0","0","299","299","180","16","7","207","223","88068","1479","37","false","520580","182","363","934","33355","35877","20739"
"2","0.1","1","false","false","false","true","false","false","false","1","1","1","0.25","1","0","0","0","100","0","0","0.1","10","2.5","2","60","1.6","0.4","20.5","6.7","16","8.21","365","14","1","0","0","299","299","181","15","6","186","197","88117","1479","29","false","520609","182","363","934","33357","35878","20740"
"2","0.1","1","false","false","false","true","false","false","false","1","1","1","0.25","1","0","0","0","100","0","0","0.1","10","2.5","2","60","1.6","0.4","20.5","6.7","16","8.21","365","14","1","0","0","299","299","182","15","5","168","176","88157","1479","24","false","520687","182","363","934","33357","35879","20740"
"2","0.1","1","false","false","false","true","false","false","false","1","1","1","0.25","1","0","0","0","100","0","0","0.1","10","2.5","2","60","1.6","0.4","20.5","6.7","16","8.21","365","14","1","0","0","299","299","183","15","4","151","162","88188","1480","16","false","520730","182","363","935","33357","35880","20741"
"2","0.1","1","false","false","false","true","false","false","false","1","1","1","0.25","1","0","0","0","100","0","0","0.1","10","2.5","2","60","1.6","0.4","20.5","6.7","16","8.21","365","14","1","0","0","299","299","184","15","2","146","146","88211","1480","16","false","520796","182","363","935","33357","35885","20741"
"2","0.1","1","false","false","false","true","false","false","false","1","1","1","0.25","1","0","0","0","100","0","0","0.1","10","2.5","2","60","1.6","0.4","20.5","6.7","16","8.21","365","14","1","0","0","299","299","185","14","2","128","129","88247","1480","12","false","520796","182","363","935","33357","35886","20741"
"2","0.1","1","false","false","false","true","false","false","false","1","1","1","0.25","1","0","0","0","100","0","0","0.1","10","2.5","2","60","1.6","0.4","20.5","6.7","16","8.21","365","14","1","0","0","299","299","186","14","2","117","120","88266","1481","9","false","520831","182","363","936","33357","35886","20741"
"2","0.1","1","false","false","false","true","false","false","false","1","1","1","0.25","1","0","0","0","100","0","0","0.1","10","2.5","2","60","1.6","0.4","20.5","6.7","16","8.21","365","14","1","0","0","299","299","187","14","2","102","105","88296","1481","5","false","520853","182","363","936","33357","35886","20741"
"2","0.1","1","false","false","false","true","false","false","false","1","1","1","0.25","1","0","0","0","100","0","0","0.1","10","2.5","2","60","1.6","0.4","20.5","6.7","16","8.21","365","14","1","0","0","299","299","188","14","1","89","94","88321","1481","4","false","520900","182","363","936","33357","35886","20741"
"2","0.1","1","false","false","false","true","false","false","false","1","1","1","0.25","1","0","0","0","100","0","0","0.1","10","2.5","2","60","1.6","0.4","20.5","6.7","16","8.21","365","14","1","0","0","299","299","189","13","1","81","86","88337","1482","3","false","520912","182","364","936","33357","35886","20741"
"2","0.1","1","false","false","false","true","false","false","false","1","1","1","0.25","1","0","0","0","100","0","0","0.1","10","2.5","2","60","1.6","0.4","20.5","6.7","16","8.21","365","14","1","0","0","299","299","190","13","1","77","75","88352","1482","2","false","520913","182","364","936","33357","35886","20741"
"2","0.1","1","false","false","false","true","false","false","false","1","1","1","0.25","1","0","0","0","100","0","0","0.1","10","2.5","2","60","1.6","0.4","20.5","6.7","16","8.21","365","14","1","0","0","299","299","191","13","1","70","71","88363","1482","0","false","520923","182","364","936","33357","35886","20741"
"2","0.1","1","false","false","false","true","false","false","false","1","1","1","0.25","1","0","0","0","100","0","0","0.1","10","2.5","2","60","1.6","0.4","20.5","6.7","16","8.21","365","14","1","0","0","299","299","192","13","1","62","56","88386","1482","0","false","520946","182","364","936","33357","35888","20741"
"2","0.1","1","false","false","false","true","false","false","false","1","1","1","0.25","1","0","0","0","100","0","0","0.1","10","2.5","2","60","1.6","0.4","20.5","6.7","16","8.21","365","14","1","0","0","299","299","193","13","0","57","50","88396","1484","0","false","520946","182","364","938","33357","35888","20741"
"2","0.1","1","false","false","false","true","false","false","false","1","1","1","0.25","1","0","0","0","100","0","0","0.1","10","2.5","2","60","1.6","0.4","20.5","6.7","16","8.21","365","14","1","0","0","299","299","194","13","0","54","45","88404","1484","0","false","520922","182","364","938","33357","35888","20741"
"2","0.1","1","false","false","false","true","false","false","false","1","1","1","0.25","1","0","0","0","100","0","0","0.1","10","2.5","2","60","1.6","0.4","20.5","6.7","16","8.21","365","14","1","0","0","299","299","195","13","0","45","43","88415","1484","0","false","520922","182","364","938","33357","35888","20741"
"2","0.1","1","false","false","false","true","false","false","false","1","1","1","0.25","1","0","0","0","100","0","0","0.1","10","2.5","2","60","1.6","0.4","20.5","6.7","16","8.21","365","14","1","0","0","299","299","196","13","0","37","38","88428","1484","0","false","520922","182","364","938","33357","35888","20741"
"2","0.1","1","false","false","false","true","false","false","false","1","1","1","0.25","1","0","0","0","100","0","0","0.1","10","2.5","2","60","1.6","0.4","20.5","6.7","16","8.21","365","14","1","0","0","299","299","197","13","0","32","30","88440","1485","0","false","520922","183","364","938","33358","35888","20741"
"2","0.1","1","false","false","false","true","false","false","false","1","1","1","0.25","1","0","0","0","100","0","0","0.1","10","2.5","2","60","1.6","0.4","20.5","6.7","16","8.21","365","14","1","0","0","299","299","198","13","0","29","28","88445","1485","0","false","520910","183","364","938","33358","35888","20741"
"2","0.1","1","false","false","false","true","false","false","false","1","1","1","0.25","1","0","0","0","100","0","0","0.1","10","2.5","2","60","1.6","0.4","20.5","6.7","16","8.21","365","14","1","0","0","299","299","199","13","0","25","24","88453","1485","0","false","520910","183","364","938","33358","35888","20741"
"2","0.1","1","false","false","false","true","false","false","false","1","1","1","0.25","1","0","0","0","100","0","0","0.1","10","2.5","2","60","1.6","0.4","20.5","6.7","16","8.21","365","14","1","0","0","299","299","200","13","0","19","19","88464","1485","0","false","520910","183","364","938","33358","35888","20741"
"2","0.1","1","false","false","false","true","false","false","false","1","1","1","0.25","1","0","0","0","100","0","0","0.1","10","2.5","2","60","1.6","0.4","20.5","6.7","16","8.21","365","14","1","0","0","299","299","201","13","0","17","16","88469","1485","0","false","520910","183","364","938","33358","35888","20741"
"2","0.1","1","false","false","false","true","false","false","false","1","1","1","0.25","1","0","0","0","100","0","0","0.1","10","2.5","2","60","1.6","0.4","20.5","6.7","16","8.21","365","14","1","0","0","299","299","202","13","0","16","12","88474","1485","0","false","520910","183","364","938","33358","35888","20741"
"2","0.1","1","false","false","false","true","false","false","false","1","1","1","0.25","1","0","0","0","100","0","0","0.1","10","2.5","2","60","1.6","0.4","20.5","6.7","16","8.21","365","14","1","0","0","299","299","203","13","0","14","8","88480","1485","0","false","520910","183","364","938","33358","35888","20741"
"2","0.1","1","false","false","false","true","false","false","false","1","1","1","0.25","1","0","0","0","100","0","0","0.1","10","2.5","2","60","1.6","0.4","20.5","6.7","16","8.21","365","14","1","0","0","299","299","204","13","0","13","6","88483","1485","0","false","520910","183","364","938","33358","35888","20741"
"2","0.1","1","false","false","false","true","false","false","false","1","1","1","0.25","1","0","0","0","100","0","0","0.1","10","2.5","2","60","1.6","0.4","20.5","6.7","16","8.21","365","14","1","0","0","299","299","205","13","0","13","6","88483","1485","0","false","520910","183","364","938","33358","35888","20741"
"2","0.1","1","false","false","false","true","false","false","false","1","1","1","0.25","1","0","0","0","100","0","0","0.1","10","2.5","2","60","1.6","0.4","20.5","6.7","16","8.21","365","14","1","0","0","299","299","206","13","0","11","5","88486","1485","0","false","520910","183","364","938","33358","35888","20741"
"2","0.1","1","false","false","false","true","false","false","false","1","1","1","0.25","1","0","0","0","100","0","0","0.1","10","2.5","2","60","1.6","0.4","20.5","6.7","16","8.21","365","14","1","0","0","299","299","207","13","0","9","4","88489","1485","0","false","520910","183","364","938","33358","35888","20741"
"2","0.1","1","false","false","false","true","false","false","false","1","1","1","0.25","1","0","0","0","100","0","0","0.1","10","2.5","2","60","1.6","0.4","20.5","6.7","16","8.21","365","14","1","0","0","299","299","208","13","0","8","4","88490","1485","0","false","520910","183","364","938","33358","35888","20741"
"2","0.1","1","false","false","false","true","false","false","false","1","1","1","0.25","1","0","0","0","100","0","0","0.1","10","2.5","2","60","1.6","0.4","20.5","6.7","16","8.21","365","14","1","0","0","299","299","209","13","0","7","3","88492","1485","0","false","520910","183","364","938","33358","35888","20741"
"2","0.1","1","false","false","false","true","false","false","false","1","1","1","0.25","1","0","0","0","100","0","0","0.1","10","2.5","2","60","1.6","0.4","20.5","6.7","16","8.21","365","14","1","0","0","299","299","210","13","0","6","2","88494","1485","0","false","520910","183","364","938","33358","35888","20741"
"2","0.1","1","false","false","false","true","false","false","false","1","1","1","0.25","1","0","0","0","100","0","0","0.1","10","2.5","2","60","1.6","0.4","20.5","6.7","16","8.21","365","14","1","0","0","299","299","211","13","0","6","1","88495","1485","0","false","520910","183","364","938","33358","35888","20741"
"2","0.1","1","false","false","false","true","false","false","false","1","1","1","0.25","1","0","0","0","100","0","0","0.1","10","2.5","2","60","1.6","0.4","20.5","6.7","16","8.21","365","14","1","0","0","299","299","212","13","0","3","1","88498","1485","0","false","520910","183","364","938","33358","35888","20741"
"2","0.1","1","false","false","false","true","false","false","false","1","1","1","0.25","1","0","0","0","100","0","0","0.1","10","2.5","2","60","1.6","0.4","20.5","6.7","16","8.21","365","14","1","0","0","299","299","213","13","0","3","0","88499","1485","0","false","520910","183","364","938","33358","35888","20741"
"2","0.1","1","false","false","false","true","false","false","false","1","1","1","0.25","1","0","0","0","100","0","0","0.1","10","2.5","2","60","1.6","0.4","20.5","6.7","16","8.21","365","14","1","0","0","299","299","214","13","0","2","0","88500","1485","0","false","520910","183","364","938","33358","35888","20741"
"2","0.1","1","false","false","false","true","false","false","false","1","1","1","0.25","1","0","0","0","100","0","0","0.1","10","2.5","2","60","1.6","0.4","20.5","6.7","16","8.21","365","14","1","0","0","299","299","215","13","0","2","0","88500","1485","0","false","520910","183","364","938","33358","35888","20741"
"2","0.1","1","false","false","false","true","false","false","false","1","1","1","0.25","1","0","0","0","100","0","0","0.1","10","2.5","2","60","1.6","0.4","20.5","6.7","16","8.21","365","14","1","0","0","299","299","216","13","0","2","0","88500","1485","0","false","520910","183","364","938","33358","35888","20741"
"2","0.1","1","false","false","false","true","false","false","false","1","1","1","0.25","1","0","0","0","100","0","0","0.1","10","2.5","2","60","1.6","0.4","20.5","6.7","16","8.21","365","14","1","0","0","299","299","217","13","0","1","0","88501","1485","0","false","520910","183","364","938","33358","35888","20741"
"2","0.1","1","false","false","false","true","false","false","false","1","1","1","0.25","1","0","0","0","100","0","0","0.1","10","2.5","2","60","1.6","0.4","20.5","6.7","16","8.21","365","14","1","0","0","299","299","218","13","0","1","0","88501","1485","0","false","520910","183","364","938","33358","35888","20741"
"2","0.1","1","false","false","false","true","false","false","false","1","1","1","0.25","1","0","0","0","100","0","0","0.1","10","2.5","2","60","1.6","0.4","20.5","6.7","16","8.21","365","14","1","0","0","299","299","219","13","0","1","0","88501","1485","0","false","520910","183","364","938","33358","35888","20741"
"2","0.1","1","false","false","false","true","false","false","false","1","1","1","0.25","1","0","0","0","100","0","0","0.1","10","2.5","2","60","1.6","0.4","20.5","6.7","16","8.21","365","14","1","0","0","299","299","220","13","0","1","0","88501","1485","0","false","520910","183","364","938","33358","35888","20741"
"2","0.1","1","false","false","false","true","false","false","false","1","1","1","0.25","1","0","0","0","100","0","0","0.1","10","2.5","2","60","1.6","0.4","20.5","6.7","16","8.21","365","14","1","0","0","299","299","221","13","0","0","0","88502","1485","0","false","520910","183","364","938","33358","35888","20741"
"2","0.1","1","false","false","false","true","false","false","false","1","1","1","0.25","1","0","0","0","100","0","0","0.1","10","2.5","2","60","1.6","0.4","20.5","6.7","16","8.21","365","14","1","0","0","299","299","222","13","0","0","0","88502","1485","0","false","520910","183","364","938","33358","35888","20741"
"2","0.1","1","false","false","false","true","false","false","false","1","1","1","0.25","1","0","0","0","100","0","0","0.1","10","2.5","2","60","1.6","0.4","20.5","6.7","16","8.21","365","14","1","0","0","299","299","223","13","0","0","0","88502","1485","0","false","520910","183","364","938","33358","35888","20741"
"2","0.1","1","false","false","false","true","false","false","false","1","1","1","0.25","1","0","0","0","100","0","0","0.1","10","2.5","2","60","1.6","0.4","20.5","6.7","16","8.21","365","14","1","0","0","299","299","224","13","0","0","0","88502","1485","0","false","520910","183","364","938","33358","35888","20741"
"2","0.1","1","false","false","false","true","false","false","false","1","1","1","0.25","1","0","0","0","100","0","0","0.1","10","2.5","2","60","1.6","0.4","20.5","6.7","16","8.21","365","14","1","0","0","299","299","225","13","0","0","0","88502","1485","0","false","520910","183","364","938","33358","35888","20741"
"2","0.1","1","false","false","false","true","false","false","false","1","1","1","0.25","1","0","0","0","100","0","0","0.1","10","2.5","2","60","1.6","0.4","20.5","6.7","16","8.21","365","14","1","0","0","299","299","226","13","0","0","0","88502","1485","0","false","520910","183","364","938","33358","35888","20741"
"2","0.1","1","false","false","false","true","false","false","false","1","1","1","0.25","1","0","0","0","100","0","0","0.1","10","2.5","2","60","1.6","0.4","20.5","6.7","16","8.21","365","14","1","0","0","299","299","227","13","0","0","0","88502","1485","0","false","520910","183","364","938","33358","35888","20741"
"2","0.1","1","false","false","false","true","false","false","false","1","1","1","0.25","1","0","0","0","100","0","0","0.1","10","2.5","2","60","1.6","0.4","20.5","6.7","16","8.21","365","14","1","0","0","299","299","228","13","0","0","0","88502","1485","0","false","520910","183","364","938","33358","35888","20741"
"2","0.1","1","false","false","false","true","false","false","false","1","1","1","0.25","1","0","0","0","100","0","0","0.1","10","2.5","2","60","1.6","0.4","20.5","6.7","16","8.21","365","14","1","0","0","299","299","229","13","0","0","0","88502","1485","0","false","520910","183","364","938","33358","35888","20741"
"2","0.1","1","false","false","false","true","false","false","false","1","1","1","0.25","1","0","0","0","100","0","0","0.1","10","2.5","2","60","1.6","0.4","20.5","6.7","16","8.21","365","14","1","0","0","299","299","230","13","0","0","0","88502","1485","0","false","520910","183","364","938","33358","35888","20741"
"2","0.1","1","false","false","false","true","false","false","false","1","1","1","0.25","1","0","0","0","100","0","0","0.1","10","2.5","2","60","1.6","0.4","20.5","6.7","16","8.21","365","14","1","0","0","299","299","231","13","0","0","0","88502","1485","0","false","520910","183","364","938","33358","35888","20741"
"2","0.1","1","false","false","false","true","false","false","false","1","1","1","0.25","1","0","0","0","100","0","0","0.1","10","2.5","2","60","1.6","0.4","20.5","6.7","16","8.21","365","14","1","0","0","299","299","232","13","0","0","0","88502","1485","0","false","520910","183","364","938","33358","35888","20741"
"2","0.1","1","false","false","false","true","false","false","false","1","1","1","0.25","1","0","0","0","100","0","0","0.1","10","2.5","2","60","1.6","0.4","20.5","6.7","16","8.21","365","14","1","0","0","299","299","233","13","0","0","0","88502","1485","0","false","520910","183","364","938","33358","35888","20741"
"2","0.1","1","false","false","false","true","false","false","false","1","1","1","0.25","1","0","0","0","100","0","0","0.1","10","2.5","2","60","1.6","0.4","20.5","6.7","16","8.21","365","14","1","0","0","299","299","234","13","0","0","0","88502","1485","0","false","520910","183","364","938","33358","35888","20741"
"2","0.1","1","false","false","false","true","false","false","false","1","1","1","0.25","1","0","0","0","100","0","0","0.1","10","2.5","2","60","1.6","0.4","20.5","6.7","16","8.21","365","14","1","0","0","299","299","235","13","0","0","0","88502","1485","0","false","520910","183","364","938","33358","35888","20741"
"2","0.1","1","false","false","false","true","false","false","false","1","1","1","0.25","1","0","0","0","100","0","0","0.1","10","2.5","2","60","1.6","0.4","20.5","6.7","16","8.21","365","14","1","0","0","299","299","236","13","0","0","0","88502","1485","0","false","520910","183","364","938","33358","35888","20741"
"2","0.1","1","false","false","false","true","false","false","false","1","1","1","0.25","1","0","0","0","100","0","0","0.1","10","2.5","2","60","1.6","0.4","20.5","6.7","16","8.21","365","14","1","0","0","299","299","237","13","0","0","0","88502","1485","0","false","520910","183","364","938","33358","35888","20741"
"2","0.1","1","false","false","false","true","false","false","false","1","1","1","0.25","1","0","0","0","100","0","0","0.1","10","2.5","2","60","1.6","0.4","20.5","6.7","16","8.21","365","14","1","0","0","299","299","238","13","0","0","0","88502","1485","0","false","520910","183","364","938","33358","35888","20741"
"2","0.1","1","false","false","false","true","false","false","false","1","1","1","0.25","1","0","0","0","100","0","0","0.1","10","2.5","2","60","1.6","0.4","20.5","6.7","16","8.21","365","14","1","0","0","299","299","239","13","0","0","0","88502","1485","0","false","520910","183","364","938","33358","35888","20741"
"2","0.1","1","false","false","false","true","false","false","false","1","1","1","0.25","1","0","0","0","100","0","0","0.1","10","2.5","2","60","1.6","0.4","20.5","6.7","16","8.21","365","14","1","0","0","299","299","240","13","0","0","0","88502","1485","0","false","520910","183","364","938","33358","35888","20741"
"2","0.1","1","false","false","false","true","false","false","false","1","1","1","0.25","1","0","0","0","100","0","0","0.1","10","2.5","2","60","1.6","0.4","20.5","6.7","16","8.21","365","14","1","0","0","299","299","241","13","0","0","0","88502","1485","0","false","520910","183","364","938","33358","35888","20741"
"2","0.1","1","false","false","false","true","false","false","false","1","1","1","0.25","1","0","0","0","100","0","0","0.1","10","2.5","2","60","1.6","0.4","20.5","6.7","16","8.21","365","14","1","0","0","299","299","242","13","0","0","0","88502","1485","0","false","520910","183","364","938","33358","35888","20741"
"2","0.1","1","false","false","false","true","false","false","false","1","1","1","0.25","1","0","0","0","100","0","0","0.1","10","2.5","2","60","1.6","0.4","20.5","6.7","16","8.21","365","14","1","0","0","299","299","243","13","0","0","0","88502","1485","0","false","520910","183","364","938","33358","35888","20741"
"2","0.1","1","false","false","false","true","false","false","false","1","1","1","0.25","1","0","0","0","100","0","0","0.1","10","2.5","2","60","1.6","0.4","20.5","6.7","16","8.21","365","14","1","0","0","299","299","244","13","0","0","0","88502","1485","0","false","520910","183","364","938","33358","35888","20741"
"2","0.1","1","false","false","false","true","false","false","false","1","1","1","0.25","1","0","0","0","100","0","0","0.1","10","2.5","2","60","1.6","0.4","20.5","6.7","16","8.21","365","14","1","0","0","299","299","245","13","0","0","0","88502","1485","0","false","520910","183","364","938","33358","35888","20741"
"2","0.1","1","false","false","false","true","false","false","false","1","1","1","0.25","1","0","0","0","100","0","0","0.1","10","2.5","2","60","1.6","0.4","20.5","6.7","16","8.21","365","14","1","0","0","299","299","246","13","0","0","0","88502","1485","0","false","520910","183","364","938","33358","35888","20741"
"2","0.1","1","false","false","false","true","false","false","false","1","1","1","0.25","1","0","0","0","100","0","0","0.1","10","2.5","2","60","1.6","0.4","20.5","6.7","16","8.21","365","14","1","0","0","299","299","247","13","0","0","0","88502","1485","0","false","520910","183","364","938","33358","35888","20741"
"2","0.1","1","false","false","false","true","false","false","false","1","1","1","0.25","1","0","0","0","100","0","0","0.1","10","2.5","2","60","1.6","0.4","20.5","6.7","16","8.21","365","14","1","0","0","299","299","248","13","0","0","0","88502","1485","0","false","520910","183","364","938","33358","35888","20741"
"2","0.1","1","false","false","false","true","false","false","false","1","1","1","0.25","1","0","0","0","100","0","0","0.1","10","2.5","2","60","1.6","0.4","20.5","6.7","16","8.21","365","14","1","0","0","299","299","249","13","0","0","0","88502","1485","0","false","520910","183","364","938","33358","35888","20741"
"2","0.1","1","false","false","false","true","false","false","false","1","1","1","0.25","1","0","0","0","100","0","0","0.1","10","2.5","2","60","1.6","0.4","20.5","6.7","16","8.21","365","14","1","0","0","299","299","250","13","0","0","0","88502","1485","0","false","520910","183","364","938","33358","35888","20741"
"2","0.1","1","false","false","false","true","false","false","false","1","1","1","0.25","1","0","0","0","100","0","0","0.1","10","2.5","2","60","1.6","0.4","20.5","6.7","16","8.21","365","14","1","0","0","299","299","251","13","0","0","0","88502","1485","0","false","520910","183","364","938","33358","35888","20741"
"2","0.1","1","false","false","false","true","false","false","false","1","1","1","0.25","1","0","0","0","100","0","0","0.1","10","2.5","2","60","1.6","0.4","20.5","6.7","16","8.21","365","14","1","0","0","299","299","252","13","0","0","0","88502","1485","0","false","520910","183","364","938","33358","35888","20741"
"2","0.1","1","false","false","false","true","false","false","false","1","1","1","0.25","1","0","0","0","100","0","0","0.1","10","2.5","2","60","1.6","0.4","20.5","6.7","16","8.21","365","14","1","0","0","299","299","253","13","0","0","0","88502","1485","0","false","520910","183","364","938","33358","35888","20741"
"2","0.1","1","false","false","false","true","false","false","false","1","1","1","0.25","1","0","0","0","100","0","0","0.1","10","2.5","2","60","1.6","0.4","20.5","6.7","16","8.21","365","14","1","0","0","299","299","254","13","0","0","0","88502","1485","0","false","520910","183","364","938","33358","35888","20741"
"2","0.1","1","false","false","false","true","false","false","false","1","1","1","0.25","1","0","0","0","100","0","0","0.1","10","2.5","2","60","1.6","0.4","20.5","6.7","16","8.21","365","14","1","0","0","299","299","255","13","0","0","0","88502","1485","0","false","520910","183","364","938","33358","35888","20741"
"2","0.1","1","false","false","false","true","false","false","false","1","1","1","0.25","1","0","0","0","100","0","0","0.1","10","2.5","2","60","1.6","0.4","20.5","6.7","16","8.21","365","14","1","0","0","299","299","256","13","0","0","0","88502","1485","0","false","520910","183","364","938","33358","35888","20741"
"2","0.1","1","false","false","false","true","false","false","false","1","1","1","0.25","1","0","0","0","100","0","0","0.1","10","2.5","2","60","1.6","0.4","20.5","6.7","16","8.21","365","14","1","0","0","299","299","257","13","0","0","0","88502","1485","0","false","520910","183","364","938","33358","35888","20741"
"2","0.1","1","false","false","false","true","false","false","false","1","1","1","0.25","1","0","0","0","100","0","0","0.1","10","2.5","2","60","1.6","0.4","20.5","6.7","16","8.21","365","14","1","0","0","299","299","258","13","0","0","0","88502","1485","0","false","520910","183","364","938","33358","35888","20741"
"2","0.1","1","false","false","false","true","false","false","false","1","1","1","0.25","1","0","0","0","100","0","0","0.1","10","2.5","2","60","1.6","0.4","20.5","6.7","16","8.21","365","14","1","0","0","299","299","259","13","0","0","0","88502","1485","0","false","520910","183","364","938","33358","35888","20741"
"2","0.1","1","false","false","false","true","false","false","false","1","1","1","0.25","1","0","0","0","100","0","0","0.1","10","2.5","2","60","1.6","0.4","20.5","6.7","16","8.21","365","14","1","0","0","299","299","260","13","0","0","0","88502","1485","0","false","520910","183","364","938","33358","35888","20741"
"2","0.1","1","false","false","false","true","false","false","false","1","1","1","0.25","1","0","0","0","100","0","0","0.1","10","2.5","2","60","1.6","0.4","20.5","6.7","16","8.21","365","14","1","0","0","299","299","261","13","0","0","0","88502","1485","0","false","520910","183","364","938","33358","35888","20741"
"2","0.1","1","false","false","false","true","false","false","false","1","1","1","0.25","1","0","0","0","100","0","0","0.1","10","2.5","2","60","1.6","0.4","20.5","6.7","16","8.21","365","14","1","0","0","299","299","262","13","0","0","0","88502","1485","0","false","520910","183","364","938","33358","35888","20741"
"2","0.1","1","false","false","false","true","false","false","false","1","1","1","0.25","1","0","0","0","100","0","0","0.1","10","2.5","2","60","1.6","0.4","20.5","6.7","16","8.21","365","14","1","0","0","299","299","263","13","0","0","0","88502","1485","0","false","520910","183","364","938","33358","35888","20741"
"2","0.1","1","false","false","false","true","false","false","false","1","1","1","0.25","1","0","0","0","100","0","0","0.1","10","2.5","2","60","1.6","0.4","20.5","6.7","16","8.21","365","14","1","0","0","299","299","264","13","0","0","0","88502","1485","0","false","520910","183","364","938","33358","35888","20741"
"2","0.1","1","false","false","false","true","false","false","false","1","1","1","0.25","1","0","0","0","100","0","0","0.1","10","2.5","2","60","1.6","0.4","20.5","6.7","16","8.21","365","14","1","0","0","299","299","265","13","0","0","0","88502","1485","0","false","520910","183","364","938","33358","35888","20741"
"2","0.1","1","false","false","false","true","false","false","false","1","1","1","0.25","1","0","0","0","100","0","0","0.1","10","2.5","2","60","1.6","0.4","20.5","6.7","16","8.21","365","14","1","0","0","299","299","266","13","0","0","0","88502","1485","0","false","520910","183","364","938","33358","35888","20741"
"2","0.1","1","false","false","false","true","false","false","false","1","1","1","0.25","1","0","0","0","100","0","0","0.1","10","2.5","2","60","1.6","0.4","20.5","6.7","16","8.21","365","14","1","0","0","299","299","267","13","0","0","0","88502","1485","0","false","520910","183","364","938","33358","35888","20741"
"2","0.1","1","false","false","false","true","false","false","false","1","1","1","0.25","1","0","0","0","100","0","0","0.1","10","2.5","2","60","1.6","0.4","20.5","6.7","16","8.21","365","14","1","0","0","299","299","268","13","0","0","0","88502","1485","0","false","520910","183","364","938","33358","35888","20741"
"2","0.1","1","false","false","false","true","false","false","false","1","1","1","0.25","1","0","0","0","100","0","0","0.1","10","2.5","2","60","1.6","0.4","20.5","6.7","16","8.21","365","14","1","0","0","299","299","269","13","0","0","0","88502","1485","0","false","520910","183","364","938","33358","35888","20741"
"2","0.1","1","false","false","false","true","false","false","false","1","1","1","0.25","1","0","0","0","100","0","0","0.1","10","2.5","2","60","1.6","0.4","20.5","6.7","16","8.21","365","14","1","0","0","299","299","270","13","0","0","0","88502","1485","0","false","520910","183","364","938","33358","35888","20741"
"2","0.1","1","false","false","false","true","false","false","false","1","1","1","0.25","1","0","0","0","100","0","0","0.1","10","2.5","2","60","1.6","0.4","20.5","6.7","16","8.21","365","14","1","0","0","299","299","271","13","0","0","0","88502","1485","0","false","520910","183","364","938","33358","35888","20741"
"2","0.1","1","false","false","false","true","false","false","false","1","1","1","0.25","1","0","0","0","100","0","0","0.1","10","2.5","2","60","1.6","0.4","20.5","6.7","16","8.21","365","14","1","0","0","299","299","272","13","0","0","0","88502","1485","0","false","520910","183","364","938","33358","35888","20741"
"2","0.1","1","false","false","false","true","false","false","false","1","1","1","0.25","1","0","0","0","100","0","0","0.1","10","2.5","2","60","1.6","0.4","20.5","6.7","16","8.21","365","14","1","0","0","299","299","273","13","0","0","0","88502","1485","0","false","520910","183","364","938","33358","35888","20741"
"2","0.1","1","false","false","false","true","false","false","false","1","1","1","0.25","1","0","0","0","100","0","0","0.1","10","2.5","2","60","1.6","0.4","20.5","6.7","16","8.21","365","14","1","0","0","299","299","274","13","0","0","0","88502","1485","0","false","520910","183","364","938","33358","35888","20741"
"2","0.1","1","false","false","false","true","false","false","false","1","1","1","0.25","1","0","0","0","100","0","0","0.1","10","2.5","2","60","1.6","0.4","20.5","6.7","16","8.21","365","14","1","0","0","299","299","275","13","0","0","0","88502","1485","0","false","520910","183","364","938","33358","35888","20741"
"2","0.1","1","false","false","false","true","false","false","false","1","1","1","0.25","1","0","0","0","100","0","0","0.1","10","2.5","2","60","1.6","0.4","20.5","6.7","16","8.21","365","14","1","0","0","299","299","276","13","0","0","0","88502","1485","0","false","520910","183","364","938","33358","35888","20741"
"2","0.1","1","false","false","false","true","false","false","false","1","1","1","0.25","1","0","0","0","100","0","0","0.1","10","2.5","2","60","1.6","0.4","20.5","6.7","16","8.21","365","14","1","0","0","299","299","277","13","0","0","0","88502","1485","0","false","520910","183","364","938","33358","35888","20741"
"2","0.1","1","false","false","false","true","false","false","false","1","1","1","0.25","1","0","0","0","100","0","0","0.1","10","2.5","2","60","1.6","0.4","20.5","6.7","16","8.21","365","14","1","0","0","299","299","278","13","0","0","0","88502","1485","0","false","520910","183","364","938","33358","35888","20741"
"2","0.1","1","false","false","false","true","false","false","false","1","1","1","0.25","1","0","0","0","100","0","0","0.1","10","2.5","2","60","1.6","0.4","20.5","6.7","16","8.21","365","14","1","0","0","299","299","279","13","0","0","0","88502","1485","0","false","520910","183","364","938","33358","35888","20741"
"2","0.1","1","false","false","false","true","false","false","false","1","1","1","0.25","1","0","0","0","100","0","0","0.1","10","2.5","2","60","1.6","0.4","20.5","6.7","16","8.21","365","14","1","0","0","299","299","280","13","0","0","0","88502","1485","0","false","520910","183","364","938","33358","35888","20741"
"2","0.1","1","false","false","false","true","false","false","false","1","1","1","0.25","1","0","0","0","100","0","0","0.1","10","2.5","2","60","1.6","0.4","20.5","6.7","16","8.21","365","14","1","0","0","299","299","281","13","0","0","0","88502","1485","0","false","520910","183","364","938","33358","35888","20741"
"2","0.1","1","false","false","false","true","false","false","false","1","1","1","0.25","1","0","0","0","100","0","0","0.1","10","2.5","2","60","1.6","0.4","20.5","6.7","16","8.21","365","14","1","0","0","299","299","282","13","0","0","0","88502","1485","0","false","520910","183","364","938","33358","35888","20741"
"2","0.1","1","false","false","false","true","false","false","false","1","1","1","0.25","1","0","0","0","100","0","0","0.1","10","2.5","2","60","1.6","0.4","20.5","6.7","16","8.21","365","14","1","0","0","299","299","283","13","0","0","0","88502","1485","0","false","520910","183","364","938","33358","35888","20741"
"2","0.1","1","false","false","false","true","false","false","false","1","1","1","0.25","1","0","0","0","100","0","0","0.1","10","2.5","2","60","1.6","0.4","20.5","6.7","16","8.21","365","14","1","0","0","299","299","284","13","0","0","0","88502","1485","0","false","520910","183","364","938","33358","35888","20741"
"2","0.1","1","false","false","false","true","false","false","false","1","1","1","0.25","1","0","0","0","100","0","0","0.1","10","2.5","2","60","1.6","0.4","20.5","6.7","16","8.21","365","14","1","0","0","299","299","285","13","0","0","0","88502","1485","0","false","520910","183","364","938","33358","35888","20741"
"2","0.1","1","false","false","false","true","false","false","false","1","1","1","0.25","1","0","0","0","100","0","0","0.1","10","2.5","2","60","1.6","0.4","20.5","6.7","16","8.21","365","14","1","0","0","299","299","286","13","0","0","0","88502","1485","0","false","520910","183","364","938","33358","35888","20741"
"2","0.1","1","false","false","false","true","false","false","false","1","1","1","0.25","1","0","0","0","100","0","0","0.1","10","2.5","2","60","1.6","0.4","20.5","6.7","16","8.21","365","14","1","0","0","299","299","287","13","0","0","0","88502","1485","0","false","520910","183","364","938","33358","35888","20741"
"2","0.1","1","false","false","false","true","false","false","false","1","1","1","0.25","1","0","0","0","100","0","0","0.1","10","2.5","2","60","1.6","0.4","20.5","6.7","16","8.21","365","14","1","0","0","299","299","288","13","0","0","0","88502","1485","0","false","520910","183","364","938","33358","35888","20741"
"2","0.1","1","false","false","false","true","false","false","false","1","1","1","0.25","1","0","0","0","100","0","0","0.1","10","2.5","2","60","1.6","0.4","20.5","6.7","16","8.21","365","14","1","0","0","299","299","289","13","0","0","0","88502","1485","0","false","520910","183","364","938","33358","35888","20741"
"2","0.1","1","false","false","false","true","false","false","false","1","1","1","0.25","1","0","0","0","100","0","0","0.1","10","2.5","2","60","1.6","0.4","20.5","6.7","16","8.21","365","14","1","0","0","299","299","290","13","0","0","0","88502","1485","0","false","520910","183","364","938","33358","35888","20741"
"2","0.1","1","false","false","false","true","false","false","false","1","1","1","0.25","1","0","0","0","100","0","0","0.1","10","2.5","2","60","1.6","0.4","20.5","6.7","16","8.21","365","14","1","0","0","299","299","291","13","0","0","0","88502","1485","0","false","520910","183","364","938","33358","35888","20741"
"2","0.1","1","false","false","false","true","false","false","false","1","1","1","0.25","1","0","0","0","100","0","0","0.1","10","2.5","2","60","1.6","0.4","20.5","6.7","16","8.21","365","14","1","0","0","299","299","292","13","0","0","0","88502","1485","0","false","520910","183","364","938","33358","35888","20741"
"2","0.1","1","false","false","false","true","false","false","false","1","1","1","0.25","1","0","0","0","100","0","0","0.1","10","2.5","2","60","1.6","0.4","20.5","6.7","16","8.21","365","14","1","0","0","299","299","293","13","0","0","0","88502","1485","0","false","520910","183","364","938","33358","35888","20741"
"2","0.1","1","false","false","false","true","false","false","false","1","1","1","0.25","1","0","0","0","100","0","0","0.1","10","2.5","2","60","1.6","0.4","20.5","6.7","16","8.21","365","14","1","0","0","299","299","294","13","0","0","0","88502","1485","0","false","520910","183","364","938","33358","35888","20741"
"2","0.1","1","false","false","false","true","false","false","false","1","1","1","0.25","1","0","0","0","100","0","0","0.1","10","2.5","2","60","1.6","0.4","20.5","6.7","16","8.21","365","14","1","0","0","299","299","295","13","0","0","0","88502","1485","0","false","520910","183","364","938","33358","35888","20741"
"2","0.1","1","false","false","false","true","false","false","false","1","1","1","0.25","1","0","0","0","100","0","0","0.1","10","2.5","2","60","1.6","0.4","20.5","6.7","16","8.21","365","14","1","0","0","299","299","296","13","0","0","0","88502","1485","0","false","520910","183","364","938","33358","35888","20741"
"2","0.1","1","false","false","false","true","false","false","false","1","1","1","0.25","1","0","0","0","100","0","0","0.1","10","2.5","2","60","1.6","0.4","20.5","6.7","16","8.21","365","14","1","0","0","299","299","297","13","0","0","0","88502","1485","0","false","520910","183","364","938","33358","35888","20741"
"2","0.1","1","false","false","false","true","false","false","false","1","1","1","0.25","1","0","0","0","100","0","0","0.1","10","2.5","2","60","1.6","0.4","20.5","6.7","16","8.21","365","14","1","0","0","299","299","298","13","0","0","0","88502","1485","0","false","520910","183","364","938","33358","35888","20741"
"2","0.1","1","false","false","false","true","false","false","false","1","1","1","0.25","1","0","0","0","100","0","0","0.1","10","2.5","2","60","1.6","0.4","20.5","6.7","16","8.21","365","14","1","0","0","299","299","299","13","0","0","0","88502","1485","0","false","520910","183","364","938","33358","35888","20741"
"2","0.1","1","false","false","false","true","false","false","false","1","1","1","0.25","1","0","0","0","100","0","0","0.1","10","2.5","2","60","1.6","0.4","20.5","6.7","16","8.21","365","14","1","0","0","299","299","300","13","0","0","0","88502","1485","0","false","520910","183","364","938","33358","35888","20741"
"2","0.1","1","false","false","false","true","false","false","false","1","1","1","0.25","1","0","0","0","100","0","0","0.1","10","2.5","2","60","1.6","0.4","20.5","6.7","16","8.21","365","14","1","0","0","299","299","301","13","0","0","0","88502","1485","0","false","520910","183","364","938","33358","35888","20741"
"2","0.1","1","false","false","false","true","false","false","false","1","1","1","0.25","1","0","0","0","100","0","0","0.1","10","2.5","2","60","1.6","0.4","20.5","6.7","16","8.21","365","14","1","0","0","299","299","302","13","0","0","0","88502","1485","0","false","520910","183","364","938","33358","35888","20741"
"2","0.1","1","false","false","false","true","false","false","false","1","1","1","0.25","1","0","0","0","100","0","0","0.1","10","2.5","2","60","1.6","0.4","20.5","6.7","16","8.21","365","14","1","0","0","299","299","303","13","0","0","0","88502","1485","0","false","520910","183","364","938","33358","35888","20741"
"2","0.1","1","false","false","false","true","false","false","false","1","1","1","0.25","1","0","0","0","100","0","0","0.1","10","2.5","2","60","1.6","0.4","20.5","6.7","16","8.21","365","14","1","0","0","299","299","304","13","0","0","0","88502","1485","0","false","520910","183","364","938","33358","35888","20741"
"2","0.1","1","false","false","false","true","false","false","false","1","1","1","0.25","1","0","0","0","100","0","0","0.1","10","2.5","2","60","1.6","0.4","20.5","6.7","16","8.21","365","14","1","0","0","299","299","305","13","0","0","0","88502","1485","0","false","520910","183","364","938","33358","35888","20741"
"2","0.1","1","false","false","false","true","false","false","false","1","1","1","0.25","1","0","0","0","100","0","0","0.1","10","2.5","2","60","1.6","0.4","20.5","6.7","16","8.21","365","14","1","0","0","299","299","306","13","0","0","0","88502","1485","0","false","520910","183","364","938","33358","35888","20741"
"2","0.1","1","false","false","false","true","false","false","false","1","1","1","0.25","1","0","0","0","100","0","0","0.1","10","2.5","2","60","1.6","0.4","20.5","6.7","16","8.21","365","14","1","0","0","299","299","307","13","0","0","0","88502","1485","0","false","520910","183","364","938","33358","35888","20741"
"2","0.1","1","false","false","false","true","false","false","false","1","1","1","0.25","1","0","0","0","100","0","0","0.1","10","2.5","2","60","1.6","0.4","20.5","6.7","16","8.21","365","14","1","0","0","299","299","308","13","0","0","0","88502","1485","0","false","520910","183","364","938","33358","35888","20741"
"2","0.1","1","false","false","false","true","false","false","false","1","1","1","0.25","1","0","0","0","100","0","0","0.1","10","2.5","2","60","1.6","0.4","20.5","6.7","16","8.21","365","14","1","0","0","299","299","309","13","0","0","0","88502","1485","0","false","520910","183","364","938","33358","35888","20741"
"2","0.1","1","false","false","false","true","false","false","false","1","1","1","0.25","1","0","0","0","100","0","0","0.1","10","2.5","2","60","1.6","0.4","20.5","6.7","16","8.21","365","14","1","0","0","299","299","310","13","0","0","0","88502","1485","0","false","520910","183","364","938","33358","35888","20741"
"2","0.1","1","false","false","false","true","false","false","false","1","1","1","0.25","1","0","0","0","100","0","0","0.1","10","2.5","2","60","1.6","0.4","20.5","6.7","16","8.21","365","14","1","0","0","299","299","311","13","0","0","0","88502","1485","0","false","520910","183","364","938","33358","35888","20741"
"2","0.1","1","false","false","false","true","false","false","false","1","1","1","0.25","1","0","0","0","100","0","0","0.1","10","2.5","2","60","1.6","0.4","20.5","6.7","16","8.21","365","14","1","0","0","299","299","312","13","0","0","0","88502","1485","0","false","520910","183","364","938","33358","35888","20741"
"2","0.1","1","false","false","false","true","false","false","false","1","1","1","0.25","1","0","0","0","100","0","0","0.1","10","2.5","2","60","1.6","0.4","20.5","6.7","16","8.21","365","14","1","0","0","299","299","313","13","0","0","0","88502","1485","0","false","520910","183","364","938","33358","35888","20741"
"2","0.1","1","false","false","false","true","false","false","false","1","1","1","0.25","1","0","0","0","100","0","0","0.1","10","2.5","2","60","1.6","0.4","20.5","6.7","16","8.21","365","14","1","0","0","299","299","314","13","0","0","0","88502","1485","0","false","520910","183","364","938","33358","35888","20741"
"2","0.1","1","false","false","false","true","false","false","false","1","1","1","0.25","1","0","0","0","100","0","0","0.1","10","2.5","2","60","1.6","0.4","20.5","6.7","16","8.21","365","14","1","0","0","299","299","315","13","0","0","0","88502","1485","0","false","520910","183","364","938","33358","35888","20741"
"2","0.1","1","false","false","false","true","false","false","false","1","1","1","0.25","1","0","0","0","100","0","0","0.1","10","2.5","2","60","1.6","0.4","20.5","6.7","16","8.21","365","14","1","0","0","299","299","316","13","0","0","0","88502","1485","0","false","520910","183","364","938","33358","35888","20741"
"2","0.1","1","false","false","false","true","false","false","false","1","1","1","0.25","1","0","0","0","100","0","0","0.1","10","2.5","2","60","1.6","0.4","20.5","6.7","16","8.21","365","14","1","0","0","299","299","317","13","0","0","0","88502","1485","0","false","520910","183","364","938","33358","35888","20741"
"2","0.1","1","false","false","false","true","false","false","false","1","1","1","0.25","1","0","0","0","100","0","0","0.1","10","2.5","2","60","1.6","0.4","20.5","6.7","16","8.21","365","14","1","0","0","299","299","318","13","0","0","0","88502","1485","0","false","520910","183","364","938","33358","35888","20741"
"2","0.1","1","false","false","false","true","false","false","false","1","1","1","0.25","1","0","0","0","100","0","0","0.1","10","2.5","2","60","1.6","0.4","20.5","6.7","16","8.21","365","14","1","0","0","299","299","319","13","0","0","0","88502","1485","0","false","520910","183","364","938","33358","35888","20741"
"2","0.1","1","false","false","false","true","false","false","false","1","1","1","0.25","1","0","0","0","100","0","0","0.1","10","2.5","2","60","1.6","0.4","20.5","6.7","16","8.21","365","14","1","0","0","299","299","320","13","0","0","0","88502","1485","0","false","520910","183","364","938","33358","35888","20741"
"2","0.1","1","false","false","false","true","false","false","false","1","1","1","0.25","1","0","0","0","100","0","0","0.1","10","2.5","2","60","1.6","0.4","20.5","6.7","16","8.21","365","14","1","0","0","299","299","321","13","0","0","0","88502","1485","0","false","520910","183","364","938","33358","35888","20741"
"2","0.1","1","false","false","false","true","false","false","false","1","1","1","0.25","1","0","0","0","100","0","0","0.1","10","2.5","2","60","1.6","0.4","20.5","6.7","16","8.21","365","14","1","0","0","299","299","322","13","0","0","0","88502","1485","0","false","520910","183","364","938","33358","35888","20741"
"2","0.1","1","false","false","false","true","false","false","false","1","1","1","0.25","1","0","0","0","100","0","0","0.1","10","2.5","2","60","1.6","0.4","20.5","6.7","16","8.21","365","14","1","0","0","299","299","323","13","0","0","0","88502","1485","0","false","520910","183","364","938","33358","35888","20741"
"2","0.1","1","false","false","false","true","false","false","false","1","1","1","0.25","1","0","0","0","100","0","0","0.1","10","2.5","2","60","1.6","0.4","20.5","6.7","16","8.21","365","14","1","0","0","299","299","324","13","0","0","0","88502","1485","0","false","520910","183","364","938","33358","35888","20741"
"2","0.1","1","false","false","false","true","false","false","false","1","1","1","0.25","1","0","0","0","100","0","0","0.1","10","2.5","2","60","1.6","0.4","20.5","6.7","16","8.21","365","14","1","0","0","299","299","325","13","0","0","0","88502","1485","0","false","520910","183","364","938","33358","35888","20741"
"2","0.1","1","false","false","false","true","false","false","false","1","1","1","0.25","1","0","0","0","100","0","0","0.1","10","2.5","2","60","1.6","0.4","20.5","6.7","16","8.21","365","14","1","0","0","299","299","326","13","0","0","0","88502","1485","0","false","520910","183","364","938","33358","35888","20741"
"2","0.1","1","false","false","false","true","false","false","false","1","1","1","0.25","1","0","0","0","100","0","0","0.1","10","2.5","2","60","1.6","0.4","20.5","6.7","16","8.21","365","14","1","0","0","299","299","327","13","0","0","0","88502","1485","0","false","520910","183","364","938","33358","35888","20741"
"2","0.1","1","false","false","false","true","false","false","false","1","1","1","0.25","1","0","0","0","100","0","0","0.1","10","2.5","2","60","1.6","0.4","20.5","6.7","16","8.21","365","14","1","0","0","299","299","328","13","0","0","0","88502","1485","0","false","520910","183","364","938","33358","35888","20741"
"2","0.1","1","false","false","false","true","false","false","false","1","1","1","0.25","1","0","0","0","100","0","0","0.1","10","2.5","2","60","1.6","0.4","20.5","6.7","16","8.21","365","14","1","0","0","299","299","329","13","0","0","0","88502","1485","0","false","520910","183","364","938","33358","35888","20741"
"2","0.1","1","false","false","false","true","false","false","false","1","1","1","0.25","1","0","0","0","100","0","0","0.1","10","2.5","2","60","1.6","0.4","20.5","6.7","16","8.21","365","14","1","0","0","299","299","330","13","0","0","0","88502","1485","0","false","520910","183","364","938","33358","35888","20741"
"2","0.1","1","false","false","false","true","false","false","false","1","1","1","0.25","1","0","0","0","100","0","0","0.1","10","2.5","2","60","1.6","0.4","20.5","6.7","16","8.21","365","14","1","0","0","299","299","331","13","0","0","0","88502","1485","0","false","520910","183","364","938","33358","35888","20741"
"2","0.1","1","false","false","false","true","false","false","false","1","1","1","0.25","1","0","0","0","100","0","0","0.1","10","2.5","2","60","1.6","0.4","20.5","6.7","16","8.21","365","14","1","0","0","299","299","332","13","0","0","0","88502","1485","0","false","520910","183","364","938","33358","35888","20741"
"2","0.1","1","false","false","false","true","false","false","false","1","1","1","0.25","1","0","0","0","100","0","0","0.1","10","2.5","2","60","1.6","0.4","20.5","6.7","16","8.21","365","14","1","0","0","299","299","333","13","0","0","0","88502","1485","0","false","520910","183","364","938","33358","35888","20741"
"2","0.1","1","false","false","false","true","false","false","false","1","1","1","0.25","1","0","0","0","100","0","0","0.1","10","2.5","2","60","1.6","0.4","20.5","6.7","16","8.21","365","14","1","0","0","299","299","334","13","0","0","0","88502","1485","0","false","520910","183","364","938","33358","35888","20741"
"2","0.1","1","false","false","false","true","false","false","false","1","1","1","0.25","1","0","0","0","100","0","0","0.1","10","2.5","2","60","1.6","0.4","20.5","6.7","16","8.21","365","14","1","0","0","299","299","335","13","0","0","0","88502","1485","0","false","520910","183","364","938","33358","35888","20741"
"2","0.1","1","false","false","false","true","false","false","false","1","1","1","0.25","1","0","0","0","100","0","0","0.1","10","2.5","2","60","1.6","0.4","20.5","6.7","16","8.21","365","14","1","0","0","299","299","336","13","0","0","0","88502","1485","0","false","520910","183","364","938","33358","35888","20741"
"2","0.1","1","false","false","false","true","false","false","false","1","1","1","0.25","1","0","0","0","100","0","0","0.1","10","2.5","2","60","1.6","0.4","20.5","6.7","16","8.21","365","14","1","0","0","299","299","337","13","0","0","0","88502","1485","0","false","520910","183","364","938","33358","35888","20741"
"2","0.1","1","false","false","false","true","false","false","false","1","1","1","0.25","1","0","0","0","100","0","0","0.1","10","2.5","2","60","1.6","0.4","20.5","6.7","16","8.21","365","14","1","0","0","299","299","338","13","0","0","0","88502","1485","0","false","520910","183","364","938","33358","35888","20741"
"2","0.1","1","false","false","false","true","false","false","false","1","1","1","0.25","1","0","0","0","100","0","0","0.1","10","2.5","2","60","1.6","0.4","20.5","6.7","16","8.21","365","14","1","0","0","299","299","339","13","0","0","0","88502","1485","0","false","520910","183","364","938","33358","35888","20741"
"2","0.1","1","false","false","false","true","false","false","false","1","1","1","0.25","1","0","0","0","100","0","0","0.1","10","2.5","2","60","1.6","0.4","20.5","6.7","16","8.21","365","14","1","0","0","299","299","340","13","0","0","0","88502","1485","0","false","520910","183","364","938","33358","35888","20741"
"2","0.1","1","false","false","false","true","false","false","false","1","1","1","0.25","1","0","0","0","100","0","0","0.1","10","2.5","2","60","1.6","0.4","20.5","6.7","16","8.21","365","14","1","0","0","299","299","341","13","0","0","0","88502","1485","0","false","520910","183","364","938","33358","35888","20741"
"2","0.1","1","false","false","false","true","false","false","false","1","1","1","0.25","1","0","0","0","100","0","0","0.1","10","2.5","2","60","1.6","0.4","20.5","6.7","16","8.21","365","14","1","0","0","299","299","342","13","0","0","0","88502","1485","0","false","520910","183","364","938","33358","35888","20741"
"2","0.1","1","false","false","false","true","false","false","false","1","1","1","0.25","1","0","0","0","100","0","0","0.1","10","2.5","2","60","1.6","0.4","20.5","6.7","16","8.21","365","14","1","0","0","299","299","343","13","0","0","0","88502","1485","0","false","520910","183","364","938","33358","35888","20741"
"2","0.1","1","false","false","false","true","false","false","false","1","1","1","0.25","1","0","0","0","100","0","0","0.1","10","2.5","2","60","1.6","0.4","20.5","6.7","16","8.21","365","14","1","0","0","299","299","344","13","0","0","0","88502","1485","0","false","520910","183","364","938","33358","35888","20741"
"2","0.1","1","false","false","false","true","false","false","false","1","1","1","0.25","1","0","0","0","100","0","0","0.1","10","2.5","2","60","1.6","0.4","20.5","6.7","16","8.21","365","14","1","0","0","299","299","345","13","0","0","0","88502","1485","0","false","520910","183","364","938","33358","35888","20741"
"2","0.1","1","false","false","false","true","false","false","false","1","1","1","0.25","1","0","0","0","100","0","0","0.1","10","2.5","2","60","1.6","0.4","20.5","6.7","16","8.21","365","14","1","0","0","299","299","346","13","0","0","0","88502","1485","0","false","520910","183","364","938","33358","35888","20741"
"2","0.1","1","false","false","false","true","false","false","false","1","1","1","0.25","1","0","0","0","100","0","0","0.1","10","2.5","2","60","1.6","0.4","20.5","6.7","16","8.21","365","14","1","0","0","299","299","347","13","0","0","0","88502","1485","0","false","520910","183","364","938","33358","35888","20741"
"2","0.1","1","false","false","false","true","false","false","false","1","1","1","0.25","1","0","0","0","100","0","0","0.1","10","2.5","2","60","1.6","0.4","20.5","6.7","16","8.21","365","14","1","0","0","299","299","348","13","0","0","0","88502","1485","0","false","520910","183","364","938","33358","35888","20741"
"2","0.1","1","false","false","false","true","false","false","false","1","1","1","0.25","1","0","0","0","100","0","0","0.1","10","2.5","2","60","1.6","0.4","20.5","6.7","16","8.21","365","14","1","0","0","299","299","349","13","0","0","0","88502","1485","0","false","520910","183","364","938","33358","35888","20741"
"2","0.1","1","false","false","false","true","false","false","false","1","1","1","0.25","1","0","0","0","100","0","0","0.1","10","2.5","2","60","1.6","0.4","20.5","6.7","16","8.21","365","14","1","0","0","299","299","350","13","0","0","0","88502","1485","0","false","520910","183","364","938","33358","35888","20741"
"2","0.1","1","false","false","false","true","false","false","false","1","1","1","0.25","1","0","0","0","100","0","0","0.1","10","2.5","2","60","1.6","0.4","20.5","6.7","16","8.21","365","14","1","0","0","299","299","351","13","0","0","0","88502","1485","0","false","520910","183","364","938","33358","35888","20741"
"2","0.1","1","false","false","false","true","false","false","false","1","1","1","0.25","1","0","0","0","100","0","0","0.1","10","2.5","2","60","1.6","0.4","20.5","6.7","16","8.21","365","14","1","0","0","299","299","352","13","0","0","0","88502","1485","0","false","520910","183","364","938","33358","35888","20741"
"2","0.1","1","false","false","false","true","false","false","false","1","1","1","0.25","1","0","0","0","100","0","0","0.1","10","2.5","2","60","1.6","0.4","20.5","6.7","16","8.21","365","14","1","0","0","299","299","353","13","0","0","0","88502","1485","0","false","520910","183","364","938","33358","35888","20741"
"2","0.1","1","false","false","false","true","false","false","false","1","1","1","0.25","1","0","0","0","100","0","0","0.1","10","2.5","2","60","1.6","0.4","20.5","6.7","16","8.21","365","14","1","0","0","299","299","354","13","0","0","0","88502","1485","0","false","520910","183","364","938","33358","35888","20741"
"2","0.1","1","false","false","false","true","false","false","false","1","1","1","0.25","1","0","0","0","100","0","0","0.1","10","2.5","2","60","1.6","0.4","20.5","6.7","16","8.21","365","14","1","0","0","299","299","355","13","0","0","0","88502","1485","0","false","520910","183","364","938","33358","35888","20741"
"2","0.1","1","false","false","false","true","false","false","false","1","1","1","0.25","1","0","0","0","100","0","0","0.1","10","2.5","2","60","1.6","0.4","20.5","6.7","16","8.21","365","14","1","0","0","299","299","356","13","0","0","0","88502","1485","0","false","520910","183","364","938","33358","35888","20741"
"2","0.1","1","false","false","false","true","false","false","false","1","1","1","0.25","1","0","0","0","100","0","0","0.1","10","2.5","2","60","1.6","0.4","20.5","6.7","16","8.21","365","14","1","0","0","299","299","357","13","0","0","0","88502","1485","0","false","520910","183","364","938","33358","35888","20741"
"2","0.1","1","false","false","false","true","false","false","false","1","1","1","0.25","1","0","0","0","100","0","0","0.1","10","2.5","2","60","1.6","0.4","20.5","6.7","16","8.21","365","14","1","0","0","299","299","358","13","0","0","0","88502","1485","0","false","520910","183","364","938","33358","35888","20741"
"2","0.1","1","false","false","false","true","false","false","false","1","1","1","0.25","1","0","0","0","100","0","0","0.1","10","2.5","2","60","1.6","0.4","20.5","6.7","16","8.21","365","14","1","0","0","299","299","359","13","0","0","0","88502","1485","0","false","520910","183","364","938","33358","35888","20741"
"2","0.1","1","false","false","false","true","false","false","false","1","1","1","0.25","1","0","0","0","100","0","0","0.1","10","2.5","2","60","1.6","0.4","20.5","6.7","16","8.21","365","14","1","0","0","299","299","360","13","0","0","0","88502","1485","0","false","520910","183","364","938","33358","35888","20741"
"2","0.1","1","false","false","false","true","false","false","false","1","1","1","0.25","1","0","0","0","100","0","0","0.1","10","2.5","2","60","1.6","0.4","20.5","6.7","16","8.21","365","14","1","0","0","299","299","361","13","0","0","0","88502","1485","0","false","520910","183","364","938","33358","35888","20741"
"2","0.1","1","false","false","false","true","false","false","false","1","1","1","0.25","1","0","0","0","100","0","0","0.1","10","2.5","2","60","1.6","0.4","20.5","6.7","16","8.21","365","14","1","0","0","299","299","362","13","0","0","0","88502","1485","0","false","520910","183","364","938","33358","35888","20741"
"2","0.1","1","false","false","false","true","false","false","false","1","1","1","0.25","1","0","0","0","100","0","0","0.1","10","2.5","2","60","1.6","0.4","20.5","6.7","16","8.21","365","14","1","0","0","299","299","363","13","0","0","0","88502","1485","0","false","520910","183","364","938","33358","35888","20741"
"2","0.1","1","false","false","false","true","false","false","false","1","1","1","0.25","1","0","0","0","100","0","0","0.1","10","2.5","2","60","1.6","0.4","20.5","6.7","16","8.21","365","14","1","0","0","299","299","364","13","0","0","0","88502","1485","0","false","520910","183","364","938","33358","35888","20741"
"2","0.1","1","false","false","false","true","false","false","false","1","1","1","0.25","1","0","0","0","100","0","0","0.1","10","2.5","2","60","1.6","0.4","20.5","6.7","16","8.21","365","14","1","0","0","299","299","365","13","0","0","0","88502","1485","0","false","520910","183","364","938","33358","35888","20741"
"3","0.1","1","false","false","false","true","false","false","false","1","1","1","0.25","1","0","0","0","100","0","0","0.2","10","2.5","2","60","1.6","0.4","20.5","6.7","16","8.21","365","14","1","0","0","299","299","0","89910","90","0","0","0","0","0","false","0","0","0","0","0","0","0"
"3","0.1","1","false","false","false","true","false","false","false","1","1","1","0.25","1","0","0","0","100","0","0","0.2","10","2.5","2","60","1.6","0.4","20.5","6.7","16","8.21","365","14","1","0","0","299","299","1","89910","86","0","4","0","0","0","false","538612","0","0","0","0","1","1"
"3","0.1","1","false","false","false","true","false","false","false","1","1","1","0.25","1","0","0","0","100","0","0","0.2","10","2.5","2","60","1.6","0.4","20.5","6.7","16","8.21","365","14","1","0","0","299","299","2","89903","75","0","22","0","0","0","false","538612","0","0","0","6","6","2"
"3","0.1","1","false","false","false","true","false","false","false","1","1","1","0.25","1","0","0","0","100","0","0","0.2","10","2.5","2","60","1.6","0.4","20.5","6.7","16","8.21","365","14","1","0","0","299","299","3","89874","91","1","34","0","0","0","false","538612","0","0","0","9","9","4"
"3","0.1","1","false","false","false","true","false","false","false","1","1","1","0.25","1","0","0","0","100","0","0","0.2","10","2.5","2","60","1.6","0.4","20.5","6.7","16","8.21","365","14","1","0","0","299","299","4","89831","108","3","58","0","0","0","false","538612","0","0","0","21","14","8"
"3","0.1","1","false","false","false","true","false","false","false","1","1","1","0.25","1","0","0","0","100","0","0","0.2","10","2.5","2","60","1.6","0.4","20.5","6.7","16","8.21","365","14","1","0","0","299","299","5","89774","143","9","74","0","0","0","false","538612","0","0","0","27","21","13"
"3","0.1","1","false","false","false","true","false","false","false","1","1","1","0.25","1","0","0","0","100","0","0","0.2","10","2.5","2","60","1.6","0.4","20.5","6.7","16","8.21","365","14","1","0","0","299","299","6","89684","209","15","92","0","0","0","false","538612","0","0","0","38","29","14"
"3","0.1","1","false","false","false","true","false","false","false","1","1","1","0.25","1","0","0","0","100","0","0","0.2","10","2.5","2","60","1.6","0.4","20.5","6.7","16","8.21","365","14","1","0","0","299","299","7","89605","251","22","122","0","0","0","false","538612","0","0","0","45","44","19"
"3","0.1","1","false","false","false","true","false","false","false","1","1","1","0.25","1","0","0","0","100","0","0","0.2","10","2.5","2","60","1.6","0.4","20.5","6.7","16","8.21","365","14","1","0","0","299","299","8","89480","327","33","160","0","0","0","false","538612","0","0","0","65","59","23"
"3","0.1","1","false","false","false","true","false","false","false","1","1","1","0.25","1","0","0","0","100","0","0","0.2","10","2.5","2","60","1.6","0.4","20.5","6.7","16","8.21","365","14","1","0","0","299","299","9","89344","407","45","204","0","0","0","false","538612","0","0","0","78","84","27"
"3","0.1","1","false","false","false","true","false","false","false","1","1","1","0.25","1","0","0","0","100","0","0","0.2","10","2.5","2","60","1.6","0.4","20.5","6.7","16","8.21","365","14","1","0","0","299","299","10","89221","461","61","257","0","0","0","false","538612","0","0","0","96","108","38"
"3","0.1","1","false","false","false","true","false","false","false","1","1","1","0.25","1","0","0","0","100","0","0","0.2","10","2.5","2","60","1.6","0.4","20.5","6.7","16","8.21","365","14","1","0","0","299","299","11","89057","525","82","336","0","0","0","false","538612","0","0","0","125","145","55"
"3","0.1","1","false","false","false","true","false","false","false","1","1","1","0.25","1","0","0","0","100","0","0","0.2","10","2.5","2","60","1.6","0.4","20.5","6.7","16","8.21","365","14","1","0","0","299","299","12","88857","606","108","429","0","0","0","false","538612","0","0","0","165","183","74"
"3","0.1","1","false","false","false","true","false","false","false","1","1","1","0.25","1","0","0","0","100","0","0","0.2","10","2.5","2","60","1.6","0.4","20.5","6.7","16","8.21","365","14","1","0","0","299","299","13","88658","691","136","515","0","0","0","false","538612","0","0","0","211","213","98"
"3","0.1","1","false","false","false","true","false","false","false","1","1","1","0.25","1","0","0","0","100","0","0","0.2","10","2.5","2","60","1.6","0.4","20.5","6.7","16","8.21","365","14","1","0","0","299","299","14","88436","749","170","645","0","0","0","false","538612","0","0","0","264","273","131"
"3","0.1","1","false","false","false","true","false","false","false","1","1","1","0.25","1","0","0","0","100","0","0","0.2","10","2.5","2","60","1.6","0.4","20.5","6.7","16","8.21","365","14","1","0","0","299","299","15","88151","897","222","730","0","0","0","false","538612","0","0","0","305","342","157"
"3","0.1","1","false","false","false","true","false","false","false","1","1","1","0.25","1","0","0","0","100","0","0","0.2","10","2.5","2","60","1.6","0.4","20.5","6.7","16","8.21","365","14","1","0","0","299","299","16","87869","1000","268","863","0","0","3","false","538612","0","0","0","356","408","198"
"3","0.1","1","false","false","false","true","false","false","false","1","1","1","0.25","1","0","0","0","100","0","0","0.2","10","2.5","2","60","1.6","0.4","20.5","6.7","16","8.21","365","14","1","0","0","299","299","17","87578","1124","313","981","4","0","12","false","538576","0","0","0","412","465","235"
"3","0.1","1","false","false","false","true","false","false","false","1","1","1","0.25","1","0","0","0","100","0","0","0.2","10","2.5","2","60","1.6","0.4","20.5","6.7","16","8.21","365","14","1","0","0","299","299","18","87253","1200","379","1161","6","1","23","false","538486","0","1","0","478","554","285"
"3","0.1","1","false","false","false","true","false","false","false","1","1","1","0.25","1","0","0","0","100","0","0","0.2","10","2.5","2","60","1.6","0.4","20.5","6.7","16","8.21","365","14","1","0","0","299","299","19","86896","1291","435","1365","12","1","62","false","538360","0","1","0","565","634","332"
"3","0.1","1","false","false","false","true","false","false","false","1","1","1","0.25","1","0","0","0","100","0","0","0.2","10","2.5","2","60","1.6","0.4","20.5","6.7","16","8.21","365","14","1","0","0","299","299","20","86561","1346","520","1555","17","1","101","false","537957","0","1","0","673","723","392"
"3","0.1","1","false","false","false","true","false","false","false","1","1","1","0.25","1","0","0","0","100","0","0","0.2","10","2.5","2","60","1.6","0.4","20.5","6.7","16","8.21","365","14","1","0","0","299","299","21","86156","1457","616","1750","20","1","126","false","537591","0","1","0","777","830","459"
"3","0.1","1","false","false","false","true","false","false","false","1","1","1","0.25","1","0","0","0","100","0","0","0.2","10","2.5","2","60","1.6","0.4","20.5","6.7","16","8.21","365","14","1","0","0","299","299","22","85744","1542","720","1968","23","3","205","false","537343","0","2","1","880","958","523"
"3","0.1","1","false","false","false","true","false","false","false","1","1","1","0.25","1","0","0","0","100","0","0","0.2","10","2.5","2","60","1.6","0.4","20.5","6.7","16","8.21","365","14","1","0","0","299","299","23","85313","1643","827","2182","32","3","255","false","536541","0","2","1","986","1080","589"
"3","0.1","1","false","false","false","true","false","false","false","1","1","1","0.25","1","0","0","0","100","0","0","0.2","10","2.5","2","60","1.6","0.4","20.5","6.7","16","8.21","365","14","1","0","0","299","299","24","84860","1724","932","2429","50","5","294","false","536066","0","2","3","1104","1227","674"
"3","0.1","1","false","false","false","true","false","false","false","1","1","1","0.25","1","0","0","0","100","0","0","0.2","10","2.5","2","60","1.6","0.4","20.5","6.7","16","8.21","365","14","1","0","0","299","299","25","84418","1782","1072","2644","79","5","363","false","535665","0","2","3","1240","1375","758"
"3","0.1","1","false","false","false","true","false","false","false","1","1","1","0.25","1","0","0","0","100","0","0","0.2","10","2.5","2","60","1.6","0.4","20.5","6.7","16","8.21","365","14","1","0","0","299","299","26","83949","1871","1189","2878","105","8","407","false","534976","1","3","4","1384","1503","842"
"3","0.1","1","false","false","false","true","false","false","false","1","1","1","0.25","1","0","0","0","100","0","0","0.2","10","2.5","2","60","1.6","0.4","20.5","6.7","16","8.21","365","14","1","0","0","299","299","27","83409","2000","1336","3108","138","9","422","false","534518","1","3","5","1549","1665","928"
"3","0.1","1","false","false","false","true","false","false","false","1","1","1","0.25","1","0","0","0","100","0","0","0.2","10","2.5","2","60","1.6","0.4","20.5","6.7","16","8.21","365","14","1","0","0","299","299","28","82859","2085","1468","3408","171","9","532","false","534354","1","3","5","1712","1832","1029"
"3","0.1","1","false","false","false","true","false","false","false","1","1","1","0.25","1","0","0","0","100","0","0","0.2","10","2.5","2","60","1.6","0.4","20.5","6.7","16","8.21","365","14","1","0","0","299","299","29","82264","2198","1599","3710","219","10","626","false","533340","1","3","6","1859","2014","1130"
"3","0.1","1","false","false","false","true","false","false","false","1","1","1","0.25","1","0","0","0","100","0","0","0.2","10","2.5","2","60","1.6","0.4","20.5","6.7","16","8.21","365","14","1","0","0","299","299","30","81638","2364","1740","3950","295","13","677","false","532407","1","4","8","2007","2187","1228"
"3","0.1","1","false","false","false","true","false","false","false","1","1","1","0.25","1","0","0","0","100","0","0","0.2","10","2.5","2","60","1.6","0.4","20.5","6.7","16","8.21","365","14","1","0","0","299","299","31","81033","2451","1901","4237","364","14","764","false","531876","1","4","9","2191","2383","1338"
"3","0.1","1","false","false","false","true","false","false","false","1","1","1","0.25","1","0","0","0","100","0","0","0.2","10","2.5","2","60","1.6","0.4","20.5","6.7","16","8.21","365","14","1","0","0","299","299","32","80373","2577","2076","4528","430","16","820","false","530991","1","5","10","2382","2586","1463"
"3","0.1","1","false","false","false","true","false","false","false","1","1","1","0.25","1","0","0","0","100","0","0","0.2","10","2.5","2","60","1.6","0.4","20.5","6.7","16","8.21","365","14","1","0","0","299","299","33","79703","2667","2241","4848","523","18","941","false","530461","1","6","11","2565","2818","1590"
"3","0.1","1","false","false","false","true","false","false","false","1","1","1","0.25","1","0","0","0","100","0","0","0.2","10","2.5","2","60","1.6","0.4","20.5","6.7","16","8.21","365","14","1","0","0","299","299","34","78962","2832","2426","5133","626","21","1007","false","529259","1","7","13","2778","3034","1716"
"3","0.1","1","false","false","false","true","false","false","false","1","1","1","0.25","1","0","0","0","100","0","0","0.2","10","2.5","2","60","1.6","0.4","20.5","6.7","16","8.21","365","14","1","0","0","299","299","35","78256","2856","2585","5513","768","22","1064","false","528572","2","7","13","2991","3287","1887"
"3","0.1","1","false","false","false","true","false","false","false","1","1","1","0.25","1","0","0","0","100","0","0","0.2","10","2.5","2","60","1.6","0.4","20.5","6.7","16","8.21","365","14","1","0","0","299","299","36","77477","2985","2798","5810","907","23","1117","false","528024","3","7","13","3219","3560","2017"
"3","0.1","1","false","false","false","true","false","false","false","1","1","1","0.25","1","0","0","0","100","0","0","0.2","10","2.5","2","60","1.6","0.4","20.5","6.7","16","8.21","365","14","1","0","0","299","299","37","76696","3097","2987","6118","1074","28","1246","false","527484","4","8","16","3426","3837","2166"
"3","0.1","1","false","false","false","true","false","false","false","1","1","1","0.25","1","0","0","0","100","0","0","0.2","10","2.5","2","60","1.6","0.4","20.5","6.7","16","8.21","365","14","1","0","0","299","299","38","75849","3254","3154","6458","1250","35","1355","false","526191","5","10","20","3674","4098","2321"
"3","0.1","1","false","false","false","true","false","false","false","1","1","1","0.25","1","0","0","0","100","0","0","0.2","10","2.5","2","60","1.6","0.4","20.5","6.7","16","8.21","365","14","1","0","0","299","299","39","75041","3347","3367","6785","1424","36","1482","false","525059","5","10","21","3947","4370","2468"
"3","0.1","1","false","false","false","true","false","false","false","1","1","1","0.25","1","0","0","0","100","0","0","0.2","10","2.5","2","60","1.6","0.4","20.5","6.7","16","8.21","365","14","1","0","0","299","299","40","74178","3430","3564","7165","1624","39","1592","false","523834","5","11","23","4229","4678","2622"
"3","0.1","1","false","false","false","true","false","false","false","1","1","1","0.25","1","0","0","0","100","0","0","0.2","10","2.5","2","60","1.6","0.4","20.5","6.7","16","8.21","365","14","1","0","0","299","299","41","73288","3542","3771","7512","1844","43","1719","false","522696","5","12","26","4520","4964","2805"
"3","0.1","1","false","false","false","true","false","false","false","1","1","1","0.25","1","0","0","0","100","0","0","0.2","10","2.5","2","60","1.6","0.4","20.5","6.7","16","8.21","365","14","1","0","0","299","299","42","72379","3657","3946","7855","2114","49","1728","false","521422","7","13","29","4788","5291","2985"
"3","0.1","1","false","false","false","true","false","false","false","1","1","1","0.25","1","0","0","0","100","0","0","0.2","10","2.5","2","60","1.6","0.4","20.5","6.7","16","8.21","365","14","1","0","0","299","299","43","71458","3754","4166","8200","2369","53","1788","false","521202","10","13","30","5065","5607","3171"
"3","0.1","1","false","false","false","true","false","false","false","1","1","1","0.25","1","0","0","0","100","0","0","0.2","10","2.5","2","60","1.6","0.4","20.5","6.7","16","8.21","365","14","1","0","0","299","299","44","70495","3832","4353","8590","2669","61","1829","false","520503","10","15","36","5375","5972","3362"
"3","0.1","1","false","false","false","true","false","false","false","1","1","1","0.25","1","0","0","0","100","0","0","0.2","10","2.5","2","60","1.6","0.4","20.5","6.7","16","8.21","365","14","1","0","0","299","299","45","69482","3994","4551","8919","2989","65","1971","false","519917","11","16","38","5695","6286","3565"
"3","0.1","1","false","false","false","true","false","false","false","1","1","1","0.25","1","0","0","0","100","0","0","0.2","10","2.5","2","60","1.6","0.4","20.5","6.7","16","8.21","365","14","1","0","0","299","299","46","68474","4065","4753","9313","3325","70","1999","false","518412","12","17","41","6015","6611","3761"
"3","0.1","1","false","false","false","true","false","false","false","1","1","1","0.25","1","0","0","0","100","0","0","0.2","10","2.5","2","60","1.6","0.4","20.5","6.7","16","8.21","365","14","1","0","0","299","299","47","67467","4137","4968","9663","3689","76","2027","false","517981","14","19","43","6340","6978","3980"
"3","0.1","1","false","false","false","true","false","false","false","1","1","1","0.25","1","0","0","0","100","0","0","0.2","10","2.5","2","60","1.6","0.4","20.5","6.7","16","8.21","365","14","1","0","0","299","299","48","66425","4285","5160","9987","4063","80","2083","false","517617","14","21","45","6667","7316","4195"
"3","0.1","1","false","false","false","true","false","false","false","1","1","1","0.25","1","0","0","0","100","0","0","0.2","10","2.5","2","60","1.6","0.4","20.5","6.7","16","8.21","365","14","1","0","0","299","299","49","65347","4405","5399","10325","4437","87","2170","false","516983","15","21","51","7034","7700","4417"
"3","0.1","1","false","false","false","true","false","false","false","1","1","1","0.25","1","0","0","0","100","0","0","0.2","10","2.5","2","60","1.6","0.4","20.5","6.7","16","8.21","365","14","1","0","0","299","299","50","64279","4507","5617","10648","4851","98","2272","false","516052","16","25","57","7380","8085","4648"
"3","0.1","1","false","false","false","true","false","false","false","1","1","1","0.25","1","0","0","0","100","0","0","0.2","10","2.5","2","60","1.6","0.4","20.5","6.7","16","8.21","365","14","1","0","0","299","299","51","63163","4567","5819","11047","5297","107","2305","false","514873","17","28","62","7746","8522","4860"
"3","0.1","1","false","false","false","true","false","false","false","1","1","1","0.25","1","0","0","0","100","0","0","0.2","10","2.5","2","60","1.6","0.4","20.5","6.7","16","8.21","365","14","1","0","0","299","299","52","62061","4599","6012","11487","5724","117","2396","false","514478","17","30","70","8125","8910","5088"
"3","0.1","1","false","false","false","true","false","false","false","1","1","1","0.25","1","0","0","0","100","0","0","0.2","10","2.5","2","60","1.6","0.4","20.5","6.7","16","8.21","365","14","1","0","0","299","299","53","60899","4695","6223","11858","6201","124","2451","false","513464","18","31","75","8480","9329","5330"
"3","0.1","1","false","false","false","true","false","false","false","1","1","1","0.25","1","0","0","0","100","0","0","0.2","10","2.5","2","60","1.6","0.4","20.5","6.7","16","8.21","365","14","1","0","0","299","299","54","59781","4714","6430","12229","6711","135","2486","false","512862","18","33","84","8880","9767","5577"
"3","0.1","1","false","false","false","true","false","false","false","1","1","1","0.25","1","0","0","0","100","0","0","0.2","10","2.5","2","60","1.6","0.4","20.5","6.7","16","8.21","365","14","1","0","0","299","299","55","58599","4835","6639","12512","7267","148","2527","false","512355","19","36","93","9258","10192","5830"
"3","0.1","1","false","false","false","true","false","false","false","1","1","1","0.25","1","0","0","0","100","0","0","0.2","10","2.5","2","60","1.6","0.4","20.5","6.7","16","8.21","365","14","1","0","0","299","299","56","57468","4837","6866","12817","7854","158","2649","false","511815","20","38","100","9676","10668","6086"
"3","0.1","1","false","false","false","true","false","false","false","1","1","1","0.25","1","0","0","0","100","0","0","0.2","10","2.5","2","60","1.6","0.4","20.5","6.7","16","8.21","365","14","1","0","0","299","299","57","56284","4926","7074","13101","8444","171","2761","false","510562","23","40","108","10064","11125","6338"
"3","0.1","1","false","false","false","true","false","false","false","1","1","1","0.25","1","0","0","0","100","0","0","0.2","10","2.5","2","60","1.6","0.4","20.5","6.7","16","8.21","365","14","1","0","0","299","299","58","55099","4963","7287","13450","9016","185","2891","false","509294","25","45","115","10469","11550","6599"
"3","0.1","1","false","false","false","true","false","false","false","1","1","1","0.25","1","0","0","0","100","0","0","0.2","10","2.5","2","60","1.6","0.4","20.5","6.7","16","8.21","365","14","1","0","0","299","299","59","53976","4904","7467","13792","9663","198","2977","false","507901","26","47","125","10850","12001","6862"
"3","0.1","1","false","false","false","true","false","false","false","1","1","1","0.25","1","0","0","0","100","0","0","0.2","10","2.5","2","60","1.6","0.4","20.5","6.7","16","8.21","365","14","1","0","0","299","299","60","52835","4945","7648","14042","10322","208","3094","false","506964","29","50","129","11254","12453","7105"
"3","0.1","1","false","false","false","true","false","false","false","1","1","1","0.25","1","0","0","0","100","0","0","0.2","10","2.5","2","60","1.6","0.4","20.5","6.7","16","8.21","365","14","1","0","0","299","299","61","51714","4919","7859","14249","11035","224","3118","false","505750","33","56","135","11693","12944","7379"
"3","0.1","1","false","false","false","true","false","false","false","1","1","1","0.25","1","0","0","0","100","0","0","0.2","10","2.5","2","60","1.6","0.4","20.5","6.7","16","8.21","365","14","1","0","0","299","299","62","50546","4966","8081","14424","11744","239","3175","false","505251","34","59","146","12117","13403","7677"
"3","0.1","1","false","false","false","true","false","false","false","1","1","1","0.25","1","0","0","0","100","0","0","0.2","10","2.5","2","60","1.6","0.4","20.5","6.7","16","8.21","365","14","1","0","0","299","299","63","49403","4908","8224","14736","12473","256","3283","false","504443","37","64","155","12531","13843","7978"
"3","0.1","1","false","false","false","true","false","false","false","1","1","1","0.25","1","0","0","0","100","0","0","0.2","10","2.5","2","60","1.6","0.4","20.5","6.7","16","8.21","365","14","1","0","0","299","299","64","48300","4866","8355","14991","13221","267","3344","false","503211","41","66","160","12946","14261","8243"
"3","0.1","1","false","false","false","true","false","false","false","1","1","1","0.25","1","0","0","0","100","0","0","0.2","10","2.5","2","60","1.6","0.4","20.5","6.7","16","8.21","365","14","1","0","0","299","299","65","47078","4942","8506","15182","14010","282","3368","false","502589","41","70","171","13369","14740","8507"
"3","0.1","1","false","false","false","true","false","false","false","1","1","1","0.25","1","0","0","0","100","0","0","0.2","10","2.5","2","60","1.6","0.4","20.5","6.7","16","8.21","365","14","1","0","0","299","299","66","45927","4932","8657","15387","14803","294","3405","false","502109","44","70","180","13794","15184","8764"
"3","0.1","1","false","false","false","true","false","false","false","1","1","1","0.25","1","0","0","0","100","0","0","0.2","10","2.5","2","60","1.6","0.4","20.5","6.7","16","8.21","365","14","1","0","0","299","299","67","44827","4896","8838","15520","15609","310","3506","false","501638","47","74","189","14247","15650","9040"
"3","0.1","1","false","false","false","true","false","false","false","1","1","1","0.25","1","0","0","0","100","0","0","0.2","10","2.5","2","60","1.6","0.4","20.5","6.7","16","8.21","365","14","1","0","0","299","299","68","43760","4826","8987","15673","16431","323","3513","false","500487","47","74","202","14687","16104","9299"
"3","0.1","1","false","false","false","true","false","false","false","1","1","1","0.25","1","0","0","0","100","0","0","0.2","10","2.5","2","60","1.6","0.4","20.5","6.7","16","8.21","365","14","1","0","0","299","299","69","42615","4823","9064","15834","17326","338","3635","false","500241","47","76","215","15113","16527","9570"
"3","0.1","1","false","false","false","true","false","false","false","1","1","1","0.25","1","0","0","0","100","0","0","0.2","10","2.5","2","60","1.6","0.4","20.5","6.7","16","8.21","365","14","1","0","0","299","299","70","41502","4788","9171","15953","18235","351","3674","false","498818","49","79","223","15508","16970","9859"
"3","0.1","1","false","false","false","true","false","false","false","1","1","1","0.25","1","0","0","0","100","0","0","0.2","10","2.5","2","60","1.6","0.4","20.5","6.7","16","8.21","365","14","1","0","0","299","299","71","40365","4765","9271","16034","19193","372","3679","false","498344","51","83","238","15953","17440","10119"
"3","0.1","1","false","false","false","true","false","false","false","1","1","1","0.25","1","0","0","0","100","0","0","0.2","10","2.5","2","60","1.6","0.4","20.5","6.7","16","8.21","365","14","1","0","0","299","299","72","39291","4720","9339","16098","20167","385","3669","false","497897","51","88","246","16371","17873","10381"
"3","0.1","1","false","false","false","true","false","false","false","1","1","1","0.25","1","0","0","0","100","0","0","0.2","10","2.5","2","60","1.6","0.4","20.5","6.7","16","8.21","365","14","1","0","0","299","299","73","38143","4790","9464","16107","21103","393","3720","false","497863","51","91","251","16783","18277","10624"
"3","0.1","1","false","false","false","true","false","false","false","1","1","1","0.25","1","0","0","0","100","0","0","0.2","10","2.5","2","60","1.6","0.4","20.5","6.7","16","8.21","365","14","1","0","0","299","299","74","37032","4800","9543","16122","22094","409","3766","false","497334","51","95","263","17202","18705","10871"
"3","0.1","1","false","false","false","true","false","false","false","1","1","1","0.25","1","0","0","0","100","0","0","0.2","10","2.5","2","60","1.6","0.4","20.5","6.7","16","8.21","365","14","1","0","0","299","299","75","36005","4715","9604","16183","23065","428","3803","false","496630","54","102","272","17605","19155","11127"
"3","0.1","1","false","false","false","true","false","false","false","1","1","1","0.25","1","0","0","0","100","0","0","0.2","10","2.5","2","60","1.6","0.4","20.5","6.7","16","8.21","365","14","1","0","0","299","299","76","34961","4653","9661","16201","24082","442","3808","false","496025","54","110","278","18029","19586","11387"
"3","0.1","1","false","false","false","true","false","false","false","1","1","1","0.25","1","0","0","0","100","0","0","0.2","10","2.5","2","60","1.6","0.4","20.5","6.7","16","8.21","365","14","1","0","0","299","299","77","33937","4499","9724","16251","25132","457","3820","false","495662","55","116","286","18477","20058","11648"
"3","0.1","1","false","false","false","true","false","false","false","1","1","1","0.25","1","0","0","0","100","0","0","0.2","10","2.5","2","60","1.6","0.4","20.5","6.7","16","8.21","365","14","1","0","0","299","299","78","32863","4516","9758","16210","26176","477","3822","false","495376","55","120","302","18865","20489","11893"
"3","0.1","1","false","false","false","true","false","false","false","1","1","1","0.25","1","0","0","0","100","0","0","0.2","10","2.5","2","60","1.6","0.4","20.5","6.7","16","8.21","365","14","1","0","0","299","299","79","31857","4472","9877","16108","27196","490","3832","false","494994","56","127","307","19303","20888","12165"
"3","0.1","1","false","false","false","true","false","false","false","1","1","1","0.25","1","0","0","0","100","0","0","0.2","10","2.5","2","60","1.6","0.4","20.5","6.7","16","8.21","365","14","1","0","0","299","299","80","30815","4491","9883","16014","28289","508","3810","false","494729","58","130","320","19703","21296","12419"
"3","0.1","1","false","false","false","true","false","false","false","1","1","1","0.25","1","0","0","0","100","0","0","0.2","10","2.5","2","60","1.6","0.4","20.5","6.7","16","8.21","365","14","1","0","0","299","299","81","29805","4410","9846","16024","29384","531","3773","false","494694","63","138","330","20084","21767","12670"
"3","0.1","1","false","false","false","true","false","false","false","1","1","1","0.25","1","0","0","0","100","0","0","0.2","10","2.5","2","60","1.6","0.4","20.5","6.7","16","8.21","365","14","1","0","0","299","299","82","28812","4372","9885","15887","30493","551","3744","false","494673","65","142","344","20467","22203","12941"
"3","0.1","1","false","false","false","true","false","false","false","1","1","1","0.25","1","0","0","0","100","0","0","0.2","10","2.5","2","60","1.6","0.4","20.5","6.7","16","8.21","365","14","1","0","0","299","299","83","27883","4212","9814","15920","31599","572","3640","false","494586","66","148","358","20856","22619","13188"
"3","0.1","1","false","false","false","true","false","false","false","1","1","1","0.25","1","0","0","0","100","0","0","0.2","10","2.5","2","60","1.6","0.4","20.5","6.7","16","8.21","365","14","1","0","0","299","299","84","26933","4159","9792","15874","32654","588","3573","false","495256","68","155","365","21227","23026","13422"
"3","0.1","1","false","false","false","true","false","false","false","1","1","1","0.25","1","0","0","0","100","0","0","0.2","10","2.5","2","60","1.6","0.4","20.5","6.7","16","8.21","365","14","1","0","0","299","299","85","25994","4135","9723","15728","33814","606","3504","false","495653","70","161","375","21585","23390","13683"
"3","0.1","1","false","false","false","true","false","false","false","1","1","1","0.25","1","0","0","0","100","0","0","0.2","10","2.5","2","60","1.6","0.4","20.5","6.7","16","8.21","365","14","1","0","0","299","299","86","25072","4101","9742","15580","34878","627","3510","false","496172","71","164","392","21947","23795","13936"
"3","0.1","1","false","false","false","true","false","false","false","1","1","1","0.25","1","0","0","0","100","0","0","0.2","10","2.5","2","60","1.6","0.4","20.5","6.7","16","8.21","365","14","1","0","0","299","299","87","24182","4020","9693","15443","36020","642","3395","false","495871","73","166","403","22302","24179","14156"
"3","0.1","1","false","false","false","true","false","false","false","1","1","1","0.25","1","0","0","0","100","0","0","0.2","10","2.5","2","60","1.6","0.4","20.5","6.7","16","8.21","365","14","1","0","0","299","299","88","23348","3851","9593","15361","37184","663","3390","false","496810","75","169","419","22680","24607","14367"
"3","0.1","1","false","false","false","true","false","false","false","1","1","1","0.25","1","0","0","0","100","0","0","0.2","10","2.5","2","60","1.6","0.4","20.5","6.7","16","8.21","365","14","1","0","0","299","299","89","22540","3722","9564","15250","38245","679","3367","false","496706","77","172","430","23017","25005","14585"
"3","0.1","1","false","false","false","true","false","false","false","1","1","1","0.25","1","0","0","0","100","0","0","0.2","10","2.5","2","60","1.6","0.4","20.5","6.7","16","8.21","365","14","1","0","0","299","299","90","21700","3628","9482","15123","39372","695","3385","false","496752","77","176","442","23412","25357","14791"
"3","0.1","1","false","false","false","true","false","false","false","1","1","1","0.25","1","0","0","0","100","0","0","0.2","10","2.5","2","60","1.6","0.4","20.5","6.7","16","8.21","365","14","1","0","0","299","299","91","20934","3542","9422","14925","40462","715","3374","false","496511","79","183","453","23739","25751","14988"
"3","0.1","1","false","false","false","true","false","false","false","1","1","1","0.25","1","0","0","0","100","0","0","0.2","10","2.5","2","60","1.6","0.4","20.5","6.7","16","8.21","365","14","1","0","0","299","299","92","20122","3533","9358","14704","41552","731","3346","false","496467","80","189","462","24073","26078","15166"
"3","0.1","1","false","false","false","true","false","false","false","1","1","1","0.25","1","0","0","0","100","0","0","0.2","10","2.5","2","60","1.6","0.4","20.5","6.7","16","8.21","365","14","1","0","0","299","299","93","19401","3371","9218","14506","42751","753","3313","false","496522","83","197","473","24446","26400","15370"
"3","0.1","1","false","false","false","true","false","false","false","1","1","1","0.25","1","0","0","0","100","0","0","0.2","10","2.5","2","60","1.6","0.4","20.5","6.7","16","8.21","365","14","1","0","0","299","299","94","18670","3281","9096","14328","43854","771","3248","false","496670","86","203","482","24771","26711","15583"
"3","0.1","1","false","false","false","true","false","false","false","1","1","1","0.25","1","0","0","0","100","0","0","0.2","10","2.5","2","60","1.6","0.4","20.5","6.7","16","8.21","365","14","1","0","0","299","299","95","17961","3207","8995","14128","44916","793","3247","false","497070","89","204","500","25103","27009","15755"
"3","0.1","1","false","false","false","true","false","false","false","1","1","1","0.25","1","0","0","0","100","0","0","0.2","10","2.5","2","60","1.6","0.4","20.5","6.7","16","8.21","365","14","1","0","0","299","299","96","17276","3109","8877","13900","46018","820","3300","false","496912","94","208","518","25396","27320","15931"
"3","0.1","1","false","false","false","true","false","false","false","1","1","1","0.25","1","0","0","0","100","0","0","0.2","10","2.5","2","60","1.6","0.4","20.5","6.7","16","8.21","365","14","1","0","0","299","299","97","16630","2994","8766","13678","47099","833","3290","false","496101","96","209","528","25665","27655","16091"
"3","0.1","1","false","false","false","true","false","false","false","1","1","1","0.25","1","0","0","0","100","0","0","0.2","10","2.5","2","60","1.6","0.4","20.5","6.7","16","8.21","365","14","1","0","0","299","299","98","15930","2950","8646","13503","48113","858","3295","false","496034","102","215","541","25926","27960","16278"
"3","0.1","1","false","false","false","true","false","false","false","1","1","1","0.25","1","0","0","0","100","0","0","0.2","10","2.5","2","60","1.6","0.4","20.5","6.7","16","8.21","365","14","1","0","0","299","299","99","15254","2902","8526","13307","49131","880","3244","false","495737","106","216","558","26178","28281","16454"
"3","0.1","1","false","false","false","true","false","false","false","1","1","1","0.25","1","0","0","0","100","0","0","0.2","10","2.5","2","60","1.6","0.4","20.5","6.7","16","8.21","365","14","1","0","0","299","299","100","14598","2877","8399","12985","50244","897","3203","false","496041","106","219","572","26427","28597","16632"
"3","0.1","1","false","false","false","true","false","false","false","1","1","1","0.25","1","0","0","0","100","0","0","0.2","10","2.5","2","60","1.6","0.4","20.5","6.7","16","8.21","365","14","1","0","0","299","299","101","14001","2785","8268","12712","51325","909","3135","false","496230","106","221","582","26689","28916","16787"
"3","0.1","1","false","false","false","true","false","false","false","1","1","1","0.25","1","0","0","0","100","0","0","0.2","10","2.5","2","60","1.6","0.4","20.5","6.7","16","8.21","365","14","1","0","0","299","299","102","13347","2744","8120","12542","52324","923","3021","false","496745","109","223","591","26969","29173","16951"
"3","0.1","1","false","false","false","true","false","false","false","1","1","1","0.25","1","0","0","0","100","0","0","0.2","10","2.5","2","60","1.6","0.4","20.5","6.7","16","8.21","365","14","1","0","0","299","299","103","12743","2688","7980","12268","53376","945","2959","false","497650","112","229","604","27219","29442","17107"
"3","0.1","1","false","false","false","true","false","false","false","1","1","1","0.25","1","0","0","0","100","0","0","0.2","10","2.5","2","60","1.6","0.4","20.5","6.7","16","8.21","365","14","1","0","0","299","299","104","12166","2649","7781","12018","54418","968","2874","false","497937","115","236","617","27444","29687","17263"
"3","0.1","1","false","false","false","true","false","false","false","1","1","1","0.25","1","0","0","0","100","0","0","0.2","10","2.5","2","60","1.6","0.4","20.5","6.7","16","8.21","365","14","1","0","0","299","299","105","11648","2542","7588","11760","55475","987","2774","false","498474","118","239","630","27654","29958","17440"
"3","0.1","1","false","false","false","true","false","false","false","1","1","1","0.25","1","0","0","0","100","0","0","0.2","10","2.5","2","60","1.6","0.4","20.5","6.7","16","8.21","365","14","1","0","0","299","299","106","11145","2396","7401","11528","56525","1005","2731","false","499196","122","246","637","27919","30201","17598"
"3","0.1","1","false","false","false","true","false","false","false","1","1","1","0.25","1","0","0","0","100","0","0","0.2","10","2.5","2","60","1.6","0.4","20.5","6.7","16","8.21","365","14","1","0","0","299","299","107","10640","2302","7266","11292","57477","1023","2636","false","499463","125","249","649","28175","30441","17733"
"3","0.1","1","false","false","false","true","false","false","false","1","1","1","0.25","1","0","0","0","100","0","0","0.2","10","2.5","2","60","1.6","0.4","20.5","6.7","16","8.21","365","14","1","0","0","299","299","108","10141","2234","7125","11004","58463","1033","2557","false","500098","126","253","654","28385","30688","17853"
"3","0.1","1","false","false","false","true","false","false","false","1","1","1","0.25","1","0","0","0","100","0","0","0.2","10","2.5","2","60","1.6","0.4","20.5","6.7","16","8.21","365","14","1","0","0","299","299","109","9674","2163","6977","10752","59390","1044","2461","false","500633","130","254","660","28602","30900","17982"
"3","0.1","1","false","false","false","true","false","false","false","1","1","1","0.25","1","0","0","0","100","0","0","0.2","10","2.5","2","60","1.6","0.4","20.5","6.7","16","8.21","365","14","1","0","0","299","299","110","9186","2128","6857","10461","60311","1057","2381","false","501493","132","256","669","28832","31123","18118"
"3","0.1","1","false","false","false","true","false","false","false","1","1","1","0.25","1","0","0","0","100","0","0","0.2","10","2.5","2","60","1.6","0.4","20.5","6.7","16","8.21","365","14","1","0","0","299","299","111","8692","2112","6689","10220","61212","1075","2292","false","502141","135","262","678","29034","31335","18239"
"3","0.1","1","false","false","false","true","false","false","false","1","1","1","0.25","1","0","0","0","100","0","0","0.2","10","2.5","2","60","1.6","0.4","20.5","6.7","16","8.21","365","14","1","0","0","299","299","112","8288","2042","6549","9940","62097","1084","2243","false","502691","136","266","682","29216","31523","18361"
"3","0.1","1","false","false","false","true","false","false","false","1","1","1","0.25","1","0","0","0","100","0","0","0.2","10","2.5","2","60","1.6","0.4","20.5","6.7","16","8.21","365","14","1","0","0","299","299","113","7867","1968","6402","9724","62937","1102","2162","false","503031","137","272","693","29386","31747","18470"
"3","0.1","1","false","false","false","true","false","false","false","1","1","1","0.25","1","0","0","0","100","0","0","0.2","10","2.5","2","60","1.6","0.4","20.5","6.7","16","8.21","365","14","1","0","0","299","299","114","7482","1853","6199","9496","63858","1112","2089","false","503642","138","277","697","29546","31946","18575"
"3","0.1","1","false","false","false","true","false","false","false","1","1","1","0.25","1","0","0","0","100","0","0","0.2","10","2.5","2","60","1.6","0.4","20.5","6.7","16","8.21","365","14","1","0","0","299","299","115","7059","1842","6041","9259","64674","1125","2020","false","504230","139","280","706","29728","32126","18666"
"3","0.1","1","false","false","false","true","false","false","false","1","1","1","0.25","1","0","0","0","100","0","0","0.2","10","2.5","2","60","1.6","0.4","20.5","6.7","16","8.21","365","14","1","0","0","299","299","116","6682","1766","5890","8973","65552","1137","1949","false","504669","141","283","713","29894","32331","18777"
"3","0.1","1","false","false","false","true","false","false","false","1","1","1","0.25","1","0","0","0","100","0","0","0.2","10","2.5","2","60","1.6","0.4","20.5","6.7","16","8.21","365","14","1","0","0","299","299","117","6314","1706","5703","8737","66391","1149","1843","false","505211","144","285","720","30069","32486","18874"
"3","0.1","1","false","false","false","true","false","false","false","1","1","1","0.25","1","0","0","0","100","0","0","0.2","10","2.5","2","60","1.6","0.4","20.5","6.7","16","8.21","365","14","1","0","0","299","299","118","5973","1635","5585","8465","67185","1157","1783","false","506075","144","285","728","30244","32677","18967"
"3","0.1","1","false","false","false","true","false","false","false","1","1","1","0.25","1","0","0","0","100","0","0","0.2","10","2.5","2","60","1.6","0.4","20.5","6.7","16","8.21","365","14","1","0","0","299","299","119","5663","1522","5465","8247","67935","1168","1730","false","506610","146","289","733","30415","32833","19067"
"3","0.1","1","false","false","false","true","false","false","false","1","1","1","0.25","1","0","0","0","100","0","0","0.2","10","2.5","2","60","1.6","0.4","20.5","6.7","16","8.21","365","14","1","0","0","299","299","120","5347","1462","5309","7972","68723","1187","1683","false","506988","149","296","742","30559","33007","19160"
"3","0.1","1","false","false","false","true","false","false","false","1","1","1","0.25","1","0","0","0","100","0","0","0.2","10","2.5","2","60","1.6","0.4","20.5","6.7","16","8.21","365","14","1","0","0","299","299","121","5077","1348","5161","7766","69450","1198","1652","false","507302","149","298","751","30707","33172","19254"
"3","0.1","1","false","false","false","true","false","false","false","1","1","1","0.25","1","0","0","0","100","0","0","0.2","10","2.5","2","60","1.6","0.4","20.5","6.7","16","8.21","365","14","1","0","0","299","299","122","4798","1326","5048","7453","70167","1208","1612","false","507541","152","298","758","30847","33309","19337"
"3","0.1","1","false","false","false","true","false","false","false","1","1","1","0.25","1","0","0","0","100","0","0","0.2","10","2.5","2","60","1.6","0.4","20.5","6.7","16","8.21","365","14","1","0","0","299","299","123","4538","1258","4885","7198","70902","1219","1532","false","507806","154","299","766","30967","33446","19419"
"3","0.1","1","false","false","false","true","false","false","false","1","1","1","0.25","1","0","0","0","100","0","0","0.2","10","2.5","2","60","1.6","0.4","20.5","6.7","16","8.21","365","14","1","0","0","299","299","124","4284","1185","4725","7037","71542","1227","1485","false","508468","156","300","771","31080","33562","19492"
"3","0.1","1","false","false","false","true","false","false","false","1","1","1","0.25","1","0","0","0","100","0","0","0.2","10","2.5","2","60","1.6","0.4","20.5","6.7","16","8.21","365","14","1","0","0","299","299","125","4028","1170","4577","6769","72218","1238","1430","false","508872","159","302","777","31199","33677","19561"
"3","0.1","1","false","false","false","true","false","false","false","1","1","1","0.25","1","0","0","0","100","0","0","0.2","10","2.5","2","60","1.6","0.4","20.5","6.7","16","8.21","365","14","1","0","0","299","299","126","3789","1122","4438","6533","72870","1248","1375","false","509264","159","305","784","31315","33802","19638"
"3","0.1","1","false","false","false","true","false","false","false","1","1","1","0.25","1","0","0","0","100","0","0","0.2","10","2.5","2","60","1.6","0.4","20.5","6.7","16","8.21","365","14","1","0","0","299","299","127","3596","1030","4310","6330","73480","1254","1371","false","509812","160","306","788","31411","33919","19698"
"3","0.1","1","false","false","false","true","false","false","false","1","1","1","0.25","1","0","0","0","100","0","0","0.2","10","2.5","2","60","1.6","0.4","20.5","6.7","16","8.21","365","14","1","0","0","299","299","128","3396","971","4144","6125","74099","1265","1339","false","509850","162","309","794","31519","34019","19761"
"3","0.1","1","false","false","false","true","false","false","false","1","1","1","0.25","1","0","0","0","100","0","0","0.2","10","2.5","2","60","1.6","0.4","20.5","6.7","16","8.21","365","14","1","0","0","299","299","129","3204","934","3977","5913","74700","1272","1278","false","510105","162","312","798","31618","34108","19810"
"3","0.1","1","false","false","false","true","false","false","false","1","1","1","0.25","1","0","0","0","100","0","0","0.2","10","2.5","2","60","1.6","0.4","20.5","6.7","16","8.21","365","14","1","0","0","299","299","130","3008","903","3852","5679","75274","1284","1241","false","510658","163","317","804","31717","34210","19863"
"3","0.1","1","false","false","false","true","false","false","false","1","1","1","0.25","1","0","0","0","100","0","0","0.2","10","2.5","2","60","1.6","0.4","20.5","6.7","16","8.21","365","14","1","0","0","299","299","131","2848","826","3680","5456","75897","1293","1188","false","510867","164","319","810","31806","34312","19909"
"3","0.1","1","false","false","false","true","false","false","false","1","1","1","0.25","1","0","0","0","100","0","0","0.2","10","2.5","2","60","1.6","0.4","20.5","6.7","16","8.21","365","14","1","0","0","299","299","132","2696","767","3569","5233","76436","1299","1151","false","511331","165","322","812","31896","34403","19964"
"3","0.1","1","false","false","false","true","false","false","false","1","1","1","0.25","1","0","0","0","100","0","0","0.2","10","2.5","2","60","1.6","0.4","20.5","6.7","16","8.21","365","14","1","0","0","299","299","133","2532","754","3444","5007","76959","1304","1113","false","511670","166","322","816","31963","34484","20013"
"3","0.1","1","false","false","false","true","false","false","false","1","1","1","0.25","1","0","0","0","100","0","0","0.2","10","2.5","2","60","1.6","0.4","20.5","6.7","16","8.21","365","14","1","0","0","299","299","134","2379","721","3328","4770","77492","1310","1103","false","511992","168","323","819","32041","34570","20061"
"3","0.1","1","false","false","false","true","false","false","false","1","1","1","0.25","1","0","0","0","100","0","0","0.2","10","2.5","2","60","1.6","0.4","20.5","6.7","16","8.21","365","14","1","0","0","299","299","135","2241","686","3224","4528","78003","1318","1034","false","512018","169","324","825","32121","34643","20111"
"3","0.1","1","false","false","false","true","false","false","false","1","1","1","0.25","1","0","0","0","100","0","0","0.2","10","2.5","2","60","1.6","0.4","20.5","6.7","16","8.21","365","14","1","0","0","299","299","136","2115","626","3079","4340","78515","1325","994","false","512610","169","326","830","32193","34716","20143"
"3","0.1","1","false","false","false","true","false","false","false","1","1","1","0.25","1","0","0","0","100","0","0","0.2","10","2.5","2","60","1.6","0.4","20.5","6.7","16","8.21","365","14","1","0","0","299","299","137","1978","600","2945","4182","78964","1331","921","false","512899","169","328","834","32250","34775","20175"
"3","0.1","1","false","false","false","true","false","false","false","1","1","1","0.25","1","0","0","0","100","0","0","0.2","10","2.5","2","60","1.6","0.4","20.5","6.7","16","8.21","365","14","1","0","0","299","299","138","1890","545","2831","3979","79418","1337","894","false","513461","170","329","838","32300","34839","20217"
"3","0.1","1","false","false","false","true","false","false","false","1","1","1","0.25","1","0","0","0","100","0","0","0.2","10","2.5","2","60","1.6","0.4","20.5","6.7","16","8.21","365","14","1","0","0","299","299","139","1774","527","2763","3798","79797","1341","874","false","513717","170","330","841","32353","34905","20262"
"3","0.1","1","false","false","false","true","false","false","false","1","1","1","0.25","1","0","0","0","100","0","0","0.2","10","2.5","2","60","1.6","0.4","20.5","6.7","16","8.21","365","14","1","0","0","299","299","140","1674","486","2648","3612","80236","1344","804","false","513883","170","330","844","32411","34967","20301"
"3","0.1","1","false","false","false","true","false","false","false","1","1","1","0.25","1","0","0","0","100","0","0","0.2","10","2.5","2","60","1.6","0.4","20.5","6.7","16","8.21","365","14","1","0","0","299","299","141","1558","486","2524","3424","80657","1351","800","false","514572","170","332","849","32460","35005","20326"
"3","0.1","1","false","false","false","true","false","false","false","1","1","1","0.25","1","0","0","0","100","0","0","0.2","10","2.5","2","60","1.6","0.4","20.5","6.7","16","8.21","365","14","1","0","0","299","299","142","1469","463","2436","3271","81002","1359","790","false","514535","172","333","854","32504","35062","20353"
"3","0.1","1","false","false","false","true","false","false","false","1","1","1","0.25","1","0","0","0","100","0","0","0.2","10","2.5","2","60","1.6","0.4","20.5","6.7","16","8.21","365","14","1","0","0","299","299","143","1406","408","2329","3109","81384","1364","735","false","514541","172","334","858","32540","35113","20392"
"3","0.1","1","false","false","false","true","false","false","false","1","1","1","0.25","1","0","0","0","100","0","0","0.2","10","2.5","2","60","1.6","0.4","20.5","6.7","16","8.21","365","14","1","0","0","299","299","144","1320","397","2234","2932","81748","1369","738","false","515038","172","335","862","32578","35156","20422"
"3","0.1","1","false","false","false","true","false","false","false","1","1","1","0.25","1","0","0","0","100","0","0","0.2","10","2.5","2","60","1.6","0.4","20.5","6.7","16","8.21","365","14","1","0","0","299","299","145","1247","373","2107","2806","82095","1372","682","false","514972","172","336","864","32620","35204","20441"
"3","0.1","1","false","false","false","true","false","false","false","1","1","1","0.25","1","0","0","0","100","0","0","0.2","10","2.5","2","60","1.6","0.4","20.5","6.7","16","8.21","365","14","1","0","0","299","299","146","1177","356","2000","2644","82444","1379","634","false","515483","172","338","869","32652","35241","20466"
"3","0.1","1","false","false","false","true","false","false","false","1","1","1","0.25","1","0","0","0","100","0","0","0.2","10","2.5","2","60","1.6","0.4","20.5","6.7","16","8.21","365","14","1","0","0","299","299","147","1119","323","1909","2520","82743","1386","580","false","515864","175","338","873","32688","35272","20492"
"3","0.1","1","false","false","false","true","false","false","false","1","1","1","0.25","1","0","0","0","100","0","0","0.2","10","2.5","2","60","1.6","0.4","20.5","6.7","16","8.21","365","14","1","0","0","299","299","148","1065","292","1812","2390","83050","1391","560","false","516342","177","340","874","32724","35309","20509"
"3","0.1","1","false","false","false","true","false","false","false","1","1","1","0.25","1","0","0","0","100","0","0","0.2","10","2.5","2","60","1.6","0.4","20.5","6.7","16","8.21","365","14","1","0","0","299","299","149","1003","284","1715","2244","83358","1396","539","false","516507","177","340","879","32752","35338","20528"
"3","0.1","1","false","false","false","true","false","false","false","1","1","1","0.25","1","0","0","0","100","0","0","0.2","10","2.5","2","60","1.6","0.4","20.5","6.7","16","8.21","365","14","1","0","0","299","299","150","944","278","1591","2112","83669","1406","507","false","516623","180","342","884","32785","35366","20547"
"3","0.1","1","false","false","false","true","false","false","false","1","1","1","0.25","1","0","0","0","100","0","0","0.2","10","2.5","2","60","1.6","0.4","20.5","6.7","16","8.21","365","14","1","0","0","299","299","151","900","250","1490","2031","83922","1407","473","false","516837","180","342","885","32822","35391","20563"
"3","0.1","1","false","false","false","true","false","false","false","1","1","1","0.25","1","0","0","0","100","0","0","0.2","10","2.5","2","60","1.6","0.4","20.5","6.7","16","8.21","365","14","1","0","0","299","299","152","860","217","1412","1945","84155","1411","409","false","517157","180","343","888","32842","35420","20578"
"3","0.1","1","false","false","false","true","false","false","false","1","1","1","0.25","1","0","0","0","100","0","0","0.2","10","2.5","2","60","1.6","0.4","20.5","6.7","16","8.21","365","14","1","0","0","299","299","153","810","208","1336","1825","84405","1416","366","false","517718","180","345","891","32868","35444","20591"
"3","0.1","1","false","false","false","true","false","false","false","1","1","1","0.25","1","0","0","0","100","0","0","0.2","10","2.5","2","60","1.6","0.4","20.5","6.7","16","8.21","365","14","1","0","0","299","299","154","750","209","1275","1726","84622","1418","334","false","518068","180","345","893","32895","35466","20609"
"3","0.1","1","false","false","false","true","false","false","false","1","1","1","0.25","1","0","0","0","100","0","0","0.2","10","2.5","2","60","1.6","0.4","20.5","6.7","16","8.21","365","14","1","0","0","299","299","155","705","197","1197","1625","84855","1421","291","false","518378","181","345","895","32917","35494","20620"
"3","0.1","1","false","false","false","true","false","false","false","1","1","1","0.25","1","0","0","0","100","0","0","0.2","10","2.5","2","60","1.6","0.4","20.5","6.7","16","8.21","365","14","1","0","0","299","299","156","658","201","1118","1536","85061","1426","261","false","518777","182","348","896","32941","35522","20626"
"3","0.1","1","false","false","false","true","false","false","false","1","1","1","0.25","1","0","0","0","100","0","0","0.2","10","2.5","2","60","1.6","0.4","20.5","6.7","16","8.21","365","14","1","0","0","299","299","157","617","197","1039","1443","85275","1429","234","false","518991","183","348","898","32958","35540","20634"
"3","0.1","1","false","false","false","true","false","false","false","1","1","1","0.25","1","0","0","0","100","0","0","0.2","10","2.5","2","60","1.6","0.4","20.5","6.7","16","8.21","365","14","1","0","0","299","299","158","579","178","967","1383","85462","1431","222","false","519209","183","349","899","32979","35557","20644"
"3","0.1","1","false","false","false","true","false","false","false","1","1","1","0.25","1","0","0","0","100","0","0","0.2","10","2.5","2","60","1.6","0.4","20.5","6.7","16","8.21","365","14","1","0","0","299","299","159","540","166","905","1318","85638","1433","222","false","519322","183","350","900","32994","35575","20654"
"3","0.1","1","false","false","false","true","false","false","false","1","1","1","0.25","1","0","0","0","100","0","0","0.2","10","2.5","2","60","1.6","0.4","20.5","6.7","16","8.21","365","14","1","0","0","299","299","160","508","169","864","1212","85812","1435","225","false","519300","183","351","901","33016","35586","20661"
"3","0.1","1","false","false","false","true","false","false","false","1","1","1","0.25","1","0","0","0","100","0","0","0.2","10","2.5","2","60","1.6","0.4","20.5","6.7","16","8.21","365","14","1","0","0","299","299","161","475","164","827","1147","85950","1437","210","false","519236","183","351","903","33033","35599","20668"
"3","0.1","1","false","false","false","true","false","false","false","1","1","1","0.25","1","0","0","0","100","0","0","0.2","10","2.5","2","60","1.6","0.4","20.5","6.7","16","8.21","365","14","1","0","0","299","299","162","442","149","793","1077","86101","1438","196","false","519379","184","351","903","33054","35619","20678"
"3","0.1","1","false","false","false","true","false","false","false","1","1","1","0.25","1","0","0","0","100","0","0","0.2","10","2.5","2","60","1.6","0.4","20.5","6.7","16","8.21","365","14","1","0","0","299","299","163","415","129","749","1030","86235","1442","179","false","519538","184","353","905","33072","35638","20692"
"3","0.1","1","false","false","false","true","false","false","false","1","1","1","0.25","1","0","0","0","100","0","0","0.2","10","2.5","2","60","1.6","0.4","20.5","6.7","16","8.21","365","14","1","0","0","299","299","164","390","122","704","978","86362","1444","189","false","519666","184","354","906","33083","35648","20700"
"3","0.1","1","false","false","false","true","false","false","false","1","1","1","0.25","1","0","0","0","100","0","0","0.2","10","2.5","2","60","1.6","0.4","20.5","6.7","16","8.21","365","14","1","0","0","299","299","165","373","107","673","934","86465","1448","192","false","519562","184","355","909","33097","35666","20713"
"3","0.1","1","false","false","false","true","false","false","false","1","1","1","0.25","1","0","0","0","100","0","0","0.2","10","2.5","2","60","1.6","0.4","20.5","6.7","16","8.21","365","14","1","0","0","299","299","166","352","106","638","868","86588","1448","183","false","519500","184","355","909","33111","35674","20721"
"3","0.1","1","false","false","false","true","false","false","false","1","1","1","0.25","1","0","0","0","100","0","0","0.2","10","2.5","2","60","1.6","0.4","20.5","6.7","16","8.21","365","14","1","0","0","299","299","167","334","98","602","817","86699","1450","176","false","519587","184","355","911","33123","35687","20729"
"3","0.1","1","false","false","false","true","false","false","false","1","1","1","0.25","1","0","0","0","100","0","0","0.2","10","2.5","2","60","1.6","0.4","20.5","6.7","16","8.21","365","14","1","0","0","299","299","168","310","103","567","761","86808","1451","158","false","519652","184","356","911","33133","35696","20732"
"3","0.1","1","false","false","false","true","false","false","false","1","1","1","0.25","1","0","0","0","100","0","0","0.2","10","2.5","2","60","1.6","0.4","20.5","6.7","16","8.21","365","14","1","0","0","299","299","169","293","86","538","739","86892","1452","157","false","519804","184","357","911","33143","35709","20743"
"3","0.1","1","false","false","false","true","false","false","false","1","1","1","0.25","1","0","0","0","100","0","0","0.2","10","2.5","2","60","1.6","0.4","20.5","6.7","16","8.21","365","14","1","0","0","299","299","170","271","86","504","683","87004","1452","154","false","519814","184","357","911","33149","35715","20756"
"3","0.1","1","false","false","false","true","false","false","false","1","1","1","0.25","1","0","0","0","100","0","0","0.2","10","2.5","2","60","1.6","0.4","20.5","6.7","16","8.21","365","14","1","0","0","299","299","171","256","89","474","627","87102","1452","144","false","519841","184","357","911","33152","35719","20765"
"3","0.1","1","false","false","false","true","false","false","false","1","1","1","0.25","1","0","0","0","100","0","0","0.2","10","2.5","2","60","1.6","0.4","20.5","6.7","16","8.21","365","14","1","0","0","299","299","172","241","81","456","603","87166","1453","151","false","519934","184","358","911","33162","35726","20769"
"3","0.1","1","false","false","false","true","false","false","false","1","1","1","0.25","1","0","0","0","100","0","0","0.2","10","2.5","2","60","1.6","0.4","20.5","6.7","16","8.21","365","14","1","0","0","299","299","173","227","76","438","577","87228","1454","145","false","519864","184","358","912","33173","35733","20771"
"3","0.1","1","false","false","false","true","false","false","false","1","1","1","0.25","1","0","0","0","100","0","0","0.2","10","2.5","2","60","1.6","0.4","20.5","6.7","16","8.21","365","14","1","0","0","299","299","174","205","78","414","550","87298","1455","130","false","519929","184","358","913","33180","35740","20775"
"3","0.1","1","false","false","false","true","false","false","false","1","1","1","0.25","1","0","0","0","100","0","0","0.2","10","2.5","2","60","1.6","0.4","20.5","6.7","16","8.21","365","14","1","0","0","299","299","175","190","71","391","521","87370","1457","134","false","520042","184","358","915","33190","35748","20779"
"3","0.1","1","false","false","false","true","false","false","false","1","1","1","0.25","1","0","0","0","100","0","0","0.2","10","2.5","2","60","1.6","0.4","20.5","6.7","16","8.21","365","14","1","0","0","299","299","176","171","70","364","490","87446","1459","125","false","519988","184","360","915","33200","35752","20785"
"3","0.1","1","false","false","false","true","false","false","false","1","1","1","0.25","1","0","0","0","100","0","0","0.2","10","2.5","2","60","1.6","0.4","20.5","6.7","16","8.21","365","14","1","0","0","299","299","177","163","62","343","457","87516","1459","105","false","520058","184","360","915","33204","35759","20789"
"3","0.1","1","false","false","false","true","false","false","false","1","1","1","0.25","1","0","0","0","100","0","0","0.2","10","2.5","2","60","1.6","0.4","20.5","6.7","16","8.21","365","14","1","0","0","299","299","178","154","53","331","428","87575","1459","96","false","520233","184","360","915","33211","35766","20792"
"3","0.1","1","false","false","false","true","false","false","false","1","1","1","0.25","1","0","0","0","100","0","0","0.2","10","2.5","2","60","1.6","0.4","20.5","6.7","16","8.21","365","14","1","0","0","299","299","179","141","53","307","413","87625","1461","108","false","520299","184","360","917","33220","35772","20793"
"3","0.1","1","false","false","false","true","false","false","false","1","1","1","0.25","1","0","0","0","100","0","0","0.2","10","2.5","2","60","1.6","0.4","20.5","6.7","16","8.21","365","14","1","0","0","299","299","180","130","50","294","393","87672","1461","105","false","520180","184","360","917","33226","35777","20799"
"3","0.1","1","false","false","false","true","false","false","false","1","1","1","0.25","1","0","0","0","100","0","0","0.2","10","2.5","2","60","1.6","0.4","20.5","6.7","16","8.21","365","14","1","0","0","299","299","181","121","54","275","365","87722","1463","102","false","520212","184","360","919","33227","35779","20802"
"3","0.1","1","false","false","false","true","false","false","false","1","1","1","0.25","1","0","0","0","100","0","0","0.2","10","2.5","2","60","1.6","0.4","20.5","6.7","16","8.21","365","14","1","0","0","299","299","182","114","46","260","352","87765","1463","97","false","520220","184","360","919","33233","35783","20806"
"3","0.1","1","false","false","false","true","false","false","false","1","1","1","0.25","1","0","0","0","100","0","0","0.2","10","2.5","2","60","1.6","0.4","20.5","6.7","16","8.21","365","14","1","0","0","299","299","183","109","33","239","341","87813","1465","97","false","520268","185","360","920","33240","35788","20809"
"3","0.1","1","false","false","false","true","false","false","false","1","1","1","0.25","1","0","0","0","100","0","0","0.2","10","2.5","2","60","1.6","0.4","20.5","6.7","16","8.21","365","14","1","0","0","299","299","184","105","27","223","320","87859","1466","93","false","520244","186","360","920","33245","35796","20812"
"3","0.1","1","false","false","false","true","false","false","false","1","1","1","0.25","1","0","0","0","100","0","0","0.2","10","2.5","2","60","1.6","0.4","20.5","6.7","16","8.21","365","14","1","0","0","299","299","185","105","22","216","293","87897","1467","78","false","520267","186","360","921","33252","35796","20812"
"3","0.1","1","false","false","false","true","false","false","false","1","1","1","0.25","1","0","0","0","100","0","0","0.2","10","2.5","2","60","1.6","0.4","20.5","6.7","16","8.21","365","14","1","0","0","299","299","186","97","26","206","269","87933","1469","68","false","520407","186","360","923","33254","35803","20813"
"3","0.1","1","false","false","false","true","false","false","false","1","1","1","0.25","1","0","0","0","100","0","0","0.2","10","2.5","2","60","1.6","0.4","20.5","6.7","16","8.21","365","14","1","0","0","299","299","187","95","23","199","248","87966","1469","64","false","520488","186","360","923","33257","35805","20814"
"3","0.1","1","false","false","false","true","false","false","false","1","1","1","0.25","1","0","0","0","100","0","0","0.2","10","2.5","2","60","1.6","0.4","20.5","6.7","16","8.21","365","14","1","0","0","299","299","188","91","20","183","236","88001","1469","57","false","520528","186","360","923","33257","35812","20815"
"3","0.1","1","false","false","false","true","false","false","false","1","1","1","0.25","1","0","0","0","100","0","0","0.2","10","2.5","2","60","1.6","0.4","20.5","6.7","16","8.21","365","14","1","0","0","299","299","189","84","21","165","227","88033","1470","53","false","520592","186","360","924","33259","35815","20815"
"3","0.1","1","false","false","false","true","false","false","false","1","1","1","0.25","1","0","0","0","100","0","0","0.2","10","2.5","2","60","1.6","0.4","20.5","6.7","16","8.21","365","14","1","0","0","299","299","190","81","21","146","207","88075","1470","47","false","520631","186","360","924","33261","35815","20816"
"3","0.1","1","false","false","false","true","false","false","false","1","1","1","0.25","1","0","0","0","100","0","0","0.2","10","2.5","2","60","1.6","0.4","20.5","6.7","16","8.21","365","14","1","0","0","299","299","191","73","25","134","192","88105","1471","42","false","520689","186","360","925","33263","35816","20819"
"3","0.1","1","false","false","false","true","false","false","false","1","1","1","0.25","1","0","0","0","100","0","0","0.2","10","2.5","2","60","1.6","0.4","20.5","6.7","16","8.21","365","14","1","0","0","299","299","192","69","23","125","173","88138","1472","29","false","520716","186","360","926","33264","35819","20820"
"3","0.1","1","false","false","false","true","false","false","false","1","1","1","0.25","1","0","0","0","100","0","0","0.2","10","2.5","2","60","1.6","0.4","20.5","6.7","16","8.21","365","14","1","0","0","299","299","193","65","18","118","166","88160","1473","16","false","520835","186","360","927","33268","35823","20822"
"3","0.1","1","false","false","false","true","false","false","false","1","1","1","0.25","1","0","0","0","100","0","0","0.2","10","2.5","2","60","1.6","0.4","20.5","6.7","16","8.21","365","14","1","0","0","299","299","194","56","25","113","154","88179","1473","11","false","520948","186","360","927","33268","35824","20824"
"3","0.1","1","false","false","false","true","false","false","false","1","1","1","0.25","1","0","0","0","100","0","0","0.2","10","2.5","2","60","1.6","0.4","20.5","6.7","16","8.21","365","14","1","0","0","299","299","195","53","25","110","140","88199","1473","7","false","521005","186","360","927","33269","35828","20825"
"3","0.1","1","false","false","false","true","false","false","false","1","1","1","0.25","1","0","0","0","100","0","0","0.2","10","2.5","2","60","1.6","0.4","20.5","6.7","16","8.21","365","14","1","0","0","299","299","196","50","22","107","137","88211","1473","4","false","521046","186","360","927","33270","35831","20826"
"3","0.1","1","false","false","false","true","false","false","false","1","1","1","0.25","1","0","0","0","100","0","0","0.2","10","2.5","2","60","1.6","0.4","20.5","6.7","16","8.21","365","14","1","0","0","299","299","197","42","26","99","134","88225","1474","0","false","521077","186","360","928","33270","35832","20826"
"3","0.1","1","false","false","false","true","false","false","false","1","1","1","0.25","1","0","0","0","100","0","0","0.2","10","2.5","2","60","1.6","0.4","20.5","6.7","16","8.21","365","14","1","0","0","299","299","198","38","24","90","130","88244","1474","0","false","521111","186","360","928","33272","35834","20827"
"3","0.1","1","false","false","false","true","false","false","false","1","1","1","0.25","1","0","0","0","100","0","0","0.2","10","2.5","2","60","1.6","0.4","20.5","6.7","16","8.21","365","14","1","0","0","299","299","199","34","24","84","121","88263","1474","0","false","521111","186","360","928","33274","35836","20828"
"3","0.1","1","false","false","false","true","false","false","false","1","1","1","0.25","1","0","0","0","100","0","0","0.2","10","2.5","2","60","1.6","0.4","20.5","6.7","16","8.21","365","14","1","0","0","299","299","200","30","25","78","114","88279","1474","0","false","521111","186","360","928","33275","35837","20828"
"3","0.1","1","false","false","false","true","false","false","false","1","1","1","0.25","1","0","0","0","100","0","0","0.2","10","2.5","2","60","1.6","0.4","20.5","6.7","16","8.21","365","14","1","0","0","299","299","201","26","23","76","108","88293","1474","0","false","521111","186","360","928","33277","35840","20832"
"3","0.1","1","false","false","false","true","false","false","false","1","1","1","0.25","1","0","0","0","100","0","0","0.2","10","2.5","2","60","1.6","0.4","20.5","6.7","16","8.21","365","14","1","0","0","299","299","202","22","20","68","107","88309","1474","0","false","521111","186","360","928","33277","35841","20834"
"3","0.1","1","false","false","false","true","false","false","false","1","1","1","0.25","1","0","0","0","100","0","0","0.2","10","2.5","2","60","1.6","0.4","20.5","6.7","16","8.21","365","14","1","0","0","299","299","203","22","18","58","101","88327","1474","0","false","521111","186","360","928","33278","35841","20834"
"3","0.1","1","false","false","false","true","false","false","false","1","1","1","0.25","1","0","0","0","100","0","0","0.2","10","2.5","2","60","1.6","0.4","20.5","6.7","16","8.21","365","14","1","0","0","299","299","204","22","9","57","103","88335","1474","0","false","521111","186","360","928","33278","35846","20836"
"3","0.1","1","false","false","false","true","false","false","false","1","1","1","0.25","1","0","0","0","100","0","0","0.2","10","2.5","2","60","1.6","0.4","20.5","6.7","16","8.21","365","14","1","0","0","299","299","205","21","6","56","98","88345","1474","0","false","521111","186","360","928","33278","35851","20836"
"3","0.1","1","false","false","false","true","false","false","false","1","1","1","0.25","1","0","0","0","100","0","0","0.2","10","2.5","2","60","1.6","0.4","20.5","6.7","16","8.21","365","14","1","0","0","299","299","206","21","5","55","94","88351","1474","0","false","521111","186","360","928","33281","35852","20837"
"3","0.1","1","false","false","false","true","false","false","false","1","1","1","0.25","1","0","0","0","100","0","0","0.2","10","2.5","2","60","1.6","0.4","20.5","6.7","16","8.21","365","14","1","0","0","299","299","207","18","5","54","85","88364","1474","0","false","521111","186","360","928","33284","35854","20837"
"3","0.1","1","false","false","false","true","false","false","false","1","1","1","0.25","1","0","0","0","100","0","0","0.2","10","2.5","2","60","1.6","0.4","20.5","6.7","16","8.21","365","14","1","0","0","299","299","208","16","6","51","81","88372","1474","0","false","521111","186","360","928","33284","35854","20838"
"3","0.1","1","false","false","false","true","false","false","false","1","1","1","0.25","1","0","0","0","100","0","0","0.2","10","2.5","2","60","1.6","0.4","20.5","6.7","16","8.21","365","14","1","0","0","299","299","209","16","6","47","75","88382","1474","0","false","521111","186","360","928","33284","35854","20839"
"3","0.1","1","false","false","false","true","false","false","false","1","1","1","0.25","1","0","0","0","100","0","0","0.2","10","2.5","2","60","1.6","0.4","20.5","6.7","16","8.21","365","14","1","0","0","299","299","210","16","5","39","70","88396","1474","0","false","521111","186","360","928","33284","35854","20840"
"3","0.1","1","false","false","false","true","false","false","false","1","1","1","0.25","1","0","0","0","100","0","0","0.2","10","2.5","2","60","1.6","0.4","20.5","6.7","16","8.21","365","14","1","0","0","299","299","211","16","3","36","68","88403","1474","0","false","521111","186","360","928","33284","35854","20841"
"3","0.1","1","false","false","false","true","false","false","false","1","1","1","0.25","1","0","0","0","100","0","0","0.2","10","2.5","2","60","1.6","0.4","20.5","6.7","16","8.21","365","14","1","0","0","299","299","212","16","2","33","60","88415","1474","0","false","521111","186","360","928","33284","35855","20842"
"3","0.1","1","false","false","false","true","false","false","false","1","1","1","0.25","1","0","0","0","100","0","0","0.2","10","2.5","2","60","1.6","0.4","20.5","6.7","16","8.21","365","14","1","0","0","299","299","213","16","1","34","54","88421","1474","0","false","521111","186","360","928","33285","35855","20843"
"3","0.1","1","false","false","false","true","false","false","false","1","1","1","0.25","1","0","0","0","100","0","0","0.2","10","2.5","2","60","1.6","0.4","20.5","6.7","16","8.21","365","14","1","0","0","299","299","214","16","1","31","52","88426","1474","0","false","521111","186","360","928","33285","35855","20843"
"3","0.1","1","false","false","false","true","false","false","false","1","1","1","0.25","1","0","0","0","100","0","0","0.2","10","2.5","2","60","1.6","0.4","20.5","6.7","16","8.21","365","14","1","0","0","299","299","215","16","0","29","52","88429","1474","0","false","521111","186","360","928","33285","35856","20843"
"3","0.1","1","false","false","false","true","false","false","false","1","1","1","0.25","1","0","0","0","100","0","0","0.2","10","2.5","2","60","1.6","0.4","20.5","6.7","16","8.21","365","14","1","0","0","299","299","216","16","0","26","45","88439","1474","0","false","521111","186","360","928","33285","35856","20843"
"3","0.1","1","false","false","false","true","false","false","false","1","1","1","0.25","1","0","0","0","100","0","0","0.2","10","2.5","2","60","1.6","0.4","20.5","6.7","16","8.21","365","14","1","0","0","299","299","217","16","0","23","39","88448","1474","0","false","521111","186","360","928","33285","35856","20843"
"3","0.1","1","false","false","false","true","false","false","false","1","1","1","0.25","1","0","0","0","100","0","0","0.2","10","2.5","2","60","1.6","0.4","20.5","6.7","16","8.21","365","14","1","0","0","299","299","218","16","0","23","35","88452","1474","0","false","521111","186","360","928","33285","35856","20843"
"3","0.1","1","false","false","false","true","false","false","false","1","1","1","0.25","1","0","0","0","100","0","0","0.2","10","2.5","2","60","1.6","0.4","20.5","6.7","16","8.21","365","14","1","0","0","299","299","219","16","0","19","33","88458","1474","0","false","521111","186","360","928","33285","35856","20843"
"3","0.1","1","false","false","false","true","false","false","false","1","1","1","0.25","1","0","0","0","100","0","0","0.2","10","2.5","2","60","1.6","0.4","20.5","6.7","16","8.21","365","14","1","0","0","299","299","220","16","0","18","32","88460","1474","0","false","521111","186","360","928","33285","35856","20843"
"3","0.1","1","false","false","false","true","false","false","false","1","1","1","0.25","1","0","0","0","100","0","0","0.2","10","2.5","2","60","1.6","0.4","20.5","6.7","16","8.21","365","14","1","0","0","299","299","221","16","0","16","30","88464","1474","0","false","521111","186","360","928","33285","35856","20843"
"3","0.1","1","false","false","false","true","false","false","false","1","1","1","0.25","1","0","0","0","100","0","0","0.2","10","2.5","2","60","1.6","0.4","20.5","6.7","16","8.21","365","14","1","0","0","299","299","222","16","0","16","27","88467","1474","0","false","521111","186","360","928","33285","35856","20843"
"3","0.1","1","false","false","false","true","false","false","false","1","1","1","0.25","1","0","0","0","100","0","0","0.2","10","2.5","2","60","1.6","0.4","20.5","6.7","16","8.21","365","14","1","0","0","299","299","223","16","0","13","24","88473","1474","0","false","521111","186","360","928","33285","35856","20843"
"3","0.1","1","false","false","false","true","false","false","false","1","1","1","0.25","1","0","0","0","100","0","0","0.2","10","2.5","2","60","1.6","0.4","20.5","6.7","16","8.21","365","14","1","0","0","299","299","224","16","0","12","21","88477","1474","0","false","521111","186","360","928","33285","35856","20843"
"3","0.1","1","false","false","false","true","false","false","false","1","1","1","0.25","1","0","0","0","100","0","0","0.2","10","2.5","2","60","1.6","0.4","20.5","6.7","16","8.21","365","14","1","0","0","299","299","225","16","0","10","19","88481","1474","0","false","521111","186","360","928","33285","35856","20843"
"3","0.1","1","false","false","false","true","false","false","false","1","1","1","0.25","1","0","0","0","100","0","0","0.2","10","2.5","2","60","1.6","0.4","20.5","6.7","16","8.21","365","14","1","0","0","299","299","226","16","0","9","18","88483","1474","0","false","521111","186","360","928","33285","35856","20843"
"3","0.1","1","false","false","false","true","false","false","false","1","1","1","0.25","1","0","0","0","100","0","0","0.2","10","2.5","2","60","1.6","0.4","20.5","6.7","16","8.21","365","14","1","0","0","299","299","227","16","0","9","15","88486","1474","0","false","521111","186","360","928","33285","35856","20843"
"3","0.1","1","false","false","false","true","false","false","false","1","1","1","0.25","1","0","0","0","100","0","0","0.2","10","2.5","2","60","1.6","0.4","20.5","6.7","16","8.21","365","14","1","0","0","299","299","228","16","0","6","12","88492","1474","0","false","521111","186","360","928","33285","35856","20843"
"3","0.1","1","false","false","false","true","false","false","false","1","1","1","0.25","1","0","0","0","100","0","0","0.2","10","2.5","2","60","1.6","0.4","20.5","6.7","16","8.21","365","14","1","0","0","299","299","229","16","0","5","11","88494","1474","0","false","521111","186","360","928","33285","35856","20843"
"3","0.1","1","false","false","false","true","false","false","false","1","1","1","0.25","1","0","0","0","100","0","0","0.2","10","2.5","2","60","1.6","0.4","20.5","6.7","16","8.21","365","14","1","0","0","299","299","230","16","0","5","8","88497","1474","0","false","521111","186","360","928","33285","35856","20843"
"3","0.1","1","false","false","false","true","false","false","false","1","1","1","0.25","1","0","0","0","100","0","0","0.2","10","2.5","2","60","1.6","0.4","20.5","6.7","16","8.21","365","14","1","0","0","299","299","231","16","0","3","8","88499","1474","0","false","521111","186","360","928","33285","35856","20843"
"3","0.1","1","false","false","false","true","false","false","false","1","1","1","0.25","1","0","0","0","100","0","0","0.2","10","2.5","2","60","1.6","0.4","20.5","6.7","16","8.21","365","14","1","0","0","299","299","232","16","0","3","8","88499","1474","0","false","521111","186","360","928","33285","35856","20843"
"3","0.1","1","false","false","false","true","false","false","false","1","1","1","0.25","1","0","0","0","100","0","0","0.2","10","2.5","2","60","1.6","0.4","20.5","6.7","16","8.21","365","14","1","0","0","299","299","233","16","0","3","7","88500","1474","0","false","521111","186","360","928","33285","35856","20843"
"3","0.1","1","false","false","false","true","false","false","false","1","1","1","0.25","1","0","0","0","100","0","0","0.2","10","2.5","2","60","1.6","0.4","20.5","6.7","16","8.21","365","14","1","0","0","299","299","234","16","0","3","6","88501","1474","0","false","521111","186","360","928","33285","35856","20843"
"3","0.1","1","false","false","false","true","false","false","false","1","1","1","0.25","1","0","0","0","100","0","0","0.2","10","2.5","2","60","1.6","0.4","20.5","6.7","16","8.21","365","14","1","0","0","299","299","235","16","0","3","4","88503","1474","0","false","521111","186","360","928","33285","35856","20843"
"3","0.1","1","false","false","false","true","false","false","false","1","1","1","0.25","1","0","0","0","100","0","0","0.2","10","2.5","2","60","1.6","0.4","20.5","6.7","16","8.21","365","14","1","0","0","299","299","236","16","0","3","3","88504","1474","0","false","521111","186","360","928","33285","35856","20843"
"3","0.1","1","false","false","false","true","false","false","false","1","1","1","0.25","1","0","0","0","100","0","0","0.2","10","2.5","2","60","1.6","0.4","20.5","6.7","16","8.21","365","14","1","0","0","299","299","237","16","0","2","2","88506","1474","0","false","521111","186","360","928","33285","35856","20843"
"3","0.1","1","false","false","false","true","false","false","false","1","1","1","0.25","1","0","0","0","100","0","0","0.2","10","2.5","2","60","1.6","0.4","20.5","6.7","16","8.21","365","14","1","0","0","299","299","238","16","0","1","2","88507","1474","0","false","521111","186","360","928","33285","35856","20843"
"3","0.1","1","false","false","false","true","false","false","false","1","1","1","0.25","1","0","0","0","100","0","0","0.2","10","2.5","2","60","1.6","0.4","20.5","6.7","16","8.21","365","14","1","0","0","299","299","239","16","0","1","1","88508","1474","0","false","521111","186","360","928","33285","35856","20843"
"3","0.1","1","false","false","false","true","false","false","false","1","1","1","0.25","1","0","0","0","100","0","0","0.2","10","2.5","2","60","1.6","0.4","20.5","6.7","16","8.21","365","14","1","0","0","299","299","240","16","0","1","1","88508","1474","0","false","521111","186","360","928","33285","35856","20843"
"3","0.1","1","false","false","false","true","false","false","false","1","1","1","0.25","1","0","0","0","100","0","0","0.2","10","2.5","2","60","1.6","0.4","20.5","6.7","16","8.21","365","14","1","0","0","299","299","241","16","0","1","1","88508","1474","0","false","521111","186","360","928","33285","35856","20843"
"3","0.1","1","false","false","false","true","false","false","false","1","1","1","0.25","1","0","0","0","100","0","0","0.2","10","2.5","2","60","1.6","0.4","20.5","6.7","16","8.21","365","14","1","0","0","299","299","242","16","0","0","1","88509","1474","0","false","521111","186","360","928","33285","35856","20843"
"3","0.1","1","false","false","false","true","false","false","false","1","1","1","0.25","1","0","0","0","100","0","0","0.2","10","2.5","2","60","1.6","0.4","20.5","6.7","16","8.21","365","14","1","0","0","299","299","243","16","0","0","1","88509","1474","0","false","521111","186","360","928","33285","35856","20843"
"3","0.1","1","false","false","false","true","false","false","false","1","1","1","0.25","1","0","0","0","100","0","0","0.2","10","2.5","2","60","1.6","0.4","20.5","6.7","16","8.21","365","14","1","0","0","299","299","244","16","0","0","1","88509","1474","0","false","521111","186","360","928","33285","35856","20843"
"3","0.1","1","false","false","false","true","false","false","false","1","1","1","0.25","1","0","0","0","100","0","0","0.2","10","2.5","2","60","1.6","0.4","20.5","6.7","16","8.21","365","14","1","0","0","299","299","245","16","0","0","1","88509","1474","0","false","521111","186","360","928","33285","35856","20843"
"3","0.1","1","false","false","false","true","false","false","false","1","1","1","0.25","1","0","0","0","100","0","0","0.2","10","2.5","2","60","1.6","0.4","20.5","6.7","16","8.21","365","14","1","0","0","299","299","246","16","0","0","0","88510","1474","0","false","521111","186","360","928","33285","35856","20843"
"3","0.1","1","false","false","false","true","false","false","false","1","1","1","0.25","1","0","0","0","100","0","0","0.2","10","2.5","2","60","1.6","0.4","20.5","6.7","16","8.21","365","14","1","0","0","299","299","247","16","0","0","0","88510","1474","0","false","521111","186","360","928","33285","35856","20843"
"3","0.1","1","false","false","false","true","false","false","false","1","1","1","0.25","1","0","0","0","100","0","0","0.2","10","2.5","2","60","1.6","0.4","20.5","6.7","16","8.21","365","14","1","0","0","299","299","248","16","0","0","0","88510","1474","0","false","521111","186","360","928","33285","35856","20843"
"3","0.1","1","false","false","false","true","false","false","false","1","1","1","0.25","1","0","0","0","100","0","0","0.2","10","2.5","2","60","1.6","0.4","20.5","6.7","16","8.21","365","14","1","0","0","299","299","249","16","0","0","0","88510","1474","0","false","521111","186","360","928","33285","35856","20843"
"3","0.1","1","false","false","false","true","false","false","false","1","1","1","0.25","1","0","0","0","100","0","0","0.2","10","2.5","2","60","1.6","0.4","20.5","6.7","16","8.21","365","14","1","0","0","299","299","250","16","0","0","0","88510","1474","0","false","521111","186","360","928","33285","35856","20843"
"3","0.1","1","false","false","false","true","false","false","false","1","1","1","0.25","1","0","0","0","100","0","0","0.2","10","2.5","2","60","1.6","0.4","20.5","6.7","16","8.21","365","14","1","0","0","299","299","251","16","0","0","0","88510","1474","0","false","521111","186","360","928","33285","35856","20843"
"3","0.1","1","false","false","false","true","false","false","false","1","1","1","0.25","1","0","0","0","100","0","0","0.2","10","2.5","2","60","1.6","0.4","20.5","6.7","16","8.21","365","14","1","0","0","299","299","252","16","0","0","0","88510","1474","0","false","521111","186","360","928","33285","35856","20843"
"3","0.1","1","false","false","false","true","false","false","false","1","1","1","0.25","1","0","0","0","100","0","0","0.2","10","2.5","2","60","1.6","0.4","20.5","6.7","16","8.21","365","14","1","0","0","299","299","253","16","0","0","0","88510","1474","0","false","521111","186","360","928","33285","35856","20843"
"3","0.1","1","false","false","false","true","false","false","false","1","1","1","0.25","1","0","0","0","100","0","0","0.2","10","2.5","2","60","1.6","0.4","20.5","6.7","16","8.21","365","14","1","0","0","299","299","254","16","0","0","0","88510","1474","0","false","521111","186","360","928","33285","35856","20843"
"3","0.1","1","false","false","false","true","false","false","false","1","1","1","0.25","1","0","0","0","100","0","0","0.2","10","2.5","2","60","1.6","0.4","20.5","6.7","16","8.21","365","14","1","0","0","299","299","255","16","0","0","0","88510","1474","0","false","521111","186","360","928","33285","35856","20843"
"3","0.1","1","false","false","false","true","false","false","false","1","1","1","0.25","1","0","0","0","100","0","0","0.2","10","2.5","2","60","1.6","0.4","20.5","6.7","16","8.21","365","14","1","0","0","299","299","256","16","0","0","0","88510","1474","0","false","521111","186","360","928","33285","35856","20843"
"3","0.1","1","false","false","false","true","false","false","false","1","1","1","0.25","1","0","0","0","100","0","0","0.2","10","2.5","2","60","1.6","0.4","20.5","6.7","16","8.21","365","14","1","0","0","299","299","257","16","0","0","0","88510","1474","0","false","521111","186","360","928","33285","35856","20843"
"3","0.1","1","false","false","false","true","false","false","false","1","1","1","0.25","1","0","0","0","100","0","0","0.2","10","2.5","2","60","1.6","0.4","20.5","6.7","16","8.21","365","14","1","0","0","299","299","258","16","0","0","0","88510","1474","0","false","521111","186","360","928","33285","35856","20843"
"3","0.1","1","false","false","false","true","false","false","false","1","1","1","0.25","1","0","0","0","100","0","0","0.2","10","2.5","2","60","1.6","0.4","20.5","6.7","16","8.21","365","14","1","0","0","299","299","259","16","0","0","0","88510","1474","0","false","521111","186","360","928","33285","35856","20843"
"3","0.1","1","false","false","false","true","false","false","false","1","1","1","0.25","1","0","0","0","100","0","0","0.2","10","2.5","2","60","1.6","0.4","20.5","6.7","16","8.21","365","14","1","0","0","299","299","260","16","0","0","0","88510","1474","0","false","521111","186","360","928","33285","35856","20843"
"3","0.1","1","false","false","false","true","false","false","false","1","1","1","0.25","1","0","0","0","100","0","0","0.2","10","2.5","2","60","1.6","0.4","20.5","6.7","16","8.21","365","14","1","0","0","299","299","261","16","0","0","0","88510","1474","0","false","521111","186","360","928","33285","35856","20843"
"3","0.1","1","false","false","false","true","false","false","false","1","1","1","0.25","1","0","0","0","100","0","0","0.2","10","2.5","2","60","1.6","0.4","20.5","6.7","16","8.21","365","14","1","0","0","299","299","262","16","0","0","0","88510","1474","0","false","521111","186","360","928","33285","35856","20843"
"3","0.1","1","false","false","false","true","false","false","false","1","1","1","0.25","1","0","0","0","100","0","0","0.2","10","2.5","2","60","1.6","0.4","20.5","6.7","16","8.21","365","14","1","0","0","299","299","263","16","0","0","0","88510","1474","0","false","521111","186","360","928","33285","35856","20843"
"3","0.1","1","false","false","false","true","false","false","false","1","1","1","0.25","1","0","0","0","100","0","0","0.2","10","2.5","2","60","1.6","0.4","20.5","6.7","16","8.21","365","14","1","0","0","299","299","264","16","0","0","0","88510","1474","0","false","521111","186","360","928","33285","35856","20843"
"3","0.1","1","false","false","false","true","false","false","false","1","1","1","0.25","1","0","0","0","100","0","0","0.2","10","2.5","2","60","1.6","0.4","20.5","6.7","16","8.21","365","14","1","0","0","299","299","265","16","0","0","0","88510","1474","0","false","521111","186","360","928","33285","35856","20843"
"3","0.1","1","false","false","false","true","false","false","false","1","1","1","0.25","1","0","0","0","100","0","0","0.2","10","2.5","2","60","1.6","0.4","20.5","6.7","16","8.21","365","14","1","0","0","299","299","266","16","0","0","0","88510","1474","0","false","521111","186","360","928","33285","35856","20843"
"3","0.1","1","false","false","false","true","false","false","false","1","1","1","0.25","1","0","0","0","100","0","0","0.2","10","2.5","2","60","1.6","0.4","20.5","6.7","16","8.21","365","14","1","0","0","299","299","267","16","0","0","0","88510","1474","0","false","521111","186","360","928","33285","35856","20843"
"3","0.1","1","false","false","false","true","false","false","false","1","1","1","0.25","1","0","0","0","100","0","0","0.2","10","2.5","2","60","1.6","0.4","20.5","6.7","16","8.21","365","14","1","0","0","299","299","268","16","0","0","0","88510","1474","0","false","521111","186","360","928","33285","35856","20843"
"3","0.1","1","false","false","false","true","false","false","false","1","1","1","0.25","1","0","0","0","100","0","0","0.2","10","2.5","2","60","1.6","0.4","20.5","6.7","16","8.21","365","14","1","0","0","299","299","269","16","0","0","0","88510","1474","0","false","521111","186","360","928","33285","35856","20843"
"3","0.1","1","false","false","false","true","false","false","false","1","1","1","0.25","1","0","0","0","100","0","0","0.2","10","2.5","2","60","1.6","0.4","20.5","6.7","16","8.21","365","14","1","0","0","299","299","270","16","0","0","0","88510","1474","0","false","521111","186","360","928","33285","35856","20843"
"3","0.1","1","false","false","false","true","false","false","false","1","1","1","0.25","1","0","0","0","100","0","0","0.2","10","2.5","2","60","1.6","0.4","20.5","6.7","16","8.21","365","14","1","0","0","299","299","271","16","0","0","0","88510","1474","0","false","521111","186","360","928","33285","35856","20843"
"3","0.1","1","false","false","false","true","false","false","false","1","1","1","0.25","1","0","0","0","100","0","0","0.2","10","2.5","2","60","1.6","0.4","20.5","6.7","16","8.21","365","14","1","0","0","299","299","272","16","0","0","0","88510","1474","0","false","521111","186","360","928","33285","35856","20843"
"3","0.1","1","false","false","false","true","false","false","false","1","1","1","0.25","1","0","0","0","100","0","0","0.2","10","2.5","2","60","1.6","0.4","20.5","6.7","16","8.21","365","14","1","0","0","299","299","273","16","0","0","0","88510","1474","0","false","521111","186","360","928","33285","35856","20843"
"3","0.1","1","false","false","false","true","false","false","false","1","1","1","0.25","1","0","0","0","100","0","0","0.2","10","2.5","2","60","1.6","0.4","20.5","6.7","16","8.21","365","14","1","0","0","299","299","274","16","0","0","0","88510","1474","0","false","521111","186","360","928","33285","35856","20843"
"3","0.1","1","false","false","false","true","false","false","false","1","1","1","0.25","1","0","0","0","100","0","0","0.2","10","2.5","2","60","1.6","0.4","20.5","6.7","16","8.21","365","14","1","0","0","299","299","275","16","0","0","0","88510","1474","0","false","521111","186","360","928","33285","35856","20843"
"3","0.1","1","false","false","false","true","false","false","false","1","1","1","0.25","1","0","0","0","100","0","0","0.2","10","2.5","2","60","1.6","0.4","20.5","6.7","16","8.21","365","14","1","0","0","299","299","276","16","0","0","0","88510","1474","0","false","521111","186","360","928","33285","35856","20843"
"3","0.1","1","false","false","false","true","false","false","false","1","1","1","0.25","1","0","0","0","100","0","0","0.2","10","2.5","2","60","1.6","0.4","20.5","6.7","16","8.21","365","14","1","0","0","299","299","277","16","0","0","0","88510","1474","0","false","521111","186","360","928","33285","35856","20843"
"3","0.1","1","false","false","false","true","false","false","false","1","1","1","0.25","1","0","0","0","100","0","0","0.2","10","2.5","2","60","1.6","0.4","20.5","6.7","16","8.21","365","14","1","0","0","299","299","278","16","0","0","0","88510","1474","0","false","521111","186","360","928","33285","35856","20843"
"3","0.1","1","false","false","false","true","false","false","false","1","1","1","0.25","1","0","0","0","100","0","0","0.2","10","2.5","2","60","1.6","0.4","20.5","6.7","16","8.21","365","14","1","0","0","299","299","279","16","0","0","0","88510","1474","0","false","521111","186","360","928","33285","35856","20843"
"3","0.1","1","false","false","false","true","false","false","false","1","1","1","0.25","1","0","0","0","100","0","0","0.2","10","2.5","2","60","1.6","0.4","20.5","6.7","16","8.21","365","14","1","0","0","299","299","280","16","0","0","0","88510","1474","0","false","521111","186","360","928","33285","35856","20843"
"3","0.1","1","false","false","false","true","false","false","false","1","1","1","0.25","1","0","0","0","100","0","0","0.2","10","2.5","2","60","1.6","0.4","20.5","6.7","16","8.21","365","14","1","0","0","299","299","281","16","0","0","0","88510","1474","0","false","521111","186","360","928","33285","35856","20843"
"3","0.1","1","false","false","false","true","false","false","false","1","1","1","0.25","1","0","0","0","100","0","0","0.2","10","2.5","2","60","1.6","0.4","20.5","6.7","16","8.21","365","14","1","0","0","299","299","282","16","0","0","0","88510","1474","0","false","521111","186","360","928","33285","35856","20843"
"3","0.1","1","false","false","false","true","false","false","false","1","1","1","0.25","1","0","0","0","100","0","0","0.2","10","2.5","2","60","1.6","0.4","20.5","6.7","16","8.21","365","14","1","0","0","299","299","283","16","0","0","0","88510","1474","0","false","521111","186","360","928","33285","35856","20843"
"3","0.1","1","false","false","false","true","false","false","false","1","1","1","0.25","1","0","0","0","100","0","0","0.2","10","2.5","2","60","1.6","0.4","20.5","6.7","16","8.21","365","14","1","0","0","299","299","284","16","0","0","0","88510","1474","0","false","521111","186","360","928","33285","35856","20843"
"3","0.1","1","false","false","false","true","false","false","false","1","1","1","0.25","1","0","0","0","100","0","0","0.2","10","2.5","2","60","1.6","0.4","20.5","6.7","16","8.21","365","14","1","0","0","299","299","285","16","0","0","0","88510","1474","0","false","521111","186","360","928","33285","35856","20843"
"3","0.1","1","false","false","false","true","false","false","false","1","1","1","0.25","1","0","0","0","100","0","0","0.2","10","2.5","2","60","1.6","0.4","20.5","6.7","16","8.21","365","14","1","0","0","299","299","286","16","0","0","0","88510","1474","0","false","521111","186","360","928","33285","35856","20843"
"3","0.1","1","false","false","false","true","false","false","false","1","1","1","0.25","1","0","0","0","100","0","0","0.2","10","2.5","2","60","1.6","0.4","20.5","6.7","16","8.21","365","14","1","0","0","299","299","287","16","0","0","0","88510","1474","0","false","521111","186","360","928","33285","35856","20843"
"3","0.1","1","false","false","false","true","false","false","false","1","1","1","0.25","1","0","0","0","100","0","0","0.2","10","2.5","2","60","1.6","0.4","20.5","6.7","16","8.21","365","14","1","0","0","299","299","288","16","0","0","0","88510","1474","0","false","521111","186","360","928","33285","35856","20843"
"3","0.1","1","false","false","false","true","false","false","false","1","1","1","0.25","1","0","0","0","100","0","0","0.2","10","2.5","2","60","1.6","0.4","20.5","6.7","16","8.21","365","14","1","0","0","299","299","289","16","0","0","0","88510","1474","0","false","521111","186","360","928","33285","35856","20843"
"3","0.1","1","false","false","false","true","false","false","false","1","1","1","0.25","1","0","0","0","100","0","0","0.2","10","2.5","2","60","1.6","0.4","20.5","6.7","16","8.21","365","14","1","0","0","299","299","290","16","0","0","0","88510","1474","0","false","521111","186","360","928","33285","35856","20843"
"3","0.1","1","false","false","false","true","false","false","false","1","1","1","0.25","1","0","0","0","100","0","0","0.2","10","2.5","2","60","1.6","0.4","20.5","6.7","16","8.21","365","14","1","0","0","299","299","291","16","0","0","0","88510","1474","0","false","521111","186","360","928","33285","35856","20843"
"3","0.1","1","false","false","false","true","false","false","false","1","1","1","0.25","1","0","0","0","100","0","0","0.2","10","2.5","2","60","1.6","0.4","20.5","6.7","16","8.21","365","14","1","0","0","299","299","292","16","0","0","0","88510","1474","0","false","521111","186","360","928","33285","35856","20843"
"3","0.1","1","false","false","false","true","false","false","false","1","1","1","0.25","1","0","0","0","100","0","0","0.2","10","2.5","2","60","1.6","0.4","20.5","6.7","16","8.21","365","14","1","0","0","299","299","293","16","0","0","0","88510","1474","0","false","521111","186","360","928","33285","35856","20843"
"3","0.1","1","false","false","false","true","false","false","false","1","1","1","0.25","1","0","0","0","100","0","0","0.2","10","2.5","2","60","1.6","0.4","20.5","6.7","16","8.21","365","14","1","0","0","299","299","294","16","0","0","0","88510","1474","0","false","521111","186","360","928","33285","35856","20843"
"3","0.1","1","false","false","false","true","false","false","false","1","1","1","0.25","1","0","0","0","100","0","0","0.2","10","2.5","2","60","1.6","0.4","20.5","6.7","16","8.21","365","14","1","0","0","299","299","295","16","0","0","0","88510","1474","0","false","521111","186","360","928","33285","35856","20843"
"3","0.1","1","false","false","false","true","false","false","false","1","1","1","0.25","1","0","0","0","100","0","0","0.2","10","2.5","2","60","1.6","0.4","20.5","6.7","16","8.21","365","14","1","0","0","299","299","296","16","0","0","0","88510","1474","0","false","521111","186","360","928","33285","35856","20843"
"3","0.1","1","false","false","false","true","false","false","false","1","1","1","0.25","1","0","0","0","100","0","0","0.2","10","2.5","2","60","1.6","0.4","20.5","6.7","16","8.21","365","14","1","0","0","299","299","297","16","0","0","0","88510","1474","0","false","521111","186","360","928","33285","35856","20843"
"3","0.1","1","false","false","false","true","false","false","false","1","1","1","0.25","1","0","0","0","100","0","0","0.2","10","2.5","2","60","1.6","0.4","20.5","6.7","16","8.21","365","14","1","0","0","299","299","298","16","0","0","0","88510","1474","0","false","521111","186","360","928","33285","35856","20843"
"3","0.1","1","false","false","false","true","false","false","false","1","1","1","0.25","1","0","0","0","100","0","0","0.2","10","2.5","2","60","1.6","0.4","20.5","6.7","16","8.21","365","14","1","0","0","299","299","299","16","0","0","0","88510","1474","0","false","521111","186","360","928","33285","35856","20843"
"3","0.1","1","false","false","false","true","false","false","false","1","1","1","0.25","1","0","0","0","100","0","0","0.2","10","2.5","2","60","1.6","0.4","20.5","6.7","16","8.21","365","14","1","0","0","299","299","300","16","0","0","0","88510","1474","0","false","521111","186","360","928","33285","35856","20843"
"3","0.1","1","false","false","false","true","false","false","false","1","1","1","0.25","1","0","0","0","100","0","0","0.2","10","2.5","2","60","1.6","0.4","20.5","6.7","16","8.21","365","14","1","0","0","299","299","301","16","0","0","0","88510","1474","0","false","521111","186","360","928","33285","35856","20843"
"3","0.1","1","false","false","false","true","false","false","false","1","1","1","0.25","1","0","0","0","100","0","0","0.2","10","2.5","2","60","1.6","0.4","20.5","6.7","16","8.21","365","14","1","0","0","299","299","302","16","0","0","0","88510","1474","0","false","521111","186","360","928","33285","35856","20843"
"3","0.1","1","false","false","false","true","false","false","false","1","1","1","0.25","1","0","0","0","100","0","0","0.2","10","2.5","2","60","1.6","0.4","20.5","6.7","16","8.21","365","14","1","0","0","299","299","303","16","0","0","0","88510","1474","0","false","521111","186","360","928","33285","35856","20843"
"3","0.1","1","false","false","false","true","false","false","false","1","1","1","0.25","1","0","0","0","100","0","0","0.2","10","2.5","2","60","1.6","0.4","20.5","6.7","16","8.21","365","14","1","0","0","299","299","304","16","0","0","0","88510","1474","0","false","521111","186","360","928","33285","35856","20843"
"3","0.1","1","false","false","false","true","false","false","false","1","1","1","0.25","1","0","0","0","100","0","0","0.2","10","2.5","2","60","1.6","0.4","20.5","6.7","16","8.21","365","14","1","0","0","299","299","305","16","0","0","0","88510","1474","0","false","521111","186","360","928","33285","35856","20843"
"3","0.1","1","false","false","false","true","false","false","false","1","1","1","0.25","1","0","0","0","100","0","0","0.2","10","2.5","2","60","1.6","0.4","20.5","6.7","16","8.21","365","14","1","0","0","299","299","306","16","0","0","0","88510","1474","0","false","521111","186","360","928","33285","35856","20843"
"3","0.1","1","false","false","false","true","false","false","false","1","1","1","0.25","1","0","0","0","100","0","0","0.2","10","2.5","2","60","1.6","0.4","20.5","6.7","16","8.21","365","14","1","0","0","299","299","307","16","0","0","0","88510","1474","0","false","521111","186","360","928","33285","35856","20843"
"3","0.1","1","false","false","false","true","false","false","false","1","1","1","0.25","1","0","0","0","100","0","0","0.2","10","2.5","2","60","1.6","0.4","20.5","6.7","16","8.21","365","14","1","0","0","299","299","308","16","0","0","0","88510","1474","0","false","521111","186","360","928","33285","35856","20843"
"3","0.1","1","false","false","false","true","false","false","false","1","1","1","0.25","1","0","0","0","100","0","0","0.2","10","2.5","2","60","1.6","0.4","20.5","6.7","16","8.21","365","14","1","0","0","299","299","309","16","0","0","0","88510","1474","0","false","521111","186","360","928","33285","35856","20843"
"3","0.1","1","false","false","false","true","false","false","false","1","1","1","0.25","1","0","0","0","100","0","0","0.2","10","2.5","2","60","1.6","0.4","20.5","6.7","16","8.21","365","14","1","0","0","299","299","310","16","0","0","0","88510","1474","0","false","521111","186","360","928","33285","35856","20843"
"3","0.1","1","false","false","false","true","false","false","false","1","1","1","0.25","1","0","0","0","100","0","0","0.2","10","2.5","2","60","1.6","0.4","20.5","6.7","16","8.21","365","14","1","0","0","299","299","311","16","0","0","0","88510","1474","0","false","521111","186","360","928","33285","35856","20843"
"3","0.1","1","false","false","false","true","false","false","false","1","1","1","0.25","1","0","0","0","100","0","0","0.2","10","2.5","2","60","1.6","0.4","20.5","6.7","16","8.21","365","14","1","0","0","299","299","312","16","0","0","0","88510","1474","0","false","521111","186","360","928","33285","35856","20843"
"3","0.1","1","false","false","false","true","false","false","false","1","1","1","0.25","1","0","0","0","100","0","0","0.2","10","2.5","2","60","1.6","0.4","20.5","6.7","16","8.21","365","14","1","0","0","299","299","313","16","0","0","0","88510","1474","0","false","521111","186","360","928","33285","35856","20843"
"3","0.1","1","false","false","false","true","false","false","false","1","1","1","0.25","1","0","0","0","100","0","0","0.2","10","2.5","2","60","1.6","0.4","20.5","6.7","16","8.21","365","14","1","0","0","299","299","314","16","0","0","0","88510","1474","0","false","521111","186","360","928","33285","35856","20843"
"3","0.1","1","false","false","false","true","false","false","false","1","1","1","0.25","1","0","0","0","100","0","0","0.2","10","2.5","2","60","1.6","0.4","20.5","6.7","16","8.21","365","14","1","0","0","299","299","315","16","0","0","0","88510","1474","0","false","521111","186","360","928","33285","35856","20843"
"3","0.1","1","false","false","false","true","false","false","false","1","1","1","0.25","1","0","0","0","100","0","0","0.2","10","2.5","2","60","1.6","0.4","20.5","6.7","16","8.21","365","14","1","0","0","299","299","316","16","0","0","0","88510","1474","0","false","521111","186","360","928","33285","35856","20843"
"3","0.1","1","false","false","false","true","false","false","false","1","1","1","0.25","1","0","0","0","100","0","0","0.2","10","2.5","2","60","1.6","0.4","20.5","6.7","16","8.21","365","14","1","0","0","299","299","317","16","0","0","0","88510","1474","0","false","521111","186","360","928","33285","35856","20843"
"3","0.1","1","false","false","false","true","false","false","false","1","1","1","0.25","1","0","0","0","100","0","0","0.2","10","2.5","2","60","1.6","0.4","20.5","6.7","16","8.21","365","14","1","0","0","299","299","318","16","0","0","0","88510","1474","0","false","521111","186","360","928","33285","35856","20843"
"3","0.1","1","false","false","false","true","false","false","false","1","1","1","0.25","1","0","0","0","100","0","0","0.2","10","2.5","2","60","1.6","0.4","20.5","6.7","16","8.21","365","14","1","0","0","299","299","319","16","0","0","0","88510","1474","0","false","521111","186","360","928","33285","35856","20843"
"3","0.1","1","false","false","false","true","false","false","false","1","1","1","0.25","1","0","0","0","100","0","0","0.2","10","2.5","2","60","1.6","0.4","20.5","6.7","16","8.21","365","14","1","0","0","299","299","320","16","0","0","0","88510","1474","0","false","521111","186","360","928","33285","35856","20843"
"3","0.1","1","false","false","false","true","false","false","false","1","1","1","0.25","1","0","0","0","100","0","0","0.2","10","2.5","2","60","1.6","0.4","20.5","6.7","16","8.21","365","14","1","0","0","299","299","321","16","0","0","0","88510","1474","0","false","521111","186","360","928","33285","35856","20843"
"3","0.1","1","false","false","false","true","false","false","false","1","1","1","0.25","1","0","0","0","100","0","0","0.2","10","2.5","2","60","1.6","0.4","20.5","6.7","16","8.21","365","14","1","0","0","299","299","322","16","0","0","0","88510","1474","0","false","521111","186","360","928","33285","35856","20843"
"3","0.1","1","false","false","false","true","false","false","false","1","1","1","0.25","1","0","0","0","100","0","0","0.2","10","2.5","2","60","1.6","0.4","20.5","6.7","16","8.21","365","14","1","0","0","299","299","323","16","0","0","0","88510","1474","0","false","521111","186","360","928","33285","35856","20843"
"3","0.1","1","false","false","false","true","false","false","false","1","1","1","0.25","1","0","0","0","100","0","0","0.2","10","2.5","2","60","1.6","0.4","20.5","6.7","16","8.21","365","14","1","0","0","299","299","324","16","0","0","0","88510","1474","0","false","521111","186","360","928","33285","35856","20843"
"3","0.1","1","false","false","false","true","false","false","false","1","1","1","0.25","1","0","0","0","100","0","0","0.2","10","2.5","2","60","1.6","0.4","20.5","6.7","16","8.21","365","14","1","0","0","299","299","325","16","0","0","0","88510","1474","0","false","521111","186","360","928","33285","35856","20843"
"3","0.1","1","false","false","false","true","false","false","false","1","1","1","0.25","1","0","0","0","100","0","0","0.2","10","2.5","2","60","1.6","0.4","20.5","6.7","16","8.21","365","14","1","0","0","299","299","326","16","0","0","0","88510","1474","0","false","521111","186","360","928","33285","35856","20843"
"3","0.1","1","false","false","false","true","false","false","false","1","1","1","0.25","1","0","0","0","100","0","0","0.2","10","2.5","2","60","1.6","0.4","20.5","6.7","16","8.21","365","14","1","0","0","299","299","327","16","0","0","0","88510","1474","0","false","521111","186","360","928","33285","35856","20843"
"3","0.1","1","false","false","false","true","false","false","false","1","1","1","0.25","1","0","0","0","100","0","0","0.2","10","2.5","2","60","1.6","0.4","20.5","6.7","16","8.21","365","14","1","0","0","299","299","328","16","0","0","0","88510","1474","0","false","521111","186","360","928","33285","35856","20843"
"3","0.1","1","false","false","false","true","false","false","false","1","1","1","0.25","1","0","0","0","100","0","0","0.2","10","2.5","2","60","1.6","0.4","20.5","6.7","16","8.21","365","14","1","0","0","299","299","329","16","0","0","0","88510","1474","0","false","521111","186","360","928","33285","35856","20843"
"3","0.1","1","false","false","false","true","false","false","false","1","1","1","0.25","1","0","0","0","100","0","0","0.2","10","2.5","2","60","1.6","0.4","20.5","6.7","16","8.21","365","14","1","0","0","299","299","330","16","0","0","0","88510","1474","0","false","521111","186","360","928","33285","35856","20843"
"3","0.1","1","false","false","false","true","false","false","false","1","1","1","0.25","1","0","0","0","100","0","0","0.2","10","2.5","2","60","1.6","0.4","20.5","6.7","16","8.21","365","14","1","0","0","299","299","331","16","0","0","0","88510","1474","0","false","521111","186","360","928","33285","35856","20843"
"3","0.1","1","false","false","false","true","false","false","false","1","1","1","0.25","1","0","0","0","100","0","0","0.2","10","2.5","2","60","1.6","0.4","20.5","6.7","16","8.21","365","14","1","0","0","299","299","332","16","0","0","0","88510","1474","0","false","521111","186","360","928","33285","35856","20843"
"3","0.1","1","false","false","false","true","false","false","false","1","1","1","0.25","1","0","0","0","100","0","0","0.2","10","2.5","2","60","1.6","0.4","20.5","6.7","16","8.21","365","14","1","0","0","299","299","333","16","0","0","0","88510","1474","0","false","521111","186","360","928","33285","35856","20843"
"3","0.1","1","false","false","false","true","false","false","false","1","1","1","0.25","1","0","0","0","100","0","0","0.2","10","2.5","2","60","1.6","0.4","20.5","6.7","16","8.21","365","14","1","0","0","299","299","334","16","0","0","0","88510","1474","0","false","521111","186","360","928","33285","35856","20843"
"3","0.1","1","false","false","false","true","false","false","false","1","1","1","0.25","1","0","0","0","100","0","0","0.2","10","2.5","2","60","1.6","0.4","20.5","6.7","16","8.21","365","14","1","0","0","299","299","335","16","0","0","0","88510","1474","0","false","521111","186","360","928","33285","35856","20843"
"3","0.1","1","false","false","false","true","false","false","false","1","1","1","0.25","1","0","0","0","100","0","0","0.2","10","2.5","2","60","1.6","0.4","20.5","6.7","16","8.21","365","14","1","0","0","299","299","336","16","0","0","0","88510","1474","0","false","521111","186","360","928","33285","35856","20843"
"3","0.1","1","false","false","false","true","false","false","false","1","1","1","0.25","1","0","0","0","100","0","0","0.2","10","2.5","2","60","1.6","0.4","20.5","6.7","16","8.21","365","14","1","0","0","299","299","337","16","0","0","0","88510","1474","0","false","521111","186","360","928","33285","35856","20843"
"3","0.1","1","false","false","false","true","false","false","false","1","1","1","0.25","1","0","0","0","100","0","0","0.2","10","2.5","2","60","1.6","0.4","20.5","6.7","16","8.21","365","14","1","0","0","299","299","338","16","0","0","0","88510","1474","0","false","521111","186","360","928","33285","35856","20843"
"3","0.1","1","false","false","false","true","false","false","false","1","1","1","0.25","1","0","0","0","100","0","0","0.2","10","2.5","2","60","1.6","0.4","20.5","6.7","16","8.21","365","14","1","0","0","299","299","339","16","0","0","0","88510","1474","0","false","521111","186","360","928","33285","35856","20843"
"3","0.1","1","false","false","false","true","false","false","false","1","1","1","0.25","1","0","0","0","100","0","0","0.2","10","2.5","2","60","1.6","0.4","20.5","6.7","16","8.21","365","14","1","0","0","299","299","340","16","0","0","0","88510","1474","0","false","521111","186","360","928","33285","35856","20843"
"3","0.1","1","false","false","false","true","false","false","false","1","1","1","0.25","1","0","0","0","100","0","0","0.2","10","2.5","2","60","1.6","0.4","20.5","6.7","16","8.21","365","14","1","0","0","299","299","341","16","0","0","0","88510","1474","0","false","521111","186","360","928","33285","35856","20843"
"3","0.1","1","false","false","false","true","false","false","false","1","1","1","0.25","1","0","0","0","100","0","0","0.2","10","2.5","2","60","1.6","0.4","20.5","6.7","16","8.21","365","14","1","0","0","299","299","342","16","0","0","0","88510","1474","0","false","521111","186","360","928","33285","35856","20843"
"3","0.1","1","false","false","false","true","false","false","false","1","1","1","0.25","1","0","0","0","100","0","0","0.2","10","2.5","2","60","1.6","0.4","20.5","6.7","16","8.21","365","14","1","0","0","299","299","343","16","0","0","0","88510","1474","0","false","521111","186","360","928","33285","35856","20843"
"3","0.1","1","false","false","false","true","false","false","false","1","1","1","0.25","1","0","0","0","100","0","0","0.2","10","2.5","2","60","1.6","0.4","20.5","6.7","16","8.21","365","14","1","0","0","299","299","344","16","0","0","0","88510","1474","0","false","521111","186","360","928","33285","35856","20843"
"3","0.1","1","false","false","false","true","false","false","false","1","1","1","0.25","1","0","0","0","100","0","0","0.2","10","2.5","2","60","1.6","0.4","20.5","6.7","16","8.21","365","14","1","0","0","299","299","345","16","0","0","0","88510","1474","0","false","521111","186","360","928","33285","35856","20843"
"3","0.1","1","false","false","false","true","false","false","false","1","1","1","0.25","1","0","0","0","100","0","0","0.2","10","2.5","2","60","1.6","0.4","20.5","6.7","16","8.21","365","14","1","0","0","299","299","346","16","0","0","0","88510","1474","0","false","521111","186","360","928","33285","35856","20843"
"3","0.1","1","false","false","false","true","false","false","false","1","1","1","0.25","1","0","0","0","100","0","0","0.2","10","2.5","2","60","1.6","0.4","20.5","6.7","16","8.21","365","14","1","0","0","299","299","347","16","0","0","0","88510","1474","0","false","521111","186","360","928","33285","35856","20843"
"3","0.1","1","false","false","false","true","false","false","false","1","1","1","0.25","1","0","0","0","100","0","0","0.2","10","2.5","2","60","1.6","0.4","20.5","6.7","16","8.21","365","14","1","0","0","299","299","348","16","0","0","0","88510","1474","0","false","521111","186","360","928","33285","35856","20843"
"3","0.1","1","false","false","false","true","false","false","false","1","1","1","0.25","1","0","0","0","100","0","0","0.2","10","2.5","2","60","1.6","0.4","20.5","6.7","16","8.21","365","14","1","0","0","299","299","349","16","0","0","0","88510","1474","0","false","521111","186","360","928","33285","35856","20843"
"3","0.1","1","false","false","false","true","false","false","false","1","1","1","0.25","1","0","0","0","100","0","0","0.2","10","2.5","2","60","1.6","0.4","20.5","6.7","16","8.21","365","14","1","0","0","299","299","350","16","0","0","0","88510","1474","0","false","521111","186","360","928","33285","35856","20843"
"3","0.1","1","false","false","false","true","false","false","false","1","1","1","0.25","1","0","0","0","100","0","0","0.2","10","2.5","2","60","1.6","0.4","20.5","6.7","16","8.21","365","14","1","0","0","299","299","351","16","0","0","0","88510","1474","0","false","521111","186","360","928","33285","35856","20843"
"3","0.1","1","false","false","false","true","false","false","false","1","1","1","0.25","1","0","0","0","100","0","0","0.2","10","2.5","2","60","1.6","0.4","20.5","6.7","16","8.21","365","14","1","0","0","299","299","352","16","0","0","0","88510","1474","0","false","521111","186","360","928","33285","35856","20843"
"3","0.1","1","false","false","false","true","false","false","false","1","1","1","0.25","1","0","0","0","100","0","0","0.2","10","2.5","2","60","1.6","0.4","20.5","6.7","16","8.21","365","14","1","0","0","299","299","353","16","0","0","0","88510","1474","0","false","521111","186","360","928","33285","35856","20843"
"3","0.1","1","false","false","false","true","false","false","false","1","1","1","0.25","1","0","0","0","100","0","0","0.2","10","2.5","2","60","1.6","0.4","20.5","6.7","16","8.21","365","14","1","0","0","299","299","354","16","0","0","0","88510","1474","0","false","521111","186","360","928","33285","35856","20843"
"3","0.1","1","false","false","false","true","false","false","false","1","1","1","0.25","1","0","0","0","100","0","0","0.2","10","2.5","2","60","1.6","0.4","20.5","6.7","16","8.21","365","14","1","0","0","299","299","355","16","0","0","0","88510","1474","0","false","521111","186","360","928","33285","35856","20843"
"3","0.1","1","false","false","false","true","false","false","false","1","1","1","0.25","1","0","0","0","100","0","0","0.2","10","2.5","2","60","1.6","0.4","20.5","6.7","16","8.21","365","14","1","0","0","299","299","356","16","0","0","0","88510","1474","0","false","521111","186","360","928","33285","35856","20843"
"3","0.1","1","false","false","false","true","false","false","false","1","1","1","0.25","1","0","0","0","100","0","0","0.2","10","2.5","2","60","1.6","0.4","20.5","6.7","16","8.21","365","14","1","0","0","299","299","357","16","0","0","0","88510","1474","0","false","521111","186","360","928","33285","35856","20843"
"3","0.1","1","false","false","false","true","false","false","false","1","1","1","0.25","1","0","0","0","100","0","0","0.2","10","2.5","2","60","1.6","0.4","20.5","6.7","16","8.21","365","14","1","0","0","299","299","358","16","0","0","0","88510","1474","0","false","521111","186","360","928","33285","35856","20843"
"3","0.1","1","false","false","false","true","false","false","false","1","1","1","0.25","1","0","0","0","100","0","0","0.2","10","2.5","2","60","1.6","0.4","20.5","6.7","16","8.21","365","14","1","0","0","299","299","359","16","0","0","0","88510","1474","0","false","521111","186","360","928","33285","35856","20843"
"3","0.1","1","false","false","false","true","false","false","false","1","1","1","0.25","1","0","0","0","100","0","0","0.2","10","2.5","2","60","1.6","0.4","20.5","6.7","16","8.21","365","14","1","0","0","299","299","360","16","0","0","0","88510","1474","0","false","521111","186","360","928","33285","35856","20843"
"3","0.1","1","false","false","false","true","false","false","false","1","1","1","0.25","1","0","0","0","100","0","0","0.2","10","2.5","2","60","1.6","0.4","20.5","6.7","16","8.21","365","14","1","0","0","299","299","361","16","0","0","0","88510","1474","0","false","521111","186","360","928","33285","35856","20843"
"3","0.1","1","false","false","false","true","false","false","false","1","1","1","0.25","1","0","0","0","100","0","0","0.2","10","2.5","2","60","1.6","0.4","20.5","6.7","16","8.21","365","14","1","0","0","299","299","362","16","0","0","0","88510","1474","0","false","521111","186","360","928","33285","35856","20843"
"3","0.1","1","false","false","false","true","false","false","false","1","1","1","0.25","1","0","0","0","100","0","0","0.2","10","2.5","2","60","1.6","0.4","20.5","6.7","16","8.21","365","14","1","0","0","299","299","363","16","0","0","0","88510","1474","0","false","521111","186","360","928","33285","35856","20843"
"3","0.1","1","false","false","false","true","false","false","false","1","1","1","0.25","1","0","0","0","100","0","0","0.2","10","2.5","2","60","1.6","0.4","20.5","6.7","16","8.21","365","14","1","0","0","299","299","364","16","0","0","0","88510","1474","0","false","521111","186","360","928","33285","35856","20843"
"3","0.1","1","false","false","false","true","false","false","false","1","1","1","0.25","1","0","0","0","100","0","0","0.2","10","2.5","2","60","1.6","0.4","20.5","6.7","16","8.21","365","14","1","0","0","299","299","365","16","0","0","0","88510","1474","0","false","521111","186","360","928","33285","35856","20843"
"4","0.1","1","false","false","false","true","false","false","false","1","1","1","0.25","1","0","0","0","100","0","0","0.3","10","2.5","2","60","1.6","0.4","20.5","6.7","16","8.21","365","14","1","0","0","299","299","0","89910","90","0","0","0","0","0","false","0","0","0","0","0","0","0"
"4","0.1","1","false","false","false","true","false","false","false","1","1","1","0.25","1","0","0","0","100","0","0","0.3","10","2.5","2","60","1.6","0.4","20.5","6.7","16","8.21","365","14","1","0","0","299","299","1","89910","80","0","10","0","0","0","false","538431","0","0","0","1","1","2"
"4","0.1","1","false","false","false","true","false","false","false","1","1","1","0.25","1","0","0","0","100","0","0","0.3","10","2.5","2","60","1.6","0.4","20.5","6.7","16","8.21","365","14","1","0","0","299","299","2","89899","79","0","22","0","0","0","false","538431","0","0","0","4","2","3"
"4","0.1","1","false","false","false","true","false","false","false","1","1","1","0.25","1","0","0","0","100","0","0","0.3","10","2.5","2","60","1.6","0.4","20.5","6.7","16","8.21","365","14","1","0","0","299","299","3","89875","78","3","44","0","0","0","false","538431","0","0","0","12","16","5"
"4","0.1","1","false","false","false","true","false","false","false","1","1","1","0.25","1","0","0","0","100","0","0","0.3","10","2.5","2","60","1.6","0.4","20.5","6.7","16","8.21","365","14","1","0","0","299","299","4","89819","116","7","58","0","0","0","false","538431","0","0","0","19","19","10"
"4","0.1","1","false","false","false","true","false","false","false","1","1","1","0.25","1","0","0","0","100","0","0","0.3","10","2.5","2","60","1.6","0.4","20.5","6.7","16","8.21","365","14","1","0","0","299","299","5","89766","152","12","70","0","0","0","false","538431","0","0","0","21","30","13"
"4","0.1","1","false","false","false","true","false","false","false","1","1","1","0.25","1","0","0","0","100","0","0","0.3","10","2.5","2","60","1.6","0.4","20.5","6.7","16","8.21","365","14","1","0","0","299","299","6","89688","211","18","83","0","0","0","false","538431","0","0","0","29","35","18"
"4","0.1","1","false","false","false","true","false","false","false","1","1","1","0.25","1","0","0","0","100","0","0","0.3","10","2.5","2","60","1.6","0.4","20.5","6.7","16","8.21","365","14","1","0","0","299","299","7","89597","262","25","116","0","0","0","false","538431","0","0","0","38","48","26"
"4","0.1","1","false","false","false","true","false","false","false","1","1","1","0.25","1","0","0","0","100","0","0","0.3","10","2.5","2","60","1.6","0.4","20.5","6.7","16","8.21","365","14","1","0","0","299","299","8","89518","281","30","171","0","0","0","false","538431","0","0","0","50","66","38"
"4","0.1","1","false","false","false","true","false","false","false","1","1","1","0.25","1","0","0","0","100","0","0","0.3","10","2.5","2","60","1.6","0.4","20.5","6.7","16","8.21","365","14","1","0","0","299","299","9","89388","364","40","208","0","0","0","false","538431","0","0","0","65","77","48"
"4","0.1","1","false","false","false","true","false","false","false","1","1","1","0.25","1","0","0","0","100","0","0","0.3","10","2.5","2","60","1.6","0.4","20.5","6.7","16","8.21","365","14","1","0","0","299","299","10","89224","461","61","254","0","0","0","false","538431","0","0","0","89","105","63"
"4","0.1","1","false","false","false","true","false","false","false","1","1","1","0.25","1","0","0","0","100","0","0","0.3","10","2.5","2","60","1.6","0.4","20.5","6.7","16","8.21","365","14","1","0","0","299","299","11","89060","536","76","328","0","0","0","false","538431","0","0","0","111","132","74"
"4","0.1","1","false","false","false","true","false","false","false","1","1","1","0.25","1","0","0","0","100","0","0","0.3","10","2.5","2","60","1.6","0.4","20.5","6.7","16","8.21","365","14","1","0","0","299","299","12","88869","623","100","408","0","0","0","false","538431","0","0","0","142","170","90"
"4","0.1","1","false","false","false","true","false","false","false","1","1","1","0.25","1","0","0","0","100","0","0","0.3","10","2.5","2","60","1.6","0.4","20.5","6.7","16","8.21","365","14","1","0","0","299","299","13","88625","749","133","493","0","0","0","false","538431","0","0","0","178","206","121"
"4","0.1","1","false","false","false","true","false","false","false","1","1","1","0.25","1","0","0","0","100","0","0","0.3","10","2.5","2","60","1.6","0.4","20.5","6.7","16","8.21","365","14","1","0","0","299","299","14","88415","806","166","613","0","0","0","false","538431","0","0","0","226","262","150"
"4","0.1","1","false","false","false","true","false","false","false","1","1","1","0.25","1","0","0","0","100","0","0","0.3","10","2.5","2","60","1.6","0.4","20.5","6.7","16","8.21","365","14","1","0","0","299","299","15","88122","940","211","727","0","0","0","false","538431","0","0","0","284","329","172"
"4","0.1","1","false","false","false","true","false","false","false","1","1","1","0.25","1","0","0","0","100","0","0","0.3","10","2.5","2","60","1.6","0.4","20.5","6.7","16","8.21","365","14","1","0","0","299","299","16","87840","1031","256","872","1","0","3","false","538431","0","0","0","349","398","207"
"4","0.1","1","false","false","false","true","false","false","false","1","1","1","0.25","1","0","0","0","100","0","0","0.3","10","2.5","2","60","1.6","0.4","20.5","6.7","16","8.21","365","14","1","0","0","299","299","17","87542","1121","320","1013","4","0","47","false","538395","0","0","0","431","467","252"
"4","0.1","1","false","false","false","true","false","false","false","1","1","1","0.25","1","0","0","0","100","0","0","0.3","10","2.5","2","60","1.6","0.4","20.5","6.7","16","8.21","365","14","1","0","0","299","299","18","87214","1200","368","1206","12","0","88","false","537957","0","0","0","511","546","300"
"4","0.1","1","false","false","false","true","false","false","false","1","1","1","0.25","1","0","0","0","100","0","0","0.3","10","2.5","2","60","1.6","0.4","20.5","6.7","16","8.21","365","14","1","0","0","299","299","19","86898","1269","434","1382","17","0","114","false","537562","0","0","0","584","624","348"
"4","0.1","1","false","false","false","true","false","false","false","1","1","1","0.25","1","0","0","0","100","0","0","0.3","10","2.5","2","60","1.6","0.4","20.5","6.7","16","8.21","365","14","1","0","0","299","299","20","86519","1366","520","1575","20","0","158","false","537300","0","0","0","675","717","420"
"4","0.1","1","false","false","false","true","false","false","false","1","1","1","0.25","1","0","0","0","100","0","0","0.3","10","2.5","2","60","1.6","0.4","20.5","6.7","16","8.21","365","14","1","0","0","299","299","21","86149","1467","606","1754","23","1","222","false","536866","0","1","0","753","829","480"
"4","0.1","1","false","false","false","true","false","false","false","1","1","1","0.25","1","0","0","0","100","0","0","0.3","10","2.5","2","60","1.6","0.4","20.5","6.7","16","8.21","365","14","1","0","0","299","299","22","85741","1549","708","1972","29","1","290","false","536221","0","1","0","866","930","551"
"4","0.1","1","false","false","false","true","false","false","false","1","1","1","0.25","1","0","0","0","100","0","0","0.3","10","2.5","2","60","1.6","0.4","20.5","6.7","16","8.21","365","14","1","0","0","299","299","23","85273","1677","822","2185","42","1","418","false","535575","0","1","0","962","1073","626"
"4","0.1","1","false","false","false","true","false","false","false","1","1","1","0.25","1","0","0","0","100","0","0","0.3","10","2.5","2","60","1.6","0.4","20.5","6.7","16","8.21","365","14","1","0","0","299","299","24","84811","1769","931","2430","58","1","482","false","534378","0","1","0","1087","1197","696"
"4","0.1","1","false","false","false","true","false","false","false","1","1","1","0.25","1","0","0","0","100","0","0","0.3","10","2.5","2","60","1.6","0.4","20.5","6.7","16","8.21","365","14","1","0","0","299","299","25","84302","1890","1067","2653","86","2","600","false","533807","1","1","0","1229","1338","780"
"4","0.1","1","false","false","false","true","false","false","false","1","1","1","0.25","1","0","0","0","100","0","0","0.3","10","2.5","2","60","1.6","0.4","20.5","6.7","16","8.21","365","14","1","0","0","299","299","26","83798","1955","1211","2926","107","3","658","false","532678","2","1","0","1398","1488","873"
"4","0.1","1","false","false","false","true","false","false","false","1","1","1","0.25","1","0","0","0","100","0","0","0.3","10","2.5","2","60","1.6","0.4","20.5","6.7","16","8.21","365","14","1","0","0","299","299","27","83242","2076","1347","3198","134","3","733","false","532095","2","1","0","1556","1643","974"
"4","0.1","1","false","false","false","true","false","false","false","1","1","1","0.25","1","0","0","0","100","0","0","0.3","10","2.5","2","60","1.6","0.4","20.5","6.7","16","8.21","365","14","1","0","0","299","299","28","82682","2175","1508","3468","164","3","804","false","531375","2","1","0","1736","1815","1084"
"4","0.1","1","false","false","false","true","false","false","false","1","1","1","0.25","1","0","0","0","100","0","0","0.3","10","2.5","2","60","1.6","0.4","20.5","6.7","16","8.21","365","14","1","0","0","299","299","29","82106","2279","1670","3717","225","3","970","false","530721","2","1","0","1880","1999","1193"
"4","0.1","1","false","false","false","true","false","false","false","1","1","1","0.25","1","0","0","0","100","0","0","0.3","10","2.5","2","60","1.6","0.4","20.5","6.7","16","8.21","365","14","1","0","0","299","299","30","81507","2419","1822","3954","292","6","1102","false","529165","2","3","1","2040","2187","1276"
"4","0.1","1","false","false","false","true","false","false","false","1","1","1","0.25","1","0","0","0","100","0","0","0.3","10","2.5","2","60","1.6","0.4","20.5","6.7","16","8.21","365","14","1","0","0","299","299","31","80903","2497","1994","4240","357","9","1258","false","527874","2","4","3","2227","2394","1397"
"4","0.1","1","false","false","false","true","false","false","false","1","1","1","0.25","1","0","0","0","100","0","0","0.3","10","2.5","2","60","1.6","0.4","20.5","6.7","16","8.21","365","14","1","0","0","299","299","32","80240","2557","2151","4617","423","12","1423","false","526413","3","5","4","2404","2608","1535"
"4","0.1","1","false","false","false","true","false","false","false","1","1","1","0.25","1","0","0","0","100","0","0","0.3","10","2.5","2","60","1.6","0.4","20.5","6.7","16","8.21","365","14","1","0","0","299","299","33","79559","2665","2343","4908","509","16","1550","false","524764","4","7","5","2604","2837","1681"
"4","0.1","1","false","false","false","true","false","false","false","1","1","1","0.25","1","0","0","0","100","0","0","0.3","10","2.5","2","60","1.6","0.4","20.5","6.7","16","8.21","365","14","1","0","0","299","299","34","78862","2771","2489","5242","620","16","1720","false","523553","4","7","5","2789","3082","1794"
"4","0.1","1","false","false","false","true","false","false","false","1","1","1","0.25","1","0","0","0","100","0","0","0.3","10","2.5","2","60","1.6","0.4","20.5","6.7","16","8.21","365","14","1","0","0","299","299","35","78119","2900","2679","5538","746","18","1800","false","521844","4","7","7","3004","3330","1929"
"4","0.1","1","false","false","false","true","false","false","false","1","1","1","0.25","1","0","0","0","100","0","0","0.3","10","2.5","2","60","1.6","0.4","20.5","6.7","16","8.21","365","14","1","0","0","299","299","36","77385","2946","2885","5884","879","21","1891","false","521016","4","8","9","3250","3601","2065"
"4","0.1","1","false","false","false","true","false","false","false","1","1","1","0.25","1","0","0","0","100","0","0","0.3","10","2.5","2","60","1.6","0.4","20.5","6.7","16","8.21","365","14","1","0","0","299","299","37","76644","3037","3066","6199","1030","24","1982","false","520069","5","8","11","3450","3862","2195"
"4","0.1","1","false","false","false","true","false","false","false","1","1","1","0.25","1","0","0","0","100","0","0","0.3","10","2.5","2","60","1.6","0.4","20.5","6.7","16","8.21","365","14","1","0","0","299","299","38","75873","3117","3232","6534","1216","28","2112","false","519215","5","9","14","3680","4115","2356"
"4","0.1","1","false","false","false","true","false","false","false","1","1","1","0.25","1","0","0","0","100","0","0","0.3","10","2.5","2","60","1.6","0.4","20.5","6.7","16","8.21","365","14","1","0","0","299","299","39","75036","3239","3463","6826","1404","32","2250","false","517888","7","10","15","3956","4403","2518"
"4","0.1","1","false","false","false","true","false","false","false","1","1","1","0.25","1","0","0","0","100","0","0","0.3","10","2.5","2","60","1.6","0.4","20.5","6.7","16","8.21","365","14","1","0","0","299","299","40","74186","3346","3661","7165","1606","36","2437","false","516438","7","11","18","4241","4684","2688"
"4","0.1","1","false","false","false","true","false","false","false","1","1","1","0.25","1","0","0","0","100","0","0","0.3","10","2.5","2","60","1.6","0.4","20.5","6.7","16","8.21","365","14","1","0","0","299","299","41","73338","3436","3884","7452","1849","41","2600","false","514614","9","12","20","4523","4978","2860"
"4","0.1","1","false","false","false","true","false","false","false","1","1","1","0.25","1","0","0","0","100","0","0","0.3","10","2.5","2","60","1.6","0.4","20.5","6.7","16","8.21","365","14","1","0","0","299","299","42","72465","3516","4045","7816","2113","45","2682","false","512928","10","12","23","4788","5285","3045"
"4","0.1","1","false","false","false","true","false","false","false","1","1","1","0.25","1","0","0","0","100","0","0","0.3","10","2.5","2","60","1.6","0.4","20.5","6.7","16","8.21","365","14","1","0","0","299","299","43","71594","3583","4219","8141","2408","55","2689","false","511975","10","13","32","5076","5602","3219"
"4","0.1","1","false","false","false","true","false","false","false","1","1","1","0.25","1","0","0","0","100","0","0","0.3","10","2.5","2","60","1.6","0.4","20.5","6.7","16","8.21","365","14","1","0","0","299","299","44","70728","3639","4414","8471","2683","65","2784","false","511694","11","15","39","5347","5922","3418"
"4","0.1","1","false","false","false","true","false","false","false","1","1","1","0.25","1","0","0","0","100","0","0","0.3","10","2.5","2","60","1.6","0.4","20.5","6.7","16","8.21","365","14","1","0","0","299","299","45","69810","3775","4627","8712","3009","67","2781","false","510642","11","16","40","5617","6239","3603"
"4","0.1","1","false","false","false","true","false","false","false","1","1","1","0.25","1","0","0","0","100","0","0","0.3","10","2.5","2","60","1.6","0.4","20.5","6.7","16","8.21","365","14","1","0","0","299","299","46","68878","3815","4808","9102","3325","72","2894","false","510543","11","19","42","5912","6569","3800"
"4","0.1","1","false","false","false","true","false","false","false","1","1","1","0.25","1","0","0","0","100","0","0","0.3","10","2.5","2","60","1.6","0.4","20.5","6.7","16","8.21","365","14","1","0","0","299","299","47","67917","3884","4950","9436","3731","82","2983","false","509359","12","22","48","6224","6920","3978"
"4","0.1","1","false","false","false","true","false","false","false","1","1","1","0.25","1","0","0","0","100","0","0","0.3","10","2.5","2","60","1.6","0.4","20.5","6.7","16","8.21","365","14","1","0","0","299","299","48","66949","3979","5160","9725","4099","88","3046","false","508273","12","24","52","6558","7249","4181"
"4","0.1","1","false","false","false","true","false","false","false","1","1","1","0.25","1","0","0","0","100","0","0","0.3","10","2.5","2","60","1.6","0.4","20.5","6.7","16","8.21","365","14","1","0","0","299","299","49","65967","4072","5360","10005","4503","93","3137","false","507659","13","24","56","6878","7609","4410"
"4","0.1","1","false","false","false","true","false","false","false","1","1","1","0.25","1","0","0","0","100","0","0","0.3","10","2.5","2","60","1.6","0.4","20.5","6.7","16","8.21","365","14","1","0","0","299","299","50","64975","4103","5586","10314","4926","96","3206","false","506669","13","24","59","7236","7976","4606"
"4","0.1","1","false","false","false","true","false","false","false","1","1","1","0.25","1","0","0","0","100","0","0","0.3","10","2.5","2","60","1.6","0.4","20.5","6.7","16","8.21","365","14","1","0","0","299","299","51","63990","4128","5817","10616","5343","106","3270","false","505929","14","27","65","7593","8365","4817"
"4","0.1","1","false","false","false","true","false","false","false","1","1","1","0.25","1","0","0","0","100","0","0","0.3","10","2.5","2","60","1.6","0.4","20.5","6.7","16","8.21","365","14","1","0","0","299","299","52","62939","4207","6000","10931","5807","116","3381","false","505156","15","29","72","7959","8725","5018"
"4","0.1","1","false","false","false","true","false","false","false","1","1","1","0.25","1","0","0","0","100","0","0","0.3","10","2.5","2","60","1.6","0.4","20.5","6.7","16","8.21","365","14","1","0","0","299","299","53","61926","4281","6234","11146","6289","124","3409","false","503969","16","31","77","8323","9120","5216"
"4","0.1","1","false","false","false","true","false","false","false","1","1","1","0.25","1","0","0","0","100","0","0","0.3","10","2.5","2","60","1.6","0.4","20.5","6.7","16","8.21","365","14","1","0","0","299","299","54","60920","4285","6362","11474","6823","136","3403","false","503597","17","35","84","8689","9495","5422"
"4","0.1","1","false","false","false","true","false","false","false","1","1","1","0.25","1","0","0","0","100","0","0","0.3","10","2.5","2","60","1.6","0.4","20.5","6.7","16","8.21","365","14","1","0","0","299","299","55","59792","4427","6551","11708","7375","147","3414","false","503411","18","35","94","9058","9915","5660"
"4","0.1","1","false","false","false","true","false","false","false","1","1","1","0.25","1","0","0","0","100","0","0","0.3","10","2.5","2","60","1.6","0.4","20.5","6.7","16","8.21","365","14","1","0","0","299","299","56","58704","4449","6724","12052","7916","155","3479","false","503127","18","36","101","9444","10300","5888"
"4","0.1","1","false","false","false","true","false","false","false","1","1","1","0.25","1","0","0","0","100","0","0","0.3","10","2.5","2","60","1.6","0.4","20.5","6.7","16","8.21","365","14","1","0","0","299","299","57","57614","4520","6868","12336","8495","167","3567","false","502366","19","40","108","9818","10684","6103"
"4","0.1","1","false","false","false","true","false","false","false","1","1","1","0.25","1","0","0","0","100","0","0","0.3","10","2.5","2","60","1.6","0.4","20.5","6.7","16","8.21","365","14","1","0","0","299","299","58","56580","4525","7037","12536","9137","185","3666","false","501452","20","44","121","10177","11118","6359"
"4","0.1","1","false","false","false","true","false","false","false","1","1","1","0.25","1","0","0","0","100","0","0","0.3","10","2.5","2","60","1.6","0.4","20.5","6.7","16","8.21","365","14","1","0","0","299","299","59","55477","4525","7202","12841","9755","200","3788","false","500288","21","47","132","10559","11535","6617"
"4","0.1","1","false","false","false","true","false","false","false","1","1","1","0.25","1","0","0","0","100","0","0","0.3","10","2.5","2","60","1.6","0.4","20.5","6.7","16","8.21","365","14","1","0","0","299","299","60","54400","4583","7354","13035","10419","209","3898","false","498931","23","48","138","10957","11937","6844"
"4","0.1","1","false","false","false","true","false","false","false","1","1","1","0.25","1","0","0","0","100","0","0","0.3","10","2.5","2","60","1.6","0.4","20.5","6.7","16","8.21","365","14","1","0","0","299","299","61","53313","4603","7553","13242","11068","221","4002","false","497651","24","49","148","11332","12397","7107"
"4","0.1","1","false","false","false","true","false","false","false","1","1","1","0.25","1","0","0","0","100","0","0","0.3","10","2.5","2","60","1.6","0.4","20.5","6.7","16","8.21","365","14","1","0","0","299","299","62","52164","4707","7708","13428","11761","232","4108","false","496434","27","52","153","11702","12802","7336"
"4","0.1","1","false","false","false","true","false","false","false","1","1","1","0.25","1","0","0","0","100","0","0","0.3","10","2.5","2","60","1.6","0.4","20.5","6.7","16","8.21","365","14","1","0","0","299","299","63","51087","4730","7889","13584","12470","240","4130","false","495269","27","52","161","12090","13251","7557"
"4","0.1","1","false","false","false","true","false","false","false","1","1","1","0.25","1","0","0","0","100","0","0","0.3","10","2.5","2","60","1.6","0.4","20.5","6.7","16","8.21","365","14","1","0","0","299","299","64","49990","4666","7999","13896","13194","255","4259","false","494828","32","54","169","12487","13694","7804"
"4","0.1","1","false","false","false","true","false","false","false","1","1","1","0.25","1","0","0","0","100","0","0","0.3","10","2.5","2","60","1.6","0.4","20.5","6.7","16","8.21","365","14","1","0","0","299","299","65","48947","4623","8130","14095","13932","273","4290","false","493370","35","58","180","12889","14123","8055"
"4","0.1","1","false","false","false","true","false","false","false","1","1","1","0.25","1","0","0","0","100","0","0","0.3","10","2.5","2","60","1.6","0.4","20.5","6.7","16","8.21","365","14","1","0","0","299","299","66","47915","4544","8248","14276","14735","282","4364","false","492963","35","62","185","13303","14577","8312"
"4","0.1","1","false","false","false","true","false","false","false","1","1","1","0.25","1","0","0","0","100","0","0","0.3","10","2.5","2","60","1.6","0.4","20.5","6.7","16","8.21","365","14","1","0","0","299","299","67","46859","4566","8434","14343","15506","292","4427","false","492195","35","64","193","13716","15028","8534"
"4","0.1","1","false","false","false","true","false","false","false","1","1","1","0.25","1","0","0","0","100","0","0","0.3","10","2.5","2","60","1.6","0.4","20.5","6.7","16","8.21","365","14","1","0","0","299","299","68","45803","4557","8554","14457","16318","311","4535","false","491512","38","69","204","14137","15469","8761"
"4","0.1","1","false","false","false","true","false","false","false","1","1","1","0.25","1","0","0","0","100","0","0","0.3","10","2.5","2","60","1.6","0.4","20.5","6.7","16","8.21","365","14","1","0","0","299","299","69","44733","4634","8683","14478","17146","326","4578","false","490201","39","72","215","14490","15883","9010"
"4","0.1","1","false","false","false","true","false","false","false","1","1","1","0.25","1","0","0","0","100","0","0","0.3","10","2.5","2","60","1.6","0.4","20.5","6.7","16","8.21","365","14","1","0","0","299","299","70","43686","4580","8782","14608","18001","343","4588","false","489629","39","77","227","14882","16306","9281"
"4","0.1","1","false","false","false","true","false","false","false","1","1","1","0.25","1","0","0","0","100","0","0","0.3","10","2.5","2","60","1.6","0.4","20.5","6.7","16","8.21","365","14","1","0","0","299","299","71","42616","4584","8832","14773","18836","359","4614","false","489264","45","79","235","15289","16699","9525"
"4","0.1","1","false","false","false","true","false","false","false","1","1","1","0.25","1","0","0","0","100","0","0","0.3","10","2.5","2","60","1.6","0.4","20.5","6.7","16","8.21","365","14","1","0","0","299","299","72","41535","4584","8897","14914","19691","379","4566","false","488860","48","83","248","15662","17120","9790"
"4","0.1","1","false","false","false","true","false","false","false","1","1","1","0.25","1","0","0","0","100","0","0","0.3","10","2.5","2","60","1.6","0.4","20.5","6.7","16","8.21","365","14","1","0","0","299","299","73","40437","4616","8960","15004","20587","396","4539","false","489006","51","89","256","16043","17542","10039"
"4","0.1","1","false","false","false","true","false","false","false","1","1","1","0.25","1","0","0","0","100","0","0","0.3","10","2.5","2","60","1.6","0.4","20.5","6.7","16","8.21","365","14","1","0","0","299","299","74","39369","4634","9023","15073","21491","410","4605","false","489051","53","91","266","16452","17957","10280"
"4","0.1","1","false","false","false","true","false","false","false","1","1","1","0.25","1","0","0","0","100","0","0","0.3","10","2.5","2","60","1.6","0.4","20.5","6.7","16","8.21","365","14","1","0","0","299","299","75","38294","4667","9151","15022","22430","436","4547","false","488339","57","95","284","16851","18354","10542"
"4","0.1","1","false","false","false","true","false","false","false","1","1","1","0.25","1","0","0","0","100","0","0","0.3","10","2.5","2","60","1.6","0.4","20.5","6.7","16","8.21","365","14","1","0","0","299","299","76","37287","4584","9214","15131","23332","452","4646","false","488537","59","99","294","17253","18778","10802"
"4","0.1","1","false","false","false","true","false","false","false","1","1","1","0.25","1","0","0","0","100","0","0","0.3","10","2.5","2","60","1.6","0.4","20.5","6.7","16","8.21","365","14","1","0","0","299","299","77","36279","4526","9256","15191","24278","470","4591","false","487405","62","101","307","17628","19238","11011"
"4","0.1","1","false","false","false","true","false","false","false","1","1","1","0.25","1","0","0","0","100","0","0","0.3","10","2.5","2","60","1.6","0.4","20.5","6.7","16","8.21","365","14","1","0","0","299","299","78","35255","4488","9289","15223","25253","492","4624","false","487703","66","105","321","18038","19644","11274"
"4","0.1","1","false","false","false","true","false","false","false","1","1","1","0.25","1","0","0","0","100","0","0","0.3","10","2.5","2","60","1.6","0.4","20.5","6.7","16","8.21","365","14","1","0","0","299","299","79","34246","4407","9342","15265","26232","508","4648","false","487223","67","108","333","18440","20092","11550"
"4","0.1","1","false","false","false","true","false","false","false","1","1","1","0.25","1","0","0","0","100","0","0","0.3","10","2.5","2","60","1.6","0.4","20.5","6.7","16","8.21","365","14","1","0","0","299","299","80","33263","4359","9367","15269","27214","528","4612","false","486737","68","114","346","18834","20462","11785"
"4","0.1","1","false","false","false","true","false","false","false","1","1","1","0.25","1","0","0","0","100","0","0","0.3","10","2.5","2","60","1.6","0.4","20.5","6.7","16","8.21","365","14","1","0","0","299","299","81","32233","4342","9348","15273","28249","555","4563","false","486756","74","116","365","19232","20883","12008"
"4","0.1","1","false","false","false","true","false","false","false","1","1","1","0.25","1","0","0","0","100","0","0","0.3","10","2.5","2","60","1.6","0.4","20.5","6.7","16","8.21","365","14","1","0","0","299","299","82","31243","4294","9409","15242","29242","570","4503","false","486877","76","120","374","19639","21295","12249"
"4","0.1","1","false","false","false","true","false","false","false","1","1","1","0.25","1","0","0","0","100","0","0","0.3","10","2.5","2","60","1.6","0.4","20.5","6.7","16","8.21","365","14","1","0","0","299","299","83","30281","4262","9416","15212","30240","589","4525","false","487232","78","127","384","20035","21707","12491"
"4","0.1","1","false","false","false","true","false","false","false","1","1","1","0.25","1","0","0","0","100","0","0","0.3","10","2.5","2","60","1.6","0.4","20.5","6.7","16","8.21","365","14","1","0","0","299","299","84","29290","4214","9423","15188","31283","602","4569","false","486796","78","130","394","20415","22125","12730"
"4","0.1","1","false","false","false","true","false","false","false","1","1","1","0.25","1","0","0","0","100","0","0","0.3","10","2.5","2","60","1.6","0.4","20.5","6.7","16","8.21","365","14","1","0","0","299","299","85","28394","4088","9377","15139","32379","623","4500","false","486297","80","138","405","20788","22545","12954"
"4","0.1","1","false","false","false","true","false","false","false","1","1","1","0.25","1","0","0","0","100","0","0","0.3","10","2.5","2","60","1.6","0.4","20.5","6.7","16","8.21","365","14","1","0","0","299","299","86","27494","4053","9345","15010","33454","644","4490","false","486670","84","142","418","21110","22964","13172"
"4","0.1","1","false","false","false","true","false","false","false","1","1","1","0.25","1","0","0","0","100","0","0","0.3","10","2.5","2","60","1.6","0.4","20.5","6.7","16","8.21","365","14","1","0","0","299","299","87","26616","3930","9354","14956","34483","661","4524","false","486386","86","148","427","21463","23396","13409"
"4","0.1","1","false","false","false","true","false","false","false","1","1","1","0.25","1","0","0","0","100","0","0","0.3","10","2.5","2","60","1.6","0.4","20.5","6.7","16","8.21","365","14","1","0","0","299","299","88","25722","3888","9358","14836","35516","680","4458","false","485895","86","151","443","21836","23796","13637"
"4","0.1","1","false","false","false","true","false","false","false","1","1","1","0.25","1","0","0","0","100","0","0","0.3","10","2.5","2","60","1.6","0.4","20.5","6.7","16","8.21","365","14","1","0","0","299","299","89","24865","3853","9292","14730","36557","703","4434","false","486285","91","157","455","22184","24155","13838"
"4","0.1","1","false","false","false","true","false","false","false","1","1","1","0.25","1","0","0","0","100","0","0","0.3","10","2.5","2","60","1.6","0.4","20.5","6.7","16","8.21","365","14","1","0","0","299","299","90","24035","3791","9207","14660","37583","724","4367","false","486177","99","157","468","22520","24532","14039"
"4","0.1","1","false","false","false","true","false","false","false","1","1","1","0.25","1","0","0","0","100","0","0","0.3","10","2.5","2","60","1.6","0.4","20.5","6.7","16","8.21","365","14","1","0","0","299","299","91","23206","3671","9140","14634","38612","737","4367","false","486582","100","158","479","22869","24919","14251"
"4","0.1","1","false","false","false","true","false","false","false","1","1","1","0.25","1","0","0","0","100","0","0","0.3","10","2.5","2","60","1.6","0.4","20.5","6.7","16","8.21","365","14","1","0","0","299","299","92","22348","3614","9065","14570","39642","761","4384","false","486452","102","164","495","23205","25256","14450"
"4","0.1","1","false","false","false","true","false","false","false","1","1","1","0.25","1","0","0","0","100","0","0","0.3","10","2.5","2","60","1.6","0.4","20.5","6.7","16","8.21","365","14","1","0","0","299","299","93","21564","3527","9014","14422","40699","774","4424","false","486065","102","169","503","23525","25605","14657"
"4","0.1","1","false","false","false","true","false","false","false","1","1","1","0.25","1","0","0","0","100","0","0","0.3","10","2.5","2","60","1.6","0.4","20.5","6.7","16","8.21","365","14","1","0","0","299","299","94","20874","3378","9004","14230","41723","791","4389","false","485615","104","175","512","23878","25967","14844"
"4","0.1","1","false","false","false","true","false","false","false","1","1","1","0.25","1","0","0","0","100","0","0","0.3","10","2.5","2","60","1.6","0.4","20.5","6.7","16","8.21","365","14","1","0","0","299","299","95","20133","3302","8903","14061","42792","809","4273","false","485770","110","180","519","24180","26326","15036"
"4","0.1","1","false","false","false","true","false","false","false","1","1","1","0.25","1","0","0","0","100","0","0","0.3","10","2.5","2","60","1.6","0.4","20.5","6.7","16","8.21","365","14","1","0","0","299","299","96","19450","3188","8801","13869","43868","824","4240","false","486565","112","185","527","24510","26643","15230"
"4","0.1","1","false","false","false","true","false","false","false","1","1","1","0.25","1","0","0","0","100","0","0","0.3","10","2.5","2","60","1.6","0.4","20.5","6.7","16","8.21","365","14","1","0","0","299","299","97","18726","3198","8743","13593","44901","839","4133","false","486625","114","186","539","24809","26961","15403"
"4","0.1","1","false","false","false","true","false","false","false","1","1","1","0.25","1","0","0","0","100","0","0","0.3","10","2.5","2","60","1.6","0.4","20.5","6.7","16","8.21","365","14","1","0","0","299","299","98","18041","3116","8630","13401","45951","861","3991","false","487370","116","192","553","25101","27262","15591"
"4","0.1","1","false","false","false","true","false","false","false","1","1","1","0.25","1","0","0","0","100","0","0","0.3","10","2.5","2","60","1.6","0.4","20.5","6.7","16","8.21","365","14","1","0","0","299","299","99","17342","3046","8528","13237","46968","879","3904","false","488528","117","196","566","25371","27564","15756"
"4","0.1","1","false","false","false","true","false","false","false","1","1","1","0.25","1","0","0","0","100","0","0","0.3","10","2.5","2","60","1.6","0.4","20.5","6.7","16","8.21","365","14","1","0","0","299","299","100","16722","2980","8395","12999","48004","900","3886","false","489004","118","202","580","25639","27836","15934"
"4","0.1","1","false","false","false","true","false","false","false","1","1","1","0.25","1","0","0","0","100","0","0","0.3","10","2.5","2","60","1.6","0.4","20.5","6.7","16","8.21","365","14","1","0","0","299","299","101","16102","2894","8248","12807","49026","923","3857","false","489036","120","205","598","25891","28139","16093"
"4","0.1","1","false","false","false","true","false","false","false","1","1","1","0.25","1","0","0","0","100","0","0","0.3","10","2.5","2","60","1.6","0.4","20.5","6.7","16","8.21","365","14","1","0","0","299","299","102","15459","2810","8117","12635","50031","948","3837","false","489089","123","212","613","26146","28460","16249"
"4","0.1","1","false","false","false","true","false","false","false","1","1","1","0.25","1","0","0","0","100","0","0","0.3","10","2.5","2","60","1.6","0.4","20.5","6.7","16","8.21","365","14","1","0","0","299","299","103","14841","2765","8030","12397","51010","957","3779","false","488978","123","216","618","26401","28767","16401"
"4","0.1","1","false","false","false","true","false","false","false","1","1","1","0.25","1","0","0","0","100","0","0","0.3","10","2.5","2","60","1.6","0.4","20.5","6.7","16","8.21","365","14","1","0","0","299","299","104","14282","2719","7886","12100","52039","974","3668","false","489490","123","221","630","26642","29015","16545"
"4","0.1","1","false","false","false","true","false","false","false","1","1","1","0.25","1","0","0","0","100","0","0","0.3","10","2.5","2","60","1.6","0.4","20.5","6.7","16","8.21","365","14","1","0","0","299","299","105","13733","2585","7758","11900","53040","984","3581","false","490282","125","225","634","26901","29289","16708"
"4","0.1","1","false","false","false","true","false","false","false","1","1","1","0.25","1","0","0","0","100","0","0","0.3","10","2.5","2","60","1.6","0.4","20.5","6.7","16","8.21","365","14","1","0","0","299","299","106","13197","2541","7598","11611","54052","1001","3458","false","490980","126","230","645","27118","29528","16847"
"4","0.1","1","false","false","false","true","false","false","false","1","1","1","0.25","1","0","0","0","100","0","0","0.3","10","2.5","2","60","1.6","0.4","20.5","6.7","16","8.21","365","14","1","0","0","299","299","107","12655","2486","7457","11398","54993","1011","3428","false","491963","129","230","652","27346","29778","16999"
"4","0.1","1","false","false","false","true","false","false","false","1","1","1","0.25","1","0","0","0","100","0","0","0.3","10","2.5","2","60","1.6","0.4","20.5","6.7","16","8.21","365","14","1","0","0","299","299","108","12179","2379","7307","11144","55965","1026","3431","false","492168","132","232","662","27575","30004","17144"
"4","0.1","1","false","false","false","true","false","false","false","1","1","1","0.25","1","0","0","0","100","0","0","0.3","10","2.5","2","60","1.6","0.4","20.5","6.7","16","8.21","365","14","1","0","0","299","299","109","11699","2257","7137","10930","56936","1041","3401","false","492084","136","236","669","27819","30252","17287"
"4","0.1","1","false","false","false","true","false","false","false","1","1","1","0.25","1","0","0","0","100","0","0","0.3","10","2.5","2","60","1.6","0.4","20.5","6.7","16","8.21","365","14","1","0","0","299","299","110","11208","2172","7008","10712","57843","1057","3355","false","492217","137","240","680","28039","30480","17422"
"4","0.1","1","false","false","false","true","false","false","false","1","1","1","0.25","1","0","0","0","100","0","0","0.3","10","2.5","2","60","1.6","0.4","20.5","6.7","16","8.21","365","14","1","0","0","299","299","111","10769","2035","6830","10477","58817","1072","3305","false","492460","140","244","688","28257","30705","17548"
"4","0.1","1","false","false","false","true","false","false","false","1","1","1","0.25","1","0","0","0","100","0","0","0.3","10","2.5","2","60","1.6","0.4","20.5","6.7","16","8.21","365","14","1","0","0","299","299","112","10335","1962","6652","10207","59764","1080","3234","false","492742","140","248","692","28452","30919","17667"
"4","0.1","1","false","false","false","true","false","false","false","1","1","1","0.25","1","0","0","0","100","0","0","0.3","10","2.5","2","60","1.6","0.4","20.5","6.7","16","8.21","365","14","1","0","0","299","299","113","9933","1892","6502","9931","60653","1089","3178","false","493328","140","253","696","28633","31143","17777"
"4","0.1","1","false","false","false","true","false","false","false","1","1","1","0.25","1","0","0","0","100","0","0","0.3","10","2.5","2","60","1.6","0.4","20.5","6.7","16","8.21","365","14","1","0","0","299","299","114","9540","1824","6329","9660","61539","1108","2993","false","493683","142","261","705","28808","31354","17893"
"4","0.1","1","false","false","false","true","false","false","false","1","1","1","0.25","1","0","0","0","100","0","0","0.3","10","2.5","2","60","1.6","0.4","20.5","6.7","16","8.21","365","14","1","0","0","299","299","115","9141","1791","6162","9332","62444","1130","2844","false","495166","142","268","720","28972","31561","17992"
"4","0.1","1","false","false","false","true","false","false","false","1","1","1","0.25","1","0","0","0","100","0","0","0.3","10","2.5","2","60","1.6","0.4","20.5","6.7","16","8.21","365","14","1","0","0","299","299","116","8751","1749","5982","9094","63283","1141","2694","false","496343","144","269","728","29139","31734","18101"
"4","0.1","1","false","false","false","true","false","false","false","1","1","1","0.25","1","0","0","0","100","0","0","0.3","10","2.5","2","60","1.6","0.4","20.5","6.7","16","8.21","365","14","1","0","0","299","299","117","8422","1626","5838","8824","64135","1155","2620","false","497659","146","273","736","29320","31906","18199"
"4","0.1","1","false","false","false","true","false","false","false","1","1","1","0.25","1","0","0","0","100","0","0","0.3","10","2.5","2","60","1.6","0.4","20.5","6.7","16","8.21","365","14","1","0","0","299","299","118","8082","1534","5628","8637","64947","1172","2608","false","498240","146","277","749","29476","32079","18284"
"4","0.1","1","false","false","false","true","false","false","false","1","1","1","0.25","1","0","0","0","100","0","0","0.3","10","2.5","2","60","1.6","0.4","20.5","6.7","16","8.21","365","14","1","0","0","299","299","119","7748","1513","5501","8347","65705","1186","2472","false","498283","147","281","758","29627","32235","18371"
"4","0.1","1","false","false","false","true","false","false","false","1","1","1","0.25","1","0","0","0","100","0","0","0.3","10","2.5","2","60","1.6","0.4","20.5","6.7","16","8.21","365","14","1","0","0","299","299","120","7425","1472","5380","8023","66508","1192","2412","false","499446","148","282","762","29769","32407","18467"
"4","0.1","1","false","false","false","true","false","false","false","1","1","1","0.25","1","0","0","0","100","0","0","0.3","10","2.5","2","60","1.6","0.4","20.5","6.7","16","8.21","365","14","1","0","0","299","299","121","7118","1417","5225","7787","67253","1200","2310","false","499983","150","283","767","29888","32551","18550"
"4","0.1","1","false","false","false","true","false","false","false","1","1","1","0.25","1","0","0","0","100","0","0","0.3","10","2.5","2","60","1.6","0.4","20.5","6.7","16","8.21","365","14","1","0","0","299","299","122","6808","1407","5117","7523","67929","1216","2236","false","500962","152","287","777","30009","32708","18631"
"4","0.1","1","false","false","false","true","false","false","false","1","1","1","0.25","1","0","0","0","100","0","0","0.3","10","2.5","2","60","1.6","0.4","20.5","6.7","16","8.21","365","14","1","0","0","299","299","123","6498","1379","5001","7297","68600","1225","2132","false","501625","153","287","785","30142","32844","18724"
"4","0.1","1","false","false","false","true","false","false","false","1","1","1","0.25","1","0","0","0","100","0","0","0.3","10","2.5","2","60","1.6","0.4","20.5","6.7","16","8.21","365","14","1","0","0","299","299","124","6186","1381","4829","7073","69293","1238","2086","false","502549","154","291","793","30254","32967","18796"
"4","0.1","1","false","false","false","true","false","false","false","1","1","1","0.25","1","0","0","0","100","0","0","0.3","10","2.5","2","60","1.6","0.4","20.5","6.7","16","8.21","365","14","1","0","0","299","299","125","5916","1343","4708","6835","69948","1250","1985","false","502918","158","294","798","30382","33091","18867"
"4","0.1","1","false","false","false","true","false","false","false","1","1","1","0.25","1","0","0","0","100","0","0","0.3","10","2.5","2","60","1.6","0.4","20.5","6.7","16","8.21","365","14","1","0","0","299","299","126","5658","1259","4558","6606","70652","1267","1890","false","503780","162","299","806","30507","33231","18960"
"4","0.1","1","false","false","false","true","false","false","false","1","1","1","0.25","1","0","0","0","100","0","0","0.3","10","2.5","2","60","1.6","0.4","20.5","6.7","16","8.21","365","14","1","0","0","299","299","127","5383","1226","4439","6410","71263","1279","1810","false","504502","163","305","811","30613","33358","19044"
"4","0.1","1","false","false","false","true","false","false","false","1","1","1","0.25","1","0","0","0","100","0","0","0.3","10","2.5","2","60","1.6","0.4","20.5","6.7","16","8.21","365","14","1","0","0","299","299","128","5113","1186","4285","6205","71926","1285","1827","false","505147","164","308","813","30733","33486","19099"
"4","0.1","1","false","false","false","true","false","false","false","1","1","1","0.25","1","0","0","0","100","0","0","0.3","10","2.5","2","60","1.6","0.4","20.5","6.7","16","8.21","365","14","1","0","0","299","299","129","4859","1171","4130","6007","72536","1297","1840","false","504944","165","310","822","30848","33617","19162"
"4","0.1","1","false","false","false","true","false","false","false","1","1","1","0.25","1","0","0","0","100","0","0","0.3","10","2.5","2","60","1.6","0.4","20.5","6.7","16","8.21","365","14","1","0","0","299","299","130","4615","1121","3979","5796","73182","1307","1757","false","504782","167","311","829","30956","33747","19239"
"4","0.1","1","false","false","false","true","false","false","false","1","1","1","0.25","1","0","0","0","100","0","0","0.3","10","2.5","2","60","1.6","0.4","20.5","6.7","16","8.21","365","14","1","0","0","299","299","131","4405","1047","3832","5625","73774","1317","1677","false","505493","168","315","834","31072","33847","19315"
"4","0.1","1","false","false","false","true","false","false","false","1","1","1","0.25","1","0","0","0","100","0","0","0.3","10","2.5","2","60","1.6","0.4","20.5","6.7","16","8.21","365","14","1","0","0","299","299","132","4176","1001","3672","5480","74342","1329","1609","false","506116","170","318","841","31150","33969","19373"
"4","0.1","1","false","false","false","true","false","false","false","1","1","1","0.25","1","0","0","0","100","0","0","0.3","10","2.5","2","60","1.6","0.4","20.5","6.7","16","8.21","365","14","1","0","0","299","299","133","3970","966","3573","5279","74878","1334","1563","false","506742","172","319","843","31240","34068","19423"
"4","0.1","1","false","false","false","true","false","false","false","1","1","1","0.25","1","0","0","0","100","0","0","0.3","10","2.5","2","60","1.6","0.4","20.5","6.7","16","8.21","365","14","1","0","0","299","299","134","3754","944","3482","5119","75361","1340","1480","false","507060","173","321","846","31348","34172","19483"
"4","0.1","1","false","false","false","true","false","false","false","1","1","1","0.25","1","0","0","0","100","0","0","0.3","10","2.5","2","60","1.6","0.4","20.5","6.7","16","8.21","365","14","1","0","0","299","299","135","3552","905","3355","4942","75900","1346","1457","false","507830","173","322","851","31424","34274","19546"
"4","0.1","1","false","false","false","true","false","false","false","1","1","1","0.25","1","0","0","0","100","0","0","0.3","10","2.5","2","60","1.6","0.4","20.5","6.7","16","8.21","365","14","1","0","0","299","299","136","3391","867","3232","4736","76420","1354","1389","false","507973","175","326","853","31486","34376","19599"
"4","0.1","1","false","false","false","true","false","false","false","1","1","1","0.25","1","0","0","0","100","0","0","0.3","10","2.5","2","60","1.6","0.4","20.5","6.7","16","8.21","365","14","1","0","0","299","299","137","3218","836","3151","4572","76856","1367","1349","false","508565","176","331","860","31556","34473","19655"
"4","0.1","1","false","false","false","true","false","false","false","1","1","1","0.25","1","0","0","0","100","0","0","0.3","10","2.5","2","60","1.6","0.4","20.5","6.7","16","8.21","365","14","1","0","0","299","299","138","3045","796","3035","4388","77360","1376","1345","false","508816","176","333","867","31645","34553","19707"
"4","0.1","1","false","false","false","true","false","false","false","1","1","1","0.25","1","0","0","0","100","0","0","0.3","10","2.5","2","60","1.6","0.4","20.5","6.7","16","8.21","365","14","1","0","0","299","299","139","2887","744","2951","4232","77806","1380","1330","false","508776","177","334","869","31725","34657","19753"
"4","0.1","1","false","false","false","true","false","false","false","1","1","1","0.25","1","0","0","0","100","0","0","0.3","10","2.5","2","60","1.6","0.4","20.5","6.7","16","8.21","365","14","1","0","0","299","299","140","2741","695","2853","4124","78201","1386","1274","false","508867","179","334","873","31792","34749","19791"
"4","0.1","1","false","false","false","true","false","false","false","1","1","1","0.25","1","0","0","0","100","0","0","0.3","10","2.5","2","60","1.6","0.4","20.5","6.7","16","8.21","365","14","1","0","0","299","299","141","2594","685","2778","3967","78586","1390","1203","false","509353","180","336","874","31860","34826","19824"
"4","0.1","1","false","false","false","true","false","false","false","1","1","1","0.25","1","0","0","0","100","0","0","0.3","10","2.5","2","60","1.6","0.4","20.5","6.7","16","8.21","365","14","1","0","0","299","299","142","2457","669","2701","3832","78948","1393","1169","false","509983","180","339","874","31918","34896","19864"
"4","0.1","1","false","false","false","true","false","false","false","1","1","1","0.25","1","0","0","0","100","0","0","0.3","10","2.5","2","60","1.6","0.4","20.5","6.7","16","8.21","365","14","1","0","0","299","299","143","2315","640","2577","3713","79354","1401","1086","false","510305","183","343","875","31982","34968","19892"
"4","0.1","1","false","false","false","true","false","false","false","1","1","1","0.25","1","0","0","0","100","0","0","0.3","10","2.5","2","60","1.6","0.4","20.5","6.7","16","8.21","365","14","1","0","0","299","299","144","2184","632","2482","3574","79717","1411","1061","false","510996","184","347","880","32043","35018","19939"
"4","0.1","1","false","false","false","true","false","false","false","1","1","1","0.25","1","0","0","0","100","0","0","0.3","10","2.5","2","60","1.6","0.4","20.5","6.7","16","8.21","365","14","1","0","0","299","299","145","2078","587","2388","3463","80068","1416","1009","false","511122","186","348","882","32095","35079","19974"
"4","0.1","1","false","false","false","true","false","false","false","1","1","1","0.25","1","0","0","0","100","0","0","0.3","10","2.5","2","60","1.6","0.4","20.5","6.7","16","8.21","365","14","1","0","0","299","299","146","1976","557","2324","3330","80394","1419","949","false","511578","186","349","884","32147","35132","20015"
"4","0.1","1","false","false","false","true","false","false","false","1","1","1","0.25","1","0","0","0","100","0","0","0.3","10","2.5","2","60","1.6","0.4","20.5","6.7","16","8.21","365","14","1","0","0","299","299","147","1856","538","2249","3231","80700","1426","924","false","512117","186","351","889","32200","35196","20042"
"4","0.1","1","false","false","false","true","false","false","false","1","1","1","0.25","1","0","0","0","100","0","0","0.3","10","2.5","2","60","1.6","0.4","20.5","6.7","16","8.21","365","14","1","0","0","299","299","148","1782","466","2155","3146","81018","1433","924","false","512298","187","352","894","32252","35259","20076"
"4","0.1","1","false","false","false","true","false","false","false","1","1","1","0.25","1","0","0","0","100","0","0","0.3","10","2.5","2","60","1.6","0.4","20.5","6.7","16","8.21","365","14","1","0","0","299","299","149","1679","440","2069","3028","81345","1439","876","false","512296","188","353","898","32305","35309","20118"
"4","0.1","1","false","false","false","true","false","false","false","1","1","1","0.25","1","0","0","0","100","0","0","0.3","10","2.5","2","60","1.6","0.4","20.5","6.7","16","8.21","365","14","1","0","0","299","299","150","1580","418","1974","2928","81655","1445","850","false","512676","189","356","900","32352","35363","20144"
"4","0.1","1","false","false","false","true","false","false","false","1","1","1","0.25","1","0","0","0","100","0","0","0.3","10","2.5","2","60","1.6","0.4","20.5","6.7","16","8.21","365","14","1","0","0","299","299","151","1478","437","1890","2777","81967","1451","820","false","512865","189","358","904","32394","35403","20167"
"4","0.1","1","false","false","false","true","false","false","false","1","1","1","0.25","1","0","0","0","100","0","0","0.3","10","2.5","2","60","1.6","0.4","20.5","6.7","16","8.21","365","14","1","0","0","299","299","152","1403","402","1816","2652","82270","1457","804","false","513079","191","359","907","32439","35449","20197"
"4","0.1","1","false","false","false","true","false","false","false","1","1","1","0.25","1","0","0","0","100","0","0","0.3","10","2.5","2","60","1.6","0.4","20.5","6.7","16","8.21","365","14","1","0","0","299","299","153","1328","380","1731","2538","82561","1462","757","false","513188","191","362","909","32481","35493","20214"
"4","0.1","1","false","false","false","true","false","false","false","1","1","1","0.25","1","0","0","0","100","0","0","0.3","10","2.5","2","60","1.6","0.4","20.5","6.7","16","8.21","365","14","1","0","0","299","299","154","1258","362","1665","2422","82827","1466","731","false","513554","191","364","911","32514","35533","20226"
"4","0.1","1","false","false","false","true","false","false","false","1","1","1","0.25","1","0","0","0","100","0","0","0.3","10","2.5","2","60","1.6","0.4","20.5","6.7","16","8.21","365","14","1","0","0","299","299","155","1177","354","1621","2322","83058","1468","685","false","513761","191","364","913","32539","35570","20252"
"4","0.1","1","false","false","false","true","false","false","false","1","1","1","0.25","1","0","0","0","100","0","0","0.3","10","2.5","2","60","1.6","0.4","20.5","6.7","16","8.21","365","14","1","0","0","299","299","156","1115","333","1533","2221","83325","1473","694","false","514189","191","364","918","32563","35613","20278"
"4","0.1","1","false","false","false","true","false","false","false","1","1","1","0.25","1","0","0","0","100","0","0","0.3","10","2.5","2","60","1.6","0.4","20.5","6.7","16","8.21","365","14","1","0","0","299","299","157","1063","309","1442","2125","83583","1478","677","false","514121","191","366","921","32590","35646","20292"
"4","0.1","1","false","false","false","true","false","false","false","1","1","1","0.25","1","0","0","0","100","0","0","0.3","10","2.5","2","60","1.6","0.4","20.5","6.7","16","8.21","365","14","1","0","0","299","299","158","1025","267","1383","2008","83833","1484","676","false","514200","192","367","925","32615","35683","20315"
"4","0.1","1","false","false","false","true","false","false","false","1","1","1","0.25","1","0","0","0","100","0","0","0.3","10","2.5","2","60","1.6","0.4","20.5","6.7","16","8.21","365","14","1","0","0","299","299","159","968","256","1330","1922","84039","1485","668","false","514168","192","367","926","32643","35710","20333"
"4","0.1","1","false","false","false","true","false","false","false","1","1","1","0.25","1","0","0","0","100","0","0","0.3","10","2.5","2","60","1.6","0.4","20.5","6.7","16","8.21","365","14","1","0","0","299","299","160","914","234","1269","1855","84243","1485","632","false","514222","192","367","926","32666","35744","20346"
"4","0.1","1","false","false","false","true","false","false","false","1","1","1","0.25","1","0","0","0","100","0","0","0.3","10","2.5","2","60","1.6","0.4","20.5","6.7","16","8.21","365","14","1","0","0","299","299","161","857","241","1208","1745","84461","1488","590","false","514528","192","367","929","32689","35775","20357"
"4","0.1","1","false","false","false","true","false","false","false","1","1","1","0.25","1","0","0","0","100","0","0","0.3","10","2.5","2","60","1.6","0.4","20.5","6.7","16","8.21","365","14","1","0","0","299","299","162","815","229","1150","1651","84665","1490","563","false","514888","192","368","930","32711","35799","20372"
"4","0.1","1","false","false","false","true","false","false","false","1","1","1","0.25","1","0","0","0","100","0","0","0.3","10","2.5","2","60","1.6","0.4","20.5","6.7","16","8.21","365","14","1","0","0","299","299","163","753","237","1104","1568","84843","1495","529","false","515117","193","369","933","32732","35826","20381"
"4","0.1","1","false","false","false","true","false","false","false","1","1","1","0.25","1","0","0","0","100","0","0","0.3","10","2.5","2","60","1.6","0.4","20.5","6.7","16","8.21","365","14","1","0","0","299","299","164","703","243","1061","1467","85029","1497","487","false","515441","193","369","935","32752","35846","20398"
"4","0.1","1","false","false","false","true","false","false","false","1","1","1","0.25","1","0","0","0","100","0","0","0.3","10","2.5","2","60","1.6","0.4","20.5","6.7","16","8.21","365","14","1","0","0","299","299","165","650","233","998","1402","85217","1500","485","false","515800","193","371","936","32770","35869","20411"
"4","0.1","1","false","false","false","true","false","false","false","1","1","1","0.25","1","0","0","0","100","0","0","0.3","10","2.5","2","60","1.6","0.4","20.5","6.7","16","8.21","365","14","1","0","0","299","299","166","591","230","939","1342","85396","1502","447","false","515799","193","371","938","32793","35892","20423"
"4","0.1","1","false","false","false","true","false","false","false","1","1","1","0.25","1","0","0","0","100","0","0","0.3","10","2.5","2","60","1.6","0.4","20.5","6.7","16","8.21","365","14","1","0","0","299","299","167","549","217","895","1294","85541","1504","427","false","516149","193","372","939","32810","35911","20437"
"4","0.1","1","false","false","false","true","false","false","false","1","1","1","0.25","1","0","0","0","100","0","0","0.3","10","2.5","2","60","1.6","0.4","20.5","6.7","16","8.21","365","14","1","0","0","299","299","168","507","207","848","1243","85691","1504","396","false","516332","193","372","939","32836","35929","20449"
"4","0.1","1","false","false","false","true","false","false","false","1","1","1","0.25","1","0","0","0","100","0","0","0.3","10","2.5","2","60","1.6","0.4","20.5","6.7","16","8.21","365","14","1","0","0","299","299","169","468","196","810","1182","85838","1506","377","false","516613","193","373","940","32858","35958","20460"
"4","0.1","1","false","false","false","true","false","false","false","1","1","1","0.25","1","0","0","0","100","0","0","0.3","10","2.5","2","60","1.6","0.4","20.5","6.7","16","8.21","365","14","1","0","0","299","299","170","427","189","777","1113","85988","1506","340","false","516767","193","373","940","32879","35975","20477"
"4","0.1","1","false","false","false","true","false","false","false","1","1","1","0.25","1","0","0","0","100","0","0","0.3","10","2.5","2","60","1.6","0.4","20.5","6.7","16","8.21","365","14","1","0","0","299","299","171","383","197","733","1053","86127","1507","323","false","517140","193","374","940","32897","35989","20486"
"4","0.1","1","false","false","false","true","false","false","false","1","1","1","0.25","1","0","0","0","100","0","0","0.3","10","2.5","2","60","1.6","0.4","20.5","6.7","16","8.21","365","14","1","0","0","299","299","172","356","175","701","1010","86249","1509","283","false","517270","193","375","941","32911","36009","20497"
"4","0.1","1","false","false","false","true","false","false","false","1","1","1","0.25","1","0","0","0","100","0","0","0.3","10","2.5","2","60","1.6","0.4","20.5","6.7","16","8.21","365","14","1","0","0","299","299","173","327","161","674","979","86349","1510","290","false","517637","193","375","942","32930","36025","20502"
"4","0.1","1","false","false","false","true","false","false","false","1","1","1","0.25","1","0","0","0","100","0","0","0.3","10","2.5","2","60","1.6","0.4","20.5","6.7","16","8.21","365","14","1","0","0","299","299","174","302","138","645","947","86458","1510","284","false","517595","193","375","942","32945","36046","20522"
"4","0.1","1","false","false","false","true","false","false","false","1","1","1","0.25","1","0","0","0","100","0","0","0.3","10","2.5","2","60","1.6","0.4","20.5","6.7","16","8.21","365","14","1","0","0","299","299","175","271","131","614","908","86564","1512","291","false","517669","193","375","944","32960","36060","20526"
"4","0.1","1","false","false","false","true","false","false","false","1","1","1","0.25","1","0","0","0","100","0","0","0.3","10","2.5","2","60","1.6","0.4","20.5","6.7","16","8.21","365","14","1","0","0","299","299","176","245","125","600","873","86644","1513","266","false","517582","193","375","945","32976","36080","20532"
"4","0.1","1","false","false","false","true","false","false","false","1","1","1","0.25","1","0","0","0","100","0","0","0.3","10","2.5","2","60","1.6","0.4","20.5","6.7","16","8.21","365","14","1","0","0","299","299","177","220","119","564","837","86744","1516","261","false","517810","195","375","946","32990","36090","20540"
"4","0.1","1","false","false","false","true","false","false","false","1","1","1","0.25","1","0","0","0","100","0","0","0.3","10","2.5","2","60","1.6","0.4","20.5","6.7","16","8.21","365","14","1","0","0","299","299","178","198","113","539","788","86844","1518","222","false","517870","195","375","948","32999","36099","20552"
"4","0.1","1","false","false","false","true","false","false","false","1","1","1","0.25","1","0","0","0","100","0","0","0.3","10","2.5","2","60","1.6","0.4","20.5","6.7","16","8.21","365","14","1","0","0","299","299","179","183","95","522","757","86924","1519","198","false","518213","195","375","949","33011","36113","20561"
"4","0.1","1","false","false","false","true","false","false","false","1","1","1","0.25","1","0","0","0","100","0","0","0.3","10","2.5","2","60","1.6","0.4","20.5","6.7","16","8.21","365","14","1","0","0","299","299","180","158","94","498","720","87010","1520","202","false","518436","195","375","950","33026","36121","20568"
"4","0.1","1","false","false","false","true","false","false","false","1","1","1","0.25","1","0","0","0","100","0","0","0.3","10","2.5","2","60","1.6","0.4","20.5","6.7","16","8.21","365","14","1","0","0","299","299","181","136","89","484","684","87086","1521","206","false","518390","195","375","951","33035","36134","20576"
"4","0.1","1","false","false","false","true","false","false","false","1","1","1","0.25","1","0","0","0","100","0","0","0.3","10","2.5","2","60","1.6","0.4","20.5","6.7","16","8.21","365","14","1","0","0","299","299","182","124","78","460","653","87161","1524","194","false","518334","195","375","954","33045","36140","20581"
"4","0.1","1","false","false","false","true","false","false","false","1","1","1","0.25","1","0","0","0","100","0","0","0.3","10","2.5","2","60","1.6","0.4","20.5","6.7","16","8.21","365","14","1","0","0","299","299","183","108","75","444","618","87230","1525","194","false","518418","195","375","955","33047","36153","20587"
"4","0.1","1","false","false","false","true","false","false","false","1","1","1","0.25","1","0","0","0","100","0","0","0.3","10","2.5","2","60","1.6","0.4","20.5","6.7","16","8.21","365","14","1","0","0","299","299","184","89","76","433","573","87304","1525","193","false","518421","195","375","955","33062","36158","20591"
"4","0.1","1","false","false","false","true","false","false","false","1","1","1","0.25","1","0","0","0","100","0","0","0.3","10","2.5","2","60","1.6","0.4","20.5","6.7","16","8.21","365","14","1","0","0","299","299","185","73","73","418","545","87365","1526","182","false","518418","195","375","956","33072","36168","20592"
"4","0.1","1","false","false","false","true","false","false","false","1","1","1","0.25","1","0","0","0","100","0","0","0.3","10","2.5","2","60","1.6","0.4","20.5","6.7","16","8.21","365","14","1","0","0","299","299","186","64","57","398","536","87418","1527","171","false","518490","195","375","957","33074","36178","20593"
"4","0.1","1","false","false","false","true","false","false","false","1","1","1","0.25","1","0","0","0","100","0","0","0.3","10","2.5","2","60","1.6","0.4","20.5","6.7","16","8.21","365","14","1","0","0","299","299","187","58","46","370","515","87483","1528","178","false","518556","195","376","957","33080","36188","20595"
"4","0.1","1","false","false","false","true","false","false","false","1","1","1","0.25","1","0","0","0","100","0","0","0.3","10","2.5","2","60","1.6","0.4","20.5","6.7","16","8.21","365","14","1","0","0","299","299","188","57","36","366","479","87534","1528","151","false","518495","195","376","957","33085","36205","20599"
"4","0.1","1","false","false","false","true","false","false","false","1","1","1","0.25","1","0","0","0","100","0","0","0.3","10","2.5","2","60","1.6","0.4","20.5","6.7","16","8.21","365","14","1","0","0","299","299","189","51","28","349","454","87590","1528","132","false","518770","195","376","957","33089","36212","20603"
"4","0.1","1","false","false","false","true","false","false","false","1","1","1","0.25","1","0","0","0","100","0","0","0.3","10","2.5","2","60","1.6","0.4","20.5","6.7","16","8.21","365","14","1","0","0","299","299","190","46","29","341","422","87634","1528","125","false","518954","195","376","957","33092","36214","20606"
"4","0.1","1","false","false","false","true","false","false","false","1","1","1","0.25","1","0","0","0","100","0","0","0.3","10","2.5","2","60","1.6","0.4","20.5","6.7","16","8.21","365","14","1","0","0","299","299","191","42","26","321","391","87692","1528","126","false","519027","195","376","957","33095","36219","20610"
"4","0.1","1","false","false","false","true","false","false","false","1","1","1","0.25","1","0","0","0","100","0","0","0.3","10","2.5","2","60","1.6","0.4","20.5","6.7","16","8.21","365","14","1","0","0","299","299","192","37","25","307","370","87733","1528","135","false","519046","195","376","957","33096","36223","20612"
"4","0.1","1","false","false","false","true","false","false","false","1","1","1","0.25","1","0","0","0","100","0","0","0.3","10","2.5","2","60","1.6","0.4","20.5","6.7","16","8.21","365","14","1","0","0","299","299","193","37","20","292","340","87781","1530","121","false","518967","195","376","959","33098","36224","20612"
"4","0.1","1","false","false","false","true","false","false","false","1","1","1","0.25","1","0","0","0","100","0","0","0.3","10","2.5","2","60","1.6","0.4","20.5","6.7","16","8.21","365","14","1","0","0","299","299","194","36","16","264","320","87834","1530","111","false","519060","195","376","959","33101","36228","20614"
"4","0.1","1","false","false","false","true","false","false","false","1","1","1","0.25","1","0","0","0","100","0","0","0.3","10","2.5","2","60","1.6","0.4","20.5","6.7","16","8.21","365","14","1","0","0","299","299","195","34","14","245","300","87876","1531","105","false","519162","195","376","960","33103","36228","20615"
"4","0.1","1","false","false","false","true","false","false","false","1","1","1","0.25","1","0","0","0","100","0","0","0.3","10","2.5","2","60","1.6","0.4","20.5","6.7","16","8.21","365","14","1","0","0","299","299","196","32","9","232","276","87920","1531","93","false","519212","195","376","960","33105","36230","20616"
"4","0.1","1","false","false","false","true","false","false","false","1","1","1","0.25","1","0","0","0","100","0","0","0.3","10","2.5","2","60","1.6","0.4","20.5","6.7","16","8.21","365","14","1","0","0","299","299","197","30","9","215","257","87956","1533","78","false","519334","195","377","961","33106","36231","20616"
"4","0.1","1","false","false","false","true","false","false","false","1","1","1","0.25","1","0","0","0","100","0","0","0.3","10","2.5","2","60","1.6","0.4","20.5","6.7","16","8.21","365","14","1","0","0","299","299","198","30","6","202","237","87992","1533","72","false","519461","195","377","961","33108","36232","20617"
"4","0.1","1","false","false","false","true","false","false","false","1","1","1","0.25","1","0","0","0","100","0","0","0.3","10","2.5","2","60","1.6","0.4","20.5","6.7","16","8.21","365","14","1","0","0","299","299","199","29","5","188","215","88030","1533","63","false","519522","195","377","961","33110","36234","20618"
"4","0.1","1","false","false","false","true","false","false","false","1","1","1","0.25","1","0","0","0","100","0","0","0.3","10","2.5","2","60","1.6","0.4","20.5","6.7","16","8.21","365","14","1","0","0","299","299","200","28","3","177","194","88065","1533","48","false","519605","195","377","961","33111","36236","20621"
"4","0.1","1","false","false","false","true","false","false","false","1","1","1","0.25","1","0","0","0","100","0","0","0.3","10","2.5","2","60","1.6","0.4","20.5","6.7","16","8.21","365","14","1","0","0","299","299","201","24","6","165","173","88099","1533","35","false","519760","195","377","961","33112","36236","20621"
"4","0.1","1","false","false","false","true","false","false","false","1","1","1","0.25","1","0","0","0","100","0","0","0.3","10","2.5","2","60","1.6","0.4","20.5","6.7","16","8.21","365","14","1","0","0","299","299","202","24","6","148","148","88141","1533","28","false","519901","195","377","961","33112","36236","20621"
"4","0.1","1","false","false","false","true","false","false","false","1","1","1","0.25","1","0","0","0","100","0","0","0.3","10","2.5","2","60","1.6","0.4","20.5","6.7","16","8.21","365","14","1","0","0","299","299","203","23","6","134","127","88177","1533","27","false","519967","195","377","961","33113","36236","20621"
"4","0.1","1","false","false","false","true","false","false","false","1","1","1","0.25","1","0","0","0","100","0","0","0.3","10","2.5","2","60","1.6","0.4","20.5","6.7","16","8.21","365","14","1","0","0","299","299","204","22","6","122","112","88205","1533","19","false","519978","195","377","961","33113","36236","20621"
"4","0.1","1","false","false","false","true","false","false","false","1","1","1","0.25","1","0","0","0","100","0","0","0.3","10","2.5","2","60","1.6","0.4","20.5","6.7","16","8.21","365","14","1","0","0","299","299","205","21","4","109","107","88226","1533","5","false","520050","195","377","961","33113","36237","20622"
"4","0.1","1","false","false","false","true","false","false","false","1","1","1","0.25","1","0","0","0","100","0","0","0.3","10","2.5","2","60","1.6","0.4","20.5","6.7","16","8.21","365","14","1","0","0","299","299","206","21","3","99","94","88249","1534","3","false","520200","196","377","961","33113","36239","20622"
"4","0.1","1","false","false","false","true","false","false","false","1","1","1","0.25","1","0","0","0","100","0","0","0.3","10","2.5","2","60","1.6","0.4","20.5","6.7","16","8.21","365","14","1","0","0","299","299","207","20","3","88","87","88267","1535","3","false","520212","196","377","962","33114","36240","20622"
"4","0.1","1","false","false","false","true","false","false","false","1","1","1","0.25","1","0","0","0","100","0","0","0.3","10","2.5","2","60","1.6","0.4","20.5","6.7","16","8.21","365","14","1","0","0","299","299","208","20","3","76","77","88288","1536","1","false","520201","196","377","963","33114","36240","20622"
"4","0.1","1","false","false","false","true","false","false","false","1","1","1","0.25","1","0","0","0","100","0","0","0.3","10","2.5","2","60","1.6","0.4","20.5","6.7","16","8.21","365","14","1","0","0","299","299","209","20","2","68","66","88308","1536","1","false","520213","196","377","963","33115","36240","20623"
"4","0.1","1","false","false","false","true","false","false","false","1","1","1","0.25","1","0","0","0","100","0","0","0.3","10","2.5","2","60","1.6","0.4","20.5","6.7","16","8.21","365","14","1","0","0","299","299","210","20","1","62","60","88321","1536","0","false","520213","196","377","963","33115","36240","20623"
"4","0.1","1","false","false","false","true","false","false","false","1","1","1","0.25","1","0","0","0","100","0","0","0.3","10","2.5","2","60","1.6","0.4","20.5","6.7","16","8.21","365","14","1","0","0","299","299","211","20","1","53","46","88344","1536","0","false","520225","196","377","963","33115","36240","20623"
"4","0.1","1","false","false","false","true","false","false","false","1","1","1","0.25","1","0","0","0","100","0","0","0.3","10","2.5","2","60","1.6","0.4","20.5","6.7","16","8.21","365","14","1","0","0","299","299","212","20","0","48","41","88355","1536","0","false","520225","196","377","963","33116","36240","20624"
"4","0.1","1","false","false","false","true","false","false","false","1","1","1","0.25","1","0","0","0","100","0","0","0.3","10","2.5","2","60","1.6","0.4","20.5","6.7","16","8.21","365","14","1","0","0","299","299","213","20","0","41","35","88368","1536","0","false","520225","196","377","963","33116","36240","20624"
"4","0.1","1","false","false","false","true","false","false","false","1","1","1","0.25","1","0","0","0","100","0","0","0.3","10","2.5","2","60","1.6","0.4","20.5","6.7","16","8.21","365","14","1","0","0","299","299","214","20","0","36","31","88377","1536","0","false","520225","196","377","963","33116","36240","20624"
"4","0.1","1","false","false","false","true","false","false","false","1","1","1","0.25","1","0","0","0","100","0","0","0.3","10","2.5","2","60","1.6","0.4","20.5","6.7","16","8.21","365","14","1","0","0","299","299","215","20","0","31","27","88385","1537","0","false","520225","196","378","963","33116","36240","20624"
"4","0.1","1","false","false","false","true","false","false","false","1","1","1","0.25","1","0","0","0","100","0","0","0.3","10","2.5","2","60","1.6","0.4","20.5","6.7","16","8.21","365","14","1","0","0","299","299","216","20","0","26","22","88395","1537","0","false","520213","196","378","963","33116","36240","20624"
"4","0.1","1","false","false","false","true","false","false","false","1","1","1","0.25","1","0","0","0","100","0","0","0.3","10","2.5","2","60","1.6","0.4","20.5","6.7","16","8.21","365","14","1","0","0","299","299","217","20","0","22","18","88403","1537","0","false","520213","196","378","963","33116","36240","20624"
"4","0.1","1","false","false","false","true","false","false","false","1","1","1","0.25","1","0","0","0","100","0","0","0.3","10","2.5","2","60","1.6","0.4","20.5","6.7","16","8.21","365","14","1","0","0","299","299","218","20","0","19","16","88408","1537","0","false","520213","196","378","963","33116","36240","20624"
"4","0.1","1","false","false","false","true","false","false","false","1","1","1","0.25","1","0","0","0","100","0","0","0.3","10","2.5","2","60","1.6","0.4","20.5","6.7","16","8.21","365","14","1","0","0","299","299","219","20","0","18","15","88410","1537","0","false","520213","196","378","963","33116","36240","20624"
"4","0.1","1","false","false","false","true","false","false","false","1","1","1","0.25","1","0","0","0","100","0","0","0.3","10","2.5","2","60","1.6","0.4","20.5","6.7","16","8.21","365","14","1","0","0","299","299","220","20","0","16","12","88415","1537","0","false","520213","196","378","963","33116","36240","20624"
"4","0.1","1","false","false","false","true","false","false","false","1","1","1","0.25","1","0","0","0","100","0","0","0.3","10","2.5","2","60","1.6","0.4","20.5","6.7","16","8.21","365","14","1","0","0","299","299","221","20","0","12","10","88421","1537","0","false","520213","196","378","963","33116","36240","20624"
"4","0.1","1","false","false","false","true","false","false","false","1","1","1","0.25","1","0","0","0","100","0","0","0.3","10","2.5","2","60","1.6","0.4","20.5","6.7","16","8.21","365","14","1","0","0","299","299","222","20","0","10","10","88423","1537","0","false","520213","196","378","963","33116","36240","20624"
"4","0.1","1","false","false","false","true","false","false","false","1","1","1","0.25","1","0","0","0","100","0","0","0.3","10","2.5","2","60","1.6","0.4","20.5","6.7","16","8.21","365","14","1","0","0","299","299","223","20","0","10","7","88426","1537","0","false","520213","196","378","963","33116","36240","20624"
"4","0.1","1","false","false","false","true","false","false","false","1","1","1","0.25","1","0","0","0","100","0","0","0.3","10","2.5","2","60","1.6","0.4","20.5","6.7","16","8.21","365","14","1","0","0","299","299","224","20","0","9","5","88429","1537","0","false","520213","196","378","963","33116","36240","20624"
"4","0.1","1","false","false","false","true","false","false","false","1","1","1","0.25","1","0","0","0","100","0","0","0.3","10","2.5","2","60","1.6","0.4","20.5","6.7","16","8.21","365","14","1","0","0","299","299","225","20","0","9","5","88429","1537","0","false","520213","196","378","963","33116","36240","20624"
"4","0.1","1","false","false","false","true","false","false","false","1","1","1","0.25","1","0","0","0","100","0","0","0.3","10","2.5","2","60","1.6","0.4","20.5","6.7","16","8.21","365","14","1","0","0","299","299","226","20","0","5","4","88434","1537","0","false","520213","196","378","963","33116","36240","20624"
"4","0.1","1","false","false","false","true","false","false","false","1","1","1","0.25","1","0","0","0","100","0","0","0.3","10","2.5","2","60","1.6","0.4","20.5","6.7","16","8.21","365","14","1","0","0","299","299","227","20","0","5","3","88435","1537","0","false","520213","196","378","963","33116","36240","20624"
"4","0.1","1","false","false","false","true","false","false","false","1","1","1","0.25","1","0","0","0","100","0","0","0.3","10","2.5","2","60","1.6","0.4","20.5","6.7","16","8.21","365","14","1","0","0","299","299","228","20","0","5","3","88435","1537","0","false","520213","196","378","963","33116","36240","20624"
"4","0.1","1","false","false","false","true","false","false","false","1","1","1","0.25","1","0","0","0","100","0","0","0.3","10","2.5","2","60","1.6","0.4","20.5","6.7","16","8.21","365","14","1","0","0","299","299","229","20","0","5","3","88435","1537","0","false","520213","196","378","963","33116","36240","20624"
"4","0.1","1","false","false","false","true","false","false","false","1","1","1","0.25","1","0","0","0","100","0","0","0.3","10","2.5","2","60","1.6","0.4","20.5","6.7","16","8.21","365","14","1","0","0","299","299","230","20","0","5","3","88435","1537","0","false","520213","196","378","963","33116","36240","20624"
"4","0.1","1","false","false","false","true","false","false","false","1","1","1","0.25","1","0","0","0","100","0","0","0.3","10","2.5","2","60","1.6","0.4","20.5","6.7","16","8.21","365","14","1","0","0","299","299","231","20","0","4","3","88436","1537","0","false","520213","196","378","963","33116","36240","20624"
"4","0.1","1","false","false","false","true","false","false","false","1","1","1","0.25","1","0","0","0","100","0","0","0.3","10","2.5","2","60","1.6","0.4","20.5","6.7","16","8.21","365","14","1","0","0","299","299","232","20","0","3","2","88438","1537","0","false","520213","196","378","963","33116","36240","20624"
"4","0.1","1","false","false","false","true","false","false","false","1","1","1","0.25","1","0","0","0","100","0","0","0.3","10","2.5","2","60","1.6","0.4","20.5","6.7","16","8.21","365","14","1","0","0","299","299","233","20","0","3","2","88438","1537","0","false","520213","196","378","963","33116","36240","20624"
"4","0.1","1","false","false","false","true","false","false","false","1","1","1","0.25","1","0","0","0","100","0","0","0.3","10","2.5","2","60","1.6","0.4","20.5","6.7","16","8.21","365","14","1","0","0","299","299","234","20","0","1","1","88441","1537","0","false","520213","196","378","963","33116","36240","20624"
"4","0.1","1","false","false","false","true","false","false","false","1","1","1","0.25","1","0","0","0","100","0","0","0.3","10","2.5","2","60","1.6","0.4","20.5","6.7","16","8.21","365","14","1","0","0","299","299","235","20","0","0","1","88442","1537","0","false","520213","196","378","963","33116","36240","20624"
"4","0.1","1","false","false","false","true","false","false","false","1","1","1","0.25","1","0","0","0","100","0","0","0.3","10","2.5","2","60","1.6","0.4","20.5","6.7","16","8.21","365","14","1","0","0","299","299","236","20","0","0","1","88442","1537","0","false","520213","196","378","963","33116","36240","20624"
"4","0.1","1","false","false","false","true","false","false","false","1","1","1","0.25","1","0","0","0","100","0","0","0.3","10","2.5","2","60","1.6","0.4","20.5","6.7","16","8.21","365","14","1","0","0","299","299","237","20","0","0","1","88442","1537","0","false","520213","196","378","963","33116","36240","20624"
"4","0.1","1","false","false","false","true","false","false","false","1","1","1","0.25","1","0","0","0","100","0","0","0.3","10","2.5","2","60","1.6","0.4","20.5","6.7","16","8.21","365","14","1","0","0","299","299","238","20","0","0","1","88442","1537","0","false","520213","196","378","963","33116","36240","20624"
"4","0.1","1","false","false","false","true","false","false","false","1","1","1","0.25","1","0","0","0","100","0","0","0.3","10","2.5","2","60","1.6","0.4","20.5","6.7","16","8.21","365","14","1","0","0","299","299","239","20","0","0","0","88443","1537","0","false","520213","196","378","963","33116","36240","20624"
"4","0.1","1","false","false","false","true","false","false","false","1","1","1","0.25","1","0","0","0","100","0","0","0.3","10","2.5","2","60","1.6","0.4","20.5","6.7","16","8.21","365","14","1","0","0","299","299","240","20","0","0","0","88443","1537","0","false","520213","196","378","963","33116","36240","20624"
"4","0.1","1","false","false","false","true","false","false","false","1","1","1","0.25","1","0","0","0","100","0","0","0.3","10","2.5","2","60","1.6","0.4","20.5","6.7","16","8.21","365","14","1","0","0","299","299","241","20","0","0","0","88443","1537","0","false","520213","196","378","963","33116","36240","20624"
"4","0.1","1","false","false","false","true","false","false","false","1","1","1","0.25","1","0","0","0","100","0","0","0.3","10","2.5","2","60","1.6","0.4","20.5","6.7","16","8.21","365","14","1","0","0","299","299","242","20","0","0","0","88443","1537","0","false","520213","196","378","963","33116","36240","20624"
"4","0.1","1","false","false","false","true","false","false","false","1","1","1","0.25","1","0","0","0","100","0","0","0.3","10","2.5","2","60","1.6","0.4","20.5","6.7","16","8.21","365","14","1","0","0","299","299","243","20","0","0","0","88443","1537","0","false","520213","196","378","963","33116","36240","20624"
"4","0.1","1","false","false","false","true","false","false","false","1","1","1","0.25","1","0","0","0","100","0","0","0.3","10","2.5","2","60","1.6","0.4","20.5","6.7","16","8.21","365","14","1","0","0","299","299","244","20","0","0","0","88443","1537","0","false","520213","196","378","963","33116","36240","20624"
"4","0.1","1","false","false","false","true","false","false","false","1","1","1","0.25","1","0","0","0","100","0","0","0.3","10","2.5","2","60","1.6","0.4","20.5","6.7","16","8.21","365","14","1","0","0","299","299","245","20","0","0","0","88443","1537","0","false","520213","196","378","963","33116","36240","20624"
"4","0.1","1","false","false","false","true","false","false","false","1","1","1","0.25","1","0","0","0","100","0","0","0.3","10","2.5","2","60","1.6","0.4","20.5","6.7","16","8.21","365","14","1","0","0","299","299","246","20","0","0","0","88443","1537","0","false","520213","196","378","963","33116","36240","20624"
"4","0.1","1","false","false","false","true","false","false","false","1","1","1","0.25","1","0","0","0","100","0","0","0.3","10","2.5","2","60","1.6","0.4","20.5","6.7","16","8.21","365","14","1","0","0","299","299","247","20","0","0","0","88443","1537","0","false","520213","196","378","963","33116","36240","20624"
"4","0.1","1","false","false","false","true","false","false","false","1","1","1","0.25","1","0","0","0","100","0","0","0.3","10","2.5","2","60","1.6","0.4","20.5","6.7","16","8.21","365","14","1","0","0","299","299","248","20","0","0","0","88443","1537","0","false","520213","196","378","963","33116","36240","20624"
"4","0.1","1","false","false","false","true","false","false","false","1","1","1","0.25","1","0","0","0","100","0","0","0.3","10","2.5","2","60","1.6","0.4","20.5","6.7","16","8.21","365","14","1","0","0","299","299","249","20","0","0","0","88443","1537","0","false","520213","196","378","963","33116","36240","20624"
"4","0.1","1","false","false","false","true","false","false","false","1","1","1","0.25","1","0","0","0","100","0","0","0.3","10","2.5","2","60","1.6","0.4","20.5","6.7","16","8.21","365","14","1","0","0","299","299","250","20","0","0","0","88443","1537","0","false","520213","196","378","963","33116","36240","20624"
"4","0.1","1","false","false","false","true","false","false","false","1","1","1","0.25","1","0","0","0","100","0","0","0.3","10","2.5","2","60","1.6","0.4","20.5","6.7","16","8.21","365","14","1","0","0","299","299","251","20","0","0","0","88443","1537","0","false","520213","196","378","963","33116","36240","20624"
"4","0.1","1","false","false","false","true","false","false","false","1","1","1","0.25","1","0","0","0","100","0","0","0.3","10","2.5","2","60","1.6","0.4","20.5","6.7","16","8.21","365","14","1","0","0","299","299","252","20","0","0","0","88443","1537","0","false","520213","196","378","963","33116","36240","20624"
"4","0.1","1","false","false","false","true","false","false","false","1","1","1","0.25","1","0","0","0","100","0","0","0.3","10","2.5","2","60","1.6","0.4","20.5","6.7","16","8.21","365","14","1","0","0","299","299","253","20","0","0","0","88443","1537","0","false","520213","196","378","963","33116","36240","20624"
"4","0.1","1","false","false","false","true","false","false","false","1","1","1","0.25","1","0","0","0","100","0","0","0.3","10","2.5","2","60","1.6","0.4","20.5","6.7","16","8.21","365","14","1","0","0","299","299","254","20","0","0","0","88443","1537","0","false","520213","196","378","963","33116","36240","20624"
"4","0.1","1","false","false","false","true","false","false","false","1","1","1","0.25","1","0","0","0","100","0","0","0.3","10","2.5","2","60","1.6","0.4","20.5","6.7","16","8.21","365","14","1","0","0","299","299","255","20","0","0","0","88443","1537","0","false","520213","196","378","963","33116","36240","20624"
"4","0.1","1","false","false","false","true","false","false","false","1","1","1","0.25","1","0","0","0","100","0","0","0.3","10","2.5","2","60","1.6","0.4","20.5","6.7","16","8.21","365","14","1","0","0","299","299","256","20","0","0","0","88443","1537","0","false","520213","196","378","963","33116","36240","20624"
"4","0.1","1","false","false","false","true","false","false","false","1","1","1","0.25","1","0","0","0","100","0","0","0.3","10","2.5","2","60","1.6","0.4","20.5","6.7","16","8.21","365","14","1","0","0","299","299","257","20","0","0","0","88443","1537","0","false","520213","196","378","963","33116","36240","20624"
"4","0.1","1","false","false","false","true","false","false","false","1","1","1","0.25","1","0","0","0","100","0","0","0.3","10","2.5","2","60","1.6","0.4","20.5","6.7","16","8.21","365","14","1","0","0","299","299","258","20","0","0","0","88443","1537","0","false","520213","196","378","963","33116","36240","20624"
"4","0.1","1","false","false","false","true","false","false","false","1","1","1","0.25","1","0","0","0","100","0","0","0.3","10","2.5","2","60","1.6","0.4","20.5","6.7","16","8.21","365","14","1","0","0","299","299","259","20","0","0","0","88443","1537","0","false","520213","196","378","963","33116","36240","20624"
"4","0.1","1","false","false","false","true","false","false","false","1","1","1","0.25","1","0","0","0","100","0","0","0.3","10","2.5","2","60","1.6","0.4","20.5","6.7","16","8.21","365","14","1","0","0","299","299","260","20","0","0","0","88443","1537","0","false","520213","196","378","963","33116","36240","20624"
"4","0.1","1","false","false","false","true","false","false","false","1","1","1","0.25","1","0","0","0","100","0","0","0.3","10","2.5","2","60","1.6","0.4","20.5","6.7","16","8.21","365","14","1","0","0","299","299","261","20","0","0","0","88443","1537","0","false","520213","196","378","963","33116","36240","20624"
"4","0.1","1","false","false","false","true","false","false","false","1","1","1","0.25","1","0","0","0","100","0","0","0.3","10","2.5","2","60","1.6","0.4","20.5","6.7","16","8.21","365","14","1","0","0","299","299","262","20","0","0","0","88443","1537","0","false","520213","196","378","963","33116","36240","20624"
"4","0.1","1","false","false","false","true","false","false","false","1","1","1","0.25","1","0","0","0","100","0","0","0.3","10","2.5","2","60","1.6","0.4","20.5","6.7","16","8.21","365","14","1","0","0","299","299","263","20","0","0","0","88443","1537","0","false","520213","196","378","963","33116","36240","20624"
"4","0.1","1","false","false","false","true","false","false","false","1","1","1","0.25","1","0","0","0","100","0","0","0.3","10","2.5","2","60","1.6","0.4","20.5","6.7","16","8.21","365","14","1","0","0","299","299","264","20","0","0","0","88443","1537","0","false","520213","196","378","963","33116","36240","20624"
"4","0.1","1","false","false","false","true","false","false","false","1","1","1","0.25","1","0","0","0","100","0","0","0.3","10","2.5","2","60","1.6","0.4","20.5","6.7","16","8.21","365","14","1","0","0","299","299","265","20","0","0","0","88443","1537","0","false","520213","196","378","963","33116","36240","20624"
"4","0.1","1","false","false","false","true","false","false","false","1","1","1","0.25","1","0","0","0","100","0","0","0.3","10","2.5","2","60","1.6","0.4","20.5","6.7","16","8.21","365","14","1","0","0","299","299","266","20","0","0","0","88443","1537","0","false","520213","196","378","963","33116","36240","20624"
"4","0.1","1","false","false","false","true","false","false","false","1","1","1","0.25","1","0","0","0","100","0","0","0.3","10","2.5","2","60","1.6","0.4","20.5","6.7","16","8.21","365","14","1","0","0","299","299","267","20","0","0","0","88443","1537","0","false","520213","196","378","963","33116","36240","20624"
"4","0.1","1","false","false","false","true","false","false","false","1","1","1","0.25","1","0","0","0","100","0","0","0.3","10","2.5","2","60","1.6","0.4","20.5","6.7","16","8.21","365","14","1","0","0","299","299","268","20","0","0","0","88443","1537","0","false","520213","196","378","963","33116","36240","20624"
"4","0.1","1","false","false","false","true","false","false","false","1","1","1","0.25","1","0","0","0","100","0","0","0.3","10","2.5","2","60","1.6","0.4","20.5","6.7","16","8.21","365","14","1","0","0","299","299","269","20","0","0","0","88443","1537","0","false","520213","196","378","963","33116","36240","20624"
"4","0.1","1","false","false","false","true","false","false","false","1","1","1","0.25","1","0","0","0","100","0","0","0.3","10","2.5","2","60","1.6","0.4","20.5","6.7","16","8.21","365","14","1","0","0","299","299","270","20","0","0","0","88443","1537","0","false","520213","196","378","963","33116","36240","20624"
"4","0.1","1","false","false","false","true","false","false","false","1","1","1","0.25","1","0","0","0","100","0","0","0.3","10","2.5","2","60","1.6","0.4","20.5","6.7","16","8.21","365","14","1","0","0","299","299","271","20","0","0","0","88443","1537","0","false","520213","196","378","963","33116","36240","20624"
"4","0.1","1","false","false","false","true","false","false","false","1","1","1","0.25","1","0","0","0","100","0","0","0.3","10","2.5","2","60","1.6","0.4","20.5","6.7","16","8.21","365","14","1","0","0","299","299","272","20","0","0","0","88443","1537","0","false","520213","196","378","963","33116","36240","20624"
"4","0.1","1","false","false","false","true","false","false","false","1","1","1","0.25","1","0","0","0","100","0","0","0.3","10","2.5","2","60","1.6","0.4","20.5","6.7","16","8.21","365","14","1","0","0","299","299","273","20","0","0","0","88443","1537","0","false","520213","196","378","963","33116","36240","20624"
"4","0.1","1","false","false","false","true","false","false","false","1","1","1","0.25","1","0","0","0","100","0","0","0.3","10","2.5","2","60","1.6","0.4","20.5","6.7","16","8.21","365","14","1","0","0","299","299","274","20","0","0","0","88443","1537","0","false","520213","196","378","963","33116","36240","20624"
"4","0.1","1","false","false","false","true","false","false","false","1","1","1","0.25","1","0","0","0","100","0","0","0.3","10","2.5","2","60","1.6","0.4","20.5","6.7","16","8.21","365","14","1","0","0","299","299","275","20","0","0","0","88443","1537","0","false","520213","196","378","963","33116","36240","20624"
"4","0.1","1","false","false","false","true","false","false","false","1","1","1","0.25","1","0","0","0","100","0","0","0.3","10","2.5","2","60","1.6","0.4","20.5","6.7","16","8.21","365","14","1","0","0","299","299","276","20","0","0","0","88443","1537","0","false","520213","196","378","963","33116","36240","20624"
"4","0.1","1","false","false","false","true","false","false","false","1","1","1","0.25","1","0","0","0","100","0","0","0.3","10","2.5","2","60","1.6","0.4","20.5","6.7","16","8.21","365","14","1","0","0","299","299","277","20","0","0","0","88443","1537","0","false","520213","196","378","963","33116","36240","20624"
"4","0.1","1","false","false","false","true","false","false","false","1","1","1","0.25","1","0","0","0","100","0","0","0.3","10","2.5","2","60","1.6","0.4","20.5","6.7","16","8.21","365","14","1","0","0","299","299","278","20","0","0","0","88443","1537","0","false","520213","196","378","963","33116","36240","20624"
"4","0.1","1","false","false","false","true","false","false","false","1","1","1","0.25","1","0","0","0","100","0","0","0.3","10","2.5","2","60","1.6","0.4","20.5","6.7","16","8.21","365","14","1","0","0","299","299","279","20","0","0","0","88443","1537","0","false","520213","196","378","963","33116","36240","20624"
"4","0.1","1","false","false","false","true","false","false","false","1","1","1","0.25","1","0","0","0","100","0","0","0.3","10","2.5","2","60","1.6","0.4","20.5","6.7","16","8.21","365","14","1","0","0","299","299","280","20","0","0","0","88443","1537","0","false","520213","196","378","963","33116","36240","20624"
"4","0.1","1","false","false","false","true","false","false","false","1","1","1","0.25","1","0","0","0","100","0","0","0.3","10","2.5","2","60","1.6","0.4","20.5","6.7","16","8.21","365","14","1","0","0","299","299","281","20","0","0","0","88443","1537","0","false","520213","196","378","963","33116","36240","20624"
"4","0.1","1","false","false","false","true","false","false","false","1","1","1","0.25","1","0","0","0","100","0","0","0.3","10","2.5","2","60","1.6","0.4","20.5","6.7","16","8.21","365","14","1","0","0","299","299","282","20","0","0","0","88443","1537","0","false","520213","196","378","963","33116","36240","20624"
"4","0.1","1","false","false","false","true","false","false","false","1","1","1","0.25","1","0","0","0","100","0","0","0.3","10","2.5","2","60","1.6","0.4","20.5","6.7","16","8.21","365","14","1","0","0","299","299","283","20","0","0","0","88443","1537","0","false","520213","196","378","963","33116","36240","20624"
"4","0.1","1","false","false","false","true","false","false","false","1","1","1","0.25","1","0","0","0","100","0","0","0.3","10","2.5","2","60","1.6","0.4","20.5","6.7","16","8.21","365","14","1","0","0","299","299","284","20","0","0","0","88443","1537","0","false","520213","196","378","963","33116","36240","20624"
"4","0.1","1","false","false","false","true","false","false","false","1","1","1","0.25","1","0","0","0","100","0","0","0.3","10","2.5","2","60","1.6","0.4","20.5","6.7","16","8.21","365","14","1","0","0","299","299","285","20","0","0","0","88443","1537","0","false","520213","196","378","963","33116","36240","20624"
"4","0.1","1","false","false","false","true","false","false","false","1","1","1","0.25","1","0","0","0","100","0","0","0.3","10","2.5","2","60","1.6","0.4","20.5","6.7","16","8.21","365","14","1","0","0","299","299","286","20","0","0","0","88443","1537","0","false","520213","196","378","963","33116","36240","20624"
"4","0.1","1","false","false","false","true","false","false","false","1","1","1","0.25","1","0","0","0","100","0","0","0.3","10","2.5","2","60","1.6","0.4","20.5","6.7","16","8.21","365","14","1","0","0","299","299","287","20","0","0","0","88443","1537","0","false","520213","196","378","963","33116","36240","20624"
"4","0.1","1","false","false","false","true","false","false","false","1","1","1","0.25","1","0","0","0","100","0","0","0.3","10","2.5","2","60","1.6","0.4","20.5","6.7","16","8.21","365","14","1","0","0","299","299","288","20","0","0","0","88443","1537","0","false","520213","196","378","963","33116","36240","20624"
"4","0.1","1","false","false","false","true","false","false","false","1","1","1","0.25","1","0","0","0","100","0","0","0.3","10","2.5","2","60","1.6","0.4","20.5","6.7","16","8.21","365","14","1","0","0","299","299","289","20","0","0","0","88443","1537","0","false","520213","196","378","963","33116","36240","20624"
"4","0.1","1","false","false","false","true","false","false","false","1","1","1","0.25","1","0","0","0","100","0","0","0.3","10","2.5","2","60","1.6","0.4","20.5","6.7","16","8.21","365","14","1","0","0","299","299","290","20","0","0","0","88443","1537","0","false","520213","196","378","963","33116","36240","20624"
"4","0.1","1","false","false","false","true","false","false","false","1","1","1","0.25","1","0","0","0","100","0","0","0.3","10","2.5","2","60","1.6","0.4","20.5","6.7","16","8.21","365","14","1","0","0","299","299","291","20","0","0","0","88443","1537","0","false","520213","196","378","963","33116","36240","20624"
"4","0.1","1","false","false","false","true","false","false","false","1","1","1","0.25","1","0","0","0","100","0","0","0.3","10","2.5","2","60","1.6","0.4","20.5","6.7","16","8.21","365","14","1","0","0","299","299","292","20","0","0","0","88443","1537","0","false","520213","196","378","963","33116","36240","20624"
"4","0.1","1","false","false","false","true","false","false","false","1","1","1","0.25","1","0","0","0","100","0","0","0.3","10","2.5","2","60","1.6","0.4","20.5","6.7","16","8.21","365","14","1","0","0","299","299","293","20","0","0","0","88443","1537","0","false","520213","196","378","963","33116","36240","20624"
"4","0.1","1","false","false","false","true","false","false","false","1","1","1","0.25","1","0","0","0","100","0","0","0.3","10","2.5","2","60","1.6","0.4","20.5","6.7","16","8.21","365","14","1","0","0","299","299","294","20","0","0","0","88443","1537","0","false","520213","196","378","963","33116","36240","20624"
"4","0.1","1","false","false","false","true","false","false","false","1","1","1","0.25","1","0","0","0","100","0","0","0.3","10","2.5","2","60","1.6","0.4","20.5","6.7","16","8.21","365","14","1","0","0","299","299","295","20","0","0","0","88443","1537","0","false","520213","196","378","963","33116","36240","20624"
"4","0.1","1","false","false","false","true","false","false","false","1","1","1","0.25","1","0","0","0","100","0","0","0.3","10","2.5","2","60","1.6","0.4","20.5","6.7","16","8.21","365","14","1","0","0","299","299","296","20","0","0","0","88443","1537","0","false","520213","196","378","963","33116","36240","20624"
"4","0.1","1","false","false","false","true","false","false","false","1","1","1","0.25","1","0","0","0","100","0","0","0.3","10","2.5","2","60","1.6","0.4","20.5","6.7","16","8.21","365","14","1","0","0","299","299","297","20","0","0","0","88443","1537","0","false","520213","196","378","963","33116","36240","20624"
"4","0.1","1","false","false","false","true","false","false","false","1","1","1","0.25","1","0","0","0","100","0","0","0.3","10","2.5","2","60","1.6","0.4","20.5","6.7","16","8.21","365","14","1","0","0","299","299","298","20","0","0","0","88443","1537","0","false","520213","196","378","963","33116","36240","20624"
"4","0.1","1","false","false","false","true","false","false","false","1","1","1","0.25","1","0","0","0","100","0","0","0.3","10","2.5","2","60","1.6","0.4","20.5","6.7","16","8.21","365","14","1","0","0","299","299","299","20","0","0","0","88443","1537","0","false","520213","196","378","963","33116","36240","20624"
"4","0.1","1","false","false","false","true","false","false","false","1","1","1","0.25","1","0","0","0","100","0","0","0.3","10","2.5","2","60","1.6","0.4","20.5","6.7","16","8.21","365","14","1","0","0","299","299","300","20","0","0","0","88443","1537","0","false","520213","196","378","963","33116","36240","20624"
"4","0.1","1","false","false","false","true","false","false","false","1","1","1","0.25","1","0","0","0","100","0","0","0.3","10","2.5","2","60","1.6","0.4","20.5","6.7","16","8.21","365","14","1","0","0","299","299","301","20","0","0","0","88443","1537","0","false","520213","196","378","963","33116","36240","20624"
"4","0.1","1","false","false","false","true","false","false","false","1","1","1","0.25","1","0","0","0","100","0","0","0.3","10","2.5","2","60","1.6","0.4","20.5","6.7","16","8.21","365","14","1","0","0","299","299","302","20","0","0","0","88443","1537","0","false","520213","196","378","963","33116","36240","20624"
"4","0.1","1","false","false","false","true","false","false","false","1","1","1","0.25","1","0","0","0","100","0","0","0.3","10","2.5","2","60","1.6","0.4","20.5","6.7","16","8.21","365","14","1","0","0","299","299","303","20","0","0","0","88443","1537","0","false","520213","196","378","963","33116","36240","20624"
"4","0.1","1","false","false","false","true","false","false","false","1","1","1","0.25","1","0","0","0","100","0","0","0.3","10","2.5","2","60","1.6","0.4","20.5","6.7","16","8.21","365","14","1","0","0","299","299","304","20","0","0","0","88443","1537","0","false","520213","196","378","963","33116","36240","20624"
"4","0.1","1","false","false","false","true","false","false","false","1","1","1","0.25","1","0","0","0","100","0","0","0.3","10","2.5","2","60","1.6","0.4","20.5","6.7","16","8.21","365","14","1","0","0","299","299","305","20","0","0","0","88443","1537","0","false","520213","196","378","963","33116","36240","20624"
"4","0.1","1","false","false","false","true","false","false","false","1","1","1","0.25","1","0","0","0","100","0","0","0.3","10","2.5","2","60","1.6","0.4","20.5","6.7","16","8.21","365","14","1","0","0","299","299","306","20","0","0","0","88443","1537","0","false","520213","196","378","963","33116","36240","20624"
"4","0.1","1","false","false","false","true","false","false","false","1","1","1","0.25","1","0","0","0","100","0","0","0.3","10","2.5","2","60","1.6","0.4","20.5","6.7","16","8.21","365","14","1","0","0","299","299","307","20","0","0","0","88443","1537","0","false","520213","196","378","963","33116","36240","20624"
"4","0.1","1","false","false","false","true","false","false","false","1","1","1","0.25","1","0","0","0","100","0","0","0.3","10","2.5","2","60","1.6","0.4","20.5","6.7","16","8.21","365","14","1","0","0","299","299","308","20","0","0","0","88443","1537","0","false","520213","196","378","963","33116","36240","20624"
"4","0.1","1","false","false","false","true","false","false","false","1","1","1","0.25","1","0","0","0","100","0","0","0.3","10","2.5","2","60","1.6","0.4","20.5","6.7","16","8.21","365","14","1","0","0","299","299","309","20","0","0","0","88443","1537","0","false","520213","196","378","963","33116","36240","20624"
"4","0.1","1","false","false","false","true","false","false","false","1","1","1","0.25","1","0","0","0","100","0","0","0.3","10","2.5","2","60","1.6","0.4","20.5","6.7","16","8.21","365","14","1","0","0","299","299","310","20","0","0","0","88443","1537","0","false","520213","196","378","963","33116","36240","20624"
"4","0.1","1","false","false","false","true","false","false","false","1","1","1","0.25","1","0","0","0","100","0","0","0.3","10","2.5","2","60","1.6","0.4","20.5","6.7","16","8.21","365","14","1","0","0","299","299","311","20","0","0","0","88443","1537","0","false","520213","196","378","963","33116","36240","20624"
"4","0.1","1","false","false","false","true","false","false","false","1","1","1","0.25","1","0","0","0","100","0","0","0.3","10","2.5","2","60","1.6","0.4","20.5","6.7","16","8.21","365","14","1","0","0","299","299","312","20","0","0","0","88443","1537","0","false","520213","196","378","963","33116","36240","20624"
"4","0.1","1","false","false","false","true","false","false","false","1","1","1","0.25","1","0","0","0","100","0","0","0.3","10","2.5","2","60","1.6","0.4","20.5","6.7","16","8.21","365","14","1","0","0","299","299","313","20","0","0","0","88443","1537","0","false","520213","196","378","963","33116","36240","20624"
"4","0.1","1","false","false","false","true","false","false","false","1","1","1","0.25","1","0","0","0","100","0","0","0.3","10","2.5","2","60","1.6","0.4","20.5","6.7","16","8.21","365","14","1","0","0","299","299","314","20","0","0","0","88443","1537","0","false","520213","196","378","963","33116","36240","20624"
"4","0.1","1","false","false","false","true","false","false","false","1","1","1","0.25","1","0","0","0","100","0","0","0.3","10","2.5","2","60","1.6","0.4","20.5","6.7","16","8.21","365","14","1","0","0","299","299","315","20","0","0","0","88443","1537","0","false","520213","196","378","963","33116","36240","20624"
"4","0.1","1","false","false","false","true","false","false","false","1","1","1","0.25","1","0","0","0","100","0","0","0.3","10","2.5","2","60","1.6","0.4","20.5","6.7","16","8.21","365","14","1","0","0","299","299","316","20","0","0","0","88443","1537","0","false","520213","196","378","963","33116","36240","20624"
"4","0.1","1","false","false","false","true","false","false","false","1","1","1","0.25","1","0","0","0","100","0","0","0.3","10","2.5","2","60","1.6","0.4","20.5","6.7","16","8.21","365","14","1","0","0","299","299","317","20","0","0","0","88443","1537","0","false","520213","196","378","963","33116","36240","20624"
"4","0.1","1","false","false","false","true","false","false","false","1","1","1","0.25","1","0","0","0","100","0","0","0.3","10","2.5","2","60","1.6","0.4","20.5","6.7","16","8.21","365","14","1","0","0","299","299","318","20","0","0","0","88443","1537","0","false","520213","196","378","963","33116","36240","20624"
"4","0.1","1","false","false","false","true","false","false","false","1","1","1","0.25","1","0","0","0","100","0","0","0.3","10","2.5","2","60","1.6","0.4","20.5","6.7","16","8.21","365","14","1","0","0","299","299","319","20","0","0","0","88443","1537","0","false","520213","196","378","963","33116","36240","20624"
"4","0.1","1","false","false","false","true","false","false","false","1","1","1","0.25","1","0","0","0","100","0","0","0.3","10","2.5","2","60","1.6","0.4","20.5","6.7","16","8.21","365","14","1","0","0","299","299","320","20","0","0","0","88443","1537","0","false","520213","196","378","963","33116","36240","20624"
"4","0.1","1","false","false","false","true","false","false","false","1","1","1","0.25","1","0","0","0","100","0","0","0.3","10","2.5","2","60","1.6","0.4","20.5","6.7","16","8.21","365","14","1","0","0","299","299","321","20","0","0","0","88443","1537","0","false","520213","196","378","963","33116","36240","20624"
"4","0.1","1","false","false","false","true","false","false","false","1","1","1","0.25","1","0","0","0","100","0","0","0.3","10","2.5","2","60","1.6","0.4","20.5","6.7","16","8.21","365","14","1","0","0","299","299","322","20","0","0","0","88443","1537","0","false","520213","196","378","963","33116","36240","20624"
"4","0.1","1","false","false","false","true","false","false","false","1","1","1","0.25","1","0","0","0","100","0","0","0.3","10","2.5","2","60","1.6","0.4","20.5","6.7","16","8.21","365","14","1","0","0","299","299","323","20","0","0","0","88443","1537","0","false","520213","196","378","963","33116","36240","20624"
"4","0.1","1","false","false","false","true","false","false","false","1","1","1","0.25","1","0","0","0","100","0","0","0.3","10","2.5","2","60","1.6","0.4","20.5","6.7","16","8.21","365","14","1","0","0","299","299","324","20","0","0","0","88443","1537","0","false","520213","196","378","963","33116","36240","20624"
"4","0.1","1","false","false","false","true","false","false","false","1","1","1","0.25","1","0","0","0","100","0","0","0.3","10","2.5","2","60","1.6","0.4","20.5","6.7","16","8.21","365","14","1","0","0","299","299","325","20","0","0","0","88443","1537","0","false","520213","196","378","963","33116","36240","20624"
"4","0.1","1","false","false","false","true","false","false","false","1","1","1","0.25","1","0","0","0","100","0","0","0.3","10","2.5","2","60","1.6","0.4","20.5","6.7","16","8.21","365","14","1","0","0","299","299","326","20","0","0","0","88443","1537","0","false","520213","196","378","963","33116","36240","20624"
"4","0.1","1","false","false","false","true","false","false","false","1","1","1","0.25","1","0","0","0","100","0","0","0.3","10","2.5","2","60","1.6","0.4","20.5","6.7","16","8.21","365","14","1","0","0","299","299","327","20","0","0","0","88443","1537","0","false","520213","196","378","963","33116","36240","20624"
"4","0.1","1","false","false","false","true","false","false","false","1","1","1","0.25","1","0","0","0","100","0","0","0.3","10","2.5","2","60","1.6","0.4","20.5","6.7","16","8.21","365","14","1","0","0","299","299","328","20","0","0","0","88443","1537","0","false","520213","196","378","963","33116","36240","20624"
"4","0.1","1","false","false","false","true","false","false","false","1","1","1","0.25","1","0","0","0","100","0","0","0.3","10","2.5","2","60","1.6","0.4","20.5","6.7","16","8.21","365","14","1","0","0","299","299","329","20","0","0","0","88443","1537","0","false","520213","196","378","963","33116","36240","20624"
"4","0.1","1","false","false","false","true","false","false","false","1","1","1","0.25","1","0","0","0","100","0","0","0.3","10","2.5","2","60","1.6","0.4","20.5","6.7","16","8.21","365","14","1","0","0","299","299","330","20","0","0","0","88443","1537","0","false","520213","196","378","963","33116","36240","20624"
"4","0.1","1","false","false","false","true","false","false","false","1","1","1","0.25","1","0","0","0","100","0","0","0.3","10","2.5","2","60","1.6","0.4","20.5","6.7","16","8.21","365","14","1","0","0","299","299","331","20","0","0","0","88443","1537","0","false","520213","196","378","963","33116","36240","20624"
"4","0.1","1","false","false","false","true","false","false","false","1","1","1","0.25","1","0","0","0","100","0","0","0.3","10","2.5","2","60","1.6","0.4","20.5","6.7","16","8.21","365","14","1","0","0","299","299","332","20","0","0","0","88443","1537","0","false","520213","196","378","963","33116","36240","20624"
"4","0.1","1","false","false","false","true","false","false","false","1","1","1","0.25","1","0","0","0","100","0","0","0.3","10","2.5","2","60","1.6","0.4","20.5","6.7","16","8.21","365","14","1","0","0","299","299","333","20","0","0","0","88443","1537","0","false","520213","196","378","963","33116","36240","20624"
"4","0.1","1","false","false","false","true","false","false","false","1","1","1","0.25","1","0","0","0","100","0","0","0.3","10","2.5","2","60","1.6","0.4","20.5","6.7","16","8.21","365","14","1","0","0","299","299","334","20","0","0","0","88443","1537","0","false","520213","196","378","963","33116","36240","20624"
"4","0.1","1","false","false","false","true","false","false","false","1","1","1","0.25","1","0","0","0","100","0","0","0.3","10","2.5","2","60","1.6","0.4","20.5","6.7","16","8.21","365","14","1","0","0","299","299","335","20","0","0","0","88443","1537","0","false","520213","196","378","963","33116","36240","20624"
"4","0.1","1","false","false","false","true","false","false","false","1","1","1","0.25","1","0","0","0","100","0","0","0.3","10","2.5","2","60","1.6","0.4","20.5","6.7","16","8.21","365","14","1","0","0","299","299","336","20","0","0","0","88443","1537","0","false","520213","196","378","963","33116","36240","20624"
"4","0.1","1","false","false","false","true","false","false","false","1","1","1","0.25","1","0","0","0","100","0","0","0.3","10","2.5","2","60","1.6","0.4","20.5","6.7","16","8.21","365","14","1","0","0","299","299","337","20","0","0","0","88443","1537","0","false","520213","196","378","963","33116","36240","20624"
"4","0.1","1","false","false","false","true","false","false","false","1","1","1","0.25","1","0","0","0","100","0","0","0.3","10","2.5","2","60","1.6","0.4","20.5","6.7","16","8.21","365","14","1","0","0","299","299","338","20","0","0","0","88443","1537","0","false","520213","196","378","963","33116","36240","20624"
"4","0.1","1","false","false","false","true","false","false","false","1","1","1","0.25","1","0","0","0","100","0","0","0.3","10","2.5","2","60","1.6","0.4","20.5","6.7","16","8.21","365","14","1","0","0","299","299","339","20","0","0","0","88443","1537","0","false","520213","196","378","963","33116","36240","20624"
"4","0.1","1","false","false","false","true","false","false","false","1","1","1","0.25","1","0","0","0","100","0","0","0.3","10","2.5","2","60","1.6","0.4","20.5","6.7","16","8.21","365","14","1","0","0","299","299","340","20","0","0","0","88443","1537","0","false","520213","196","378","963","33116","36240","20624"
"4","0.1","1","false","false","false","true","false","false","false","1","1","1","0.25","1","0","0","0","100","0","0","0.3","10","2.5","2","60","1.6","0.4","20.5","6.7","16","8.21","365","14","1","0","0","299","299","341","20","0","0","0","88443","1537","0","false","520213","196","378","963","33116","36240","20624"
"4","0.1","1","false","false","false","true","false","false","false","1","1","1","0.25","1","0","0","0","100","0","0","0.3","10","2.5","2","60","1.6","0.4","20.5","6.7","16","8.21","365","14","1","0","0","299","299","342","20","0","0","0","88443","1537","0","false","520213","196","378","963","33116","36240","20624"
"4","0.1","1","false","false","false","true","false","false","false","1","1","1","0.25","1","0","0","0","100","0","0","0.3","10","2.5","2","60","1.6","0.4","20.5","6.7","16","8.21","365","14","1","0","0","299","299","343","20","0","0","0","88443","1537","0","false","520213","196","378","963","33116","36240","20624"
"4","0.1","1","false","false","false","true","false","false","false","1","1","1","0.25","1","0","0","0","100","0","0","0.3","10","2.5","2","60","1.6","0.4","20.5","6.7","16","8.21","365","14","1","0","0","299","299","344","20","0","0","0","88443","1537","0","false","520213","196","378","963","33116","36240","20624"
"4","0.1","1","false","false","false","true","false","false","false","1","1","1","0.25","1","0","0","0","100","0","0","0.3","10","2.5","2","60","1.6","0.4","20.5","6.7","16","8.21","365","14","1","0","0","299","299","345","20","0","0","0","88443","1537","0","false","520213","196","378","963","33116","36240","20624"
"4","0.1","1","false","false","false","true","false","false","false","1","1","1","0.25","1","0","0","0","100","0","0","0.3","10","2.5","2","60","1.6","0.4","20.5","6.7","16","8.21","365","14","1","0","0","299","299","346","20","0","0","0","88443","1537","0","false","520213","196","378","963","33116","36240","20624"
"4","0.1","1","false","false","false","true","false","false","false","1","1","1","0.25","1","0","0","0","100","0","0","0.3","10","2.5","2","60","1.6","0.4","20.5","6.7","16","8.21","365","14","1","0","0","299","299","347","20","0","0","0","88443","1537","0","false","520213","196","378","963","33116","36240","20624"
"4","0.1","1","false","false","false","true","false","false","false","1","1","1","0.25","1","0","0","0","100","0","0","0.3","10","2.5","2","60","1.6","0.4","20.5","6.7","16","8.21","365","14","1","0","0","299","299","348","20","0","0","0","88443","1537","0","false","520213","196","378","963","33116","36240","20624"
"4","0.1","1","false","false","false","true","false","false","false","1","1","1","0.25","1","0","0","0","100","0","0","0.3","10","2.5","2","60","1.6","0.4","20.5","6.7","16","8.21","365","14","1","0","0","299","299","349","20","0","0","0","88443","1537","0","false","520213","196","378","963","33116","36240","20624"
"4","0.1","1","false","false","false","true","false","false","false","1","1","1","0.25","1","0","0","0","100","0","0","0.3","10","2.5","2","60","1.6","0.4","20.5","6.7","16","8.21","365","14","1","0","0","299","299","350","20","0","0","0","88443","1537","0","false","520213","196","378","963","33116","36240","20624"
"4","0.1","1","false","false","false","true","false","false","false","1","1","1","0.25","1","0","0","0","100","0","0","0.3","10","2.5","2","60","1.6","0.4","20.5","6.7","16","8.21","365","14","1","0","0","299","299","351","20","0","0","0","88443","1537","0","false","520213","196","378","963","33116","36240","20624"
"4","0.1","1","false","false","false","true","false","false","false","1","1","1","0.25","1","0","0","0","100","0","0","0.3","10","2.5","2","60","1.6","0.4","20.5","6.7","16","8.21","365","14","1","0","0","299","299","352","20","0","0","0","88443","1537","0","false","520213","196","378","963","33116","36240","20624"
"4","0.1","1","false","false","false","true","false","false","false","1","1","1","0.25","1","0","0","0","100","0","0","0.3","10","2.5","2","60","1.6","0.4","20.5","6.7","16","8.21","365","14","1","0","0","299","299","353","20","0","0","0","88443","1537","0","false","520213","196","378","963","33116","36240","20624"
"4","0.1","1","false","false","false","true","false","false","false","1","1","1","0.25","1","0","0","0","100","0","0","0.3","10","2.5","2","60","1.6","0.4","20.5","6.7","16","8.21","365","14","1","0","0","299","299","354","20","0","0","0","88443","1537","0","false","520213","196","378","963","33116","36240","20624"
"4","0.1","1","false","false","false","true","false","false","false","1","1","1","0.25","1","0","0","0","100","0","0","0.3","10","2.5","2","60","1.6","0.4","20.5","6.7","16","8.21","365","14","1","0","0","299","299","355","20","0","0","0","88443","1537","0","false","520213","196","378","963","33116","36240","20624"
"4","0.1","1","false","false","false","true","false","false","false","1","1","1","0.25","1","0","0","0","100","0","0","0.3","10","2.5","2","60","1.6","0.4","20.5","6.7","16","8.21","365","14","1","0","0","299","299","356","20","0","0","0","88443","1537","0","false","520213","196","378","963","33116","36240","20624"
"4","0.1","1","false","false","false","true","false","false","false","1","1","1","0.25","1","0","0","0","100","0","0","0.3","10","2.5","2","60","1.6","0.4","20.5","6.7","16","8.21","365","14","1","0","0","299","299","357","20","0","0","0","88443","1537","0","false","520213","196","378","963","33116","36240","20624"
"4","0.1","1","false","false","false","true","false","false","false","1","1","1","0.25","1","0","0","0","100","0","0","0.3","10","2.5","2","60","1.6","0.4","20.5","6.7","16","8.21","365","14","1","0","0","299","299","358","20","0","0","0","88443","1537","0","false","520213","196","378","963","33116","36240","20624"
"4","0.1","1","false","false","false","true","false","false","false","1","1","1","0.25","1","0","0","0","100","0","0","0.3","10","2.5","2","60","1.6","0.4","20.5","6.7","16","8.21","365","14","1","0","0","299","299","359","20","0","0","0","88443","1537","0","false","520213","196","378","963","33116","36240","20624"
"4","0.1","1","false","false","false","true","false","false","false","1","1","1","0.25","1","0","0","0","100","0","0","0.3","10","2.5","2","60","1.6","0.4","20.5","6.7","16","8.21","365","14","1","0","0","299","299","360","20","0","0","0","88443","1537","0","false","520213","196","378","963","33116","36240","20624"
"4","0.1","1","false","false","false","true","false","false","false","1","1","1","0.25","1","0","0","0","100","0","0","0.3","10","2.5","2","60","1.6","0.4","20.5","6.7","16","8.21","365","14","1","0","0","299","299","361","20","0","0","0","88443","1537","0","false","520213","196","378","963","33116","36240","20624"
"4","0.1","1","false","false","false","true","false","false","false","1","1","1","0.25","1","0","0","0","100","0","0","0.3","10","2.5","2","60","1.6","0.4","20.5","6.7","16","8.21","365","14","1","0","0","299","299","362","20","0","0","0","88443","1537","0","false","520213","196","378","963","33116","36240","20624"
"4","0.1","1","false","false","false","true","false","false","false","1","1","1","0.25","1","0","0","0","100","0","0","0.3","10","2.5","2","60","1.6","0.4","20.5","6.7","16","8.21","365","14","1","0","0","299","299","363","20","0","0","0","88443","1537","0","false","520213","196","378","963","33116","36240","20624"
"4","0.1","1","false","false","false","true","false","false","false","1","1","1","0.25","1","0","0","0","100","0","0","0.3","10","2.5","2","60","1.6","0.4","20.5","6.7","16","8.21","365","14","1","0","0","299","299","364","20","0","0","0","88443","1537","0","false","520213","196","378","963","33116","36240","20624"
"4","0.1","1","false","false","false","true","false","false","false","1","1","1","0.25","1","0","0","0","100","0","0","0.3","10","2.5","2","60","1.6","0.4","20.5","6.7","16","8.21","365","14","1","0","0","299","299","365","20","0","0","0","88443","1537","0","false","520213","196","378","963","33116","36240","20624"
"5","0.1","1","false","false","false","true","false","false","false","1","1","1","0.25","1","0","0","0","100","0","0","0.4","10","2.5","2","60","1.6","0.4","20.5","6.7","16","8.21","365","14","1","0","0","299","299","0","89910","90","0","0","0","0","0","false","0","0","0","0","0","0","0"
"5","0.1","1","false","false","false","true","false","false","false","1","1","1","0.25","1","0","0","0","100","0","0","0.4","10","2.5","2","60","1.6","0.4","20.5","6.7","16","8.21","365","14","1","0","0","299","299","1","89910","82","0","8","0","0","0","false","538479","0","0","0","3","1","0"
"5","0.1","1","false","false","false","true","false","false","false","1","1","1","0.25","1","0","0","0","100","0","0","0.4","10","2.5","2","60","1.6","0.4","20.5","6.7","16","8.21","365","14","1","0","0","299","299","2","89900","78","0","22","0","0","0","false","538479","0","0","0","5","6","0"
"5","0.1","1","false","false","false","true","false","false","false","1","1","1","0.25","1","0","0","0","100","0","0","0.4","10","2.5","2","60","1.6","0.4","20.5","6.7","16","8.21","365","14","1","0","0","299","299","3","89872","89","2","37","0","0","0","false","538479","0","0","0","9","11","2"
"5","0.1","1","false","false","false","true","false","false","false","1","1","1","0.25","1","0","0","0","100","0","0","0.4","10","2.5","2","60","1.6","0.4","20.5","6.7","16","8.21","365","14","1","0","0","299","299","4","89833","113","7","47","0","0","0","false","538479","0","0","0","14","16","5"
"5","0.1","1","false","false","false","true","false","false","false","1","1","1","0.25","1","0","0","0","100","0","0","0.4","10","2.5","2","60","1.6","0.4","20.5","6.7","16","8.21","365","14","1","0","0","299","299","5","89781","143","11","65","0","0","0","false","538479","0","0","0","19","22","9"
"5","0.1","1","false","false","false","true","false","false","false","1","1","1","0.25","1","0","0","0","100","0","0","0.4","10","2.5","2","60","1.6","0.4","20.5","6.7","16","8.21","365","14","1","0","0","299","299","6","89711","180","21","88","0","0","0","false","538479","0","0","0","30","32","13"
"5","0.1","1","false","false","false","true","false","false","false","1","1","1","0.25","1","0","0","0","100","0","0","0.4","10","2.5","2","60","1.6","0.4","20.5","6.7","16","8.21","365","14","1","0","0","299","299","7","89630","219","27","124","0","0","0","false","538479","0","0","0","43","46","21"
"5","0.1","1","false","false","false","true","false","false","false","1","1","1","0.25","1","0","0","0","100","0","0","0.4","10","2.5","2","60","1.6","0.4","20.5","6.7","16","8.21","365","14","1","0","0","299","299","8","89515","293","36","156","0","0","0","false","538479","0","0","0","55","58","27"
"5","0.1","1","false","false","false","true","false","false","false","1","1","1","0.25","1","0","0","0","100","0","0","0.4","10","2.5","2","60","1.6","0.4","20.5","6.7","16","8.21","365","14","1","0","0","299","299","9","89398","361","47","194","0","0","0","false","538479","0","0","0","78","76","29"
"5","0.1","1","false","false","false","true","false","false","false","1","1","1","0.25","1","0","0","0","100","0","0","0.4","10","2.5","2","60","1.6","0.4","20.5","6.7","16","8.21","365","14","1","0","0","299","299","10","89252","424","71","253","0","0","0","false","538479","0","0","0","107","105","53"
"5","0.1","1","false","false","false","true","false","false","false","1","1","1","0.25","1","0","0","0","100","0","0","0.4","10","2.5","2","60","1.6","0.4","20.5","6.7","16","8.21","365","14","1","0","0","299","299","11","89057","533","91","319","0","0","0","false","538479","0","0","0","137","127","67"
"5","0.1","1","false","false","false","true","false","false","false","1","1","1","0.25","1","0","0","0","100","0","0","0.4","10","2.5","2","60","1.6","0.4","20.5","6.7","16","8.21","365","14","1","0","0","299","299","12","88863","631","108","398","0","0","0","false","538479","0","0","0","166","160","85"
"5","0.1","1","false","false","false","true","false","false","false","1","1","1","0.25","1","0","0","0","100","0","0","0.4","10","2.5","2","60","1.6","0.4","20.5","6.7","16","8.21","365","14","1","0","0","299","299","13","88643","729","137","491","0","0","0","false","538479","0","0","0","203","200","107"
"5","0.1","1","false","false","false","true","false","false","false","1","1","1","0.25","1","0","0","0","100","0","0","0.4","10","2.5","2","60","1.6","0.4","20.5","6.7","16","8.21","365","14","1","0","0","299","299","14","88404","844","167","585","0","0","0","false","538479","0","0","0","249","250","122"
"5","0.1","1","false","false","false","true","false","false","false","1","1","1","0.25","1","0","0","0","100","0","0","0.4","10","2.5","2","60","1.6","0.4","20.5","6.7","16","8.21","365","14","1","0","0","299","299","15","88164","912","201","723","0","0","0","false","538479","0","0","0","287","306","157"
"5","0.1","1","false","false","false","true","false","false","false","1","1","1","0.25","1","0","0","0","100","0","0","0.4","10","2.5","2","60","1.6","0.4","20.5","6.7","16","8.21","365","14","1","0","0","299","299","16","87897","981","251","871","0","0","5","false","538479","0","0","0","344","382","190"
"5","0.1","1","false","false","false","true","false","false","false","1","1","1","0.25","1","0","0","0","100","0","0","0.4","10","2.5","2","60","1.6","0.4","20.5","6.7","16","8.21","365","14","1","0","0","299","299","17","87571","1096","315","1017","1","0","55","false","538419","0","0","0","407","458","234"
"5","0.1","1","false","false","false","true","false","false","false","1","1","1","0.25","1","0","0","0","100","0","0","0.4","10","2.5","2","60","1.6","0.4","20.5","6.7","16","8.21","365","14","1","0","0","299","299","18","87260","1173","372","1190","5","0","93","false","537911","0","0","0","487","541","276"
"5","0.1","1","false","false","false","true","false","false","false","1","1","1","0.25","1","0","0","0","100","0","0","0.4","10","2.5","2","60","1.6","0.4","20.5","6.7","16","8.21","365","14","1","0","0","299","299","19","86902","1273","450","1366","9","0","196","false","537516","0","0","0","568","633","328"
"5","0.1","1","false","false","false","true","false","false","false","1","1","1","0.25","1","0","0","0","100","0","0","0.4","10","2.5","2","60","1.6","0.4","20.5","6.7","16","8.21","365","14","1","0","0","299","299","20","86548","1336","539","1564","13","0","304","false","536537","0","0","0","673","740","390"
"5","0.1","1","false","false","false","true","false","false","false","1","1","1","0.25","1","0","0","0","100","0","0","0.4","10","2.5","2","60","1.6","0.4","20.5","6.7","16","8.21","365","14","1","0","0","299","299","21","86169","1428","635","1744","23","1","397","false","535492","0","1","0","776","842","458"
"5","0.1","1","false","false","false","true","false","false","false","1","1","1","0.25","1","0","0","0","100","0","0","0.4","10","2.5","2","60","1.6","0.4","20.5","6.7","16","8.21","365","14","1","0","0","299","299","22","85754","1523","740","1949","33","1","475","false","534603","0","1","0","880","964","542"
"5","0.1","1","false","false","false","true","false","false","false","1","1","1","0.25","1","0","0","0","100","0","0","0.4","10","2.5","2","60","1.6","0.4","20.5","6.7","16","8.21","365","14","1","0","0","299","299","23","85329","1632","843","2152","43","1","557","false","533852","0","1","0","978","1101","608"
"5","0.1","1","false","false","false","true","false","false","false","1","1","1","0.25","1","0","0","0","100","0","0","0.4","10","2.5","2","60","1.6","0.4","20.5","6.7","16","8.21","365","14","1","0","0","299","299","24","84854","1752","948","2388","55","3","614","false","533070","1","1","1","1107","1209","676"
"5","0.1","1","false","false","false","true","false","false","false","1","1","1","0.25","1","0","0","0","100","0","0","0.4","10","2.5","2","60","1.6","0.4","20.5","6.7","16","8.21","365","14","1","0","0","299","299","25","84391","1848","1061","2622","75","3","755","false","532513","1","1","1","1216","1341","761"
"5","0.1","1","false","false","false","true","false","false","false","1","1","1","0.25","1","0","0","0","100","0","0","0.4","10","2.5","2","60","1.6","0.4","20.5","6.7","16","8.21","365","14","1","0","0","299","299","26","83929","1889","1193","2890","94","5","876","false","531159","1","1","3","1367","1501","841"
"5","0.1","1","false","false","false","true","false","false","false","1","1","1","0.25","1","0","0","0","100","0","0","0.4","10","2.5","2","60","1.6","0.4","20.5","6.7","16","8.21","365","14","1","0","0","299","299","27","83413","1977","1330","3150","123","7","1012","false","529962","1","2","4","1520","1650","942"
"5","0.1","1","false","false","false","true","false","false","false","1","1","1","0.25","1","0","0","0","100","0","0","0.4","10","2.5","2","60","1.6","0.4","20.5","6.7","16","8.21","365","14","1","0","0","299","299","28","82868","2078","1479","3407","161","7","1195","false","528634","1","2","4","1693","1817","1031"
"5","0.1","1","false","false","false","true","false","false","false","1","1","1","0.25","1","0","0","0","100","0","0","0.4","10","2.5","2","60","1.6","0.4","20.5","6.7","16","8.21","365","14","1","0","0","299","299","29","82347","2117","1627","3692","207","10","1316","false","526938","1","3","6","1843","2005","1136"
"5","0.1","1","false","false","false","true","false","false","false","1","1","1","0.25","1","0","0","0","100","0","0","0.4","10","2.5","2","60","1.6","0.4","20.5","6.7","16","8.21","365","14","1","0","0","299","299","30","81725","2250","1777","3976","260","12","1410","false","525857","1","4","7","2010","2194","1241"
"5","0.1","1","false","false","false","true","false","false","false","1","1","1","0.25","1","0","0","0","100","0","0","0.4","10","2.5","2","60","1.6","0.4","20.5","6.7","16","8.21","365","14","1","0","0","299","299","31","81132","2351","1949","4225","329","14","1481","false","524974","1","4","9","2186","2398","1363"
"5","0.1","1","false","false","false","true","false","false","false","1","1","1","0.25","1","0","0","0","100","0","0","0.4","10","2.5","2","60","1.6","0.4","20.5","6.7","16","8.21","365","14","1","0","0","299","299","32","80514","2434","2097","4536","403","16","1561","false","524240","1","4","11","2364","2609","1477"
"5","0.1","1","false","false","false","true","false","false","false","1","1","1","0.25","1","0","0","0","100","0","0","0.4","10","2.5","2","60","1.6","0.4","20.5","6.7","16","8.21","365","14","1","0","0","299","299","33","79855","2531","2267","4838","493","16","1644","false","523426","1","4","11","2548","2824","1600"
"5","0.1","1","false","false","false","true","false","false","false","1","1","1","0.25","1","0","0","0","100","0","0","0.4","10","2.5","2","60","1.6","0.4","20.5","6.7","16","8.21","365","14","1","0","0","299","299","34","79170","2654","2455","5094","607","20","1811","false","522633","1","5","14","2749","3051","1728"
"5","0.1","1","false","false","false","true","false","false","false","1","1","1","0.25","1","0","0","0","100","0","0","0.4","10","2.5","2","60","1.6","0.4","20.5","6.7","16","8.21","365","14","1","0","0","299","299","35","78469","2718","2630","5433","728","22","1966","false","521004","1","7","14","2973","3278","1879"
"5","0.1","1","false","false","false","true","false","false","false","1","1","1","0.25","1","0","0","0","100","0","0","0.4","10","2.5","2","60","1.6","0.4","20.5","6.7","16","8.21","365","14","1","0","0","299","299","36","77682","2941","2793","5688","872","24","2150","false","519395","1","8","15","3155","3505","2007"
"5","0.1","1","false","false","false","true","false","false","false","1","1","1","0.25","1","0","0","0","100","0","0","0.4","10","2.5","2","60","1.6","0.4","20.5","6.7","16","8.21","365","14","1","0","0","299","299","37","76960","2957","2973","6082","1000","28","2307","false","517573","2","8","18","3397","3770","2153"
"5","0.1","1","false","false","false","true","false","false","false","1","1","1","0.25","1","0","0","0","100","0","0","0.4","10","2.5","2","60","1.6","0.4","20.5","6.7","16","8.21","365","14","1","0","0","299","299","38","76232","3042","3147","6356","1192","31","2364","false","515996","2","8","21","3613","4053","2289"
"5","0.1","1","false","false","false","true","false","false","false","1","1","1","0.25","1","0","0","0","100","0","0","0.4","10","2.5","2","60","1.6","0.4","20.5","6.7","16","8.21","365","14","1","0","0","299","299","39","75409","3172","3337","6647","1402","33","2440","false","515365","2","8","23","3854","4335","2433"
"5","0.1","1","false","false","false","true","false","false","false","1","1","1","0.25","1","0","0","0","100","0","0","0.4","10","2.5","2","60","1.6","0.4","20.5","6.7","16","8.21","365","14","1","0","0","299","299","40","74586","3230","3514","7021","1612","37","2578","false","514574","2","9","26","4113","4635","2567"
"5","0.1","1","false","false","false","true","false","false","false","1","1","1","0.25","1","0","0","0","100","0","0","0.4","10","2.5","2","60","1.6","0.4","20.5","6.7","16","8.21","365","14","1","0","0","299","299","41","73751","3358","3708","7294","1849","40","2796","false","513208","3","10","27","4370","4916","2726"
"5","0.1","1","false","false","false","true","false","false","false","1","1","1","0.25","1","0","0","0","100","0","0","0.4","10","2.5","2","60","1.6","0.4","20.5","6.7","16","8.21","365","14","1","0","0","299","299","42","72863","3493","3897","7594","2110","43","3036","false","511115","3","11","29","4632","5231","2865"
"5","0.1","1","false","false","false","true","false","false","false","1","1","1","0.25","1","0","0","0","100","0","0","0.4","10","2.5","2","60","1.6","0.4","20.5","6.7","16","8.21","365","14","1","0","0","299","299","43","72033","3572","4076","7896","2373","50","3241","false","508818","3","12","35","4900","5505","3053"
"5","0.1","1","false","false","false","true","false","false","false","1","1","1","0.25","1","0","0","0","100","0","0","0.4","10","2.5","2","60","1.6","0.4","20.5","6.7","16","8.21","365","14","1","0","0","299","299","44","71229","3555","4286","8239","2634","57","3388","false","506791","4","13","40","5190","5848","3237"
"5","0.1","1","false","false","false","true","false","false","false","1","1","1","0.25","1","0","0","0","100","0","0","0.4","10","2.5","2","60","1.6","0.4","20.5","6.7","16","8.21","365","14","1","0","0","299","299","45","70384","3577","4483","8525","2968","63","3509","false","505239","6","15","42","5467","6194","3413"
"5","0.1","1","false","false","false","true","false","false","false","1","1","1","0.25","1","0","0","0","100","0","0","0.4","10","2.5","2","60","1.6","0.4","20.5","6.7","16","8.21","365","14","1","0","0","299","299","46","69536","3571","4693","8831","3299","70","3623","false","504002","6","16","48","5783","6523","3605"
"5","0.1","1","false","false","false","true","false","false","false","1","1","1","0.25","1","0","0","0","100","0","0","0.4","10","2.5","2","60","1.6","0.4","20.5","6.7","16","8.21","365","14","1","0","0","299","299","47","68705","3553","4885","9127","3652","78","3738","false","502853","7","18","53","6073","6843","3816"
"5","0.1","1","false","false","false","true","false","false","false","1","1","1","0.25","1","0","0","0","100","0","0","0.4","10","2.5","2","60","1.6","0.4","20.5","6.7","16","8.21","365","14","1","0","0","299","299","48","67803","3620","5094","9379","4023","81","3841","false","501566","7","18","56","6378","7187","3994"
"5","0.1","1","false","false","false","true","false","false","false","1","1","1","0.25","1","0","0","0","100","0","0","0.4","10","2.5","2","60","1.6","0.4","20.5","6.7","16","8.21","365","14","1","0","0","299","299","49","66864","3743","5280","9589","4434","90","3902","false","500413","8","21","61","6683","7504","4182"
"5","0.1","1","false","false","false","true","false","false","false","1","1","1","0.25","1","0","0","0","100","0","0","0.4","10","2.5","2","60","1.6","0.4","20.5","6.7","16","8.21","365","14","1","0","0","299","299","50","65951","3821","5484","9803","4845","96","4027","false","499693","8","23","65","7004","7864","4366"
"5","0.1","1","false","false","false","true","false","false","false","1","1","1","0.25","1","0","0","0","100","0","0","0.4","10","2.5","2","60","1.6","0.4","20.5","6.7","16","8.21","365","14","1","0","0","299","299","51","65005","3908","5625","10073","5284","105","4230","false","498426","10","26","69","7330","8163","4557"
"5","0.1","1","false","false","false","true","false","false","false","1","1","1","0.25","1","0","0","0","100","0","0","0.4","10","2.5","2","60","1.6","0.4","20.5","6.7","16","8.21","365","14","1","0","0","299","299","52","63998","3997","5779","10405","5710","111","4478","false","496389","10","29","72","7638","8505","4785"
"5","0.1","1","false","false","false","true","false","false","false","1","1","1","0.25","1","0","0","0","100","0","0","0.4","10","2.5","2","60","1.6","0.4","20.5","6.7","16","8.21","365","14","1","0","0","299","299","53","62986","4115","5947","10642","6188","122","4553","false","493880","11","31","80","7944","8862","4988"
"5","0.1","1","false","false","false","true","false","false","false","1","1","1","0.25","1","0","0","0","100","0","0","0.4","10","2.5","2","60","1.6","0.4","20.5","6.7","16","8.21","365","14","1","0","0","299","299","54","61975","4225","6138","10874","6659","129","4538","false","492974","14","32","83","8266","9223","5199"
"5","0.1","1","false","false","false","true","false","false","false","1","1","1","0.25","1","0","0","0","100","0","0","0.4","10","2.5","2","60","1.6","0.4","20.5","6.7","16","8.21","365","14","1","0","0","299","299","55","60972","4233","6316","11147","7195","137","4564","false","492826","15","33","89","8639","9590","5437"
"5","0.1","1","false","false","false","true","false","false","false","1","1","1","0.25","1","0","0","0","100","0","0","0.4","10","2.5","2","60","1.6","0.4","20.5","6.7","16","8.21","365","14","1","0","0","299","299","56","59983","4227","6516","11398","7731","145","4632","false","492447","16","35","94","9002","9994","5646"
"5","0.1","1","false","false","false","true","false","false","false","1","1","1","0.25","1","0","0","0","100","0","0","0.4","10","2.5","2","60","1.6","0.4","20.5","6.7","16","8.21","365","14","1","0","0","299","299","57","58953","4322","6655","11590","8326","154","4641","false","491518","17","37","100","9320","10381","5884"
"5","0.1","1","false","false","false","true","false","false","false","1","1","1","0.25","1","0","0","0","100","0","0","0.4","10","2.5","2","60","1.6","0.4","20.5","6.7","16","8.21","365","14","1","0","0","299","299","58","57857","4368","6806","11890","8918","161","4773","false","491257","17","39","105","9688","10790","6135"
"5","0.1","1","false","false","false","true","false","false","false","1","1","1","0.25","1","0","0","0","100","0","0","0.4","10","2.5","2","60","1.6","0.4","20.5","6.7","16","8.21","365","14","1","0","0","299","299","59","56837","4391","6947","12138","9518","169","4864","false","489871","17","42","110","10024","11201","6350"
"5","0.1","1","false","false","false","true","false","false","false","1","1","1","0.25","1","0","0","0","100","0","0","0.4","10","2.5","2","60","1.6","0.4","20.5","6.7","16","8.21","365","14","1","0","0","299","299","60","55795","4425","7128","12368","10108","176","5048","false","488928","19","43","114","10371","11606","6591"
"5","0.1","1","false","false","false","true","false","false","false","1","1","1","0.25","1","0","0","0","100","0","0","0.4","10","2.5","2","60","1.6","0.4","20.5","6.7","16","8.21","365","14","1","0","0","299","299","61","54797","4364","7309","12594","10753","183","5145","false","487099","19","44","120","10753","12051","6825"
"5","0.1","1","false","false","false","true","false","false","false","1","1","1","0.25","1","0","0","0","100","0","0","0.4","10","2.5","2","60","1.6","0.4","20.5","6.7","16","8.21","365","14","1","0","0","299","299","62","53762","4397","7403","12790","11453","195","5244","false","486160","21","46","128","11136","12427","7042"
"5","0.1","1","false","false","false","true","false","false","false","1","1","1","0.25","1","0","0","0","100","0","0","0.4","10","2.5","2","60","1.6","0.4","20.5","6.7","16","8.21","365","14","1","0","0","299","299","63","52657","4485","7568","12971","12118","201","5253","false","485080","24","48","129","11525","12849","7234"
"5","0.1","1","false","false","false","true","false","false","false","1","1","1","0.25","1","0","0","0","100","0","0","0.4","10","2.5","2","60","1.6","0.4","20.5","6.7","16","8.21","365","14","1","0","0","299","299","64","51594","4551","7720","13120","12799","216","5308","false","484738","27","52","137","11900","13267","7469"
"5","0.1","1","false","false","false","true","false","false","false","1","1","1","0.25","1","0","0","0","100","0","0","0.4","10","2.5","2","60","1.6","0.4","20.5","6.7","16","8.21","365","14","1","0","0","299","299","65","50524","4574","7809","13282","13579","232","5250","false","484000","29","56","147","12284","13681","7728"
"5","0.1","1","false","false","false","true","false","false","false","1","1","1","0.25","1","0","0","0","100","0","0","0.4","10","2.5","2","60","1.6","0.4","20.5","6.7","16","8.21","365","14","1","0","0","299","299","66","49459","4576","7897","13518","14304","246","5356","false","484325","29","60","157","12641","14108","7952"
"5","0.1","1","false","false","false","true","false","false","false","1","1","1","0.25","1","0","0","0","100","0","0","0.4","10","2.5","2","60","1.6","0.4","20.5","6.7","16","8.21","365","14","1","0","0","299","299","67","48406","4536","8030","13653","15103","272","5530","false","483121","34","67","171","13051","14528","8201"
"5","0.1","1","false","false","false","true","false","false","false","1","1","1","0.25","1","0","0","0","100","0","0","0.4","10","2.5","2","60","1.6","0.4","20.5","6.7","16","8.21","365","14","1","0","0","299","299","68","47339","4573","8146","13786","15867","289","5607","false","481348","35","72","182","13433","14936","8454"
"5","0.1","1","false","false","false","true","false","false","false","1","1","1","0.25","1","0","0","0","100","0","0","0.4","10","2.5","2","60","1.6","0.4","20.5","6.7","16","8.21","365","14","1","0","0","299","299","69","46267","4529","8250","13985","16666","303","5673","false","480418","35","77","191","13836","15384","8699"
"5","0.1","1","false","false","false","true","false","false","false","1","1","1","0.25","1","0","0","0","100","0","0","0.4","10","2.5","2","60","1.6","0.4","20.5","6.7","16","8.21","365","14","1","0","0","299","299","70","45230","4490","8346","14149","17473","312","5728","false","479573","37","79","196","14229","15787","8947"
"5","0.1","1","false","false","false","true","false","false","false","1","1","1","0.25","1","0","0","0","100","0","0","0.4","10","2.5","2","60","1.6","0.4","20.5","6.7","16","8.21","365","14","1","0","0","299","299","71","44163","4483","8445","14293","18289","327","5739","false","479069","38","83","206","14610","16222","9193"
"5","0.1","1","false","false","false","true","false","false","false","1","1","1","0.25","1","0","0","0","100","0","0","0.4","10","2.5","2","60","1.6","0.4","20.5","6.7","16","8.21","365","14","1","0","0","299","299","72","43096","4477","8567","14455","19065","340","5788","false","478743","38","90","212","15013","16661","9460"
"5","0.1","1","false","false","false","true","false","false","false","1","1","1","0.25","1","0","0","0","100","0","0","0.4","10","2.5","2","60","1.6","0.4","20.5","6.7","16","8.21","365","14","1","0","0","299","299","73","42039","4484","8646","14513","19964","354","5747","false","477968","40","94","220","15437","17088","9712"
"5","0.1","1","false","false","false","true","false","false","false","1","1","1","0.25","1","0","0","0","100","0","0","0.4","10","2.5","2","60","1.6","0.4","20.5","6.7","16","8.21","365","14","1","0","0","299","299","74","40928","4559","8721","14589","20829","374","5593","false","477986","41","99","234","15803","17536","9949"
"5","0.1","1","false","false","false","true","false","false","false","1","1","1","0.25","1","0","0","0","100","0","0","0.4","10","2.5","2","60","1.6","0.4","20.5","6.7","16","8.21","365","14","1","0","0","299","299","75","39857","4591","8772","14648","21741","391","5710","false","479214","42","102","247","16190","17973","10184"
"5","0.1","1","false","false","false","true","false","false","false","1","1","1","0.25","1","0","0","0","100","0","0","0.4","10","2.5","2","60","1.6","0.4","20.5","6.7","16","8.21","365","14","1","0","0","299","299","76","38834","4526","8755","14790","22688","407","5756","false","477994","44","109","254","16597","18364","10426"
"5","0.1","1","false","false","false","true","false","false","false","1","1","1","0.25","1","0","0","0","100","0","0","0.4","10","2.5","2","60","1.6","0.4","20.5","6.7","16","8.21","365","14","1","0","0","299","299","77","37823","4465","8807","14929","23544","432","5771","false","477494","45","116","271","16970","18799","10664"
"5","0.1","1","false","false","false","true","false","false","false","1","1","1","0.25","1","0","0","0","100","0","0","0.4","10","2.5","2","60","1.6","0.4","20.5","6.7","16","8.21","365","14","1","0","0","299","299","78","36818","4365","8879","14995","24495","448","5734","false","476987","48","120","280","17382","19220","10922"
"5","0.1","1","false","false","false","true","false","false","false","1","1","1","0.25","1","0","0","0","100","0","0","0.4","10","2.5","2","60","1.6","0.4","20.5","6.7","16","8.21","365","14","1","0","0","299","299","79","35786","4359","8926","15067","25397","465","5821","false","476961","50","128","287","17773","19630","11153"
"5","0.1","1","false","false","false","true","false","false","false","1","1","1","0.25","1","0","0","0","100","0","0","0.4","10","2.5","2","60","1.6","0.4","20.5","6.7","16","8.21","365","14","1","0","0","299","299","80","34801","4280","8979","15118","26346","476","5830","false","475982","51","129","296","18169","20055","11387"
"5","0.1","1","false","false","false","true","false","false","false","1","1","1","0.25","1","0","0","0","100","0","0","0.4","10","2.5","2","60","1.6","0.4","20.5","6.7","16","8.21","365","14","1","0","0","299","299","81","33757","4305","9021","15134","27299","484","5911","false","475825","53","130","301","18546","20498","11600"
"5","0.1","1","false","false","false","true","false","false","false","1","1","1","0.25","1","0","0","0","100","0","0","0.4","10","2.5","2","60","1.6","0.4","20.5","6.7","16","8.21","365","14","1","0","0","299","299","82","32772","4232","9082","15103","28306","505","5896","false","474936","56","136","313","18980","20925","11857"
"5","0.1","1","false","false","false","true","false","false","false","1","1","1","0.25","1","0","0","0","100","0","0","0.4","10","2.5","2","60","1.6","0.4","20.5","6.7","16","8.21","365","14","1","0","0","299","299","83","31823","4135","9087","15089","29347","519","5884","false","474762","57","137","325","19349","21359","12114"
"5","0.1","1","false","false","false","true","false","false","false","1","1","1","0.25","1","0","0","0","100","0","0","0.4","10","2.5","2","60","1.6","0.4","20.5","6.7","16","8.21","365","14","1","0","0","299","299","84","30899","4068","9074","15123","30299","537","5890","false","474569","59","140","338","19727","21717","12331"
"5","0.1","1","false","false","false","true","false","false","false","1","1","1","0.25","1","0","0","0","100","0","0","0.4","10","2.5","2","60","1.6","0.4","20.5","6.7","16","8.21","365","14","1","0","0","299","299","85","29952","4043","9091","15108","31257","549","5889","false","474197","61","141","347","20089","22153","12546"
"5","0.1","1","false","false","false","true","false","false","false","1","1","1","0.25","1","0","0","0","100","0","0","0.4","10","2.5","2","60","1.6","0.4","20.5","6.7","16","8.21","365","14","1","0","0","299","299","86","29108","3962","9110","15037","32218","565","5874","false","474051","64","142","359","20464","22535","12754"
"5","0.1","1","false","false","false","true","false","false","false","1","1","1","0.25","1","0","0","0","100","0","0","0.4","10","2.5","2","60","1.6","0.4","20.5","6.7","16","8.21","365","14","1","0","0","299","299","87","28263","3869","9140","14908","33235","585","5877","false","474031","67","148","370","20838","22909","12984"
"5","0.1","1","false","false","false","true","false","false","false","1","1","1","0.25","1","0","0","0","100","0","0","0.4","10","2.5","2","60","1.6","0.4","20.5","6.7","16","8.21","365","14","1","0","0","299","299","88","27350","3842","9162","14826","34213","607","5846","false","473801","71","151","385","21207","23281","13214"
"5","0.1","1","false","false","false","true","false","false","false","1","1","1","0.25","1","0","0","0","100","0","0","0.4","10","2.5","2","60","1.6","0.4","20.5","6.7","16","8.21","365","14","1","0","0","299","299","89","26501","3808","9159","14709","35197","626","5699","false","473772","72","156","398","21519","23650","13417"
"5","0.1","1","false","false","false","true","false","false","false","1","1","1","0.25","1","0","0","0","100","0","0","0.4","10","2.5","2","60","1.6","0.4","20.5","6.7","16","8.21","365","14","1","0","0","299","299","90","25658","3756","9149","14632","36159","646","5642","false","475012","73","166","407","21879","24026","13613"
"5","0.1","1","false","false","false","true","false","false","false","1","1","1","0.25","1","0","0","0","100","0","0","0.4","10","2.5","2","60","1.6","0.4","20.5","6.7","16","8.21","365","14","1","0","0","299","299","91","24841","3666","9101","14523","37208","661","5596","false","475267","73","170","418","22214","24394","13813"
"5","0.1","1","false","false","false","true","false","false","false","1","1","1","0.25","1","0","0","0","100","0","0","0.4","10","2.5","2","60","1.6","0.4","20.5","6.7","16","8.21","365","14","1","0","0","299","299","92","23992","3610","9039","14409","38269","681","5519","false","475664","76","176","429","22545","24766","14010"
"5","0.1","1","false","false","false","true","false","false","false","1","1","1","0.25","1","0","0","0","100","0","0","0.4","10","2.5","2","60","1.6","0.4","20.5","6.7","16","8.21","365","14","1","0","0","299","299","93","23217","3525","8995","14225","39339","699","5386","false","476105","78","181","440","22896","25098","14192"
"5","0.1","1","false","false","false","true","false","false","false","1","1","1","0.25","1","0","0","0","100","0","0","0.4","10","2.5","2","60","1.6","0.4","20.5","6.7","16","8.21","365","14","1","0","0","299","299","94","22409","3554","8908","14046","40370","713","5208","false","477008","79","185","449","23193","25430","14387"
"5","0.1","1","false","false","false","true","false","false","false","1","1","1","0.25","1","0","0","0","100","0","0","0.4","10","2.5","2","60","1.6","0.4","20.5","6.7","16","8.21","365","14","1","0","0","299","299","95","21616","3501","8845","13927","41385","726","5111","false","478505","80","189","457","23515","25743","14579"
"5","0.1","1","false","false","false","true","false","false","false","1","1","1","0.25","1","0","0","0","100","0","0","0.4","10","2.5","2","60","1.6","0.4","20.5","6.7","16","8.21","365","14","1","0","0","299","299","96","20866","3409","8784","13781","42419","741","5041","false","479242","82","191","468","23835","26101","14780"
"5","0.1","1","false","false","false","true","false","false","false","1","1","1","0.25","1","0","0","0","100","0","0","0.4","10","2.5","2","60","1.6","0.4","20.5","6.7","16","8.21","365","14","1","0","0","299","299","97","20184","3246","8727","13609","43476","758","4951","false","479737","87","194","477","24186","26435","14950"
"5","0.1","1","false","false","false","true","false","false","false","1","1","1","0.25","1","0","0","0","100","0","0","0.4","10","2.5","2","60","1.6","0.4","20.5","6.7","16","8.21","365","14","1","0","0","299","299","98","19533","3093","8606","13469","44518","781","4932","false","480348","88","197","496","24461","26746","15141"
"5","0.1","1","false","false","false","true","false","false","false","1","1","1","0.25","1","0","0","0","100","0","0","0.4","10","2.5","2","60","1.6","0.4","20.5","6.7","16","8.21","365","14","1","0","0","299","299","99","18844","2990","8505","13308","45552","801","4905","false","480271","91","203","507","24769","27060","15358"
"5","0.1","1","false","false","false","true","false","false","false","1","1","1","0.25","1","0","0","0","100","0","0","0.4","10","2.5","2","60","1.6","0.4","20.5","6.7","16","8.21","365","14","1","0","0","299","299","100","18149","2973","8385","13077","46596","820","4893","false","480385","92","206","522","25040","27346","15540"
"5","0.1","1","false","false","false","true","false","false","false","1","1","1","0.25","1","0","0","0","100","0","0","0.4","10","2.5","2","60","1.6","0.4","20.5","6.7","16","8.21","365","14","1","0","0","299","299","101","17478","2942","8291","12841","47607","841","4830","false","480445","96","210","535","25297","27657","15711"
"5","0.1","1","false","false","false","true","false","false","false","1","1","1","0.25","1","0","0","0","100","0","0","0.4","10","2.5","2","60","1.6","0.4","20.5","6.7","16","8.21","365","14","1","0","0","299","299","102","16839","2918","8211","12550","48625","857","4790","false","480881","97","215","545","25558","27969","15873"
"5","0.1","1","false","false","false","true","false","false","false","1","1","1","0.25","1","0","0","0","100","0","0","0.4","10","2.5","2","60","1.6","0.4","20.5","6.7","16","8.21","365","14","1","0","0","299","299","103","16259","2778","8103","12358","49625","877","4672","false","481065","100","218","559","25829","28276","16025"
"5","0.1","1","false","false","false","true","false","false","false","1","1","1","0.25","1","0","0","0","100","0","0","0.4","10","2.5","2","60","1.6","0.4","20.5","6.7","16","8.21","365","14","1","0","0","299","299","104","15661","2693","7957","12151","50641","897","4587","false","481819","102","220","575","26105","28537","16178"
"5","0.1","1","false","false","false","true","false","false","false","1","1","1","0.25","1","0","0","0","100","0","0","0.4","10","2.5","2","60","1.6","0.4","20.5","6.7","16","8.21","365","14","1","0","0","299","299","105","15064","2618","7789","11946","51670","913","4510","false","482349","104","226","583","26363","28814","16347"
"5","0.1","1","false","false","false","true","false","false","false","1","1","1","0.25","1","0","0","0","100","0","0","0.4","10","2.5","2","60","1.6","0.4","20.5","6.7","16","8.21","365","14","1","0","0","299","299","106","14517","2543","7655","11674","52681","930","4353","false","482999","107","228","595","26642","29072","16495"
"5","0.1","1","false","false","false","true","false","false","false","1","1","1","0.25","1","0","0","0","100","0","0","0.4","10","2.5","2","60","1.6","0.4","20.5","6.7","16","8.21","365","14","1","0","0","299","299","107","13942","2546","7518","11386","53657","951","4287","false","484408","111","232","608","26874","29305","16625"
"5","0.1","1","false","false","false","true","false","false","false","1","1","1","0.25","1","0","0","0","100","0","0","0.4","10","2.5","2","60","1.6","0.4","20.5","6.7","16","8.21","365","14","1","0","0","299","299","108","13396","2456","7356","11209","54617","966","4234","false","484864","113","238","615","27113","29554","16769"
"5","0.1","1","false","false","false","true","false","false","false","1","1","1","0.25","1","0","0","0","100","0","0","0.4","10","2.5","2","60","1.6","0.4","20.5","6.7","16","8.21","365","14","1","0","0","299","299","109","12884","2352","7190","11053","55542","979","4147","false","485128","114","241","624","27306","29802","16918"
"5","0.1","1","false","false","false","true","false","false","false","1","1","1","0.25","1","0","0","0","100","0","0","0.4","10","2.5","2","60","1.6","0.4","20.5","6.7","16","8.21","365","14","1","0","0","299","299","110","12396","2245","7060","10830","56472","997","3972","false","485830","115","247","635","27529","30050","17063"
"5","0.1","1","false","false","false","true","false","false","false","1","1","1","0.25","1","0","0","0","100","0","0","0.4","10","2.5","2","60","1.6","0.4","20.5","6.7","16","8.21","365","14","1","0","0","299","299","111","11876","2238","6927","10570","57381","1008","3898","false","487235","116","250","642","27740","30279","17187"
"5","0.1","1","false","false","false","true","false","false","false","1","1","1","0.25","1","0","0","0","100","0","0","0.4","10","2.5","2","60","1.6","0.4","20.5","6.7","16","8.21","365","14","1","0","0","299","299","112","11456","2138","6793","10305","58284","1024","3771","false","487825","120","254","650","27950","30513","17312"
"5","0.1","1","false","false","false","true","false","false","false","1","1","1","0.25","1","0","0","0","100","0","0","0.4","10","2.5","2","60","1.6","0.4","20.5","6.7","16","8.21","365","14","1","0","0","299","299","113","11003","2044","6655","10128","59131","1039","3697","false","488975","124","256","659","28145","30739","17444"
"5","0.1","1","false","false","false","true","false","false","false","1","1","1","0.25","1","0","0","0","100","0","0","0.4","10","2.5","2","60","1.6","0.4","20.5","6.7","16","8.21","365","14","1","0","0","299","299","114","10570","1974","6543","9880","59981","1052","3600","false","489598","126","259","667","28342","30960","17550"
"5","0.1","1","false","false","false","true","false","false","false","1","1","1","0.25","1","0","0","0","100","0","0","0.4","10","2.5","2","60","1.6","0.4","20.5","6.7","16","8.21","365","14","1","0","0","299","299","115","10145","1953","6360","9624","60853","1065","3467","false","490544","128","261","676","28502","31145","17669"
"5","0.1","1","false","false","false","true","false","false","false","1","1","1","0.25","1","0","0","0","100","0","0","0.4","10","2.5","2","60","1.6","0.4","20.5","6.7","16","8.21","365","14","1","0","0","299","299","116","9791","1820","6241","9436","61634","1078","3406","false","491602","131","264","683","28681","31352","17796"
"5","0.1","1","false","false","false","true","false","false","false","1","1","1","0.25","1","0","0","0","100","0","0","0.4","10","2.5","2","60","1.6","0.4","20.5","6.7","16","8.21","365","14","1","0","0","299","299","117","9415","1734","6072","9237","62448","1094","3425","false","492163","134","269","691","28854","31542","17908"
"5","0.1","1","false","false","false","true","false","false","false","1","1","1","0.25","1","0","0","0","100","0","0","0.4","10","2.5","2","60","1.6","0.4","20.5","6.7","16","8.21","365","14","1","0","0","299","299","118","9053","1666","5908","9013","63252","1108","3336","false","491885","135","270","703","29011","31727","18012"
"5","0.1","1","false","false","false","true","false","false","false","1","1","1","0.25","1","0","0","0","100","0","0","0.4","10","2.5","2","60","1.6","0.4","20.5","6.7","16","8.21","365","14","1","0","0","299","299","119","8719","1592","5721","8771","64079","1118","3216","false","492582","135","272","711","29170","31892","18100"
"5","0.1","1","false","false","false","true","false","false","false","1","1","1","0.25","1","0","0","0","100","0","0","0.4","10","2.5","2","60","1.6","0.4","20.5","6.7","16","8.21","365","14","1","0","0","299","299","120","8361","1549","5527","8542","64889","1132","3133","false","493621","138","275","719","29315","32054","18184"
"5","0.1","1","false","false","false","true","false","false","false","1","1","1","0.25","1","0","0","0","100","0","0","0.4","10","2.5","2","60","1.6","0.4","20.5","6.7","16","8.21","365","14","1","0","0","299","299","121","7995","1563","5418","8232","65650","1142","3035","false","494160","141","277","724","29464","32201","18295"
"5","0.1","1","false","false","false","true","false","false","false","1","1","1","0.25","1","0","0","0","100","0","0","0.4","10","2.5","2","60","1.6","0.4","20.5","6.7","16","8.21","365","14","1","0","0","299","299","122","7679","1513","5295","7958","66404","1151","2918","false","494908","143","279","729","29604","32357","18385"
"5","0.1","1","false","false","false","true","false","false","false","1","1","1","0.25","1","0","0","0","100","0","0","0.4","10","2.5","2","60","1.6","0.4","20.5","6.7","16","8.21","365","14","1","0","0","299","299","123","7396","1450","5149","7700","67142","1163","2774","false","495916","144","281","738","29754","32512","18457"
"5","0.1","1","false","false","false","true","false","false","false","1","1","1","0.25","1","0","0","0","100","0","0","0.4","10","2.5","2","60","1.6","0.4","20.5","6.7","16","8.21","365","14","1","0","0","299","299","124","7133","1360","4998","7482","67849","1178","2698","false","497126","148","283","747","29900","32655","18536"
"5","0.1","1","false","false","false","true","false","false","false","1","1","1","0.25","1","0","0","0","100","0","0","0.4","10","2.5","2","60","1.6","0.4","20.5","6.7","16","8.21","365","14","1","0","0","299","299","125","6856","1290","4837","7266","68557","1194","2571","false","497652","153","286","755","30022","32790","18609"
"5","0.1","1","false","false","false","true","false","false","false","1","1","1","0.25","1","0","0","0","100","0","0","0.4","10","2.5","2","60","1.6","0.4","20.5","6.7","16","8.21","365","14","1","0","0","299","299","126","6575","1288","4686","6963","69283","1205","2512","false","498730","154","293","758","30153","32907","18677"
"5","0.1","1","false","false","false","true","false","false","false","1","1","1","0.25","1","0","0","0","100","0","0","0.4","10","2.5","2","60","1.6","0.4","20.5","6.7","16","8.21","365","14","1","0","0","299","299","127","6340","1221","4528","6764","69933","1214","2417","false","499173","158","295","761","30273","33029","18749"
"5","0.1","1","false","false","false","true","false","false","false","1","1","1","0.25","1","0","0","0","100","0","0","0.4","10","2.5","2","60","1.6","0.4","20.5","6.7","16","8.21","365","14","1","0","0","299","299","128","6103","1159","4372","6516","70618","1232","2307","false","500017","163","299","770","30391","33140","18810"
"5","0.1","1","false","false","false","true","false","false","false","1","1","1","0.25","1","0","0","0","100","0","0","0.4","10","2.5","2","60","1.6","0.4","20.5","6.7","16","8.21","365","14","1","0","0","299","299","129","5857","1115","4225","6266","71292","1245","2222","false","500847","164","302","779","30522","33262","18881"
"5","0.1","1","false","false","false","true","false","false","false","1","1","1","0.25","1","0","0","0","100","0","0","0.4","10","2.5","2","60","1.6","0.4","20.5","6.7","16","8.21","365","14","1","0","0","299","299","130","5607","1090","4100","6042","71902","1259","2131","false","501504","167","306","786","30613","33392","18943"
"5","0.1","1","false","false","false","true","false","false","false","1","1","1","0.25","1","0","0","0","100","0","0","0.4","10","2.5","2","60","1.6","0.4","20.5","6.7","16","8.21","365","14","1","0","0","299","299","131","5376","1065","3958","5836","72496","1269","2099","false","502370","167","310","792","30708","33495","18992"
"5","0.1","1","false","false","false","true","false","false","false","1","1","1","0.25","1","0","0","0","100","0","0","0.4","10","2.5","2","60","1.6","0.4","20.5","6.7","16","8.21","365","14","1","0","0","299","299","132","5168","1026","3850","5607","73072","1277","2016","false","502659","168","311","798","30813","33607","19050"
"5","0.1","1","false","false","false","true","false","false","false","1","1","1","0.25","1","0","0","0","100","0","0","0.4","10","2.5","2","60","1.6","0.4","20.5","6.7","16","8.21","365","14","1","0","0","299","299","133","4964","985","3734","5398","73629","1290","1961","false","503266","169","316","805","30909","33705","19131"
"5","0.1","1","false","false","false","true","false","false","false","1","1","1","0.25","1","0","0","0","100","0","0","0.4","10","2.5","2","60","1.6","0.4","20.5","6.7","16","8.21","365","14","1","0","0","299","299","134","4771","898","3627","5231","74172","1301","1923","false","503604","169","318","814","31008","33815","19196"
"5","0.1","1","false","false","false","true","false","false","false","1","1","1","0.25","1","0","0","0","100","0","0","0.4","10","2.5","2","60","1.6","0.4","20.5","6.7","16","8.21","365","14","1","0","0","299","299","135","4584","875","3525","5020","74685","1311","1875","false","503881","173","319","819","31099","33897","19250"
"5","0.1","1","false","false","false","true","false","false","false","1","1","1","0.25","1","0","0","0","100","0","0","0.4","10","2.5","2","60","1.6","0.4","20.5","6.7","16","8.21","365","14","1","0","0","299","299","136","4379","871","3398","4845","75191","1316","1805","false","504186","174","320","822","31193","33977","19287"
"5","0.1","1","false","false","false","true","false","false","false","1","1","1","0.25","1","0","0","0","100","0","0","0.4","10","2.5","2","60","1.6","0.4","20.5","6.7","16","8.21","365","14","1","0","0","299","299","137","4200","834","3318","4674","75652","1322","1792","false","504853","174","323","825","31282","34059","19338"
"5","0.1","1","false","false","false","true","false","false","false","1","1","1","0.25","1","0","0","0","100","0","0","0.4","10","2.5","2","60","1.6","0.4","20.5","6.7","16","8.21","365","14","1","0","0","299","299","138","4007","831","3204","4509","76122","1327","1736","false","505077","175","325","827","31364","34145","19383"
"5","0.1","1","false","false","false","true","false","false","false","1","1","1","0.25","1","0","0","0","100","0","0","0.4","10","2.5","2","60","1.6","0.4","20.5","6.7","16","8.21","365","14","1","0","0","299","299","139","3851","787","3083","4308","76637","1334","1670","false","505585","177","328","829","31440","34237","19424"
"5","0.1","1","false","false","false","true","false","false","false","1","1","1","0.25","1","0","0","0","100","0","0","0.4","10","2.5","2","60","1.6","0.4","20.5","6.7","16","8.21","365","14","1","0","0","299","299","140","3670","767","2999","4149","77077","1338","1594","false","506162","177","329","832","31502","34344","19466"
"5","0.1","1","false","false","false","true","false","false","false","1","1","1","0.25","1","0","0","0","100","0","0","0.4","10","2.5","2","60","1.6","0.4","20.5","6.7","16","8.21","365","14","1","0","0","299","299","141","3526","737","2889","3993","77507","1348","1557","false","506847","179","331","838","31573","34409","19512"
"5","0.1","1","false","false","false","true","false","false","false","1","1","1","0.25","1","0","0","0","100","0","0","0.4","10","2.5","2","60","1.6","0.4","20.5","6.7","16","8.21","365","14","1","0","0","299","299","142","3378","718","2787","3844","77921","1352","1485","false","507132","179","333","840","31633","34490","19550"
"5","0.1","1","false","false","false","true","false","false","false","1","1","1","0.25","1","0","0","0","100","0","0","0.4","10","2.5","2","60","1.6","0.4","20.5","6.7","16","8.21","365","14","1","0","0","299","299","143","3240","673","2685","3731","78313","1358","1414","false","507845","180","334","844","31708","34572","19584"
"5","0.1","1","false","false","false","true","false","false","false","1","1","1","0.25","1","0","0","0","100","0","0","0.4","10","2.5","2","60","1.6","0.4","20.5","6.7","16","8.21","365","14","1","0","0","299","299","144","3103","643","2613","3573","78702","1366","1357","false","508542","180","334","852","31777","34642","19627"
"5","0.1","1","false","false","false","true","false","false","false","1","1","1","0.25","1","0","0","0","100","0","0","0.4","10","2.5","2","60","1.6","0.4","20.5","6.7","16","8.21","365","14","1","0","0","299","299","145","2969","624","2498","3448","79087","1374","1274","false","509022","181","339","854","31852","34703","19656"
"5","0.1","1","false","false","false","true","false","false","false","1","1","1","0.25","1","0","0","0","100","0","0","0.4","10","2.5","2","60","1.6","0.4","20.5","6.7","16","8.21","365","14","1","0","0","299","299","146","2826","618","2427","3333","79417","1379","1199","false","509745","181","342","856","31921","34773","19696"
"5","0.1","1","false","false","false","true","false","false","false","1","1","1","0.25","1","0","0","0","100","0","0","0.4","10","2.5","2","60","1.6","0.4","20.5","6.7","16","8.21","365","14","1","0","0","299","299","147","2690","602","2347","3227","79751","1383","1170","false","510343","181","343","859","31970","34829","19730"
"5","0.1","1","false","false","false","true","false","false","false","1","1","1","0.25","1","0","0","0","100","0","0","0.4","10","2.5","2","60","1.6","0.4","20.5","6.7","16","8.21","365","14","1","0","0","299","299","148","2569","583","2246","3103","80108","1391","1122","false","510649","183","345","863","32022","34884","19773"
"5","0.1","1","false","false","false","true","false","false","false","1","1","1","0.25","1","0","0","0","100","0","0","0.4","10","2.5","2","60","1.6","0.4","20.5","6.7","16","8.21","365","14","1","0","0","299","299","149","2457","539","2162","3032","80413","1397","1097","false","511008","184","346","867","32078","34940","19800"
"5","0.1","1","false","false","false","true","false","false","false","1","1","1","0.25","1","0","0","0","100","0","0","0.4","10","2.5","2","60","1.6","0.4","20.5","6.7","16","8.21","365","14","1","0","0","299","299","150","2324","506","2074","2970","80722","1404","1032","false","511204","184","348","872","32120","35021","19843"
"5","0.1","1","false","false","false","true","false","false","false","1","1","1","0.25","1","0","0","0","100","0","0","0.4","10","2.5","2","60","1.6","0.4","20.5","6.7","16","8.21","365","14","1","0","0","299","299","151","2223","490","2022","2862","80996","1407","1026","false","511664","184","351","872","32168","35065","19881"
"5","0.1","1","false","false","false","true","false","false","false","1","1","1","0.25","1","0","0","0","100","0","0","0.4","10","2.5","2","60","1.6","0.4","20.5","6.7","16","8.21","365","14","1","0","0","299","299","152","2121","474","1956","2753","81287","1409","973","false","511747","186","351","872","32209","35123","19906"
"5","0.1","1","false","false","false","true","false","false","false","1","1","1","0.25","1","0","0","0","100","0","0","0.4","10","2.5","2","60","1.6","0.4","20.5","6.7","16","8.21","365","14","1","0","0","299","299","153","2018","462","1903","2633","81570","1414","959","false","512173","188","352","874","32265","35174","19931"
"5","0.1","1","false","false","false","true","false","false","false","1","1","1","0.25","1","0","0","0","100","0","0","0.4","10","2.5","2","60","1.6","0.4","20.5","6.7","16","8.21","365","14","1","0","0","299","299","154","1931","438","1813","2548","81849","1421","922","false","512286","188","355","878","32297","35229","19954"
"5","0.1","1","false","false","false","true","false","false","false","1","1","1","0.25","1","0","0","0","100","0","0","0.4","10","2.5","2","60","1.6","0.4","20.5","6.7","16","8.21","365","14","1","0","0","299","299","155","1841","433","1760","2441","82099","1426","863","false","512586","189","356","881","32328","35276","19979"
"5","0.1","1","false","false","false","true","false","false","false","1","1","1","0.25","1","0","0","0","100","0","0","0.4","10","2.5","2","60","1.6","0.4","20.5","6.7","16","8.21","365","14","1","0","0","299","299","156","1743","415","1722","2330","82358","1432","838","false","513045","189","359","884","32374","35322","20004"
"5","0.1","1","false","false","false","true","false","false","false","1","1","1","0.25","1","0","0","0","100","0","0","0.4","10","2.5","2","60","1.6","0.4","20.5","6.7","16","8.21","365","14","1","0","0","299","299","157","1670","382","1667","2253","82593","1435","817","false","513228","189","360","886","32414","35364","20031"
"5","0.1","1","false","false","false","true","false","false","false","1","1","1","0.25","1","0","0","0","100","0","0","0.4","10","2.5","2","60","1.6","0.4","20.5","6.7","16","8.21","365","14","1","0","0","299","299","158","1601","355","1616","2175","82813","1440","805","false","513442","190","362","888","32450","35407","20057"
"5","0.1","1","false","false","false","true","false","false","false","1","1","1","0.25","1","0","0","0","100","0","0","0.4","10","2.5","2","60","1.6","0.4","20.5","6.7","16","8.21","365","14","1","0","0","299","299","159","1537","344","1556","2061","83057","1445","756","false","513521","193","362","890","32484","35450","20071"
"5","0.1","1","false","false","false","true","false","false","false","1","1","1","0.25","1","0","0","0","100","0","0","0.4","10","2.5","2","60","1.6","0.4","20.5","6.7","16","8.21","365","14","1","0","0","299","299","160","1470","324","1488","1977","83292","1449","760","false","513912","193","364","892","32529","35486","20088"
"5","0.1","1","false","false","false","true","false","false","false","1","1","1","0.25","1","0","0","0","100","0","0","0.4","10","2.5","2","60","1.6","0.4","20.5","6.7","16","8.21","365","14","1","0","0","299","299","161","1410","301","1423","1898","83518","1450","705","false","513836","193","364","893","32560","35520","20113"
"5","0.1","1","false","false","false","true","false","false","false","1","1","1","0.25","1","0","0","0","100","0","0","0.4","10","2.5","2","60","1.6","0.4","20.5","6.7","16","8.21","365","14","1","0","0","299","299","162","1352","274","1342","1840","83740","1452","627","false","514334","193","365","894","32586","35551","20137"
"5","0.1","1","false","false","false","true","false","false","false","1","1","1","0.25","1","0","0","0","100","0","0","0.4","10","2.5","2","60","1.6","0.4","20.5","6.7","16","8.21","365","14","1","0","0","299","299","163","1298","272","1306","1750","83918","1456","615","false","515038","193","367","896","32614","35578","20154"
"5","0.1","1","false","false","false","true","false","false","false","1","1","1","0.25","1","0","0","0","100","0","0","0.4","10","2.5","2","60","1.6","0.4","20.5","6.7","16","8.21","365","14","1","0","0","299","299","164","1246","252","1250","1662","84130","1460","550","false","515160","194","368","898","32643","35616","20169"
"5","0.1","1","false","false","false","true","false","false","false","1","1","1","0.25","1","0","0","0","100","0","0","0.4","10","2.5","2","60","1.6","0.4","20.5","6.7","16","8.21","365","14","1","0","0","299","299","165","1195","232","1201","1591","84317","1464","539","false","515730","195","370","899","32666","35639","20193"
"5","0.1","1","false","false","false","true","false","false","false","1","1","1","0.25","1","0","0","0","100","0","0","0.4","10","2.5","2","60","1.6","0.4","20.5","6.7","16","8.21","365","14","1","0","0","299","299","166","1126","236","1161","1541","84471","1465","522","false","515770","195","370","900","32684","35667","20208"
"5","0.1","1","false","false","false","true","false","false","false","1","1","1","0.25","1","0","0","0","100","0","0","0.4","10","2.5","2","60","1.6","0.4","20.5","6.7","16","8.21","365","14","1","0","0","299","299","167","1073","243","1115","1480","84622","1467","510","false","515904","195","371","901","32703","35684","20223"
"5","0.1","1","false","false","false","true","false","false","false","1","1","1","0.25","1","0","0","0","100","0","0","0.4","10","2.5","2","60","1.6","0.4","20.5","6.7","16","8.21","365","14","1","0","0","299","299","168","1009","256","1080","1406","84781","1468","475","false","516046","196","371","901","32721","35709","20236"
"5","0.1","1","false","false","false","true","false","false","false","1","1","1","0.25","1","0","0","0","100","0","0","0.4","10","2.5","2","60","1.6","0.4","20.5","6.7","16","8.21","365","14","1","0","0","299","299","169","956","270","1022","1331","84950","1471","444","false","516298","198","371","902","32733","35723","20250"
"5","0.1","1","false","false","false","true","false","false","false","1","1","1","0.25","1","0","0","0","100","0","0","0.4","10","2.5","2","60","1.6","0.4","20.5","6.7","16","8.21","365","14","1","0","0","299","299","170","914","254","969","1288","85102","1473","412","false","516600","198","371","904","32750","35747","20266"
"5","0.1","1","false","false","false","true","false","false","false","1","1","1","0.25","1","0","0","0","100","0","0","0.4","10","2.5","2","60","1.6","0.4","20.5","6.7","16","8.21","365","14","1","0","0","299","299","171","870","232","918","1257","85248","1475","379","false","516880","198","372","905","32772","35770","20278"
"5","0.1","1","false","false","false","true","false","false","false","1","1","1","0.25","1","0","0","0","100","0","0","0.4","10","2.5","2","60","1.6","0.4","20.5","6.7","16","8.21","365","14","1","0","0","299","299","172","838","207","882","1190","85405","1478","392","false","517168","198","373","907","32795","35795","20292"
"5","0.1","1","false","false","false","true","false","false","false","1","1","1","0.25","1","0","0","0","100","0","0","0.4","10","2.5","2","60","1.6","0.4","20.5","6.7","16","8.21","365","14","1","0","0","299","299","173","791","200","838","1137","85554","1480","383","false","517105","198","373","909","32807","35813","20306"
"5","0.1","1","false","false","false","true","false","false","false","1","1","1","0.25","1","0","0","0","100","0","0","0.4","10","2.5","2","60","1.6","0.4","20.5","6.7","16","8.21","365","14","1","0","0","299","299","174","750","188","813","1088","85680","1481","392","false","517204","198","374","909","32830","35831","20321"
"5","0.1","1","false","false","false","true","false","false","false","1","1","1","0.25","1","0","0","0","100","0","0","0.4","10","2.5","2","60","1.6","0.4","20.5","6.7","16","8.21","365","14","1","0","0","299","299","175","702","188","787","1040","85797","1486","409","false","517146","199","377","910","32852","35856","20336"
"5","0.1","1","false","false","false","true","false","false","false","1","1","1","0.25","1","0","0","0","100","0","0","0.4","10","2.5","2","60","1.6","0.4","20.5","6.7","16","8.21","365","14","1","0","0","299","299","176","663","185","760","989","85915","1488","388","false","516980","199","377","912","32871","35874","20352"
"5","0.1","1","false","false","false","true","false","false","false","1","1","1","0.25","1","0","0","0","100","0","0","0.4","10","2.5","2","60","1.6","0.4","20.5","6.7","16","8.21","365","14","1","0","0","299","299","177","632","178","729","934","86038","1489","369","false","517170","199","378","912","32887","35903","20359"
"5","0.1","1","false","false","false","true","false","false","false","1","1","1","0.25","1","0","0","0","100","0","0","0.4","10","2.5","2","60","1.6","0.4","20.5","6.7","16","8.21","365","14","1","0","0","299","299","178","613","158","694","898","86147","1490","342","false","517346","200","378","912","32902","35918","20363"
"5","0.1","1","false","false","false","true","false","false","false","1","1","1","0.25","1","0","0","0","100","0","0","0.4","10","2.5","2","60","1.6","0.4","20.5","6.7","16","8.21","365","14","1","0","0","299","299","179","578","155","659","873","86242","1493","310","false","517575","200","379","914","32914","35939","20370"
"5","0.1","1","false","false","false","true","false","false","false","1","1","1","0.25","1","0","0","0","100","0","0","0.4","10","2.5","2","60","1.6","0.4","20.5","6.7","16","8.21","365","14","1","0","0","299","299","180","545","147","627","840","86345","1496","297","false","517840","201","380","915","32930","35959","20379"
"5","0.1","1","false","false","false","true","false","false","false","1","1","1","0.25","1","0","0","0","100","0","0","0.4","10","2.5","2","60","1.6","0.4","20.5","6.7","16","8.21","365","14","1","0","0","299","299","181","521","127","597","826","86431","1498","265","false","517906","201","381","916","32946","35971","20392"
"5","0.1","1","false","false","false","true","false","false","false","1","1","1","0.25","1","0","0","0","100","0","0","0.4","10","2.5","2","60","1.6","0.4","20.5","6.7","16","8.21","365","14","1","0","0","299","299","182","489","125","565","788","86534","1499","261","false","518178","201","381","917","32956","35982","20402"
"5","0.1","1","false","false","false","true","false","false","false","1","1","1","0.25","1","0","0","0","100","0","0","0.4","10","2.5","2","60","1.6","0.4","20.5","6.7","16","8.21","365","14","1","0","0","299","299","183","464","126","554","725","86630","1501","258","false","518188","202","381","918","32973","35994","20406"
"5","0.1","1","false","false","false","true","false","false","false","1","1","1","0.25","1","0","0","0","100","0","0","0.4","10","2.5","2","60","1.6","0.4","20.5","6.7","16","8.21","365","14","1","0","0","299","299","184","438","126","525","699","86710","1502","247","false","518173","202","381","919","32984","35999","20413"
"5","0.1","1","false","false","false","true","false","false","false","1","1","1","0.25","1","0","0","0","100","0","0","0.4","10","2.5","2","60","1.6","0.4","20.5","6.7","16","8.21","365","14","1","0","0","299","299","185","412","123","514","670","86778","1503","213","false","518265","202","381","920","33003","36010","20419"
"5","0.1","1","false","false","false","true","false","false","false","1","1","1","0.25","1","0","0","0","100","0","0","0.4","10","2.5","2","60","1.6","0.4","20.5","6.7","16","8.21","365","14","1","0","0","299","299","186","385","118","490","651","86851","1505","184","false","518518","202","383","920","33017","36022","20425"
"5","0.1","1","false","false","false","true","false","false","false","1","1","1","0.25","1","0","0","0","100","0","0","0.4","10","2.5","2","60","1.6","0.4","20.5","6.7","16","8.21","365","14","1","0","0","299","299","187","359","114","474","633","86915","1505","183","false","518763","202","383","920","33031","36033","20431"
"5","0.1","1","false","false","false","true","false","false","false","1","1","1","0.25","1","0","0","0","100","0","0","0.4","10","2.5","2","60","1.6","0.4","20.5","6.7","16","8.21","365","14","1","0","0","299","299","188","337","107","456","613","86981","1506","175","false","518784","202","383","921","33039","36051","20434"
"5","0.1","1","false","false","false","true","false","false","false","1","1","1","0.25","1","0","0","0","100","0","0","0.4","10","2.5","2","60","1.6","0.4","20.5","6.7","16","8.21","365","14","1","0","0","299","299","189","317","103","425","588","87059","1508","165","false","518887","203","383","922","33051","36058","20438"
"5","0.1","1","false","false","false","true","false","false","false","1","1","1","0.25","1","0","0","0","100","0","0","0.4","10","2.5","2","60","1.6","0.4","20.5","6.7","16","8.21","365","14","1","0","0","299","299","190","285","109","402","569","87125","1510","166","false","519008","203","383","924","33061","36069","20444"
"5","0.1","1","false","false","false","true","false","false","false","1","1","1","0.25","1","0","0","0","100","0","0","0.4","10","2.5","2","60","1.6","0.4","20.5","6.7","16","8.21","365","14","1","0","0","299","299","191","270","98","388","560","87174","1510","171","false","518992","203","383","924","33067","36078","20451"
"5","0.1","1","false","false","false","true","false","false","false","1","1","1","0.25","1","0","0","0","100","0","0","0.4","10","2.5","2","60","1.6","0.4","20.5","6.7","16","8.21","365","14","1","0","0","299","299","192","254","80","379","550","87225","1512","180","false","518953","203","384","925","33082","36091","20459"
"5","0.1","1","false","false","false","true","false","false","false","1","1","1","0.25","1","0","0","0","100","0","0","0.4","10","2.5","2","60","1.6","0.4","20.5","6.7","16","8.21","365","14","1","0","0","299","299","193","239","75","366","520","87287","1513","173","false","518852","203","384","926","33090","36102","20469"
"5","0.1","1","false","false","false","true","false","false","false","1","1","1","0.25","1","0","0","0","100","0","0","0.4","10","2.5","2","60","1.6","0.4","20.5","6.7","16","8.21","365","14","1","0","0","299","299","194","223","79","355","502","87328","1513","175","false","518901","203","384","926","33095","36108","20473"
"5","0.1","1","false","false","false","true","false","false","false","1","1","1","0.25","1","0","0","0","100","0","0","0.4","10","2.5","2","60","1.6","0.4","20.5","6.7","16","8.21","365","14","1","0","0","299","299","195","206","76","344","482","87378","1514","180","false","518872","203","385","926","33105","36114","20480"
"5","0.1","1","false","false","false","true","false","false","false","1","1","1","0.25","1","0","0","0","100","0","0","0.4","10","2.5","2","60","1.6","0.4","20.5","6.7","16","8.21","365","14","1","0","0","299","299","196","193","68","327","469","87428","1515","165","false","518795","203","385","927","33110","36126","20486"
"5","0.1","1","false","false","false","true","false","false","false","1","1","1","0.25","1","0","0","0","100","0","0","0.4","10","2.5","2","60","1.6","0.4","20.5","6.7","16","8.21","365","14","1","0","0","299","299","197","181","58","314","455","87475","1517","156","false","518937","203","385","929","33113","36131","20491"
"5","0.1","1","false","false","false","true","false","false","false","1","1","1","0.25","1","0","0","0","100","0","0","0.4","10","2.5","2","60","1.6","0.4","20.5","6.7","16","8.21","365","14","1","0","0","299","299","198","173","49","298","436","87527","1517","153","false","519011","203","385","929","33120","36139","20495"
"5","0.1","1","false","false","false","true","false","false","false","1","1","1","0.25","1","0","0","0","100","0","0","0.4","10","2.5","2","60","1.6","0.4","20.5","6.7","16","8.21","365","14","1","0","0","299","299","199","159","51","282","408","87583","1517","142","false","519040","203","385","929","33126","36146","20497"
"5","0.1","1","false","false","false","true","false","false","false","1","1","1","0.25","1","0","0","0","100","0","0","0.4","10","2.5","2","60","1.6","0.4","20.5","6.7","16","8.21","365","14","1","0","0","299","299","200","139","62","265","384","87632","1518","146","false","519134","204","385","929","33132","36154","20499"
"5","0.1","1","false","false","false","true","false","false","false","1","1","1","0.25","1","0","0","0","100","0","0","0.4","10","2.5","2","60","1.6","0.4","20.5","6.7","16","8.21","365","14","1","0","0","299","299","201","131","56","253","362","87680","1518","136","false","519086","204","385","929","33136","36160","20502"
"5","0.1","1","false","false","false","true","false","false","false","1","1","1","0.25","1","0","0","0","100","0","0","0.4","10","2.5","2","60","1.6","0.4","20.5","6.7","16","8.21","365","14","1","0","0","299","299","202","120","49","234","345","87732","1520","120","false","519176","204","387","929","33141","36166","20504"
"5","0.1","1","false","false","false","true","false","false","false","1","1","1","0.25","1","0","0","0","100","0","0","0.4","10","2.5","2","60","1.6","0.4","20.5","6.7","16","8.21","365","14","1","0","0","299","299","203","110","50","225","331","87764","1520","110","false","519308","204","387","929","33143","36170","20508"
"5","0.1","1","false","false","false","true","false","false","false","1","1","1","0.25","1","0","0","0","100","0","0","0.4","10","2.5","2","60","1.6","0.4","20.5","6.7","16","8.21","365","14","1","0","0","299","299","204","105","42","214","313","87805","1521","101","false","519400","205","387","929","33147","36176","20513"
"5","0.1","1","false","false","false","true","false","false","false","1","1","1","0.25","1","0","0","0","100","0","0","0.4","10","2.5","2","60","1.6","0.4","20.5","6.7","16","8.21","365","14","1","0","0","299","299","205","94","43","214","297","87830","1522","81","false","519470","206","387","929","33152","36179","20519"
"5","0.1","1","false","false","false","true","false","false","false","1","1","1","0.25","1","0","0","0","100","0","0","0.4","10","2.5","2","60","1.6","0.4","20.5","6.7","16","8.21","365","14","1","0","0","299","299","206","85","43","210","282","87858","1522","66","false","519641","206","387","929","33156","36183","20521"
"5","0.1","1","false","false","false","true","false","false","false","1","1","1","0.25","1","0","0","0","100","0","0","0.4","10","2.5","2","60","1.6","0.4","20.5","6.7","16","8.21","365","14","1","0","0","299","299","207","80","38","188","267","87902","1525","55","false","519783","206","389","930","33159","36187","20524"
"5","0.1","1","false","false","false","true","false","false","false","1","1","1","0.25","1","0","0","0","100","0","0","0.4","10","2.5","2","60","1.6","0.4","20.5","6.7","16","8.21","365","14","1","0","0","299","299","208","72","38","175","249","87940","1526","40","false","519851","207","389","930","33159","36190","20526"
"5","0.1","1","false","false","false","true","false","false","false","1","1","1","0.25","1","0","0","0","100","0","0","0.4","10","2.5","2","60","1.6","0.4","20.5","6.7","16","8.21","365","14","1","0","0","299","299","209","62","37","171","242","87962","1526","32","false","519988","207","389","930","33163","36192","20531"
"5","0.1","1","false","false","false","true","false","false","false","1","1","1","0.25","1","0","0","0","100","0","0","0.4","10","2.5","2","60","1.6","0.4","20.5","6.7","16","8.21","365","14","1","0","0","299","299","210","58","33","166","224","87993","1526","29","false","520071","207","389","930","33168","36198","20535"
"5","0.1","1","false","false","false","true","false","false","false","1","1","1","0.25","1","0","0","0","100","0","0","0.4","10","2.5","2","60","1.6","0.4","20.5","6.7","16","8.21","365","14","1","0","0","299","299","211","55","32","150","212","88025","1526","28","false","520105","207","389","930","33168","36199","20538"
"5","0.1","1","false","false","false","true","false","false","false","1","1","1","0.25","1","0","0","0","100","0","0","0.4","10","2.5","2","60","1.6","0.4","20.5","6.7","16","8.21","365","14","1","0","0","299","299","212","49","30","142","206","88046","1527","23","false","520116","207","389","931","33172","36201","20540"
"5","0.1","1","false","false","false","true","false","false","false","1","1","1","0.25","1","0","0","0","100","0","0","0.4","10","2.5","2","60","1.6","0.4","20.5","6.7","16","8.21","365","14","1","0","0","299","299","213","48","19","142","199","88064","1528","12","false","520144","207","390","931","33178","36207","20542"
"5","0.1","1","false","false","false","true","false","false","false","1","1","1","0.25","1","0","0","0","100","0","0","0.4","10","2.5","2","60","1.6","0.4","20.5","6.7","16","8.21","365","14","1","0","0","299","299","214","45","17","134","189","88087","1528","4","false","520244","207","390","931","33180","36207","20543"
"5","0.1","1","false","false","false","true","false","false","false","1","1","1","0.25","1","0","0","0","100","0","0","0.4","10","2.5","2","60","1.6","0.4","20.5","6.7","16","8.21","365","14","1","0","0","299","299","215","45","11","129","181","88106","1528","1","false","520331","207","390","931","33182","36212","20543"
"5","0.1","1","false","false","false","true","false","false","false","1","1","1","0.25","1","0","0","0","100","0","0","0.4","10","2.5","2","60","1.6","0.4","20.5","6.7","16","8.21","365","14","1","0","0","299","299","216","41","10","125","167","88128","1529","1","false","520366","207","390","932","33185","36216","20543"
"5","0.1","1","false","false","false","true","false","false","false","1","1","1","0.25","1","0","0","0","100","0","0","0.4","10","2.5","2","60","1.6","0.4","20.5","6.7","16","8.21","365","14","1","0","0","299","299","217","39","9","113","163","88146","1530","0","false","520355","207","390","933","33187","36217","20544"
"5","0.1","1","false","false","false","true","false","false","false","1","1","1","0.25","1","0","0","0","100","0","0","0.4","10","2.5","2","60","1.6","0.4","20.5","6.7","16","8.21","365","14","1","0","0","299","299","218","39","8","105","150","88168","1530","0","false","520351","207","390","933","33188","36217","20546"
"5","0.1","1","false","false","false","true","false","false","false","1","1","1","0.25","1","0","0","0","100","0","0","0.4","10","2.5","2","60","1.6","0.4","20.5","6.7","16","8.21","365","14","1","0","0","299","299","219","38","6","99","142","88185","1530","0","false","520351","207","390","933","33189","36220","20546"
"5","0.1","1","false","false","false","true","false","false","false","1","1","1","0.25","1","0","0","0","100","0","0","0.4","10","2.5","2","60","1.6","0.4","20.5","6.7","16","8.21","365","14","1","0","0","299","299","220","37","6","98","132","88197","1530","0","false","520351","207","390","933","33189","36220","20546"
"5","0.1","1","false","false","false","true","false","false","false","1","1","1","0.25","1","0","0","0","100","0","0","0.4","10","2.5","2","60","1.6","0.4","20.5","6.7","16","8.21","365","14","1","0","0","299","299","221","37","4","91","120","88218","1530","0","false","520351","207","390","933","33189","36220","20547"
"5","0.1","1","false","false","false","true","false","false","false","1","1","1","0.25","1","0","0","0","100","0","0","0.4","10","2.5","2","60","1.6","0.4","20.5","6.7","16","8.21","365","14","1","0","0","299","299","222","37","3","87","111","88232","1530","0","false","520351","207","390","933","33189","36222","20548"
"5","0.1","1","false","false","false","true","false","false","false","1","1","1","0.25","1","0","0","0","100","0","0","0.4","10","2.5","2","60","1.6","0.4","20.5","6.7","16","8.21","365","14","1","0","0","299","299","223","37","2","82","101","88248","1530","0","false","520351","207","390","933","33189","36224","20548"
"5","0.1","1","false","false","false","true","false","false","false","1","1","1","0.25","1","0","0","0","100","0","0","0.4","10","2.5","2","60","1.6","0.4","20.5","6.7","16","8.21","365","14","1","0","0","299","299","224","36","2","72","93","88267","1530","0","false","520351","207","390","933","33189","36224","20548"
"5","0.1","1","false","false","false","true","false","false","false","1","1","1","0.25","1","0","0","0","100","0","0","0.4","10","2.5","2","60","1.6","0.4","20.5","6.7","16","8.21","365","14","1","0","0","299","299","225","36","2","63","85","88284","1530","0","false","520351","207","390","933","33189","36224","20548"
"5","0.1","1","false","false","false","true","false","false","false","1","1","1","0.25","1","0","0","0","100","0","0","0.4","10","2.5","2","60","1.6","0.4","20.5","6.7","16","8.21","365","14","1","0","0","299","299","226","36","1","59","79","88295","1530","0","false","520351","207","390","933","33190","36225","20548"
"5","0.1","1","false","false","false","true","false","false","false","1","1","1","0.25","1","0","0","0","100","0","0","0.4","10","2.5","2","60","1.6","0.4","20.5","6.7","16","8.21","365","14","1","0","0","299","299","227","35","1","55","73","88306","1530","0","false","520351","207","390","933","33190","36225","20548"
"5","0.1","1","false","false","false","true","false","false","false","1","1","1","0.25","1","0","0","0","100","0","0","0.4","10","2.5","2","60","1.6","0.4","20.5","6.7","16","8.21","365","14","1","0","0","299","299","228","35","0","46","70","88318","1531","0","false","520351","207","390","934","33190","36225","20548"
"5","0.1","1","false","false","false","true","false","false","false","1","1","1","0.25","1","0","0","0","100","0","0","0.4","10","2.5","2","60","1.6","0.4","20.5","6.7","16","8.21","365","14","1","0","0","299","299","229","35","0","42","64","88328","1531","0","false","520340","207","390","934","33190","36225","20548"
"5","0.1","1","false","false","false","true","false","false","false","1","1","1","0.25","1","0","0","0","100","0","0","0.4","10","2.5","2","60","1.6","0.4","20.5","6.7","16","8.21","365","14","1","0","0","299","299","230","34","1","34","54","88346","1531","0","false","520340","207","390","934","33191","36225","20549"
"5","0.1","1","false","false","false","true","false","false","false","1","1","1","0.25","1","0","0","0","100","0","0","0.4","10","2.5","2","60","1.6","0.4","20.5","6.7","16","8.21","365","14","1","0","0","299","299","231","34","1","28","47","88359","1531","0","false","520340","207","390","934","33191","36225","20549"
"5","0.1","1","false","false","false","true","false","false","false","1","1","1","0.25","1","0","0","0","100","0","0","0.4","10","2.5","2","60","1.6","0.4","20.5","6.7","16","8.21","365","14","1","0","0","299","299","232","34","1","26","42","88366","1531","0","false","520340","207","390","934","33191","36225","20549"
"5","0.1","1","false","false","false","true","false","false","false","1","1","1","0.25","1","0","0","0","100","0","0","0.4","10","2.5","2","60","1.6","0.4","20.5","6.7","16","8.21","365","14","1","0","0","299","299","233","34","0","24","39","88372","1531","0","false","520340","207","390","934","33191","36225","20549"
"5","0.1","1","false","false","false","true","false","false","false","1","1","1","0.25","1","0","0","0","100","0","0","0.4","10","2.5","2","60","1.6","0.4","20.5","6.7","16","8.21","365","14","1","0","0","299","299","234","34","0","22","35","88378","1531","0","false","520340","207","390","934","33191","36225","20549"
"5","0.1","1","false","false","false","true","false","false","false","1","1","1","0.25","1","0","0","0","100","0","0","0.4","10","2.5","2","60","1.6","0.4","20.5","6.7","16","8.21","365","14","1","0","0","299","299","235","34","0","21","30","88384","1531","0","false","520340","207","390","934","33191","36225","20549"
"5","0.1","1","false","false","false","true","false","false","false","1","1","1","0.25","1","0","0","0","100","0","0","0.4","10","2.5","2","60","1.6","0.4","20.5","6.7","16","8.21","365","14","1","0","0","299","299","236","34","0","18","26","88391","1531","0","false","520340","207","390","934","33191","36225","20549"
"5","0.1","1","false","false","false","true","false","false","false","1","1","1","0.25","1","0","0","0","100","0","0","0.4","10","2.5","2","60","1.6","0.4","20.5","6.7","16","8.21","365","14","1","0","0","299","299","237","34","0","19","23","88393","1531","0","false","520340","207","390","934","33191","36226","20549"
"5","0.1","1","false","false","false","true","false","false","false","1","1","1","0.25","1","0","0","0","100","0","0","0.4","10","2.5","2","60","1.6","0.4","20.5","6.7","16","8.21","365","14","1","0","0","299","299","238","34","0","16","19","88400","1531","0","false","520340","207","390","934","33191","36226","20549"
"5","0.1","1","false","false","false","true","false","false","false","1","1","1","0.25","1","0","0","0","100","0","0","0.4","10","2.5","2","60","1.6","0.4","20.5","6.7","16","8.21","365","14","1","0","0","299","299","239","34","0","12","13","88410","1531","0","false","520340","207","390","934","33191","36226","20549"
"5","0.1","1","false","false","false","true","false","false","false","1","1","1","0.25","1","0","0","0","100","0","0","0.4","10","2.5","2","60","1.6","0.4","20.5","6.7","16","8.21","365","14","1","0","0","299","299","240","34","0","11","12","88412","1531","0","false","520340","207","390","934","33191","36226","20549"
"5","0.1","1","false","false","false","true","false","false","false","1","1","1","0.25","1","0","0","0","100","0","0","0.4","10","2.5","2","60","1.6","0.4","20.5","6.7","16","8.21","365","14","1","0","0","299","299","241","34","0","11","11","88413","1531","0","false","520340","207","390","934","33191","36226","20549"
"5","0.1","1","false","false","false","true","false","false","false","1","1","1","0.25","1","0","0","0","100","0","0","0.4","10","2.5","2","60","1.6","0.4","20.5","6.7","16","8.21","365","14","1","0","0","299","299","242","34","0","10","9","88416","1531","0","false","520340","207","390","934","33191","36226","20549"
"5","0.1","1","false","false","false","true","false","false","false","1","1","1","0.25","1","0","0","0","100","0","0","0.4","10","2.5","2","60","1.6","0.4","20.5","6.7","16","8.21","365","14","1","0","0","299","299","243","34","0","10","7","88418","1531","0","false","520340","207","390","934","33191","36226","20549"
"5","0.1","1","false","false","false","true","false","false","false","1","1","1","0.25","1","0","0","0","100","0","0","0.4","10","2.5","2","60","1.6","0.4","20.5","6.7","16","8.21","365","14","1","0","0","299","299","244","34","0","10","7","88418","1531","0","false","520340","207","390","934","33191","36226","20549"
"5","0.1","1","false","false","false","true","false","false","false","1","1","1","0.25","1","0","0","0","100","0","0","0.4","10","2.5","2","60","1.6","0.4","20.5","6.7","16","8.21","365","14","1","0","0","299","299","245","34","0","7","5","88423","1531","0","false","520340","207","390","934","33191","36226","20549"
"5","0.1","1","false","false","false","true","false","false","false","1","1","1","0.25","1","0","0","0","100","0","0","0.4","10","2.5","2","60","1.6","0.4","20.5","6.7","16","8.21","365","14","1","0","0","299","299","246","34","0","5","3","88427","1531","0","false","520340","207","390","934","33191","36226","20549"
"5","0.1","1","false","false","false","true","false","false","false","1","1","1","0.25","1","0","0","0","100","0","0","0.4","10","2.5","2","60","1.6","0.4","20.5","6.7","16","8.21","365","14","1","0","0","299","299","247","34","0","4","3","88428","1531","0","false","520340","207","390","934","33191","36226","20549"
"5","0.1","1","false","false","false","true","false","false","false","1","1","1","0.25","1","0","0","0","100","0","0","0.4","10","2.5","2","60","1.6","0.4","20.5","6.7","16","8.21","365","14","1","0","0","299","299","248","34","0","3","3","88429","1531","0","false","520340","207","390","934","33191","36226","20549"
"5","0.1","1","false","false","false","true","false","false","false","1","1","1","0.25","1","0","0","0","100","0","0","0.4","10","2.5","2","60","1.6","0.4","20.5","6.7","16","8.21","365","14","1","0","0","299","299","249","34","0","1","3","88431","1531","0","false","520340","207","390","934","33191","36226","20549"
"5","0.1","1","false","false","false","true","false","false","false","1","1","1","0.25","1","0","0","0","100","0","0","0.4","10","2.5","2","60","1.6","0.4","20.5","6.7","16","8.21","365","14","1","0","0","299","299","250","34","0","1","1","88433","1531","0","false","520340","207","390","934","33191","36226","20549"
"5","0.1","1","false","false","false","true","false","false","false","1","1","1","0.25","1","0","0","0","100","0","0","0.4","10","2.5","2","60","1.6","0.4","20.5","6.7","16","8.21","365","14","1","0","0","299","299","251","34","0","1","1","88433","1531","0","false","520340","207","390","934","33191","36226","20549"
"5","0.1","1","false","false","false","true","false","false","false","1","1","1","0.25","1","0","0","0","100","0","0","0.4","10","2.5","2","60","1.6","0.4","20.5","6.7","16","8.21","365","14","1","0","0","299","299","252","34","0","1","0","88434","1531","0","false","520340","207","390","934","33191","36226","20549"
"5","0.1","1","false","false","false","true","false","false","false","1","1","1","0.25","1","0","0","0","100","0","0","0.4","10","2.5","2","60","1.6","0.4","20.5","6.7","16","8.21","365","14","1","0","0","299","299","253","34","0","1","0","88434","1531","0","false","520340","207","390","934","33191","36226","20549"
"5","0.1","1","false","false","false","true","false","false","false","1","1","1","0.25","1","0","0","0","100","0","0","0.4","10","2.5","2","60","1.6","0.4","20.5","6.7","16","8.21","365","14","1","0","0","299","299","254","34","0","1","0","88434","1531","0","false","520340","207","390","934","33191","36226","20549"
"5","0.1","1","false","false","false","true","false","false","false","1","1","1","0.25","1","0","0","0","100","0","0","0.4","10","2.5","2","60","1.6","0.4","20.5","6.7","16","8.21","365","14","1","0","0","299","299","255","34","0","1","0","88434","1531","0","false","520340","207","390","934","33191","36226","20549"
"5","0.1","1","false","false","false","true","false","false","false","1","1","1","0.25","1","0","0","0","100","0","0","0.4","10","2.5","2","60","1.6","0.4","20.5","6.7","16","8.21","365","14","1","0","0","299","299","256","34","0","0","0","88435","1531","0","false","520340","207","390","934","33191","36226","20549"
"5","0.1","1","false","false","false","true","false","false","false","1","1","1","0.25","1","0","0","0","100","0","0","0.4","10","2.5","2","60","1.6","0.4","20.5","6.7","16","8.21","365","14","1","0","0","299","299","257","34","0","0","0","88435","1531","0","false","520340","207","390","934","33191","36226","20549"
"5","0.1","1","false","false","false","true","false","false","false","1","1","1","0.25","1","0","0","0","100","0","0","0.4","10","2.5","2","60","1.6","0.4","20.5","6.7","16","8.21","365","14","1","0","0","299","299","258","34","0","0","0","88435","1531","0","false","520340","207","390","934","33191","36226","20549"
"5","0.1","1","false","false","false","true","false","false","false","1","1","1","0.25","1","0","0","0","100","0","0","0.4","10","2.5","2","60","1.6","0.4","20.5","6.7","16","8.21","365","14","1","0","0","299","299","259","34","0","0","0","88435","1531","0","false","520340","207","390","934","33191","36226","20549"
"5","0.1","1","false","false","false","true","false","false","false","1","1","1","0.25","1","0","0","0","100","0","0","0.4","10","2.5","2","60","1.6","0.4","20.5","6.7","16","8.21","365","14","1","0","0","299","299","260","34","0","0","0","88435","1531","0","false","520340","207","390","934","33191","36226","20549"
"5","0.1","1","false","false","false","true","false","false","false","1","1","1","0.25","1","0","0","0","100","0","0","0.4","10","2.5","2","60","1.6","0.4","20.5","6.7","16","8.21","365","14","1","0","0","299","299","261","34","0","0","0","88435","1531","0","false","520340","207","390","934","33191","36226","20549"
"5","0.1","1","false","false","false","true","false","false","false","1","1","1","0.25","1","0","0","0","100","0","0","0.4","10","2.5","2","60","1.6","0.4","20.5","6.7","16","8.21","365","14","1","0","0","299","299","262","34","0","0","0","88435","1531","0","false","520340","207","390","934","33191","36226","20549"
"5","0.1","1","false","false","false","true","false","false","false","1","1","1","0.25","1","0","0","0","100","0","0","0.4","10","2.5","2","60","1.6","0.4","20.5","6.7","16","8.21","365","14","1","0","0","299","299","263","34","0","0","0","88435","1531","0","false","520340","207","390","934","33191","36226","20549"
"5","0.1","1","false","false","false","true","false","false","false","1","1","1","0.25","1","0","0","0","100","0","0","0.4","10","2.5","2","60","1.6","0.4","20.5","6.7","16","8.21","365","14","1","0","0","299","299","264","34","0","0","0","88435","1531","0","false","520340","207","390","934","33191","36226","20549"
"5","0.1","1","false","false","false","true","false","false","false","1","1","1","0.25","1","0","0","0","100","0","0","0.4","10","2.5","2","60","1.6","0.4","20.5","6.7","16","8.21","365","14","1","0","0","299","299","265","34","0","0","0","88435","1531","0","false","520340","207","390","934","33191","36226","20549"
"5","0.1","1","false","false","false","true","false","false","false","1","1","1","0.25","1","0","0","0","100","0","0","0.4","10","2.5","2","60","1.6","0.4","20.5","6.7","16","8.21","365","14","1","0","0","299","299","266","34","0","0","0","88435","1531","0","false","520340","207","390","934","33191","36226","20549"
"5","0.1","1","false","false","false","true","false","false","false","1","1","1","0.25","1","0","0","0","100","0","0","0.4","10","2.5","2","60","1.6","0.4","20.5","6.7","16","8.21","365","14","1","0","0","299","299","267","34","0","0","0","88435","1531","0","false","520340","207","390","934","33191","36226","20549"
"5","0.1","1","false","false","false","true","false","false","false","1","1","1","0.25","1","0","0","0","100","0","0","0.4","10","2.5","2","60","1.6","0.4","20.5","6.7","16","8.21","365","14","1","0","0","299","299","268","34","0","0","0","88435","1531","0","false","520340","207","390","934","33191","36226","20549"
"5","0.1","1","false","false","false","true","false","false","false","1","1","1","0.25","1","0","0","0","100","0","0","0.4","10","2.5","2","60","1.6","0.4","20.5","6.7","16","8.21","365","14","1","0","0","299","299","269","34","0","0","0","88435","1531","0","false","520340","207","390","934","33191","36226","20549"
"5","0.1","1","false","false","false","true","false","false","false","1","1","1","0.25","1","0","0","0","100","0","0","0.4","10","2.5","2","60","1.6","0.4","20.5","6.7","16","8.21","365","14","1","0","0","299","299","270","34","0","0","0","88435","1531","0","false","520340","207","390","934","33191","36226","20549"
"5","0.1","1","false","false","false","true","false","false","false","1","1","1","0.25","1","0","0","0","100","0","0","0.4","10","2.5","2","60","1.6","0.4","20.5","6.7","16","8.21","365","14","1","0","0","299","299","271","34","0","0","0","88435","1531","0","false","520340","207","390","934","33191","36226","20549"
"5","0.1","1","false","false","false","true","false","false","false","1","1","1","0.25","1","0","0","0","100","0","0","0.4","10","2.5","2","60","1.6","0.4","20.5","6.7","16","8.21","365","14","1","0","0","299","299","272","34","0","0","0","88435","1531","0","false","520340","207","390","934","33191","36226","20549"
"5","0.1","1","false","false","false","true","false","false","false","1","1","1","0.25","1","0","0","0","100","0","0","0.4","10","2.5","2","60","1.6","0.4","20.5","6.7","16","8.21","365","14","1","0","0","299","299","273","34","0","0","0","88435","1531","0","false","520340","207","390","934","33191","36226","20549"
"5","0.1","1","false","false","false","true","false","false","false","1","1","1","0.25","1","0","0","0","100","0","0","0.4","10","2.5","2","60","1.6","0.4","20.5","6.7","16","8.21","365","14","1","0","0","299","299","274","34","0","0","0","88435","1531","0","false","520340","207","390","934","33191","36226","20549"
"5","0.1","1","false","false","false","true","false","false","false","1","1","1","0.25","1","0","0","0","100","0","0","0.4","10","2.5","2","60","1.6","0.4","20.5","6.7","16","8.21","365","14","1","0","0","299","299","275","34","0","0","0","88435","1531","0","false","520340","207","390","934","33191","36226","20549"
"5","0.1","1","false","false","false","true","false","false","false","1","1","1","0.25","1","0","0","0","100","0","0","0.4","10","2.5","2","60","1.6","0.4","20.5","6.7","16","8.21","365","14","1","0","0","299","299","276","34","0","0","0","88435","1531","0","false","520340","207","390","934","33191","36226","20549"
"5","0.1","1","false","false","false","true","false","false","false","1","1","1","0.25","1","0","0","0","100","0","0","0.4","10","2.5","2","60","1.6","0.4","20.5","6.7","16","8.21","365","14","1","0","0","299","299","277","34","0","0","0","88435","1531","0","false","520340","207","390","934","33191","36226","20549"
"5","0.1","1","false","false","false","true","false","false","false","1","1","1","0.25","1","0","0","0","100","0","0","0.4","10","2.5","2","60","1.6","0.4","20.5","6.7","16","8.21","365","14","1","0","0","299","299","278","34","0","0","0","88435","1531","0","false","520340","207","390","934","33191","36226","20549"
"5","0.1","1","false","false","false","true","false","false","false","1","1","1","0.25","1","0","0","0","100","0","0","0.4","10","2.5","2","60","1.6","0.4","20.5","6.7","16","8.21","365","14","1","0","0","299","299","279","34","0","0","0","88435","1531","0","false","520340","207","390","934","33191","36226","20549"
"5","0.1","1","false","false","false","true","false","false","false","1","1","1","0.25","1","0","0","0","100","0","0","0.4","10","2.5","2","60","1.6","0.4","20.5","6.7","16","8.21","365","14","1","0","0","299","299","280","34","0","0","0","88435","1531","0","false","520340","207","390","934","33191","36226","20549"
"5","0.1","1","false","false","false","true","false","false","false","1","1","1","0.25","1","0","0","0","100","0","0","0.4","10","2.5","2","60","1.6","0.4","20.5","6.7","16","8.21","365","14","1","0","0","299","299","281","34","0","0","0","88435","1531","0","false","520340","207","390","934","33191","36226","20549"
"5","0.1","1","false","false","false","true","false","false","false","1","1","1","0.25","1","0","0","0","100","0","0","0.4","10","2.5","2","60","1.6","0.4","20.5","6.7","16","8.21","365","14","1","0","0","299","299","282","34","0","0","0","88435","1531","0","false","520340","207","390","934","33191","36226","20549"
"5","0.1","1","false","false","false","true","false","false","false","1","1","1","0.25","1","0","0","0","100","0","0","0.4","10","2.5","2","60","1.6","0.4","20.5","6.7","16","8.21","365","14","1","0","0","299","299","283","34","0","0","0","88435","1531","0","false","520340","207","390","934","33191","36226","20549"
"5","0.1","1","false","false","false","true","false","false","false","1","1","1","0.25","1","0","0","0","100","0","0","0.4","10","2.5","2","60","1.6","0.4","20.5","6.7","16","8.21","365","14","1","0","0","299","299","284","34","0","0","0","88435","1531","0","false","520340","207","390","934","33191","36226","20549"
"5","0.1","1","false","false","false","true","false","false","false","1","1","1","0.25","1","0","0","0","100","0","0","0.4","10","2.5","2","60","1.6","0.4","20.5","6.7","16","8.21","365","14","1","0","0","299","299","285","34","0","0","0","88435","1531","0","false","520340","207","390","934","33191","36226","20549"
"5","0.1","1","false","false","false","true","false","false","false","1","1","1","0.25","1","0","0","0","100","0","0","0.4","10","2.5","2","60","1.6","0.4","20.5","6.7","16","8.21","365","14","1","0","0","299","299","286","34","0","0","0","88435","1531","0","false","520340","207","390","934","33191","36226","20549"
"5","0.1","1","false","false","false","true","false","false","false","1","1","1","0.25","1","0","0","0","100","0","0","0.4","10","2.5","2","60","1.6","0.4","20.5","6.7","16","8.21","365","14","1","0","0","299","299","287","34","0","0","0","88435","1531","0","false","520340","207","390","934","33191","36226","20549"
"5","0.1","1","false","false","false","true","false","false","false","1","1","1","0.25","1","0","0","0","100","0","0","0.4","10","2.5","2","60","1.6","0.4","20.5","6.7","16","8.21","365","14","1","0","0","299","299","288","34","0","0","0","88435","1531","0","false","520340","207","390","934","33191","36226","20549"
"5","0.1","1","false","false","false","true","false","false","false","1","1","1","0.25","1","0","0","0","100","0","0","0.4","10","2.5","2","60","1.6","0.4","20.5","6.7","16","8.21","365","14","1","0","0","299","299","289","34","0","0","0","88435","1531","0","false","520340","207","390","934","33191","36226","20549"
"5","0.1","1","false","false","false","true","false","false","false","1","1","1","0.25","1","0","0","0","100","0","0","0.4","10","2.5","2","60","1.6","0.4","20.5","6.7","16","8.21","365","14","1","0","0","299","299","290","34","0","0","0","88435","1531","0","false","520340","207","390","934","33191","36226","20549"
"5","0.1","1","false","false","false","true","false","false","false","1","1","1","0.25","1","0","0","0","100","0","0","0.4","10","2.5","2","60","1.6","0.4","20.5","6.7","16","8.21","365","14","1","0","0","299","299","291","34","0","0","0","88435","1531","0","false","520340","207","390","934","33191","36226","20549"
"5","0.1","1","false","false","false","true","false","false","false","1","1","1","0.25","1","0","0","0","100","0","0","0.4","10","2.5","2","60","1.6","0.4","20.5","6.7","16","8.21","365","14","1","0","0","299","299","292","34","0","0","0","88435","1531","0","false","520340","207","390","934","33191","36226","20549"
"5","0.1","1","false","false","false","true","false","false","false","1","1","1","0.25","1","0","0","0","100","0","0","0.4","10","2.5","2","60","1.6","0.4","20.5","6.7","16","8.21","365","14","1","0","0","299","299","293","34","0","0","0","88435","1531","0","false","520340","207","390","934","33191","36226","20549"
"5","0.1","1","false","false","false","true","false","false","false","1","1","1","0.25","1","0","0","0","100","0","0","0.4","10","2.5","2","60","1.6","0.4","20.5","6.7","16","8.21","365","14","1","0","0","299","299","294","34","0","0","0","88435","1531","0","false","520340","207","390","934","33191","36226","20549"
"5","0.1","1","false","false","false","true","false","false","false","1","1","1","0.25","1","0","0","0","100","0","0","0.4","10","2.5","2","60","1.6","0.4","20.5","6.7","16","8.21","365","14","1","0","0","299","299","295","34","0","0","0","88435","1531","0","false","520340","207","390","934","33191","36226","20549"
"5","0.1","1","false","false","false","true","false","false","false","1","1","1","0.25","1","0","0","0","100","0","0","0.4","10","2.5","2","60","1.6","0.4","20.5","6.7","16","8.21","365","14","1","0","0","299","299","296","34","0","0","0","88435","1531","0","false","520340","207","390","934","33191","36226","20549"
"5","0.1","1","false","false","false","true","false","false","false","1","1","1","0.25","1","0","0","0","100","0","0","0.4","10","2.5","2","60","1.6","0.4","20.5","6.7","16","8.21","365","14","1","0","0","299","299","297","34","0","0","0","88435","1531","0","false","520340","207","390","934","33191","36226","20549"
"5","0.1","1","false","false","false","true","false","false","false","1","1","1","0.25","1","0","0","0","100","0","0","0.4","10","2.5","2","60","1.6","0.4","20.5","6.7","16","8.21","365","14","1","0","0","299","299","298","34","0","0","0","88435","1531","0","false","520340","207","390","934","33191","36226","20549"
"5","0.1","1","false","false","false","true","false","false","false","1","1","1","0.25","1","0","0","0","100","0","0","0.4","10","2.5","2","60","1.6","0.4","20.5","6.7","16","8.21","365","14","1","0","0","299","299","299","34","0","0","0","88435","1531","0","false","520340","207","390","934","33191","36226","20549"
"5","0.1","1","false","false","false","true","false","false","false","1","1","1","0.25","1","0","0","0","100","0","0","0.4","10","2.5","2","60","1.6","0.4","20.5","6.7","16","8.21","365","14","1","0","0","299","299","300","34","0","0","0","88435","1531","0","false","520340","207","390","934","33191","36226","20549"
"5","0.1","1","false","false","false","true","false","false","false","1","1","1","0.25","1","0","0","0","100","0","0","0.4","10","2.5","2","60","1.6","0.4","20.5","6.7","16","8.21","365","14","1","0","0","299","299","301","34","0","0","0","88435","1531","0","false","520340","207","390","934","33191","36226","20549"
"5","0.1","1","false","false","false","true","false","false","false","1","1","1","0.25","1","0","0","0","100","0","0","0.4","10","2.5","2","60","1.6","0.4","20.5","6.7","16","8.21","365","14","1","0","0","299","299","302","34","0","0","0","88435","1531","0","false","520340","207","390","934","33191","36226","20549"
"5","0.1","1","false","false","false","true","false","false","false","1","1","1","0.25","1","0","0","0","100","0","0","0.4","10","2.5","2","60","1.6","0.4","20.5","6.7","16","8.21","365","14","1","0","0","299","299","303","34","0","0","0","88435","1531","0","false","520340","207","390","934","33191","36226","20549"
"5","0.1","1","false","false","false","true","false","false","false","1","1","1","0.25","1","0","0","0","100","0","0","0.4","10","2.5","2","60","1.6","0.4","20.5","6.7","16","8.21","365","14","1","0","0","299","299","304","34","0","0","0","88435","1531","0","false","520340","207","390","934","33191","36226","20549"
"5","0.1","1","false","false","false","true","false","false","false","1","1","1","0.25","1","0","0","0","100","0","0","0.4","10","2.5","2","60","1.6","0.4","20.5","6.7","16","8.21","365","14","1","0","0","299","299","305","34","0","0","0","88435","1531","0","false","520340","207","390","934","33191","36226","20549"
"5","0.1","1","false","false","false","true","false","false","false","1","1","1","0.25","1","0","0","0","100","0","0","0.4","10","2.5","2","60","1.6","0.4","20.5","6.7","16","8.21","365","14","1","0","0","299","299","306","34","0","0","0","88435","1531","0","false","520340","207","390","934","33191","36226","20549"
"5","0.1","1","false","false","false","true","false","false","false","1","1","1","0.25","1","0","0","0","100","0","0","0.4","10","2.5","2","60","1.6","0.4","20.5","6.7","16","8.21","365","14","1","0","0","299","299","307","34","0","0","0","88435","1531","0","false","520340","207","390","934","33191","36226","20549"
"5","0.1","1","false","false","false","true","false","false","false","1","1","1","0.25","1","0","0","0","100","0","0","0.4","10","2.5","2","60","1.6","0.4","20.5","6.7","16","8.21","365","14","1","0","0","299","299","308","34","0","0","0","88435","1531","0","false","520340","207","390","934","33191","36226","20549"
"5","0.1","1","false","false","false","true","false","false","false","1","1","1","0.25","1","0","0","0","100","0","0","0.4","10","2.5","2","60","1.6","0.4","20.5","6.7","16","8.21","365","14","1","0","0","299","299","309","34","0","0","0","88435","1531","0","false","520340","207","390","934","33191","36226","20549"
"5","0.1","1","false","false","false","true","false","false","false","1","1","1","0.25","1","0","0","0","100","0","0","0.4","10","2.5","2","60","1.6","0.4","20.5","6.7","16","8.21","365","14","1","0","0","299","299","310","34","0","0","0","88435","1531","0","false","520340","207","390","934","33191","36226","20549"
"5","0.1","1","false","false","false","true","false","false","false","1","1","1","0.25","1","0","0","0","100","0","0","0.4","10","2.5","2","60","1.6","0.4","20.5","6.7","16","8.21","365","14","1","0","0","299","299","311","34","0","0","0","88435","1531","0","false","520340","207","390","934","33191","36226","20549"
"5","0.1","1","false","false","false","true","false","false","false","1","1","1","0.25","1","0","0","0","100","0","0","0.4","10","2.5","2","60","1.6","0.4","20.5","6.7","16","8.21","365","14","1","0","0","299","299","312","34","0","0","0","88435","1531","0","false","520340","207","390","934","33191","36226","20549"
"5","0.1","1","false","false","false","true","false","false","false","1","1","1","0.25","1","0","0","0","100","0","0","0.4","10","2.5","2","60","1.6","0.4","20.5","6.7","16","8.21","365","14","1","0","0","299","299","313","34","0","0","0","88435","1531","0","false","520340","207","390","934","33191","36226","20549"
"5","0.1","1","false","false","false","true","false","false","false","1","1","1","0.25","1","0","0","0","100","0","0","0.4","10","2.5","2","60","1.6","0.4","20.5","6.7","16","8.21","365","14","1","0","0","299","299","314","34","0","0","0","88435","1531","0","false","520340","207","390","934","33191","36226","20549"
"5","0.1","1","false","false","false","true","false","false","false","1","1","1","0.25","1","0","0","0","100","0","0","0.4","10","2.5","2","60","1.6","0.4","20.5","6.7","16","8.21","365","14","1","0","0","299","299","315","34","0","0","0","88435","1531","0","false","520340","207","390","934","33191","36226","20549"
"5","0.1","1","false","false","false","true","false","false","false","1","1","1","0.25","1","0","0","0","100","0","0","0.4","10","2.5","2","60","1.6","0.4","20.5","6.7","16","8.21","365","14","1","0","0","299","299","316","34","0","0","0","88435","1531","0","false","520340","207","390","934","33191","36226","20549"
"5","0.1","1","false","false","false","true","false","false","false","1","1","1","0.25","1","0","0","0","100","0","0","0.4","10","2.5","2","60","1.6","0.4","20.5","6.7","16","8.21","365","14","1","0","0","299","299","317","34","0","0","0","88435","1531","0","false","520340","207","390","934","33191","36226","20549"
"5","0.1","1","false","false","false","true","false","false","false","1","1","1","0.25","1","0","0","0","100","0","0","0.4","10","2.5","2","60","1.6","0.4","20.5","6.7","16","8.21","365","14","1","0","0","299","299","318","34","0","0","0","88435","1531","0","false","520340","207","390","934","33191","36226","20549"
"5","0.1","1","false","false","false","true","false","false","false","1","1","1","0.25","1","0","0","0","100","0","0","0.4","10","2.5","2","60","1.6","0.4","20.5","6.7","16","8.21","365","14","1","0","0","299","299","319","34","0","0","0","88435","1531","0","false","520340","207","390","934","33191","36226","20549"
"5","0.1","1","false","false","false","true","false","false","false","1","1","1","0.25","1","0","0","0","100","0","0","0.4","10","2.5","2","60","1.6","0.4","20.5","6.7","16","8.21","365","14","1","0","0","299","299","320","34","0","0","0","88435","1531","0","false","520340","207","390","934","33191","36226","20549"
"5","0.1","1","false","false","false","true","false","false","false","1","1","1","0.25","1","0","0","0","100","0","0","0.4","10","2.5","2","60","1.6","0.4","20.5","6.7","16","8.21","365","14","1","0","0","299","299","321","34","0","0","0","88435","1531","0","false","520340","207","390","934","33191","36226","20549"
"5","0.1","1","false","false","false","true","false","false","false","1","1","1","0.25","1","0","0","0","100","0","0","0.4","10","2.5","2","60","1.6","0.4","20.5","6.7","16","8.21","365","14","1","0","0","299","299","322","34","0","0","0","88435","1531","0","false","520340","207","390","934","33191","36226","20549"
"5","0.1","1","false","false","false","true","false","false","false","1","1","1","0.25","1","0","0","0","100","0","0","0.4","10","2.5","2","60","1.6","0.4","20.5","6.7","16","8.21","365","14","1","0","0","299","299","323","34","0","0","0","88435","1531","0","false","520340","207","390","934","33191","36226","20549"
"5","0.1","1","false","false","false","true","false","false","false","1","1","1","0.25","1","0","0","0","100","0","0","0.4","10","2.5","2","60","1.6","0.4","20.5","6.7","16","8.21","365","14","1","0","0","299","299","324","34","0","0","0","88435","1531","0","false","520340","207","390","934","33191","36226","20549"
"5","0.1","1","false","false","false","true","false","false","false","1","1","1","0.25","1","0","0","0","100","0","0","0.4","10","2.5","2","60","1.6","0.4","20.5","6.7","16","8.21","365","14","1","0","0","299","299","325","34","0","0","0","88435","1531","0","false","520340","207","390","934","33191","36226","20549"
"5","0.1","1","false","false","false","true","false","false","false","1","1","1","0.25","1","0","0","0","100","0","0","0.4","10","2.5","2","60","1.6","0.4","20.5","6.7","16","8.21","365","14","1","0","0","299","299","326","34","0","0","0","88435","1531","0","false","520340","207","390","934","33191","36226","20549"
"5","0.1","1","false","false","false","true","false","false","false","1","1","1","0.25","1","0","0","0","100","0","0","0.4","10","2.5","2","60","1.6","0.4","20.5","6.7","16","8.21","365","14","1","0","0","299","299","327","34","0","0","0","88435","1531","0","false","520340","207","390","934","33191","36226","20549"
"5","0.1","1","false","false","false","true","false","false","false","1","1","1","0.25","1","0","0","0","100","0","0","0.4","10","2.5","2","60","1.6","0.4","20.5","6.7","16","8.21","365","14","1","0","0","299","299","328","34","0","0","0","88435","1531","0","false","520340","207","390","934","33191","36226","20549"
"5","0.1","1","false","false","false","true","false","false","false","1","1","1","0.25","1","0","0","0","100","0","0","0.4","10","2.5","2","60","1.6","0.4","20.5","6.7","16","8.21","365","14","1","0","0","299","299","329","34","0","0","0","88435","1531","0","false","520340","207","390","934","33191","36226","20549"
"5","0.1","1","false","false","false","true","false","false","false","1","1","1","0.25","1","0","0","0","100","0","0","0.4","10","2.5","2","60","1.6","0.4","20.5","6.7","16","8.21","365","14","1","0","0","299","299","330","34","0","0","0","88435","1531","0","false","520340","207","390","934","33191","36226","20549"
"5","0.1","1","false","false","false","true","false","false","false","1","1","1","0.25","1","0","0","0","100","0","0","0.4","10","2.5","2","60","1.6","0.4","20.5","6.7","16","8.21","365","14","1","0","0","299","299","331","34","0","0","0","88435","1531","0","false","520340","207","390","934","33191","36226","20549"
"5","0.1","1","false","false","false","true","false","false","false","1","1","1","0.25","1","0","0","0","100","0","0","0.4","10","2.5","2","60","1.6","0.4","20.5","6.7","16","8.21","365","14","1","0","0","299","299","332","34","0","0","0","88435","1531","0","false","520340","207","390","934","33191","36226","20549"
"5","0.1","1","false","false","false","true","false","false","false","1","1","1","0.25","1","0","0","0","100","0","0","0.4","10","2.5","2","60","1.6","0.4","20.5","6.7","16","8.21","365","14","1","0","0","299","299","333","34","0","0","0","88435","1531","0","false","520340","207","390","934","33191","36226","20549"
"5","0.1","1","false","false","false","true","false","false","false","1","1","1","0.25","1","0","0","0","100","0","0","0.4","10","2.5","2","60","1.6","0.4","20.5","6.7","16","8.21","365","14","1","0","0","299","299","334","34","0","0","0","88435","1531","0","false","520340","207","390","934","33191","36226","20549"
"5","0.1","1","false","false","false","true","false","false","false","1","1","1","0.25","1","0","0","0","100","0","0","0.4","10","2.5","2","60","1.6","0.4","20.5","6.7","16","8.21","365","14","1","0","0","299","299","335","34","0","0","0","88435","1531","0","false","520340","207","390","934","33191","36226","20549"
"5","0.1","1","false","false","false","true","false","false","false","1","1","1","0.25","1","0","0","0","100","0","0","0.4","10","2.5","2","60","1.6","0.4","20.5","6.7","16","8.21","365","14","1","0","0","299","299","336","34","0","0","0","88435","1531","0","false","520340","207","390","934","33191","36226","20549"
"5","0.1","1","false","false","false","true","false","false","false","1","1","1","0.25","1","0","0","0","100","0","0","0.4","10","2.5","2","60","1.6","0.4","20.5","6.7","16","8.21","365","14","1","0","0","299","299","337","34","0","0","0","88435","1531","0","false","520340","207","390","934","33191","36226","20549"
"5","0.1","1","false","false","false","true","false","false","false","1","1","1","0.25","1","0","0","0","100","0","0","0.4","10","2.5","2","60","1.6","0.4","20.5","6.7","16","8.21","365","14","1","0","0","299","299","338","34","0","0","0","88435","1531","0","false","520340","207","390","934","33191","36226","20549"
"5","0.1","1","false","false","false","true","false","false","false","1","1","1","0.25","1","0","0","0","100","0","0","0.4","10","2.5","2","60","1.6","0.4","20.5","6.7","16","8.21","365","14","1","0","0","299","299","339","34","0","0","0","88435","1531","0","false","520340","207","390","934","33191","36226","20549"
"5","0.1","1","false","false","false","true","false","false","false","1","1","1","0.25","1","0","0","0","100","0","0","0.4","10","2.5","2","60","1.6","0.4","20.5","6.7","16","8.21","365","14","1","0","0","299","299","340","34","0","0","0","88435","1531","0","false","520340","207","390","934","33191","36226","20549"
"5","0.1","1","false","false","false","true","false","false","false","1","1","1","0.25","1","0","0","0","100","0","0","0.4","10","2.5","2","60","1.6","0.4","20.5","6.7","16","8.21","365","14","1","0","0","299","299","341","34","0","0","0","88435","1531","0","false","520340","207","390","934","33191","36226","20549"
"5","0.1","1","false","false","false","true","false","false","false","1","1","1","0.25","1","0","0","0","100","0","0","0.4","10","2.5","2","60","1.6","0.4","20.5","6.7","16","8.21","365","14","1","0","0","299","299","342","34","0","0","0","88435","1531","0","false","520340","207","390","934","33191","36226","20549"
"5","0.1","1","false","false","false","true","false","false","false","1","1","1","0.25","1","0","0","0","100","0","0","0.4","10","2.5","2","60","1.6","0.4","20.5","6.7","16","8.21","365","14","1","0","0","299","299","343","34","0","0","0","88435","1531","0","false","520340","207","390","934","33191","36226","20549"
"5","0.1","1","false","false","false","true","false","false","false","1","1","1","0.25","1","0","0","0","100","0","0","0.4","10","2.5","2","60","1.6","0.4","20.5","6.7","16","8.21","365","14","1","0","0","299","299","344","34","0","0","0","88435","1531","0","false","520340","207","390","934","33191","36226","20549"
"5","0.1","1","false","false","false","true","false","false","false","1","1","1","0.25","1","0","0","0","100","0","0","0.4","10","2.5","2","60","1.6","0.4","20.5","6.7","16","8.21","365","14","1","0","0","299","299","345","34","0","0","0","88435","1531","0","false","520340","207","390","934","33191","36226","20549"
"5","0.1","1","false","false","false","true","false","false","false","1","1","1","0.25","1","0","0","0","100","0","0","0.4","10","2.5","2","60","1.6","0.4","20.5","6.7","16","8.21","365","14","1","0","0","299","299","346","34","0","0","0","88435","1531","0","false","520340","207","390","934","33191","36226","20549"
"5","0.1","1","false","false","false","true","false","false","false","1","1","1","0.25","1","0","0","0","100","0","0","0.4","10","2.5","2","60","1.6","0.4","20.5","6.7","16","8.21","365","14","1","0","0","299","299","347","34","0","0","0","88435","1531","0","false","520340","207","390","934","33191","36226","20549"
"5","0.1","1","false","false","false","true","false","false","false","1","1","1","0.25","1","0","0","0","100","0","0","0.4","10","2.5","2","60","1.6","0.4","20.5","6.7","16","8.21","365","14","1","0","0","299","299","348","34","0","0","0","88435","1531","0","false","520340","207","390","934","33191","36226","20549"
"5","0.1","1","false","false","false","true","false","false","false","1","1","1","0.25","1","0","0","0","100","0","0","0.4","10","2.5","2","60","1.6","0.4","20.5","6.7","16","8.21","365","14","1","0","0","299","299","349","34","0","0","0","88435","1531","0","false","520340","207","390","934","33191","36226","20549"
"5","0.1","1","false","false","false","true","false","false","false","1","1","1","0.25","1","0","0","0","100","0","0","0.4","10","2.5","2","60","1.6","0.4","20.5","6.7","16","8.21","365","14","1","0","0","299","299","350","34","0","0","0","88435","1531","0","false","520340","207","390","934","33191","36226","20549"
"5","0.1","1","false","false","false","true","false","false","false","1","1","1","0.25","1","0","0","0","100","0","0","0.4","10","2.5","2","60","1.6","0.4","20.5","6.7","16","8.21","365","14","1","0","0","299","299","351","34","0","0","0","88435","1531","0","false","520340","207","390","934","33191","36226","20549"
"5","0.1","1","false","false","false","true","false","false","false","1","1","1","0.25","1","0","0","0","100","0","0","0.4","10","2.5","2","60","1.6","0.4","20.5","6.7","16","8.21","365","14","1","0","0","299","299","352","34","0","0","0","88435","1531","0","false","520340","207","390","934","33191","36226","20549"
"5","0.1","1","false","false","false","true","false","false","false","1","1","1","0.25","1","0","0","0","100","0","0","0.4","10","2.5","2","60","1.6","0.4","20.5","6.7","16","8.21","365","14","1","0","0","299","299","353","34","0","0","0","88435","1531","0","false","520340","207","390","934","33191","36226","20549"
"5","0.1","1","false","false","false","true","false","false","false","1","1","1","0.25","1","0","0","0","100","0","0","0.4","10","2.5","2","60","1.6","0.4","20.5","6.7","16","8.21","365","14","1","0","0","299","299","354","34","0","0","0","88435","1531","0","false","520340","207","390","934","33191","36226","20549"
"5","0.1","1","false","false","false","true","false","false","false","1","1","1","0.25","1","0","0","0","100","0","0","0.4","10","2.5","2","60","1.6","0.4","20.5","6.7","16","8.21","365","14","1","0","0","299","299","355","34","0","0","0","88435","1531","0","false","520340","207","390","934","33191","36226","20549"
"5","0.1","1","false","false","false","true","false","false","false","1","1","1","0.25","1","0","0","0","100","0","0","0.4","10","2.5","2","60","1.6","0.4","20.5","6.7","16","8.21","365","14","1","0","0","299","299","356","34","0","0","0","88435","1531","0","false","520340","207","390","934","33191","36226","20549"
"5","0.1","1","false","false","false","true","false","false","false","1","1","1","0.25","1","0","0","0","100","0","0","0.4","10","2.5","2","60","1.6","0.4","20.5","6.7","16","8.21","365","14","1","0","0","299","299","357","34","0","0","0","88435","1531","0","false","520340","207","390","934","33191","36226","20549"
"5","0.1","1","false","false","false","true","false","false","false","1","1","1","0.25","1","0","0","0","100","0","0","0.4","10","2.5","2","60","1.6","0.4","20.5","6.7","16","8.21","365","14","1","0","0","299","299","358","34","0","0","0","88435","1531","0","false","520340","207","390","934","33191","36226","20549"
"5","0.1","1","false","false","false","true","false","false","false","1","1","1","0.25","1","0","0","0","100","0","0","0.4","10","2.5","2","60","1.6","0.4","20.5","6.7","16","8.21","365","14","1","0","0","299","299","359","34","0","0","0","88435","1531","0","false","520340","207","390","934","33191","36226","20549"
"5","0.1","1","false","false","false","true","false","false","false","1","1","1","0.25","1","0","0","0","100","0","0","0.4","10","2.5","2","60","1.6","0.4","20.5","6.7","16","8.21","365","14","1","0","0","299","299","360","34","0","0","0","88435","1531","0","false","520340","207","390","934","33191","36226","20549"
"5","0.1","1","false","false","false","true","false","false","false","1","1","1","0.25","1","0","0","0","100","0","0","0.4","10","2.5","2","60","1.6","0.4","20.5","6.7","16","8.21","365","14","1","0","0","299","299","361","34","0","0","0","88435","1531","0","false","520340","207","390","934","33191","36226","20549"
"5","0.1","1","false","false","false","true","false","false","false","1","1","1","0.25","1","0","0","0","100","0","0","0.4","10","2.5","2","60","1.6","0.4","20.5","6.7","16","8.21","365","14","1","0","0","299","299","362","34","0","0","0","88435","1531","0","false","520340","207","390","934","33191","36226","20549"
"5","0.1","1","false","false","false","true","false","false","false","1","1","1","0.25","1","0","0","0","100","0","0","0.4","10","2.5","2","60","1.6","0.4","20.5","6.7","16","8.21","365","14","1","0","0","299","299","363","34","0","0","0","88435","1531","0","false","520340","207","390","934","33191","36226","20549"
"5","0.1","1","false","false","false","true","false","false","false","1","1","1","0.25","1","0","0","0","100","0","0","0.4","10","2.5","2","60","1.6","0.4","20.5","6.7","16","8.21","365","14","1","0","0","299","299","364","34","0","0","0","88435","1531","0","false","520340","207","390","934","33191","36226","20549"
"5","0.1","1","false","false","false","true","false","false","false","1","1","1","0.25","1","0","0","0","100","0","0","0.4","10","2.5","2","60","1.6","0.4","20.5","6.7","16","8.21","365","14","1","0","0","299","299","365","34","0","0","0","88435","1531","0","false","520340","207","390","934","33191","36226","20549"
"6","0.1","1","false","false","false","true","false","false","false","1","1","1","0.25","1","0","0","0","100","0","0","0.5","10","2.5","2","60","1.6","0.4","20.5","6.7","16","8.21","365","14","1","0","0","299","299","0","89910","90","0","0","0","0","0","false","0","0","0","0","0","0","0"
"6","0.1","1","false","false","false","true","false","false","false","1","1","1","0.25","1","0","0","0","100","0","0","0.5","10","2.5","2","60","1.6","0.4","20.5","6.7","16","8.21","365","14","1","0","0","299","299","1","89910","83","0","7","0","0","0","false","538515","0","0","0","2","2","2"
"6","0.1","1","false","false","false","true","false","false","false","1","1","1","0.25","1","0","0","0","100","0","0","0.5","10","2.5","2","60","1.6","0.4","20.5","6.7","16","8.21","365","14","1","0","0","299","299","2","89899","82","0","19","0","0","0","false","538515","0","0","0","4","4","3"
"6","0.1","1","false","false","false","true","false","false","false","1","1","1","0.25","1","0","0","0","100","0","0","0.5","10","2.5","2","60","1.6","0.4","20.5","6.7","16","8.21","365","14","1","0","0","299","299","3","89882","77","1","40","0","0","0","false","538515","0","0","0","11","14","5"
"6","0.1","1","false","false","false","true","false","false","false","1","1","1","0.25","1","0","0","0","100","0","0","0.5","10","2.5","2","60","1.6","0.4","20.5","6.7","16","8.21","365","14","1","0","0","299","299","4","89847","85","2","66","0","0","0","false","538515","0","0","0","15","18","12"
"6","0.1","1","false","false","false","true","false","false","false","1","1","1","0.25","1","0","0","0","100","0","0","0.5","10","2.5","2","60","1.6","0.4","20.5","6.7","16","8.21","365","14","1","0","0","299","299","5","89783","129","8","80","0","0","0","false","538515","0","0","0","24","25","13"
"6","0.1","1","false","false","false","true","false","false","false","1","1","1","0.25","1","0","0","0","100","0","0","0.5","10","2.5","2","60","1.6","0.4","20.5","6.7","16","8.21","365","14","1","0","0","299","299","6","89699","186","16","99","0","0","0","false","538515","0","0","0","33","38","14"
"6","0.1","1","false","false","false","true","false","false","false","1","1","1","0.25","1","0","0","0","100","0","0","0.5","10","2.5","2","60","1.6","0.4","20.5","6.7","16","8.21","365","14","1","0","0","299","299","7","89605","241","26","128","0","0","0","false","538515","0","0","0","50","51","19"
"6","0.1","1","false","false","false","true","false","false","false","1","1","1","0.25","1","0","0","0","100","0","0","0.5","10","2.5","2","60","1.6","0.4","20.5","6.7","16","8.21","365","14","1","0","0","299","299","8","89491","311","38","160","0","0","0","false","538515","0","0","0","63","67","27"
"6","0.1","1","false","false","false","true","false","false","false","1","1","1","0.25","1","0","0","0","100","0","0","0.5","10","2.5","2","60","1.6","0.4","20.5","6.7","16","8.21","365","14","1","0","0","299","299","9","89340","409","49","202","0","0","0","false","538515","0","0","0","80","79","40"
"6","0.1","1","false","false","false","true","false","false","false","1","1","1","0.25","1","0","0","0","100","0","0","0.5","10","2.5","2","60","1.6","0.4","20.5","6.7","16","8.21","365","14","1","0","0","299","299","10","89206","457","60","277","0","0","0","false","538515","0","0","0","101","109","55"
"6","0.1","1","false","false","false","true","false","false","false","1","1","1","0.25","1","0","0","0","100","0","0","0.5","10","2.5","2","60","1.6","0.4","20.5","6.7","16","8.21","365","14","1","0","0","299","299","11","89041","532","76","351","0","0","0","false","538515","0","0","0","132","142","67"
"6","0.1","1","false","false","false","true","false","false","false","1","1","1","0.25","1","0","0","0","100","0","0","0.5","10","2.5","2","60","1.6","0.4","20.5","6.7","16","8.21","365","14","1","0","0","299","299","12","88865","604","101","430","0","0","0","false","538515","0","0","0","166","174","91"
"6","0.1","1","false","false","false","true","false","false","false","1","1","1","0.25","1","0","0","0","100","0","0","0.5","10","2.5","2","60","1.6","0.4","20.5","6.7","16","8.21","365","14","1","0","0","299","299","13","88645","709","132","514","0","0","0","false","538515","0","0","0","207","208","112"
"6","0.1","1","false","false","false","true","false","false","false","1","1","1","0.25","1","0","0","0","100","0","0","0.5","10","2.5","2","60","1.6","0.4","20.5","6.7","16","8.21","365","14","1","0","0","299","299","14","88408","807","163","622","0","0","0","false","538515","0","0","0","243","259","140"
"6","0.1","1","false","false","false","true","false","false","false","1","1","1","0.25","1","0","0","0","100","0","0","0.5","10","2.5","2","60","1.6","0.4","20.5","6.7","16","8.21","365","14","1","0","0","299","299","15","88156","867","201","776","0","0","0","false","538515","0","0","0","308","307","182"
"6","0.1","1","false","false","false","true","false","false","false","1","1","1","0.25","1","0","0","0","100","0","0","0.5","10","2.5","2","60","1.6","0.4","20.5","6.7","16","8.21","365","14","1","0","0","299","299","16","87856","974","244","926","0","0","5","false","538515","0","0","0","356","377","212"
"6","0.1","1","false","false","false","true","false","false","false","1","1","1","0.25","1","0","0","0","100","0","0","0.5","10","2.5","2","60","1.6","0.4","20.5","6.7","16","8.21","365","14","1","0","0","299","299","17","87554","1093","313","1038","1","1","44","false","538455","0","1","0","417","453","254"
"6","0.1","1","false","false","false","true","false","false","false","1","1","1","0.25","1","0","0","0","100","0","0","0.5","10","2.5","2","60","1.6","0.4","20.5","6.7","16","8.21","365","14","1","0","0","299","299","18","87207","1177","384","1229","2","1","105","false","538055","0","1","0","486","550","303"
"6","0.1","1","false","false","false","true","false","false","false","1","1","1","0.25","1","0","0","0","100","0","0","0.5","10","2.5","2","60","1.6","0.4","20.5","6.7","16","8.21","365","14","1","0","0","299","299","19","86850","1257","454","1432","6","1","154","false","537439","0","1","0","567","632","367"
"6","0.1","1","false","false","false","true","false","false","false","1","1","1","0.25","1","0","0","0","100","0","0","0.5","10","2.5","2","60","1.6","0.4","20.5","6.7","16","8.21","365","14","1","0","0","299","299","20","86499","1355","553","1580","12","1","231","false","536992","0","1","0","654","747","418"
"6","0.1","1","false","false","false","true","false","false","false","1","1","1","0.25","1","0","0","0","100","0","0","0.5","10","2.5","2","60","1.6","0.4","20.5","6.7","16","8.21","365","14","1","0","0","299","299","21","86121","1441","663","1752","22","1","320","false","536225","0","1","0","762","850","499"
"6","0.1","1","false","false","false","true","false","false","false","1","1","1","0.25","1","0","0","0","100","0","0","0.5","10","2.5","2","60","1.6","0.4","20.5","6.7","16","8.21","365","14","1","0","0","299","299","22","85736","1499","777","1957","28","3","402","false","535374","0","1","2","862","988","565"
"6","0.1","1","false","false","false","true","false","false","false","1","1","1","0.25","1","0","0","0","100","0","0","0.5","10","2.5","2","60","1.6","0.4","20.5","6.7","16","8.21","365","14","1","0","0","299","299","23","85315","1569","881","2196","36","3","517","false","534579","0","1","2","955","1124","637"
"6","0.1","1","false","false","false","true","false","false","false","1","1","1","0.25","1","0","0","0","100","0","0","0.5","10","2.5","2","60","1.6","0.4","20.5","6.7","16","8.21","365","14","1","0","0","299","299","24","84819","1714","984","2427","52","4","745","false","533513","1","1","2","1074","1248","704"
"6","0.1","1","false","false","false","true","false","false","false","1","1","1","0.25","1","0","0","0","100","0","0","0.5","10","2.5","2","60","1.6","0.4","20.5","6.7","16","8.21","365","14","1","0","0","299","299","25","84301","1866","1115","2649","65","4","892","false","531327","1","1","2","1209","1381","789"
"6","0.1","1","false","false","false","true","false","false","false","1","1","1","0.25","1","0","0","0","100","0","0","0.5","10","2.5","2","60","1.6","0.4","20.5","6.7","16","8.21","365","14","1","0","0","299","299","26","83812","1980","1266","2841","96","5","1070","false","529929","1","2","2","1352","1533","876"
"6","0.1","1","false","false","false","true","false","false","false","1","1","1","0.25","1","0","0","0","100","0","0","0.5","10","2.5","2","60","1.6","0.4","20.5","6.7","16","8.21","365","14","1","0","0","299","299","27","83338","2000","1413","3118","125","6","1175","false","528206","1","2","3","1501","1698","981"
"6","0.1","1","false","false","false","true","false","false","false","1","1","1","0.25","1","0","0","0","100","0","0","0.5","10","2.5","2","60","1.6","0.4","20.5","6.7","16","8.21","365","14","1","0","0","299","299","28","82798","2054","1537","3434","171","6","1377","false","527184","1","2","3","1665","1854","1066"
"6","0.1","1","false","false","false","true","false","false","false","1","1","1","0.25","1","0","0","0","100","0","0","0.5","10","2.5","2","60","1.6","0.4","20.5","6.7","16","8.21","365","14","1","0","0","299","299","29","82312","2112","1669","3673","226","8","1505","false","525291","1","2","5","1803","2013","1170"
"6","0.1","1","false","false","false","true","false","false","false","1","1","1","0.25","1","0","0","0","100","0","0","0.5","10","2.5","2","60","1.6","0.4","20.5","6.7","16","8.21","365","14","1","0","0","299","299","30","81749","2210","1833","3906","294","8","1707","false","524140","1","2","5","1974","2217","1267"
"6","0.1","1","false","false","false","true","false","false","false","1","1","1","0.25","1","0","0","0","100","0","0","0.5","10","2.5","2","60","1.6","0.4","20.5","6.7","16","8.21","365","14","1","0","0","299","299","31","81228","2231","2010","4155","365","11","1867","false","522237","2","2","7","2145","2425","1387"
"6","0.1","1","false","false","false","true","false","false","false","1","1","1","0.25","1","0","0","0","100","0","0","0.5","10","2.5","2","60","1.6","0.4","20.5","6.7","16","8.21","365","14","1","0","0","299","299","32","80676","2261","2184","4426","442","11","2062","false","520683","2","2","7","2357","2626","1498"
"6","0.1","1","false","false","false","true","false","false","false","1","1","1","0.25","1","0","0","0","100","0","0","0.5","10","2.5","2","60","1.6","0.4","20.5","6.7","16","8.21","365","14","1","0","0","299","299","33","80108","2314","2336","4697","532","13","2270","false","518868","3","2","8","2549","2819","1604"
"6","0.1","1","false","false","false","true","false","false","false","1","1","1","0.25","1","0","0","0","100","0","0","0.5","10","2.5","2","60","1.6","0.4","20.5","6.7","16","8.21","365","14","1","0","0","299","299","34","79464","2412","2517","4947","644","16","2408","false","516918","3","3","10","2782","3015","1723"
"6","0.1","1","false","false","false","true","false","false","false","1","1","1","0.25","1","0","0","0","100","0","0","0.5","10","2.5","2","60","1.6","0.4","20.5","6.7","16","8.21","365","14","1","0","0","299","299","35","78807","2519","2666","5226","761","21","2545","false","515645","3","4","14","2968","3241","1837"
"6","0.1","1","false","false","false","true","false","false","false","1","1","1","0.25","1","0","0","0","100","0","0","0.5","10","2.5","2","60","1.6","0.4","20.5","6.7","16","8.21","365","14","1","0","0","299","299","36","78186","2584","2811","5485","911","23","2649","false","514249","3","4","16","3146","3455","1961"
"6","0.1","1","false","false","false","true","false","false","false","1","1","1","0.25","1","0","0","0","100","0","0","0.5","10","2.5","2","60","1.6","0.4","20.5","6.7","16","8.21","365","14","1","0","0","299","299","37","77500","2680","2983","5744","1063","30","2798","false","513056","4","5","21","3373","3690","2092"
"6","0.1","1","false","false","false","true","false","false","false","1","1","1","0.25","1","0","0","0","100","0","0","0.5","10","2.5","2","60","1.6","0.4","20.5","6.7","16","8.21","365","14","1","0","0","299","299","38","76795","2795","3125","6027","1225","33","2928","false","511464","4","5","24","3576","3933","2192"
"6","0.1","1","false","false","false","true","false","false","false","1","1","1","0.25","1","0","0","0","100","0","0","0.5","10","2.5","2","60","1.6","0.4","20.5","6.7","16","8.21","365","14","1","0","0","299","299","39","76085","2873","3287","6319","1400","36","3112","false","510196","6","5","25","3799","4168","2337"
"6","0.1","1","false","false","false","true","false","false","false","1","1","1","0.25","1","0","0","0","100","0","0","0.5","10","2.5","2","60","1.6","0.4","20.5","6.7","16","8.21","365","14","1","0","0","299","299","40","75327","3002","3457","6553","1618","43","3354","false","508425","7","9","27","4012","4423","2481"
"6","0.1","1","false","false","false","true","false","false","false","1","1","1","0.25","1","0","0","0","100","0","0","0.5","10","2.5","2","60","1.6","0.4","20.5","6.7","16","8.21","365","14","1","0","0","299","299","41","74547","3063","3628","6865","1850","47","3501","false","506127","7","10","30","4260","4691","2658"
"6","0.1","1","false","false","false","true","false","false","false","1","1","1","0.25","1","0","0","0","100","0","0","0.5","10","2.5","2","60","1.6","0.4","20.5","6.7","16","8.21","365","14","1","0","0","299","299","42","73805","3097","3778","7158","2111","51","3659","false","504556","9","10","32","4525","4962","2799"
"6","0.1","1","false","false","false","true","false","false","false","1","1","1","0.25","1","0","0","0","100","0","0","0.5","10","2.5","2","60","1.6","0.4","20.5","6.7","16","8.21","365","14","1","0","0","299","299","43","72998","3205","3927","7434","2377","59","3792","false","502918","10","12","37","4795","5239","2934"
"6","0.1","1","false","false","false","true","false","false","false","1","1","1","0.25","1","0","0","0","100","0","0","0.5","10","2.5","2","60","1.6","0.4","20.5","6.7","16","8.21","365","14","1","0","0","299","299","44","72167","3293","4096","7735","2643","66","3916","false","501479","11","14","41","5071","5517","3100"
"6","0.1","1","false","false","false","true","false","false","false","1","1","1","0.25","1","0","0","0","100","0","0","0.5","10","2.5","2","60","1.6","0.4","20.5","6.7","16","8.21","365","14","1","0","0","299","299","45","71304","3479","4248","7919","2978","72","4101","false","500121","12","16","44","5326","5803","3250"
"6","0.1","1","false","false","false","true","false","false","false","1","1","1","0.25","1","0","0","0","100","0","0","0.5","10","2.5","2","60","1.6","0.4","20.5","6.7","16","8.21","365","14","1","0","0","299","299","46","70488","3507","4429","8190","3308","78","4226","false","498269","14","16","48","5614","6114","3414"
"6","0.1","1","false","false","false","true","false","false","false","1","1","1","0.25","1","0","0","0","100","0","0","0.5","10","2.5","2","60","1.6","0.4","20.5","6.7","16","8.21","365","14","1","0","0","299","299","47","69655","3515","4558","8527","3660","85","4404","false","496907","16","18","51","5894","6414","3580"
"6","0.1","1","false","false","false","true","false","false","false","1","1","1","0.25","1","0","0","0","100","0","0","0.5","10","2.5","2","60","1.6","0.4","20.5","6.7","16","8.21","365","14","1","0","0","299","299","48","68756","3639","4725","8784","4001","95","4505","false","495067","16","21","58","6172","6731","3755"
"6","0.1","1","false","false","false","true","false","false","false","1","1","1","0.25","1","0","0","0","100","0","0","0.5","10","2.5","2","60","1.6","0.4","20.5","6.7","16","8.21","365","14","1","0","0","299","299","49","67874","3633","4884","9106","4405","98","4558","false","493890","16","23","59","6467","7079","3949"
"6","0.1","1","false","false","false","true","false","false","false","1","1","1","0.25","1","0","0","0","100","0","0","0.5","10","2.5","2","60","1.6","0.4","20.5","6.7","16","8.21","365","14","1","0","0","299","299","50","66970","3677","5072","9399","4778","104","4703","false","493242","17","23","64","6773","7409","4152"
"6","0.1","1","false","false","false","true","false","false","false","1","1","1","0.25","1","0","0","0","100","0","0","0.5","10","2.5","2","60","1.6","0.4","20.5","6.7","16","8.21","365","14","1","0","0","299","299","51","66054","3746","5264","9634","5192","110","4722","false","491742","18","24","68","7082","7748","4342"
"6","0.1","1","false","false","false","true","false","false","false","1","1","1","0.25","1","0","0","0","100","0","0","0.5","10","2.5","2","60","1.6","0.4","20.5","6.7","16","8.21","365","14","1","0","0","299","299","52","65211","3750","5401","9860","5660","118","4726","false","491408","18","28","72","7359","8089","4529"
"6","0.1","1","false","false","false","true","false","false","false","1","1","1","0.25","1","0","0","0","100","0","0","0.5","10","2.5","2","60","1.6","0.4","20.5","6.7","16","8.21","365","14","1","0","0","299","299","53","64233","3850","5571","10076","6143","127","4848","false","491113","18","30","79","7660","8444","4739"
"6","0.1","1","false","false","false","true","false","false","false","1","1","1","0.25","1","0","0","0","100","0","0","0.5","10","2.5","2","60","1.6","0.4","20.5","6.7","16","8.21","365","14","1","0","0","299","299","54","63342","3837","5731","10354","6602","134","4855","false","489764","20","30","84","7986","8805","4942"
"6","0.1","1","false","false","false","true","false","false","false","1","1","1","0.25","1","0","0","0","100","0","0","0.5","10","2.5","2","60","1.6","0.4","20.5","6.7","16","8.21","365","14","1","0","0","299","299","55","62426","3867","5885","10581","7095","146","4924","false","489486","20","35","91","8296","9166","5164"
"6","0.1","1","false","false","false","true","false","false","false","1","1","1","0.25","1","0","0","0","100","0","0","0.5","10","2.5","2","60","1.6","0.4","20.5","6.7","16","8.21","365","14","1","0","0","299","299","56","61455","3905","6070","10793","7620","157","5056","false","488744","24","36","97","8636","9526","5415"
"6","0.1","1","false","false","false","true","false","false","false","1","1","1","0.25","1","0","0","0","100","0","0","0.5","10","2.5","2","60","1.6","0.4","20.5","6.7","16","8.21","365","14","1","0","0","299","299","57","60515","3936","6200","11043","8144","162","5091","false","487219","24","36","102","8977","9889","5623"
"6","0.1","1","false","false","false","true","false","false","false","1","1","1","0.25","1","0","0","0","100","0","0","0.5","10","2.5","2","60","1.6","0.4","20.5","6.7","16","8.21","365","14","1","0","0","299","299","58","59541","3966","6313","11307","8697","176","5265","false","486819","26","41","109","9298","10259","5827"
"6","0.1","1","false","false","false","true","false","false","false","1","1","1","0.25","1","0","0","0","100","0","0","0.5","10","2.5","2","60","1.6","0.4","20.5","6.7","16","8.21","365","14","1","0","0","299","299","59","58578","3982","6422","11568","9264","186","5318","false","485040","26","47","113","9613","10614","6042"
"6","0.1","1","false","false","false","true","false","false","false","1","1","1","0.25","1","0","0","0","100","0","0","0.5","10","2.5","2","60","1.6","0.4","20.5","6.7","16","8.21","365","14","1","0","0","299","299","60","57587","4071","6578","11675","9898","191","5522","false","484520","27","49","115","9950","10987","6279"
"6","0.1","1","false","false","false","true","false","false","false","1","1","1","0.25","1","0","0","0","100","0","0","0.5","10","2.5","2","60","1.6","0.4","20.5","6.7","16","8.21","365","14","1","0","0","299","299","61","56669","4019","6732","11887","10492","201","5583","false","482586","28","50","123","10305","11376","6503"
"6","0.1","1","false","false","false","true","false","false","false","1","1","1","0.25","1","0","0","0","100","0","0","0.5","10","2.5","2","60","1.6","0.4","20.5","6.7","16","8.21","365","14","1","0","0","299","299","62","55704","4057","6886","12045","11095","213","5758","false","482025","28","53","132","10663","11709","6736"
"6","0.1","1","false","false","false","true","false","false","false","1","1","1","0.25","1","0","0","0","100","0","0","0.5","10","2.5","2","60","1.6","0.4","20.5","6.7","16","8.21","365","14","1","0","0","299","299","63","54789","4073","7047","12166","11700","225","5839","false","480301","31","55","139","10991","12095","6962"
"6","0.1","1","false","false","false","true","false","false","false","1","1","1","0.25","1","0","0","0","100","0","0","0.5","10","2.5","2","60","1.6","0.4","20.5","6.7","16","8.21","365","14","1","0","0","299","299","64","53868","4044","7165","12325","12362","236","5856","false","479396","31","57","148","11338","12444","7186"
"6","0.1","1","false","false","false","true","false","false","false","1","1","1","0.25","1","0","0","0","100","0","0","0.5","10","2.5","2","60","1.6","0.4","20.5","6.7","16","8.21","365","14","1","0","0","299","299","65","52930","4000","7280","12535","13003","252","5947","false","478995","32","59","161","11727","12815","7387"
"6","0.1","1","false","false","false","true","false","false","false","1","1","1","0.25","1","0","0","0","100","0","0","0.5","10","2.5","2","60","1.6","0.4","20.5","6.7","16","8.21","365","14","1","0","0","299","299","66","52001","3966","7353","12680","13732","268","6010","false","477972","33","64","171","12041","13215","7586"
"6","0.1","1","false","false","false","true","false","false","false","1","1","1","0.25","1","0","0","0","100","0","0","0.5","10","2.5","2","60","1.6","0.4","20.5","6.7","16","8.21","365","14","1","0","0","299","299","67","51027","3998","7488","12751","14458","278","6036","false","477164","34","66","178","12410","13569","7821"
"6","0.1","1","false","false","false","true","false","false","false","1","1","1","0.25","1","0","0","0","100","0","0","0.5","10","2.5","2","60","1.6","0.4","20.5","6.7","16","8.21","365","14","1","0","0","299","299","68","50111","4021","7590","12814","15175","289","6062","false","476883","35","71","183","12748","13947","8034"
"6","0.1","1","false","false","false","true","false","false","false","1","1","1","0.25","1","0","0","0","100","0","0","0.5","10","2.5","2","60","1.6","0.4","20.5","6.7","16","8.21","365","14","1","0","0","299","299","69","49194","4001","7726","12876","15904","299","6095","false","476503","35","72","192","13122","14329","8240"
"6","0.1","1","false","false","false","true","false","false","false","1","1","1","0.25","1","0","0","0","100","0","0","0.5","10","2.5","2","60","1.6","0.4","20.5","6.7","16","8.21","365","14","1","0","0","299","299","70","48260","3985","7785","12993","16661","316","6019","false","475980","39","75","202","13465","14699","8450"
"6","0.1","1","false","false","false","true","false","false","false","1","1","1","0.25","1","0","0","0","100","0","0","0.5","10","2.5","2","60","1.6","0.4","20.5","6.7","16","8.21","365","14","1","0","0","299","299","71","47281","4011","7839","13099","17439","331","5937","false","476263","40","79","212","13803","15064","8671"
"6","0.1","1","false","false","false","true","false","false","false","1","1","1","0.25","1","0","0","0","100","0","0","0.5","10","2.5","2","60","1.6","0.4","20.5","6.7","16","8.21","365","14","1","0","0","299","299","72","46372","3994","7929","13139","18225","341","5893","false","476913","41","80","220","14153","15448","8885"
"6","0.1","1","false","false","false","true","false","false","false","1","1","1","0.25","1","0","0","0","100","0","0","0.5","10","2.5","2","60","1.6","0.4","20.5","6.7","16","8.21","365","14","1","0","0","299","299","73","45433","3988","8020","13226","18982","351","6014","false","477150","44","84","223","14524","15808","9124"
"6","0.1","1","false","false","false","true","false","false","false","1","1","1","0.25","1","0","0","0","100","0","0","0.5","10","2.5","2","60","1.6","0.4","20.5","6.7","16","8.21","365","14","1","0","0","299","299","74","44437","4021","8037","13335","19808","362","5927","false","475818","45","86","231","14858","16179","9338"
"6","0.1","1","false","false","false","true","false","false","false","1","1","1","0.25","1","0","0","0","100","0","0","0.5","10","2.5","2","60","1.6","0.4","20.5","6.7","16","8.21","365","14","1","0","0","299","299","75","43429","4103","8096","13362","20631","379","5976","false","476396","48","93","238","15226","16568","9534"
"6","0.1","1","false","false","false","true","false","false","false","1","1","1","0.25","1","0","0","0","100","0","0","0.5","10","2.5","2","60","1.6","0.4","20.5","6.7","16","8.21","365","14","1","0","0","299","299","76","42447","4087","8148","13443","21479","396","6064","false","475663","49","97","250","15572","16954","9767"
"6","0.1","1","false","false","false","true","false","false","false","1","1","1","0.25","1","0","0","0","100","0","0","0.5","10","2.5","2","60","1.6","0.4","20.5","6.7","16","8.21","365","14","1","0","0","299","299","77","41571","4015","8176","13504","22327","407","6079","false","474635","51","99","257","15897","17386","9971"
"6","0.1","1","false","false","false","true","false","false","false","1","1","1","0.25","1","0","0","0","100","0","0","0.5","10","2.5","2","60","1.6","0.4","20.5","6.7","16","8.21","365","14","1","0","0","299","299","78","40639","3954","8195","13576","23208","428","6015","false","474348","54","101","273","16285","17776","10206"
"6","0.1","1","false","false","false","true","false","false","false","1","1","1","0.25","1","0","0","0","100","0","0","0.5","10","2.5","2","60","1.6","0.4","20.5","6.7","16","8.21","365","14","1","0","0","299","299","79","39737","3884","8186","13617","24129","447","5968","false","474576","55","105","287","16615","18201","10431"
"6","0.1","1","false","false","false","true","false","false","false","1","1","1","0.25","1","0","0","0","100","0","0","0.5","10","2.5","2","60","1.6","0.4","20.5","6.7","16","8.21","365","14","1","0","0","299","299","80","38848","3895","8241","13538","25016","462","5982","false","474785","58","110","294","16957","18540","10649"
"6","0.1","1","false","false","false","true","false","false","false","1","1","1","0.25","1","0","0","0","100","0","0","0.5","10","2.5","2","60","1.6","0.4","20.5","6.7","16","8.21","365","14","1","0","0","299","299","81","37983","3847","8266","13569","25860","475","6068","false","474390","58","117","300","17284","18893","10872"
"6","0.1","1","false","false","false","true","false","false","false","1","1","1","0.25","1","0","0","0","100","0","0","0.5","10","2.5","2","60","1.6","0.4","20.5","6.7","16","8.21","365","14","1","0","0","299","299","82","37153","3798","8289","13503","26762","495","6083","false","473433","58","123","314","17626","19247","11084"
"6","0.1","1","false","false","false","true","false","false","false","1","1","1","0.25","1","0","0","0","100","0","0","0.5","10","2.5","2","60","1.6","0.4","20.5","6.7","16","8.21","365","14","1","0","0","299","299","83","36214","3836","8235","13488","27711","516","6024","false","473007","60","127","329","17951","19590","11307"
"6","0.1","1","false","false","false","true","false","false","false","1","1","1","0.25","1","0","0","0","100","0","0","0.5","10","2.5","2","60","1.6","0.4","20.5","6.7","16","8.21","365","14","1","0","0","299","299","84","35384","3797","8264","13409","28611","535","6108","false","473332","64","133","338","18274","19954","11493"
"6","0.1","1","false","false","false","true","false","false","false","1","1","1","0.25","1","0","0","0","100","0","0","0.5","10","2.5","2","60","1.6","0.4","20.5","6.7","16","8.21","365","14","1","0","0","299","299","85","34559","3707","8278","13402","29503","551","6107","false","472378","66","139","346","18630","20309","11718"
"6","0.1","1","false","false","false","true","false","false","false","1","1","1","0.25","1","0","0","0","100","0","0","0.5","10","2.5","2","60","1.6","0.4","20.5","6.7","16","8.21","365","14","1","0","0","299","299","86","33706","3707","8268","13349","30406","564","6031","false","472199","66","143","355","18960","20643","11939"
"6","0.1","1","false","false","false","true","false","false","false","1","1","1","0.25","1","0","0","0","100","0","0","0.5","10","2.5","2","60","1.6","0.4","20.5","6.7","16","8.21","365","14","1","0","0","299","299","87","32869","3654","8263","13300","31333","581","5956","false","472649","69","148","364","19272","21000","12145"
"6","0.1","1","false","false","false","true","false","false","false","1","1","1","0.25","1","0","0","0","100","0","0","0.5","10","2.5","2","60","1.6","0.4","20.5","6.7","16","8.21","365","14","1","0","0","299","299","88","32056","3639","8235","13189","32282","599","5896","false","473120","74","152","373","19596","21351","12347"
"6","0.1","1","false","false","false","true","false","false","false","1","1","1","0.25","1","0","0","0","100","0","0","0.5","10","2.5","2","60","1.6","0.4","20.5","6.7","16","8.21","365","14","1","0","0","299","299","89","31222","3570","8191","13185","33215","617","5943","false","473486","75","156","386","19905","21700","12559"
"6","0.1","1","false","false","false","true","false","false","false","1","1","1","0.25","1","0","0","0","100","0","0","0.5","10","2.5","2","60","1.6","0.4","20.5","6.7","16","8.21","365","14","1","0","0","299","299","90","30400","3552","8165","13122","34127","634","5914","false","472925","78","159","397","20219","22046","12764"
"6","0.1","1","false","false","false","true","false","false","false","1","1","1","0.25","1","0","0","0","100","0","0","0.5","10","2.5","2","60","1.6","0.4","20.5","6.7","16","8.21","365","14","1","0","0","299","299","91","29654","3459","8153","13042","35043","649","5963","false","473036","81","160","408","20542","22400","12944"
"6","0.1","1","false","false","false","true","false","false","false","1","1","1","0.25","1","0","0","0","100","0","0","0.5","10","2.5","2","60","1.6","0.4","20.5","6.7","16","8.21","365","14","1","0","0","299","299","92","28904","3405","8121","12932","35975","663","5968","false","472555","83","164","416","20831","22730","13145"
"6","0.1","1","false","false","false","true","false","false","false","1","1","1","0.25","1","0","0","0","100","0","0","0.5","10","2.5","2","60","1.6","0.4","20.5","6.7","16","8.21","365","14","1","0","0","299","299","93","28156","3364","8038","12871","36894","677","5978","false","472365","86","168","423","21142","23053","13321"
"6","0.1","1","false","false","false","true","false","false","false","1","1","1","0.25","1","0","0","0","100","0","0","0.5","10","2.5","2","60","1.6","0.4","20.5","6.7","16","8.21","365","14","1","0","0","299","299","94","27445","3271","8030","12739","37816","699","5876","false","472166","90","173","436","21458","23391","13513"
"6","0.1","1","false","false","false","true","false","false","false","1","1","1","0.25","1","0","0","0","100","0","0","0.5","10","2.5","2","60","1.6","0.4","20.5","6.7","16","8.21","365","14","1","0","0","299","299","95","26745","3164","7939","12670","38765","717","5839","false","472924","92","178","447","21735","23729","13692"
"6","0.1","1","false","false","false","true","false","false","false","1","1","1","0.25","1","0","0","0","100","0","0","0.5","10","2.5","2","60","1.6","0.4","20.5","6.7","16","8.21","365","14","1","0","0","299","299","96","25999","3176","7873","12582","39635","735","5758","false","473129","93","184","458","22019","24021","13849"
"6","0.1","1","false","false","false","true","false","false","false","1","1","1","0.25","1","0","0","0","100","0","0","0.5","10","2.5","2","60","1.6","0.4","20.5","6.7","16","8.21","365","14","1","0","0","299","299","97","25321","3101","7828","12492","40514","744","5839","false","473739","93","188","463","22310","24326","14018"
"6","0.1","1","false","false","false","true","false","false","false","1","1","1","0.25","1","0","0","0","100","0","0","0.5","10","2.5","2","60","1.6","0.4","20.5","6.7","16","8.21","365","14","1","0","0","299","299","98","24665","2968","7770","12398","41437","762","5779","false","472949","96","190","476","22621","24621","14234"
"6","0.1","1","false","false","false","true","false","false","false","1","1","1","0.25","1","0","0","0","100","0","0","0.5","10","2.5","2","60","1.6","0.4","20.5","6.7","16","8.21","365","14","1","0","0","299","299","99","23992","2903","7695","12278","42358","774","5747","false","473319","97","195","482","22897","24938","14392"
"6","0.1","1","false","false","false","true","false","false","false","1","1","1","0.25","1","0","0","0","100","0","0","0.5","10","2.5","2","60","1.6","0.4","20.5","6.7","16","8.21","365","14","1","0","0","299","299","100","23372","2842","7587","12141","43271","787","5685","false","473508","100","200","487","23155","25195","14545"
"6","0.1","1","false","false","false","true","false","false","false","1","1","1","0.25","1","0","0","0","100","0","0","0.5","10","2.5","2","60","1.6","0.4","20.5","6.7","16","8.21","365","14","1","0","0","299","299","101","22745","2807","7499","11930","44220","799","5601","false","473922","104","203","492","23374","25477","14714"
"6","0.1","1","false","false","false","true","false","false","false","1","1","1","0.25","1","0","0","0","100","0","0","0.5","10","2.5","2","60","1.6","0.4","20.5","6.7","16","8.21","365","14","1","0","0","299","299","102","22126","2730","7423","11767","45136","818","5473","false","474439","108","210","500","23623","25770","14868"
"6","0.1","1","false","false","false","true","false","false","false","1","1","1","0.25","1","0","0","0","100","0","0","0.5","10","2.5","2","60","1.6","0.4","20.5","6.7","16","8.21","365","14","1","0","0","299","299","103","21527","2660","7353","11560","46065","835","5368","false","475362","110","214","511","23900","26043","15015"
"6","0.1","1","false","false","false","true","false","false","false","1","1","1","0.25","1","0","0","0","100","0","0","0.5","10","2.5","2","60","1.6","0.4","20.5","6.7","16","8.21","365","14","1","0","0","299","299","104","20887","2667","7273","11382","46940","851","5331","false","476135","111","221","519","24147","26301","15172"
"6","0.1","1","false","false","false","true","false","false","false","1","1","1","0.25","1","0","0","0","100","0","0","0.5","10","2.5","2","60","1.6","0.4","20.5","6.7","16","8.21","365","14","1","0","0","299","299","105","20222","2724","7240","11155","47796","863","5263","false","476266","111","224","528","24398","26558","15332"
"6","0.1","1","false","false","false","true","false","false","false","1","1","1","0.25","1","0","0","0","100","0","0","0.5","10","2.5","2","60","1.6","0.4","20.5","6.7","16","8.21","365","14","1","0","0","299","299","106","19626","2664","7154","10986","48689","881","5161","false","476887","112","230","539","24649","26819","15472"
"6","0.1","1","false","false","false","true","false","false","false","1","1","1","0.25","1","0","0","0","100","0","0","0.5","10","2.5","2","60","1.6","0.4","20.5","6.7","16","8.21","365","14","1","0","0","299","299","107","19021","2653","7049","10826","49554","897","5070","false","477605","114","237","546","24874","27074","15615"
"6","0.1","1","false","false","false","true","false","false","false","1","1","1","0.25","1","0","0","0","100","0","0","0.5","10","2.5","2","60","1.6","0.4","20.5","6.7","16","8.21","365","14","1","0","0","299","299","108","18447","2621","6925","10644","50454","909","4940","false","478297","115","239","555","25093","27336","15745"
"6","0.1","1","false","false","false","true","false","false","false","1","1","1","0.25","1","0","0","0","100","0","0","0.5","10","2.5","2","60","1.6","0.4","20.5","6.7","16","8.21","365","14","1","0","0","299","299","109","17893","2533","6814","10514","51324","922","4766","false","479253","120","240","562","25323","27570","15919"
"6","0.1","1","false","false","false","true","false","false","false","1","1","1","0.25","1","0","0","0","100","0","0","0.5","10","2.5","2","60","1.6","0.4","20.5","6.7","16","8.21","365","14","1","0","0","299","299","110","17316","2515","6709","10332","52193","935","4611","false","480687","122","242","571","25551","27817","16058"
"6","0.1","1","false","false","false","true","false","false","false","1","1","1","0.25","1","0","0","0","100","0","0","0.5","10","2.5","2","60","1.6","0.4","20.5","6.7","16","8.21","365","14","1","0","0","299","299","111","16767","2480","6615","10164","53027","947","4386","false","482030","125","246","576","25774","28076","16192"
"6","0.1","1","false","false","false","true","false","false","false","1","1","1","0.25","1","0","0","0","100","0","0","0.5","10","2.5","2","60","1.6","0.4","20.5","6.7","16","8.21","365","14","1","0","0","299","299","112","16258","2392","6496","9995","53897","962","4259","false","483963","126","249","587","25985","28331","16323"
"6","0.1","1","false","false","false","true","false","false","false","1","1","1","0.25","1","0","0","0","100","0","0","0.5","10","2.5","2","60","1.6","0.4","20.5","6.7","16","8.21","365","14","1","0","0","299","299","113","15739","2350","6393","9815","54722","981","4226","false","484876","128","255","598","26177","28552","16459"
"6","0.1","1","false","false","false","true","false","false","false","1","1","1","0.25","1","0","0","0","100","0","0","0.5","10","2.5","2","60","1.6","0.4","20.5","6.7","16","8.21","365","14","1","0","0","299","299","114","15238","2253","6309","9691","55515","994","4131","false","485058","131","257","606","26418","28793","16604"
"6","0.1","1","false","false","false","true","false","false","false","1","1","1","0.25","1","0","0","0","100","0","0","0.5","10","2.5","2","60","1.6","0.4","20.5","6.7","16","8.21","365","14","1","0","0","299","299","115","14719","2221","6217","9502","56329","1012","4094","false","485791","132","263","617","26620","29022","16745"
"6","0.1","1","false","false","false","true","false","false","false","1","1","1","0.25","1","0","0","0","100","0","0","0.5","10","2.5","2","60","1.6","0.4","20.5","6.7","16","8.21","365","14","1","0","0","299","299","116","14216","2223","6134","9325","57076","1026","3946","false","485990","134","264","628","26808","29227","16875"
"6","0.1","1","false","false","false","true","false","false","false","1","1","1","0.25","1","0","0","0","100","0","0","0.5","10","2.5","2","60","1.6","0.4","20.5","6.7","16","8.21","365","14","1","0","0","299","299","117","13737","2188","6048","9123","57865","1039","3781","false","487095","135","268","636","27001","29460","16996"
"6","0.1","1","false","false","false","true","false","false","false","1","1","1","0.25","1","0","0","0","100","0","0","0.5","10","2.5","2","60","1.6","0.4","20.5","6.7","16","8.21","365","14","1","0","0","299","299","118","13266","2097","5926","9000","58654","1057","3698","false","488450","136","269","652","27185","29699","17119"
"6","0.1","1","false","false","false","true","false","false","false","1","1","1","0.25","1","0","0","0","100","0","0","0.5","10","2.5","2","60","1.6","0.4","20.5","6.7","16","8.21","365","14","1","0","0","299","299","119","12805","2040","5801","8836","59444","1074","3624","false","489064","138","275","661","27381","29916","17226"
"6","0.1","1","false","false","false","true","false","false","false","1","1","1","0.25","1","0","0","0","100","0","0","0.5","10","2.5","2","60","1.6","0.4","20.5","6.7","16","8.21","365","14","1","0","0","299","299","120","12377","1982","5662","8714","60180","1085","3572","false","489681","139","280","666","27561","30118","17330"
"6","0.1","1","false","false","false","true","false","false","false","1","1","1","0.25","1","0","0","0","100","0","0","0.5","10","2.5","2","60","1.6","0.4","20.5","6.7","16","8.21","365","14","1","0","0","299","299","121","11959","1937","5573","8563","60870","1098","3546","false","490136","141","282","675","27754","30319","17450"
"6","0.1","1","false","false","false","true","false","false","false","1","1","1","0.25","1","0","0","0","100","0","0","0.5","10","2.5","2","60","1.6","0.4","20.5","6.7","16","8.21","365","14","1","0","0","299","299","122","11580","1822","5489","8444","61550","1115","3587","false","490320","143","285","687","27945","30512","17572"
"6","0.1","1","false","false","false","true","false","false","false","1","1","1","0.25","1","0","0","0","100","0","0","0.5","10","2.5","2","60","1.6","0.4","20.5","6.7","16","8.21","365","14","1","0","0","299","299","123","11187","1770","5386","8273","62257","1127","3562","false","489879","145","288","694","28125","30693","17681"
"6","0.1","1","false","false","false","true","false","false","false","1","1","1","0.25","1","0","0","0","100","0","0","0.5","10","2.5","2","60","1.6","0.4","20.5","6.7","16","8.21","365","14","1","0","0","299","299","124","10846","1676","5300","8117","62919","1142","3447","false","490108","148","293","701","28287","30876","17763"
"6","0.1","1","false","false","false","true","false","false","false","1","1","1","0.25","1","0","0","0","100","0","0","0.5","10","2.5","2","60","1.6","0.4","20.5","6.7","16","8.21","365","14","1","0","0","299","299","125","10498","1620","5198","7966","63564","1154","3352","false","491158","148","296","710","28454","31045","17861"
"6","0.1","1","false","false","false","true","false","false","false","1","1","1","0.25","1","0","0","0","100","0","0","0.5","10","2.5","2","60","1.6","0.4","20.5","6.7","16","8.21","365","14","1","0","0","299","299","126","10188","1498","5103","7813","64233","1165","3289","false","491931","149","299","717","28626","31237","17949"
"6","0.1","1","false","false","false","true","false","false","false","1","1","1","0.25","1","0","0","0","100","0","0","0.5","10","2.5","2","60","1.6","0.4","20.5","6.7","16","8.21","365","14","1","0","0","299","299","127","9833","1526","4975","7573","64915","1178","3209","false","492472","151","303","724","28758","31377","18025"
"6","0.1","1","false","false","false","true","false","false","false","1","1","1","0.25","1","0","0","0","100","0","0","0.5","10","2.5","2","60","1.6","0.4","20.5","6.7","16","8.21","365","14","1","0","0","299","299","128","9504","1507","4905","7350","65544","1190","3143","false","493099","153","307","730","28906","31544","18109"
"6","0.1","1","false","false","false","true","false","false","false","1","1","1","0.25","1","0","0","0","100","0","0","0.5","10","2.5","2","60","1.6","0.4","20.5","6.7","16","8.21","365","14","1","0","0","299","299","129","9176","1480","4779","7167","66197","1201","3082","false","493600","154","311","736","29038","31683","18195"
"6","0.1","1","false","false","false","true","false","false","false","1","1","1","0.25","1","0","0","0","100","0","0","0.5","10","2.5","2","60","1.6","0.4","20.5","6.7","16","8.21","365","14","1","0","0","299","299","130","8858","1462","4643","7021","66804","1212","3007","false","494105","154","315","743","29180","31823","18262"
"6","0.1","1","false","false","false","true","false","false","false","1","1","1","0.25","1","0","0","0","100","0","0","0.5","10","2.5","2","60","1.6","0.4","20.5","6.7","16","8.21","365","14","1","0","0","299","299","131","8544","1451","4517","6846","67417","1225","2862","false","494718","156","317","752","29303","31947","18349"
"6","0.1","1","false","false","false","true","false","false","false","1","1","1","0.25","1","0","0","0","100","0","0","0.5","10","2.5","2","60","1.6","0.4","20.5","6.7","16","8.21","365","14","1","0","0","299","299","132","8246","1396","4393","6737","67991","1237","2809","false","495919","158","322","757","29454","32097","18408"
"6","0.1","1","false","false","false","true","false","false","false","1","1","1","0.25","1","0","0","0","100","0","0","0.5","10","2.5","2","60","1.6","0.4","20.5","6.7","16","8.21","365","14","1","0","0","299","299","133","7965","1316","4294","6575","68603","1247","2682","false","496284","160","324","763","29606","32223","18477"
"6","0.1","1","false","false","false","true","false","false","false","1","1","1","0.25","1","0","0","0","100","0","0","0.5","10","2.5","2","60","1.6","0.4","20.5","6.7","16","8.21","365","14","1","0","0","299","299","134","7650","1287","4159","6420","69227","1257","2623","false","497292","162","325","770","29732","32362","18548"
"6","0.1","1","false","false","false","true","false","false","false","1","1","1","0.25","1","0","0","0","100","0","0","0.5","10","2.5","2","60","1.6","0.4","20.5","6.7","16","8.21","365","14","1","0","0","299","299","135","7378","1270","4084","6202","69801","1265","2495","false","497812","163","327","775","29853","32491","18622"
"6","0.1","1","false","false","false","true","false","false","false","1","1","1","0.25","1","0","0","0","100","0","0","0.5","10","2.5","2","60","1.6","0.4","20.5","6.7","16","8.21","365","14","1","0","0","299","299","136","7085","1253","3978","6031","70379","1274","2482","false","498944","164","328","782","29979","32625","18702"
"6","0.1","1","false","false","false","true","false","false","false","1","1","1","0.25","1","0","0","0","100","0","0","0.5","10","2.5","2","60","1.6","0.4","20.5","6.7","16","8.21","365","14","1","0","0","299","299","137","6827","1215","3878","5864","70937","1279","2481","false","498949","166","329","784","30096","32745","18781"
"6","0.1","1","false","false","false","true","false","false","false","1","1","1","0.25","1","0","0","0","100","0","0","0.5","10","2.5","2","60","1.6","0.4","20.5","6.7","16","8.21","365","14","1","0","0","299","299","138","6577","1183","3761","5709","71479","1291","2486","false","498874","168","330","793","30199","32856","18848"
"6","0.1","1","false","false","false","true","false","false","false","1","1","1","0.25","1","0","0","0","100","0","0","0.5","10","2.5","2","60","1.6","0.4","20.5","6.7","16","8.21","365","14","1","0","0","299","299","139","6308","1164","3632","5555","72041","1300","2394","false","498736","168","332","800","30298","32973","18907"
"6","0.1","1","false","false","false","true","false","false","false","1","1","1","0.25","1","0","0","0","100","0","0","0.5","10","2.5","2","60","1.6","0.4","20.5","6.7","16","8.21","365","14","1","0","0","299","299","140","6046","1143","3528","5460","72518","1305","2300","false","499458","168","333","804","30409","33073","18971"
"6","0.1","1","false","false","false","true","false","false","false","1","1","1","0.25","1","0","0","0","100","0","0","0.5","10","2.5","2","60","1.6","0.4","20.5","6.7","16","8.21","365","14","1","0","0","299","299","141","5826","1077","3449","5298","73041","1309","2227","false","500299","168","334","807","30518","33185","19053"
"6","0.1","1","false","false","false","true","false","false","false","1","1","1","0.25","1","0","0","0","100","0","0","0.5","10","2.5","2","60","1.6","0.4","20.5","6.7","16","8.21","365","14","1","0","0","299","299","142","5586","1019","3386","5185","73511","1313","2200","false","500939","169","334","810","30649","33274","19122"
"6","0.1","1","false","false","false","true","false","false","false","1","1","1","0.25","1","0","0","0","100","0","0","0.5","10","2.5","2","60","1.6","0.4","20.5","6.7","16","8.21","365","14","1","0","0","299","299","143","5356","1034","3296","4979","74016","1319","2160","false","501226","169","334","816","30737","33374","19190"
"6","0.1","1","false","false","false","true","false","false","false","1","1","1","0.25","1","0","0","0","100","0","0","0.5","10","2.5","2","60","1.6","0.4","20.5","6.7","16","8.21","365","14","1","0","0","299","299","144","5155","1002","3235","4806","74479","1323","2139","false","501618","170","335","818","30835","33483","19257"
"6","0.1","1","false","false","false","true","false","false","false","1","1","1","0.25","1","0","0","0","100","0","0","0.5","10","2.5","2","60","1.6","0.4","20.5","6.7","16","8.21","365","14","1","0","0","299","299","145","4939","973","3129","4701","74927","1331","2114","false","501779","171","337","823","30912","33575","19325"
"6","0.1","1","false","false","false","true","false","false","false","1","1","1","0.25","1","0","0","0","100","0","0","0.5","10","2.5","2","60","1.6","0.4","20.5","6.7","16","8.21","365","14","1","0","0","299","299","146","4770","900","3030","4582","75381","1337","2032","false","502068","172","338","827","31002","33673","19376"
"6","0.1","1","false","false","false","true","false","false","false","1","1","1","0.25","1","0","0","0","100","0","0","0.5","10","2.5","2","60","1.6","0.4","20.5","6.7","16","8.21","365","14","1","0","0","299","299","147","4585","883","2931","4448","75812","1341","2003","false","502837","173","338","830","31065","33770","19416"
"6","0.1","1","false","false","false","true","false","false","false","1","1","1","0.25","1","0","0","0","100","0","0","0.5","10","2.5","2","60","1.6","0.4","20.5","6.7","16","8.21","365","14","1","0","0","299","299","148","4386","875","2861","4320","76204","1354","1922","false","503080","175","340","839","31138","33859","19470"
"6","0.1","1","false","false","false","true","false","false","false","1","1","1","0.25","1","0","0","0","100","0","0","0.5","10","2.5","2","60","1.6","0.4","20.5","6.7","16","8.21","365","14","1","0","0","299","299","149","4188","856","2798","4200","76598","1360","1817","false","503710","177","340","843","31218","33948","19522"
"6","0.1","1","false","false","false","true","false","false","false","1","1","1","0.25","1","0","0","0","100","0","0","0.5","10","2.5","2","60","1.6","0.4","20.5","6.7","16","8.21","365","14","1","0","0","299","299","150","4007","839","2717","4076","76994","1367","1758","false","504601","178","341","848","31293","34050","19564"
"6","0.1","1","false","false","false","true","false","false","false","1","1","1","0.25","1","0","0","0","100","0","0","0.5","10","2.5","2","60","1.6","0.4","20.5","6.7","16","8.21","365","14","1","0","0","299","299","151","3839","813","2651","3923","77398","1376","1688","false","505132","180","341","855","31388","34122","19604"
"6","0.1","1","false","false","false","true","false","false","false","1","1","1","0.25","1","0","0","0","100","0","0","0.5","10","2.5","2","60","1.6","0.4","20.5","6.7","16","8.21","365","14","1","0","0","299","299","152","3694","764","2559","3821","77779","1383","1620","false","505677","181","343","859","31473","34203","19633"
"6","0.1","1","false","false","false","true","false","false","false","1","1","1","0.25","1","0","0","0","100","0","0","0.5","10","2.5","2","60","1.6","0.4","20.5","6.7","16","8.21","365","14","1","0","0","299","299","153","3547","720","2477","3713","78155","1388","1538","false","506298","181","346","861","31559","34283","19676"
"6","0.1","1","false","false","false","true","false","false","false","1","1","1","0.25","1","0","0","0","100","0","0","0.5","10","2.5","2","60","1.6","0.4","20.5","6.7","16","8.21","365","14","1","0","0","299","299","154","3398","681","2391","3639","78501","1390","1506","false","507089","183","346","861","31628","34370","19712"
"6","0.1","1","false","false","false","true","false","false","false","1","1","1","0.25","1","0","0","0","100","0","0","0.5","10","2.5","2","60","1.6","0.4","20.5","6.7","16","8.21","365","14","1","0","0","299","299","155","3251","669","2311","3533","78840","1396","1471","false","507413","184","348","864","31706","34437","19742"
"6","0.1","1","false","false","false","true","false","false","false","1","1","1","0.25","1","0","0","0","100","0","0","0.5","10","2.5","2","60","1.6","0.4","20.5","6.7","16","8.21","365","14","1","0","0","299","299","156","3090","671","2238","3445","79156","1400","1436","false","507655","184","350","866","31775","34509","19781"
"6","0.1","1","false","false","false","true","false","false","false","1","1","1","0.25","1","0","0","0","100","0","0","0.5","10","2.5","2","60","1.6","0.4","20.5","6.7","16","8.21","365","14","1","0","0","299","299","157","2967","625","2171","3365","79466","1406","1366","false","507947","186","350","870","31836","34573","19821"
"6","0.1","1","false","false","false","true","false","false","false","1","1","1","0.25","1","0","0","0","100","0","0","0.5","10","2.5","2","60","1.6","0.4","20.5","6.7","16","8.21","365","14","1","0","0","299","299","158","2836","603","2099","3273","79779","1410","1302","false","508519","186","350","874","31895","34625","19863"
"6","0.1","1","false","false","false","true","false","false","false","1","1","1","0.25","1","0","0","0","100","0","0","0.5","10","2.5","2","60","1.6","0.4","20.5","6.7","16","8.21","365","14","1","0","0","299","299","159","2711","578","2040","3187","80072","1412","1249","false","508967","187","350","875","31957","34682","19893"
"6","0.1","1","false","false","false","true","false","false","false","1","1","1","0.25","1","0","0","0","100","0","0","0.5","10","2.5","2","60","1.6","0.4","20.5","6.7","16","8.21","365","14","1","0","0","299","299","160","2579","553","1984","3106","80363","1415","1241","false","509403","187","350","878","32014","34740","19929"
"6","0.1","1","false","false","false","true","false","false","false","1","1","1","0.25","1","0","0","0","100","0","0","0.5","10","2.5","2","60","1.6","0.4","20.5","6.7","16","8.21","365","14","1","0","0","299","299","161","2453","548","1917","2993","80670","1419","1249","false","509488","187","350","882","32074","34790","19960"
"6","0.1","1","false","false","false","true","false","false","false","1","1","1","0.25","1","0","0","0","100","0","0","0.5","10","2.5","2","60","1.6","0.4","20.5","6.7","16","8.21","365","14","1","0","0","299","299","162","2326","545","1871","2874","80963","1421","1209","false","509476","188","350","883","32132","34836","19997"
"6","0.1","1","false","false","false","true","false","false","false","1","1","1","0.25","1","0","0","0","100","0","0","0.5","10","2.5","2","60","1.6","0.4","20.5","6.7","16","8.21","365","14","1","0","0","299","299","163","2215","526","1831","2789","81216","1423","1190","false","509845","188","350","885","32183","34893","20031"
"6","0.1","1","false","false","false","true","false","false","false","1","1","1","0.25","1","0","0","0","100","0","0","0.5","10","2.5","2","60","1.6","0.4","20.5","6.7","16","8.21","365","14","1","0","0","299","299","164","2090","530","1772","2714","81467","1427","1137","false","510028","189","351","887","32234","34941","20057"
"6","0.1","1","false","false","false","true","false","false","false","1","1","1","0.25","1","0","0","0","100","0","0","0.5","10","2.5","2","60","1.6","0.4","20.5","6.7","16","8.21","365","14","1","0","0","299","299","165","1968","535","1715","2629","81720","1433","1142","false","510443","189","351","893","32278","34985","20083"
"6","0.1","1","false","false","false","true","false","false","false","1","1","1","0.25","1","0","0","0","100","0","0","0.5","10","2.5","2","60","1.6","0.4","20.5","6.7","16","8.21","365","14","1","0","0","299","299","166","1848","535","1653","2551","81977","1436","1100","false","510371","189","352","895","32318","35040","20106"
"6","0.1","1","false","false","false","true","false","false","false","1","1","1","0.25","1","0","0","0","100","0","0","0.5","10","2.5","2","60","1.6","0.4","20.5","6.7","16","8.21","365","14","1","0","0","299","299","167","1739","504","1589","2506","82223","1439","1086","false","510733","189","354","896","32368","35103","20139"
"6","0.1","1","false","false","false","true","false","false","false","1","1","1","0.25","1","0","0","0","100","0","0","0.5","10","2.5","2","60","1.6","0.4","20.5","6.7","16","8.21","365","14","1","0","0","299","299","168","1648","472","1531","2448","82459","1442","1062","false","510834","189","356","897","32405","35136","20177"
"6","0.1","1","false","false","false","true","false","false","false","1","1","1","0.25","1","0","0","0","100","0","0","0.5","10","2.5","2","60","1.6","0.4","20.5","6.7","16","8.21","365","14","1","0","0","299","299","169","1546","463","1498","2345","82700","1448","1045","false","511025","189","360","899","32447","35179","20206"
"6","0.1","1","false","false","false","true","false","false","false","1","1","1","0.25","1","0","0","0","100","0","0","0.5","10","2.5","2","60","1.6","0.4","20.5","6.7","16","8.21","365","14","1","0","0","299","299","170","1464","437","1459","2280","82904","1456","992","false","511159","189","362","905","32479","35243","20232"
"6","0.1","1","false","false","false","true","false","false","false","1","1","1","0.25","1","0","0","0","100","0","0","0.5","10","2.5","2","60","1.6","0.4","20.5","6.7","16","8.21","365","14","1","0","0","299","299","171","1374","423","1421","2200","83124","1458","984","false","511586","189","362","907","32524","35282","20258"
"6","0.1","1","false","false","false","true","false","false","false","1","1","1","0.25","1","0","0","0","100","0","0","0.5","10","2.5","2","60","1.6","0.4","20.5","6.7","16","8.21","365","14","1","0","0","299","299","172","1281","403","1385","2138","83331","1462","940","false","511621","190","364","908","32563","35320","20290"
"6","0.1","1","false","false","false","true","false","false","false","1","1","1","0.25","1","0","0","0","100","0","0","0.5","10","2.5","2","60","1.6","0.4","20.5","6.7","16","8.21","365","14","1","0","0","299","299","173","1208","384","1345","2059","83541","1463","890","false","512037","190","364","909","32597","35366","20311"
"6","0.1","1","false","false","false","true","false","false","false","1","1","1","0.25","1","0","0","0","100","0","0","0.5","10","2.5","2","60","1.6","0.4","20.5","6.7","16","8.21","365","14","1","0","0","299","299","174","1136","367","1312","1990","83730","1465","844","false","512509","190","365","910","32637","35403","20331"
"6","0.1","1","false","false","false","true","false","false","false","1","1","1","0.25","1","0","0","0","100","0","0","0.5","10","2.5","2","60","1.6","0.4","20.5","6.7","16","8.21","365","14","1","0","0","299","299","175","1044","348","1270","1929","83941","1468","805","false","512917","190","367","911","32677","35445","20359"
"6","0.1","1","false","false","false","true","false","false","false","1","1","1","0.25","1","0","0","0","100","0","0","0.5","10","2.5","2","60","1.6","0.4","20.5","6.7","16","8.21","365","14","1","0","0","299","299","176","971","336","1235","1857","84130","1471","813","false","513284","190","369","912","32715","35472","20381"
"6","0.1","1","false","false","false","true","false","false","false","1","1","1","0.25","1","0","0","0","100","0","0","0.5","10","2.5","2","60","1.6","0.4","20.5","6.7","16","8.21","365","14","1","0","0","299","299","177","901","323","1201","1787","84316","1472","801","false","513223","190","370","912","32741","35506","20407"
"6","0.1","1","false","false","false","true","false","false","false","1","1","1","0.25","1","0","0","0","100","0","0","0.5","10","2.5","2","60","1.6","0.4","20.5","6.7","16","8.21","365","14","1","0","0","299","299","178","826","320","1165","1725","84487","1477","778","false","513323","190","372","915","32765","35550","20420"
"6","0.1","1","false","false","false","true","false","false","false","1","1","1","0.25","1","0","0","0","100","0","0","0.5","10","2.5","2","60","1.6","0.4","20.5","6.7","16","8.21","365","14","1","0","0","299","299","179","763","296","1141","1677","84645","1478","725","false","513486","190","372","916","32802","35592","20443"
"6","0.1","1","false","false","false","true","false","false","false","1","1","1","0.25","1","0","0","0","100","0","0","0.5","10","2.5","2","60","1.6","0.4","20.5","6.7","16","8.21","365","14","1","0","0","299","299","180","726","240","1135","1618","84800","1481","702","false","513932","191","372","918","32845","35630","20468"
"6","0.1","1","false","false","false","true","false","false","false","1","1","1","0.25","1","0","0","0","100","0","0","0.5","10","2.5","2","60","1.6","0.4","20.5","6.7","16","8.21","365","14","1","0","0","299","299","181","688","217","1092","1547","84974","1482","700","false","514129","191","372","919","32866","35656","20480"
"6","0.1","1","false","false","false","true","false","false","false","1","1","1","0.25","1","0","0","0","100","0","0","0.5","10","2.5","2","60","1.6","0.4","20.5","6.7","16","8.21","365","14","1","0","0","299","299","182","643","194","1065","1491","85125","1482","708","false","514222","191","372","919","32891","35689","20494"
"6","0.1","1","false","false","false","true","false","false","false","1","1","1","0.25","1","0","0","0","100","0","0","0.5","10","2.5","2","60","1.6","0.4","20.5","6.7","16","8.21","365","14","1","0","0","299","299","183","597","188","1034","1436","85261","1484","661","false","514173","191","372","921","32917","35708","20514"
"6","0.1","1","false","false","false","true","false","false","false","1","1","1","0.25","1","0","0","0","100","0","0","0.5","10","2.5","2","60","1.6","0.4","20.5","6.7","16","8.21","365","14","1","0","0","299","299","184","564","180","1001","1352","85415","1488","622","false","514586","191","373","924","32934","35740","20527"
"6","0.1","1","false","false","false","true","false","false","false","1","1","1","0.25","1","0","0","0","100","0","0","0.5","10","2.5","2","60","1.6","0.4","20.5","6.7","16","8.21","365","14","1","0","0","299","299","185","519","180","961","1292","85555","1493","602","false","514863","194","373","926","32958","35757","20534"
"6","0.1","1","false","false","false","true","false","false","false","1","1","1","0.25","1","0","0","0","100","0","0","0.5","10","2.5","2","60","1.6","0.4","20.5","6.7","16","8.21","365","14","1","0","0","299","299","186","478","176","924","1242","85684","1496","590","false","514971","194","373","929","32980","35776","20540"
"6","0.1","1","false","false","false","true","false","false","false","1","1","1","0.25","1","0","0","0","100","0","0","0.5","10","2.5","2","60","1.6","0.4","20.5","6.7","16","8.21","365","14","1","0","0","299","299","187","457","162","885","1177","85823","1496","554","false","515092","194","373","929","32999","35788","20547"
"6","0.1","1","false","false","false","true","false","false","false","1","1","1","0.25","1","0","0","0","100","0","0","0.5","10","2.5","2","60","1.6","0.4","20.5","6.7","16","8.21","365","14","1","0","0","299","299","188","434","132","856","1148","85933","1497","539","false","515430","194","374","929","33013","35805","20560"
"6","0.1","1","false","false","false","true","false","false","false","1","1","1","0.25","1","0","0","0","100","0","0","0.5","10","2.5","2","60","1.6","0.4","20.5","6.7","16","8.21","365","14","1","0","0","299","299","189","405","118","823","1103","86052","1499","488","false","515601","194","374","931","33031","35816","20567"
"6","0.1","1","false","false","false","true","false","false","false","1","1","1","0.25","1","0","0","0","100","0","0","0.5","10","2.5","2","60","1.6","0.4","20.5","6.7","16","8.21","365","14","1","0","0","299","299","190","374","116","790","1039","86181","1500","473","false","516036","194","374","932","33041","35831","20571"
"6","0.1","1","false","false","false","true","false","false","false","1","1","1","0.25","1","0","0","0","100","0","0","0.5","10","2.5","2","60","1.6","0.4","20.5","6.7","16","8.21","365","14","1","0","0","299","299","191","353","107","769","970","86300","1501","427","false","516186","194","374","933","33054","35848","20581"
"6","0.1","1","false","false","false","true","false","false","false","1","1","1","0.25","1","0","0","0","100","0","0","0.5","10","2.5","2","60","1.6","0.4","20.5","6.7","16","8.21","365","14","1","0","0","299","299","192","322","111","743","904","86418","1502","416","false","516615","194","375","933","33071","35868","20586"
"6","0.1","1","false","false","false","true","false","false","false","1","1","1","0.25","1","0","0","0","100","0","0","0.5","10","2.5","2","60","1.6","0.4","20.5","6.7","16","8.21","365","14","1","0","0","299","299","193","303","112","708","840","86534","1503","399","false","516756","194","375","934","33082","35882","20592"
"6","0.1","1","false","false","false","true","false","false","false","1","1","1","0.25","1","0","0","0","100","0","0","0.5","10","2.5","2","60","1.6","0.4","20.5","6.7","16","8.21","365","14","1","0","0","299","299","194","280","113","667","801","86636","1503","354","false","516860","194","375","934","33087","35887","20600"
"6","0.1","1","false","false","false","true","false","false","false","1","1","1","0.25","1","0","0","0","100","0","0","0.5","10","2.5","2","60","1.6","0.4","20.5","6.7","16","8.21","365","14","1","0","0","299","299","195","257","110","628","753","86748","1504","328","false","517250","194","375","935","33101","35897","20603"
"6","0.1","1","false","false","false","true","false","false","false","1","1","1","0.25","1","0","0","0","100","0","0","0.5","10","2.5","2","60","1.6","0.4","20.5","6.7","16","8.21","365","14","1","0","0","299","299","196","236","99","597","732","86830","1506","301","false","517480","195","375","936","33113","35909","20611"
"6","0.1","1","false","false","false","true","false","false","false","1","1","1","0.25","1","0","0","0","100","0","0","0.5","10","2.5","2","60","1.6","0.4","20.5","6.7","16","8.21","365","14","1","0","0","299","299","197","221","86","567","693","86927","1506","294","false","517692","195","375","936","33124","35919","20616"
"6","0.1","1","false","false","false","true","false","false","false","1","1","1","0.25","1","0","0","0","100","0","0","0.5","10","2.5","2","60","1.6","0.4","20.5","6.7","16","8.21","365","14","1","0","0","299","299","198","210","79","544","648","87011","1508","276","false","517767","195","375","938","33131","35932","20625"
"6","0.1","1","false","false","false","true","false","false","false","1","1","1","0.25","1","0","0","0","100","0","0","0.5","10","2.5","2","60","1.6","0.4","20.5","6.7","16","8.21","365","14","1","0","0","299","299","199","195","77","508","608","87104","1508","258","false","517912","195","375","938","33143","35936","20631"
"6","0.1","1","false","false","false","true","false","false","false","1","1","1","0.25","1","0","0","0","100","0","0","0.5","10","2.5","2","60","1.6","0.4","20.5","6.7","16","8.21","365","14","1","0","0","299","299","200","190","58","479","584","87179","1510","229","false","518091","195","375","940","33151","35944","20632"
"6","0.1","1","false","false","false","true","false","false","false","1","1","1","0.25","1","0","0","0","100","0","0","0.5","10","2.5","2","60","1.6","0.4","20.5","6.7","16","8.21","365","14","1","0","0","299","299","201","179","54","447","555","87253","1512","196","false","518360","195","375","942","33157","35949","20638"
"6","0.1","1","false","false","false","true","false","false","false","1","1","1","0.25","1","0","0","0","100","0","0","0.5","10","2.5","2","60","1.6","0.4","20.5","6.7","16","8.21","365","14","1","0","0","299","299","202","169","47","427","528","87317","1512","183","false","518644","195","375","942","33163","35956","20643"
"6","0.1","1","false","false","false","true","false","false","false","1","1","1","0.25","1","0","0","0","100","0","0","0.5","10","2.5","2","60","1.6","0.4","20.5","6.7","16","8.21","365","14","1","0","0","299","299","203","156","40","397","501","87394","1512","164","false","518785","195","375","942","33170","35963","20643"
"6","0.1","1","false","false","false","true","false","false","false","1","1","1","0.25","1","0","0","0","100","0","0","0.5","10","2.5","2","60","1.6","0.4","20.5","6.7","16","8.21","365","14","1","0","0","299","299","204","146","45","380","464","87452","1513","143","false","518961","195","375","943","33176","35967","20647"
"6","0.1","1","false","false","false","true","false","false","false","1","1","1","0.25","1","0","0","0","100","0","0","0.5","10","2.5","2","60","1.6","0.4","20.5","6.7","16","8.21","365","14","1","0","0","299","299","205","135","43","356","433","87520","1513","128","false","519143","195","375","943","33181","35970","20648"
"6","0.1","1","false","false","false","true","false","false","false","1","1","1","0.25","1","0","0","0","100","0","0","0.5","10","2.5","2","60","1.6","0.4","20.5","6.7","16","8.21","365","14","1","0","0","299","299","206","129","39","330","402","87586","1514","130","false","519287","195","376","943","33186","35977","20655"
"6","0.1","1","false","false","false","true","false","false","false","1","1","1","0.25","1","0","0","0","100","0","0","0.5","10","2.5","2","60","1.6","0.4","20.5","6.7","16","8.21","365","14","1","0","0","299","299","207","126","34","319","374","87632","1515","128","false","519274","195","377","943","33189","35983","20655"
"6","0.1","1","false","false","false","true","false","false","false","1","1","1","0.25","1","0","0","0","100","0","0","0.5","10","2.5","2","60","1.6","0.4","20.5","6.7","16","8.21","365","14","1","0","0","299","299","208","115","39","294","345","87691","1516","129","false","519291","195","377","944","33195","35983","20656"
"6","0.1","1","false","false","false","true","false","false","false","1","1","1","0.25","1","0","0","0","100","0","0","0.5","10","2.5","2","60","1.6","0.4","20.5","6.7","16","8.21","365","14","1","0","0","299","299","209","110","35","286","324","87729","1516","115","false","519283","195","377","944","33198","35988","20659"
"6","0.1","1","false","false","false","true","false","false","false","1","1","1","0.25","1","0","0","0","100","0","0","0.5","10","2.5","2","60","1.6","0.4","20.5","6.7","16","8.21","365","14","1","0","0","299","299","210","102","37","261","302","87781","1517","104","false","519408","195","377","945","33199","35991","20661"
"6","0.1","1","false","false","false","true","false","false","false","1","1","1","0.25","1","0","0","0","100","0","0","0.5","10","2.5","2","60","1.6","0.4","20.5","6.7","16","8.21","365","14","1","0","0","299","299","211","95","38","245","280","87825","1517","95","false","519512","195","377","945","33200","35993","20663"
"6","0.1","1","false","false","false","true","false","false","false","1","1","1","0.25","1","0","0","0","100","0","0","0.5","10","2.5","2","60","1.6","0.4","20.5","6.7","16","8.21","365","14","1","0","0","299","299","212","85","41","231","252","87874","1517","101","false","519587","195","377","945","33203","35997","20665"
"6","0.1","1","false","false","false","true","false","false","false","1","1","1","0.25","1","0","0","0","100","0","0","0.5","10","2.5","2","60","1.6","0.4","20.5","6.7","16","8.21","365","14","1","0","0","299","299","213","78","42","216","225","87921","1518","94","false","519557","195","377","946","33205","35998","20668"
"6","0.1","1","false","false","false","true","false","false","false","1","1","1","0.25","1","0","0","0","100","0","0","0.5","10","2.5","2","60","1.6","0.4","20.5","6.7","16","8.21","365","14","1","0","0","299","299","214","71","38","201","217","87955","1518","93","false","519614","195","377","946","33208","36001","20670"
"6","0.1","1","false","false","false","true","false","false","false","1","1","1","0.25","1","0","0","0","100","0","0","0.5","10","2.5","2","60","1.6","0.4","20.5","6.7","16","8.21","365","14","1","0","0","299","299","215","64","35","187","204","87992","1518","86","false","519624","195","377","946","33211","36003","20675"
"6","0.1","1","false","false","false","true","false","false","false","1","1","1","0.25","1","0","0","0","100","0","0","0.5","10","2.5","2","60","1.6","0.4","20.5","6.7","16","8.21","365","14","1","0","0","299","299","216","59","29","175","196","88022","1519","75","false","519679","195","377","947","33219","36004","20677"
"6","0.1","1","false","false","false","true","false","false","false","1","1","1","0.25","1","0","0","0","100","0","0","0.5","10","2.5","2","60","1.6","0.4","20.5","6.7","16","8.21","365","14","1","0","0","299","299","217","55","27","163","184","88051","1520","69","false","519767","196","377","947","33219","36011","20680"
"6","0.1","1","false","false","false","true","false","false","false","1","1","1","0.25","1","0","0","0","100","0","0","0.5","10","2.5","2","60","1.6","0.4","20.5","6.7","16","8.21","365","14","1","0","0","299","299","218","52","26","152","169","88081","1520","61","false","519811","196","377","947","33224","36012","20680"
"6","0.1","1","false","false","false","true","false","false","false","1","1","1","0.25","1","0","0","0","100","0","0","0.5","10","2.5","2","60","1.6","0.4","20.5","6.7","16","8.21","365","14","1","0","0","299","299","219","48","23","137","165","88106","1521","46","false","519868","196","377","948","33225","36013","20681"
"6","0.1","1","false","false","false","true","false","false","false","1","1","1","0.25","1","0","0","0","100","0","0","0.5","10","2.5","2","60","1.6","0.4","20.5","6.7","16","8.21","365","14","1","0","0","299","299","220","43","23","131","156","88126","1521","36","false","520005","196","377","948","33227","36015","20682"
"6","0.1","1","false","false","false","true","false","false","false","1","1","1","0.25","1","0","0","0","100","0","0","0.5","10","2.5","2","60","1.6","0.4","20.5","6.7","16","8.21","365","14","1","0","0","299","299","221","40","21","124","141","88153","1521","30","false","520110","196","377","948","33228","36018","20682"
"6","0.1","1","false","false","false","true","false","false","false","1","1","1","0.25","1","0","0","0","100","0","0","0.5","10","2.5","2","60","1.6","0.4","20.5","6.7","16","8.21","365","14","1","0","0","299","299","222","39","19","113","130","88178","1521","22","false","520159","196","377","948","33229","36020","20683"
"6","0.1","1","false","false","false","true","false","false","false","1","1","1","0.25","1","0","0","0","100","0","0","0.5","10","2.5","2","60","1.6","0.4","20.5","6.7","16","8.21","365","14","1","0","0","299","299","223","38","17","112","122","88190","1521","20","false","520235","196","377","948","33232","36022","20683"
"6","0.1","1","false","false","false","true","false","false","false","1","1","1","0.25","1","0","0","0","100","0","0","0.5","10","2.5","2","60","1.6","0.4","20.5","6.7","16","8.21","365","14","1","0","0","299","299","224","35","17","107","118","88202","1521","10","false","520255","196","377","948","33233","36025","20684"
"6","0.1","1","false","false","false","true","false","false","false","1","1","1","0.25","1","0","0","0","100","0","0","0.5","10","2.5","2","60","1.6","0.4","20.5","6.7","16","8.21","365","14","1","0","0","299","299","225","34","14","98","108","88224","1522","4","false","520345","197","377","948","33236","36029","20684"
"6","0.1","1","false","false","false","true","false","false","false","1","1","1","0.25","1","0","0","0","100","0","0","0.5","10","2.5","2","60","1.6","0.4","20.5","6.7","16","8.21","365","14","1","0","0","299","299","226","32","11","94","107","88234","1522","0","false","520401","197","377","948","33240","36030","20684"
"6","0.1","1","false","false","false","true","false","false","false","1","1","1","0.25","1","0","0","0","100","0","0","0.5","10","2.5","2","60","1.6","0.4","20.5","6.7","16","8.21","365","14","1","0","0","299","299","227","31","6","87","102","88252","1522","0","false","520446","197","377","948","33241","36032","20684"
"6","0.1","1","false","false","false","true","false","false","false","1","1","1","0.25","1","0","0","0","100","0","0","0.5","10","2.5","2","60","1.6","0.4","20.5","6.7","16","8.21","365","14","1","0","0","299","299","228","29","4","84","98","88263","1522","0","false","520446","197","377","948","33241","36033","20688"
"6","0.1","1","false","false","false","true","false","false","false","1","1","1","0.25","1","0","0","0","100","0","0","0.5","10","2.5","2","60","1.6","0.4","20.5","6.7","16","8.21","365","14","1","0","0","299","299","229","28","4","78","93","88275","1522","0","false","520446","197","377","948","33243","36033","20689"
"6","0.1","1","false","false","false","true","false","false","false","1","1","1","0.25","1","0","0","0","100","0","0","0.5","10","2.5","2","60","1.6","0.4","20.5","6.7","16","8.21","365","14","1","0","0","299","299","230","28","4","74","85","88286","1523","0","false","520446","198","377","948","33243","36034","20689"
"6","0.1","1","false","false","false","true","false","false","false","1","1","1","0.25","1","0","0","0","100","0","0","0.5","10","2.5","2","60","1.6","0.4","20.5","6.7","16","8.21","365","14","1","0","0","299","299","231","28","3","71","76","88298","1524","0","false","520434","198","377","949","33244","36034","20691"
"6","0.1","1","false","false","false","true","false","false","false","1","1","1","0.25","1","0","0","0","100","0","0","0.5","10","2.5","2","60","1.6","0.4","20.5","6.7","16","8.21","365","14","1","0","0","299","299","232","27","4","65","71","88309","1524","0","false","520423","198","377","949","33244","36034","20691"
"6","0.1","1","false","false","false","true","false","false","false","1","1","1","0.25","1","0","0","0","100","0","0","0.5","10","2.5","2","60","1.6","0.4","20.5","6.7","16","8.21","365","14","1","0","0","299","299","233","27","1","60","66","88322","1524","0","false","520423","198","377","949","33244","36035","20692"
"6","0.1","1","false","false","false","true","false","false","false","1","1","1","0.25","1","0","0","0","100","0","0","0.5","10","2.5","2","60","1.6","0.4","20.5","6.7","16","8.21","365","14","1","0","0","299","299","234","27","0","58","62","88328","1525","0","false","520423","199","377","949","33244","36035","20693"
"6","0.1","1","false","false","false","true","false","false","false","1","1","1","0.25","1","0","0","0","100","0","0","0.5","10","2.5","2","60","1.6","0.4","20.5","6.7","16","8.21","365","14","1","0","0","299","299","235","27","0","55","56","88337","1525","0","false","520411","199","377","949","33244","36035","20693"
"6","0.1","1","false","false","false","true","false","false","false","1","1","1","0.25","1","0","0","0","100","0","0","0.5","10","2.5","2","60","1.6","0.4","20.5","6.7","16","8.21","365","14","1","0","0","299","299","236","27","0","48","52","88347","1526","0","false","520411","199","377","950","33244","36035","20694"
"6","0.1","1","false","false","false","true","false","false","false","1","1","1","0.25","1","0","0","0","100","0","0","0.5","10","2.5","2","60","1.6","0.4","20.5","6.7","16","8.21","365","14","1","0","0","299","299","237","27","0","44","44","88359","1526","0","false","520399","199","377","950","33244","36035","20694"
"6","0.1","1","false","false","false","true","false","false","false","1","1","1","0.25","1","0","0","0","100","0","0","0.5","10","2.5","2","60","1.6","0.4","20.5","6.7","16","8.21","365","14","1","0","0","299","299","238","27","0","42","38","88367","1526","0","false","520399","199","377","950","33244","36035","20694"
"6","0.1","1","false","false","false","true","false","false","false","1","1","1","0.25","1","0","0","0","100","0","0","0.5","10","2.5","2","60","1.6","0.4","20.5","6.7","16","8.21","365","14","1","0","0","299","299","239","27","0","36","35","88376","1526","0","false","520399","199","377","950","33244","36035","20694"
"6","0.1","1","false","false","false","true","false","false","false","1","1","1","0.25","1","0","0","0","100","0","0","0.5","10","2.5","2","60","1.6","0.4","20.5","6.7","16","8.21","365","14","1","0","0","299","299","240","27","0","30","34","88383","1526","0","false","520399","199","377","950","33244","36035","20694"
"6","0.1","1","false","false","false","true","false","false","false","1","1","1","0.25","1","0","0","0","100","0","0","0.5","10","2.5","2","60","1.6","0.4","20.5","6.7","16","8.21","365","14","1","0","0","299","299","241","27","0","28","31","88388","1526","0","false","520399","199","377","950","33244","36035","20694"
"6","0.1","1","false","false","false","true","false","false","false","1","1","1","0.25","1","0","0","0","100","0","0","0.5","10","2.5","2","60","1.6","0.4","20.5","6.7","16","8.21","365","14","1","0","0","299","299","242","27","0","23","28","88396","1526","0","false","520399","199","377","950","33244","36035","20694"
"6","0.1","1","false","false","false","true","false","false","false","1","1","1","0.25","1","0","0","0","100","0","0","0.5","10","2.5","2","60","1.6","0.4","20.5","6.7","16","8.21","365","14","1","0","0","299","299","243","27","0","19","25","88403","1526","0","false","520399","199","377","950","33244","36035","20694"
"6","0.1","1","false","false","false","true","false","false","false","1","1","1","0.25","1","0","0","0","100","0","0","0.5","10","2.5","2","60","1.6","0.4","20.5","6.7","16","8.21","365","14","1","0","0","299","299","244","27","0","15","22","88410","1526","0","false","520399","199","377","950","33244","36035","20694"
"6","0.1","1","false","false","false","true","false","false","false","1","1","1","0.25","1","0","0","0","100","0","0","0.5","10","2.5","2","60","1.6","0.4","20.5","6.7","16","8.21","365","14","1","0","0","299","299","245","27","0","13","21","88413","1526","0","false","520399","199","377","950","33244","36035","20694"
"6","0.1","1","false","false","false","true","false","false","false","1","1","1","0.25","1","0","0","0","100","0","0","0.5","10","2.5","2","60","1.6","0.4","20.5","6.7","16","8.21","365","14","1","0","0","299","299","246","27","0","10","17","88420","1526","0","false","520399","199","377","950","33244","36035","20694"
"6","0.1","1","false","false","false","true","false","false","false","1","1","1","0.25","1","0","0","0","100","0","0","0.5","10","2.5","2","60","1.6","0.4","20.5","6.7","16","8.21","365","14","1","0","0","299","299","247","27","0","10","16","88421","1526","0","false","520399","199","377","950","33244","36035","20694"
"6","0.1","1","false","false","false","true","false","false","false","1","1","1","0.25","1","0","0","0","100","0","0","0.5","10","2.5","2","60","1.6","0.4","20.5","6.7","16","8.21","365","14","1","0","0","299","299","248","27","0","8","14","88425","1526","0","false","520399","199","377","950","33244","36035","20694"
"6","0.1","1","false","false","false","true","false","false","false","1","1","1","0.25","1","0","0","0","100","0","0","0.5","10","2.5","2","60","1.6","0.4","20.5","6.7","16","8.21","365","14","1","0","0","299","299","249","27","0","8","11","88428","1526","0","false","520399","199","377","950","33244","36035","20694"
"6","0.1","1","false","false","false","true","false","false","false","1","1","1","0.25","1","0","0","0","100","0","0","0.5","10","2.5","2","60","1.6","0.4","20.5","6.7","16","8.21","365","14","1","0","0","299","299","250","27","0","8","11","88428","1526","0","false","520399","199","377","950","33244","36035","20694"
"6","0.1","1","false","false","false","true","false","false","false","1","1","1","0.25","1","0","0","0","100","0","0","0.5","10","2.5","2","60","1.6","0.4","20.5","6.7","16","8.21","365","14","1","0","0","299","299","251","27","0","8","10","88429","1526","0","false","520399","199","377","950","33244","36035","20694"
"6","0.1","1","false","false","false","true","false","false","false","1","1","1","0.25","1","0","0","0","100","0","0","0.5","10","2.5","2","60","1.6","0.4","20.5","6.7","16","8.21","365","14","1","0","0","299","299","252","27","0","7","5","88435","1526","0","false","520399","199","377","950","33244","36035","20694"
"6","0.1","1","false","false","false","true","false","false","false","1","1","1","0.25","1","0","0","0","100","0","0","0.5","10","2.5","2","60","1.6","0.4","20.5","6.7","16","8.21","365","14","1","0","0","299","299","253","27","0","5","5","88437","1526","0","false","520399","199","377","950","33244","36035","20694"
"6","0.1","1","false","false","false","true","false","false","false","1","1","1","0.25","1","0","0","0","100","0","0","0.5","10","2.5","2","60","1.6","0.4","20.5","6.7","16","8.21","365","14","1","0","0","299","299","254","27","0","4","4","88439","1526","0","false","520399","199","377","950","33244","36035","20694"
"6","0.1","1","false","false","false","true","false","false","false","1","1","1","0.25","1","0","0","0","100","0","0","0.5","10","2.5","2","60","1.6","0.4","20.5","6.7","16","8.21","365","14","1","0","0","299","299","255","27","0","4","4","88439","1526","0","false","520399","199","377","950","33244","36035","20694"
"6","0.1","1","false","false","false","true","false","false","false","1","1","1","0.25","1","0","0","0","100","0","0","0.5","10","2.5","2","60","1.6","0.4","20.5","6.7","16","8.21","365","14","1","0","0","299","299","256","27","0","4","3","88440","1526","0","false","520399","199","377","950","33244","36035","20694"
"6","0.1","1","false","false","false","true","false","false","false","1","1","1","0.25","1","0","0","0","100","0","0","0.5","10","2.5","2","60","1.6","0.4","20.5","6.7","16","8.21","365","14","1","0","0","299","299","257","27","0","3","3","88441","1526","0","false","520399","199","377","950","33244","36035","20694"
"6","0.1","1","false","false","false","true","false","false","false","1","1","1","0.25","1","0","0","0","100","0","0","0.5","10","2.5","2","60","1.6","0.4","20.5","6.7","16","8.21","365","14","1","0","0","299","299","258","27","0","2","3","88442","1526","0","false","520399","199","377","950","33244","36035","20694"
"6","0.1","1","false","false","false","true","false","false","false","1","1","1","0.25","1","0","0","0","100","0","0","0.5","10","2.5","2","60","1.6","0.4","20.5","6.7","16","8.21","365","14","1","0","0","299","299","259","27","0","1","3","88443","1526","0","false","520399","199","377","950","33244","36035","20694"
"6","0.1","1","false","false","false","true","false","false","false","1","1","1","0.25","1","0","0","0","100","0","0","0.5","10","2.5","2","60","1.6","0.4","20.5","6.7","16","8.21","365","14","1","0","0","299","299","260","27","0","1","2","88444","1526","0","false","520399","199","377","950","33244","36035","20694"
"6","0.1","1","false","false","false","true","false","false","false","1","1","1","0.25","1","0","0","0","100","0","0","0.5","10","2.5","2","60","1.6","0.4","20.5","6.7","16","8.21","365","14","1","0","0","299","299","261","27","0","1","2","88444","1526","0","false","520399","199","377","950","33244","36035","20694"
"6","0.1","1","false","false","false","true","false","false","false","1","1","1","0.25","1","0","0","0","100","0","0","0.5","10","2.5","2","60","1.6","0.4","20.5","6.7","16","8.21","365","14","1","0","0","299","299","262","27","0","1","1","88445","1526","0","false","520399","199","377","950","33244","36035","20694"
"6","0.1","1","false","false","false","true","false","false","false","1","1","1","0.25","1","0","0","0","100","0","0","0.5","10","2.5","2","60","1.6","0.4","20.5","6.7","16","8.21","365","14","1","0","0","299","299","263","27","0","0","0","88447","1526","0","false","520399","199","377","950","33244","36035","20694"
"6","0.1","1","false","false","false","true","false","false","false","1","1","1","0.25","1","0","0","0","100","0","0","0.5","10","2.5","2","60","1.6","0.4","20.5","6.7","16","8.21","365","14","1","0","0","299","299","264","27","0","0","0","88447","1526","0","false","520399","199","377","950","33244","36035","20694"
"6","0.1","1","false","false","false","true","false","false","false","1","1","1","0.25","1","0","0","0","100","0","0","0.5","10","2.5","2","60","1.6","0.4","20.5","6.7","16","8.21","365","14","1","0","0","299","299","265","27","0","0","0","88447","1526","0","false","520399","199","377","950","33244","36035","20694"
"6","0.1","1","false","false","false","true","false","false","false","1","1","1","0.25","1","0","0","0","100","0","0","0.5","10","2.5","2","60","1.6","0.4","20.5","6.7","16","8.21","365","14","1","0","0","299","299","266","27","0","0","0","88447","1526","0","false","520399","199","377","950","33244","36035","20694"
"6","0.1","1","false","false","false","true","false","false","false","1","1","1","0.25","1","0","0","0","100","0","0","0.5","10","2.5","2","60","1.6","0.4","20.5","6.7","16","8.21","365","14","1","0","0","299","299","267","27","0","0","0","88447","1526","0","false","520399","199","377","950","33244","36035","20694"
"6","0.1","1","false","false","false","true","false","false","false","1","1","1","0.25","1","0","0","0","100","0","0","0.5","10","2.5","2","60","1.6","0.4","20.5","6.7","16","8.21","365","14","1","0","0","299","299","268","27","0","0","0","88447","1526","0","false","520399","199","377","950","33244","36035","20694"
"6","0.1","1","false","false","false","true","false","false","false","1","1","1","0.25","1","0","0","0","100","0","0","0.5","10","2.5","2","60","1.6","0.4","20.5","6.7","16","8.21","365","14","1","0","0","299","299","269","27","0","0","0","88447","1526","0","false","520399","199","377","950","33244","36035","20694"
"6","0.1","1","false","false","false","true","false","false","false","1","1","1","0.25","1","0","0","0","100","0","0","0.5","10","2.5","2","60","1.6","0.4","20.5","6.7","16","8.21","365","14","1","0","0","299","299","270","27","0","0","0","88447","1526","0","false","520399","199","377","950","33244","36035","20694"
"6","0.1","1","false","false","false","true","false","false","false","1","1","1","0.25","1","0","0","0","100","0","0","0.5","10","2.5","2","60","1.6","0.4","20.5","6.7","16","8.21","365","14","1","0","0","299","299","271","27","0","0","0","88447","1526","0","false","520399","199","377","950","33244","36035","20694"
"6","0.1","1","false","false","false","true","false","false","false","1","1","1","0.25","1","0","0","0","100","0","0","0.5","10","2.5","2","60","1.6","0.4","20.5","6.7","16","8.21","365","14","1","0","0","299","299","272","27","0","0","0","88447","1526","0","false","520399","199","377","950","33244","36035","20694"
"6","0.1","1","false","false","false","true","false","false","false","1","1","1","0.25","1","0","0","0","100","0","0","0.5","10","2.5","2","60","1.6","0.4","20.5","6.7","16","8.21","365","14","1","0","0","299","299","273","27","0","0","0","88447","1526","0","false","520399","199","377","950","33244","36035","20694"
"6","0.1","1","false","false","false","true","false","false","false","1","1","1","0.25","1","0","0","0","100","0","0","0.5","10","2.5","2","60","1.6","0.4","20.5","6.7","16","8.21","365","14","1","0","0","299","299","274","27","0","0","0","88447","1526","0","false","520399","199","377","950","33244","36035","20694"
"6","0.1","1","false","false","false","true","false","false","false","1","1","1","0.25","1","0","0","0","100","0","0","0.5","10","2.5","2","60","1.6","0.4","20.5","6.7","16","8.21","365","14","1","0","0","299","299","275","27","0","0","0","88447","1526","0","false","520399","199","377","950","33244","36035","20694"
"6","0.1","1","false","false","false","true","false","false","false","1","1","1","0.25","1","0","0","0","100","0","0","0.5","10","2.5","2","60","1.6","0.4","20.5","6.7","16","8.21","365","14","1","0","0","299","299","276","27","0","0","0","88447","1526","0","false","520399","199","377","950","33244","36035","20694"
"6","0.1","1","false","false","false","true","false","false","false","1","1","1","0.25","1","0","0","0","100","0","0","0.5","10","2.5","2","60","1.6","0.4","20.5","6.7","16","8.21","365","14","1","0","0","299","299","277","27","0","0","0","88447","1526","0","false","520399","199","377","950","33244","36035","20694"
"6","0.1","1","false","false","false","true","false","false","false","1","1","1","0.25","1","0","0","0","100","0","0","0.5","10","2.5","2","60","1.6","0.4","20.5","6.7","16","8.21","365","14","1","0","0","299","299","278","27","0","0","0","88447","1526","0","false","520399","199","377","950","33244","36035","20694"
"6","0.1","1","false","false","false","true","false","false","false","1","1","1","0.25","1","0","0","0","100","0","0","0.5","10","2.5","2","60","1.6","0.4","20.5","6.7","16","8.21","365","14","1","0","0","299","299","279","27","0","0","0","88447","1526","0","false","520399","199","377","950","33244","36035","20694"
"6","0.1","1","false","false","false","true","false","false","false","1","1","1","0.25","1","0","0","0","100","0","0","0.5","10","2.5","2","60","1.6","0.4","20.5","6.7","16","8.21","365","14","1","0","0","299","299","280","27","0","0","0","88447","1526","0","false","520399","199","377","950","33244","36035","20694"
"6","0.1","1","false","false","false","true","false","false","false","1","1","1","0.25","1","0","0","0","100","0","0","0.5","10","2.5","2","60","1.6","0.4","20.5","6.7","16","8.21","365","14","1","0","0","299","299","281","27","0","0","0","88447","1526","0","false","520399","199","377","950","33244","36035","20694"
"6","0.1","1","false","false","false","true","false","false","false","1","1","1","0.25","1","0","0","0","100","0","0","0.5","10","2.5","2","60","1.6","0.4","20.5","6.7","16","8.21","365","14","1","0","0","299","299","282","27","0","0","0","88447","1526","0","false","520399","199","377","950","33244","36035","20694"
"6","0.1","1","false","false","false","true","false","false","false","1","1","1","0.25","1","0","0","0","100","0","0","0.5","10","2.5","2","60","1.6","0.4","20.5","6.7","16","8.21","365","14","1","0","0","299","299","283","27","0","0","0","88447","1526","0","false","520399","199","377","950","33244","36035","20694"
"6","0.1","1","false","false","false","true","false","false","false","1","1","1","0.25","1","0","0","0","100","0","0","0.5","10","2.5","2","60","1.6","0.4","20.5","6.7","16","8.21","365","14","1","0","0","299","299","284","27","0","0","0","88447","1526","0","false","520399","199","377","950","33244","36035","20694"
"6","0.1","1","false","false","false","true","false","false","false","1","1","1","0.25","1","0","0","0","100","0","0","0.5","10","2.5","2","60","1.6","0.4","20.5","6.7","16","8.21","365","14","1","0","0","299","299","285","27","0","0","0","88447","1526","0","false","520399","199","377","950","33244","36035","20694"
"6","0.1","1","false","false","false","true","false","false","false","1","1","1","0.25","1","0","0","0","100","0","0","0.5","10","2.5","2","60","1.6","0.4","20.5","6.7","16","8.21","365","14","1","0","0","299","299","286","27","0","0","0","88447","1526","0","false","520399","199","377","950","33244","36035","20694"
"6","0.1","1","false","false","false","true","false","false","false","1","1","1","0.25","1","0","0","0","100","0","0","0.5","10","2.5","2","60","1.6","0.4","20.5","6.7","16","8.21","365","14","1","0","0","299","299","287","27","0","0","0","88447","1526","0","false","520399","199","377","950","33244","36035","20694"
"6","0.1","1","false","false","false","true","false","false","false","1","1","1","0.25","1","0","0","0","100","0","0","0.5","10","2.5","2","60","1.6","0.4","20.5","6.7","16","8.21","365","14","1","0","0","299","299","288","27","0","0","0","88447","1526","0","false","520399","199","377","950","33244","36035","20694"
"6","0.1","1","false","false","false","true","false","false","false","1","1","1","0.25","1","0","0","0","100","0","0","0.5","10","2.5","2","60","1.6","0.4","20.5","6.7","16","8.21","365","14","1","0","0","299","299","289","27","0","0","0","88447","1526","0","false","520399","199","377","950","33244","36035","20694"
"6","0.1","1","false","false","false","true","false","false","false","1","1","1","0.25","1","0","0","0","100","0","0","0.5","10","2.5","2","60","1.6","0.4","20.5","6.7","16","8.21","365","14","1","0","0","299","299","290","27","0","0","0","88447","1526","0","false","520399","199","377","950","33244","36035","20694"
"6","0.1","1","false","false","false","true","false","false","false","1","1","1","0.25","1","0","0","0","100","0","0","0.5","10","2.5","2","60","1.6","0.4","20.5","6.7","16","8.21","365","14","1","0","0","299","299","291","27","0","0","0","88447","1526","0","false","520399","199","377","950","33244","36035","20694"
"6","0.1","1","false","false","false","true","false","false","false","1","1","1","0.25","1","0","0","0","100","0","0","0.5","10","2.5","2","60","1.6","0.4","20.5","6.7","16","8.21","365","14","1","0","0","299","299","292","27","0","0","0","88447","1526","0","false","520399","199","377","950","33244","36035","20694"
"6","0.1","1","false","false","false","true","false","false","false","1","1","1","0.25","1","0","0","0","100","0","0","0.5","10","2.5","2","60","1.6","0.4","20.5","6.7","16","8.21","365","14","1","0","0","299","299","293","27","0","0","0","88447","1526","0","false","520399","199","377","950","33244","36035","20694"
"6","0.1","1","false","false","false","true","false","false","false","1","1","1","0.25","1","0","0","0","100","0","0","0.5","10","2.5","2","60","1.6","0.4","20.5","6.7","16","8.21","365","14","1","0","0","299","299","294","27","0","0","0","88447","1526","0","false","520399","199","377","950","33244","36035","20694"
"6","0.1","1","false","false","false","true","false","false","false","1","1","1","0.25","1","0","0","0","100","0","0","0.5","10","2.5","2","60","1.6","0.4","20.5","6.7","16","8.21","365","14","1","0","0","299","299","295","27","0","0","0","88447","1526","0","false","520399","199","377","950","33244","36035","20694"
"6","0.1","1","false","false","false","true","false","false","false","1","1","1","0.25","1","0","0","0","100","0","0","0.5","10","2.5","2","60","1.6","0.4","20.5","6.7","16","8.21","365","14","1","0","0","299","299","296","27","0","0","0","88447","1526","0","false","520399","199","377","950","33244","36035","20694"
"6","0.1","1","false","false","false","true","false","false","false","1","1","1","0.25","1","0","0","0","100","0","0","0.5","10","2.5","2","60","1.6","0.4","20.5","6.7","16","8.21","365","14","1","0","0","299","299","297","27","0","0","0","88447","1526","0","false","520399","199","377","950","33244","36035","20694"
"6","0.1","1","false","false","false","true","false","false","false","1","1","1","0.25","1","0","0","0","100","0","0","0.5","10","2.5","2","60","1.6","0.4","20.5","6.7","16","8.21","365","14","1","0","0","299","299","298","27","0","0","0","88447","1526","0","false","520399","199","377","950","33244","36035","20694"
"6","0.1","1","false","false","false","true","false","false","false","1","1","1","0.25","1","0","0","0","100","0","0","0.5","10","2.5","2","60","1.6","0.4","20.5","6.7","16","8.21","365","14","1","0","0","299","299","299","27","0","0","0","88447","1526","0","false","520399","199","377","950","33244","36035","20694"
"6","0.1","1","false","false","false","true","false","false","false","1","1","1","0.25","1","0","0","0","100","0","0","0.5","10","2.5","2","60","1.6","0.4","20.5","6.7","16","8.21","365","14","1","0","0","299","299","300","27","0","0","0","88447","1526","0","false","520399","199","377","950","33244","36035","20694"
"6","0.1","1","false","false","false","true","false","false","false","1","1","1","0.25","1","0","0","0","100","0","0","0.5","10","2.5","2","60","1.6","0.4","20.5","6.7","16","8.21","365","14","1","0","0","299","299","301","27","0","0","0","88447","1526","0","false","520399","199","377","950","33244","36035","20694"
"6","0.1","1","false","false","false","true","false","false","false","1","1","1","0.25","1","0","0","0","100","0","0","0.5","10","2.5","2","60","1.6","0.4","20.5","6.7","16","8.21","365","14","1","0","0","299","299","302","27","0","0","0","88447","1526","0","false","520399","199","377","950","33244","36035","20694"
"6","0.1","1","false","false","false","true","false","false","false","1","1","1","0.25","1","0","0","0","100","0","0","0.5","10","2.5","2","60","1.6","0.4","20.5","6.7","16","8.21","365","14","1","0","0","299","299","303","27","0","0","0","88447","1526","0","false","520399","199","377","950","33244","36035","20694"
"6","0.1","1","false","false","false","true","false","false","false","1","1","1","0.25","1","0","0","0","100","0","0","0.5","10","2.5","2","60","1.6","0.4","20.5","6.7","16","8.21","365","14","1","0","0","299","299","304","27","0","0","0","88447","1526","0","false","520399","199","377","950","33244","36035","20694"
"6","0.1","1","false","false","false","true","false","false","false","1","1","1","0.25","1","0","0","0","100","0","0","0.5","10","2.5","2","60","1.6","0.4","20.5","6.7","16","8.21","365","14","1","0","0","299","299","305","27","0","0","0","88447","1526","0","false","520399","199","377","950","33244","36035","20694"
"6","0.1","1","false","false","false","true","false","false","false","1","1","1","0.25","1","0","0","0","100","0","0","0.5","10","2.5","2","60","1.6","0.4","20.5","6.7","16","8.21","365","14","1","0","0","299","299","306","27","0","0","0","88447","1526","0","false","520399","199","377","950","33244","36035","20694"
"6","0.1","1","false","false","false","true","false","false","false","1","1","1","0.25","1","0","0","0","100","0","0","0.5","10","2.5","2","60","1.6","0.4","20.5","6.7","16","8.21","365","14","1","0","0","299","299","307","27","0","0","0","88447","1526","0","false","520399","199","377","950","33244","36035","20694"
"6","0.1","1","false","false","false","true","false","false","false","1","1","1","0.25","1","0","0","0","100","0","0","0.5","10","2.5","2","60","1.6","0.4","20.5","6.7","16","8.21","365","14","1","0","0","299","299","308","27","0","0","0","88447","1526","0","false","520399","199","377","950","33244","36035","20694"
"6","0.1","1","false","false","false","true","false","false","false","1","1","1","0.25","1","0","0","0","100","0","0","0.5","10","2.5","2","60","1.6","0.4","20.5","6.7","16","8.21","365","14","1","0","0","299","299","309","27","0","0","0","88447","1526","0","false","520399","199","377","950","33244","36035","20694"
"6","0.1","1","false","false","false","true","false","false","false","1","1","1","0.25","1","0","0","0","100","0","0","0.5","10","2.5","2","60","1.6","0.4","20.5","6.7","16","8.21","365","14","1","0","0","299","299","310","27","0","0","0","88447","1526","0","false","520399","199","377","950","33244","36035","20694"
"6","0.1","1","false","false","false","true","false","false","false","1","1","1","0.25","1","0","0","0","100","0","0","0.5","10","2.5","2","60","1.6","0.4","20.5","6.7","16","8.21","365","14","1","0","0","299","299","311","27","0","0","0","88447","1526","0","false","520399","199","377","950","33244","36035","20694"
"6","0.1","1","false","false","false","true","false","false","false","1","1","1","0.25","1","0","0","0","100","0","0","0.5","10","2.5","2","60","1.6","0.4","20.5","6.7","16","8.21","365","14","1","0","0","299","299","312","27","0","0","0","88447","1526","0","false","520399","199","377","950","33244","36035","20694"
"6","0.1","1","false","false","false","true","false","false","false","1","1","1","0.25","1","0","0","0","100","0","0","0.5","10","2.5","2","60","1.6","0.4","20.5","6.7","16","8.21","365","14","1","0","0","299","299","313","27","0","0","0","88447","1526","0","false","520399","199","377","950","33244","36035","20694"
"6","0.1","1","false","false","false","true","false","false","false","1","1","1","0.25","1","0","0","0","100","0","0","0.5","10","2.5","2","60","1.6","0.4","20.5","6.7","16","8.21","365","14","1","0","0","299","299","314","27","0","0","0","88447","1526","0","false","520399","199","377","950","33244","36035","20694"
"6","0.1","1","false","false","false","true","false","false","false","1","1","1","0.25","1","0","0","0","100","0","0","0.5","10","2.5","2","60","1.6","0.4","20.5","6.7","16","8.21","365","14","1","0","0","299","299","315","27","0","0","0","88447","1526","0","false","520399","199","377","950","33244","36035","20694"
"6","0.1","1","false","false","false","true","false","false","false","1","1","1","0.25","1","0","0","0","100","0","0","0.5","10","2.5","2","60","1.6","0.4","20.5","6.7","16","8.21","365","14","1","0","0","299","299","316","27","0","0","0","88447","1526","0","false","520399","199","377","950","33244","36035","20694"
"6","0.1","1","false","false","false","true","false","false","false","1","1","1","0.25","1","0","0","0","100","0","0","0.5","10","2.5","2","60","1.6","0.4","20.5","6.7","16","8.21","365","14","1","0","0","299","299","317","27","0","0","0","88447","1526","0","false","520399","199","377","950","33244","36035","20694"
"6","0.1","1","false","false","false","true","false","false","false","1","1","1","0.25","1","0","0","0","100","0","0","0.5","10","2.5","2","60","1.6","0.4","20.5","6.7","16","8.21","365","14","1","0","0","299","299","318","27","0","0","0","88447","1526","0","false","520399","199","377","950","33244","36035","20694"
"6","0.1","1","false","false","false","true","false","false","false","1","1","1","0.25","1","0","0","0","100","0","0","0.5","10","2.5","2","60","1.6","0.4","20.5","6.7","16","8.21","365","14","1","0","0","299","299","319","27","0","0","0","88447","1526","0","false","520399","199","377","950","33244","36035","20694"
"6","0.1","1","false","false","false","true","false","false","false","1","1","1","0.25","1","0","0","0","100","0","0","0.5","10","2.5","2","60","1.6","0.4","20.5","6.7","16","8.21","365","14","1","0","0","299","299","320","27","0","0","0","88447","1526","0","false","520399","199","377","950","33244","36035","20694"
"6","0.1","1","false","false","false","true","false","false","false","1","1","1","0.25","1","0","0","0","100","0","0","0.5","10","2.5","2","60","1.6","0.4","20.5","6.7","16","8.21","365","14","1","0","0","299","299","321","27","0","0","0","88447","1526","0","false","520399","199","377","950","33244","36035","20694"
"6","0.1","1","false","false","false","true","false","false","false","1","1","1","0.25","1","0","0","0","100","0","0","0.5","10","2.5","2","60","1.6","0.4","20.5","6.7","16","8.21","365","14","1","0","0","299","299","322","27","0","0","0","88447","1526","0","false","520399","199","377","950","33244","36035","20694"
"6","0.1","1","false","false","false","true","false","false","false","1","1","1","0.25","1","0","0","0","100","0","0","0.5","10","2.5","2","60","1.6","0.4","20.5","6.7","16","8.21","365","14","1","0","0","299","299","323","27","0","0","0","88447","1526","0","false","520399","199","377","950","33244","36035","20694"
"6","0.1","1","false","false","false","true","false","false","false","1","1","1","0.25","1","0","0","0","100","0","0","0.5","10","2.5","2","60","1.6","0.4","20.5","6.7","16","8.21","365","14","1","0","0","299","299","324","27","0","0","0","88447","1526","0","false","520399","199","377","950","33244","36035","20694"
"6","0.1","1","false","false","false","true","false","false","false","1","1","1","0.25","1","0","0","0","100","0","0","0.5","10","2.5","2","60","1.6","0.4","20.5","6.7","16","8.21","365","14","1","0","0","299","299","325","27","0","0","0","88447","1526","0","false","520399","199","377","950","33244","36035","20694"
"6","0.1","1","false","false","false","true","false","false","false","1","1","1","0.25","1","0","0","0","100","0","0","0.5","10","2.5","2","60","1.6","0.4","20.5","6.7","16","8.21","365","14","1","0","0","299","299","326","27","0","0","0","88447","1526","0","false","520399","199","377","950","33244","36035","20694"
"6","0.1","1","false","false","false","true","false","false","false","1","1","1","0.25","1","0","0","0","100","0","0","0.5","10","2.5","2","60","1.6","0.4","20.5","6.7","16","8.21","365","14","1","0","0","299","299","327","27","0","0","0","88447","1526","0","false","520399","199","377","950","33244","36035","20694"
"6","0.1","1","false","false","false","true","false","false","false","1","1","1","0.25","1","0","0","0","100","0","0","0.5","10","2.5","2","60","1.6","0.4","20.5","6.7","16","8.21","365","14","1","0","0","299","299","328","27","0","0","0","88447","1526","0","false","520399","199","377","950","33244","36035","20694"
"6","0.1","1","false","false","false","true","false","false","false","1","1","1","0.25","1","0","0","0","100","0","0","0.5","10","2.5","2","60","1.6","0.4","20.5","6.7","16","8.21","365","14","1","0","0","299","299","329","27","0","0","0","88447","1526","0","false","520399","199","377","950","33244","36035","20694"
"6","0.1","1","false","false","false","true","false","false","false","1","1","1","0.25","1","0","0","0","100","0","0","0.5","10","2.5","2","60","1.6","0.4","20.5","6.7","16","8.21","365","14","1","0","0","299","299","330","27","0","0","0","88447","1526","0","false","520399","199","377","950","33244","36035","20694"
"6","0.1","1","false","false","false","true","false","false","false","1","1","1","0.25","1","0","0","0","100","0","0","0.5","10","2.5","2","60","1.6","0.4","20.5","6.7","16","8.21","365","14","1","0","0","299","299","331","27","0","0","0","88447","1526","0","false","520399","199","377","950","33244","36035","20694"
"6","0.1","1","false","false","false","true","false","false","false","1","1","1","0.25","1","0","0","0","100","0","0","0.5","10","2.5","2","60","1.6","0.4","20.5","6.7","16","8.21","365","14","1","0","0","299","299","332","27","0","0","0","88447","1526","0","false","520399","199","377","950","33244","36035","20694"
"6","0.1","1","false","false","false","true","false","false","false","1","1","1","0.25","1","0","0","0","100","0","0","0.5","10","2.5","2","60","1.6","0.4","20.5","6.7","16","8.21","365","14","1","0","0","299","299","333","27","0","0","0","88447","1526","0","false","520399","199","377","950","33244","36035","20694"
"6","0.1","1","false","false","false","true","false","false","false","1","1","1","0.25","1","0","0","0","100","0","0","0.5","10","2.5","2","60","1.6","0.4","20.5","6.7","16","8.21","365","14","1","0","0","299","299","334","27","0","0","0","88447","1526","0","false","520399","199","377","950","33244","36035","20694"
"6","0.1","1","false","false","false","true","false","false","false","1","1","1","0.25","1","0","0","0","100","0","0","0.5","10","2.5","2","60","1.6","0.4","20.5","6.7","16","8.21","365","14","1","0","0","299","299","335","27","0","0","0","88447","1526","0","false","520399","199","377","950","33244","36035","20694"
"6","0.1","1","false","false","false","true","false","false","false","1","1","1","0.25","1","0","0","0","100","0","0","0.5","10","2.5","2","60","1.6","0.4","20.5","6.7","16","8.21","365","14","1","0","0","299","299","336","27","0","0","0","88447","1526","0","false","520399","199","377","950","33244","36035","20694"
"6","0.1","1","false","false","false","true","false","false","false","1","1","1","0.25","1","0","0","0","100","0","0","0.5","10","2.5","2","60","1.6","0.4","20.5","6.7","16","8.21","365","14","1","0","0","299","299","337","27","0","0","0","88447","1526","0","false","520399","199","377","950","33244","36035","20694"
"6","0.1","1","false","false","false","true","false","false","false","1","1","1","0.25","1","0","0","0","100","0","0","0.5","10","2.5","2","60","1.6","0.4","20.5","6.7","16","8.21","365","14","1","0","0","299","299","338","27","0","0","0","88447","1526","0","false","520399","199","377","950","33244","36035","20694"
"6","0.1","1","false","false","false","true","false","false","false","1","1","1","0.25","1","0","0","0","100","0","0","0.5","10","2.5","2","60","1.6","0.4","20.5","6.7","16","8.21","365","14","1","0","0","299","299","339","27","0","0","0","88447","1526","0","false","520399","199","377","950","33244","36035","20694"
"6","0.1","1","false","false","false","true","false","false","false","1","1","1","0.25","1","0","0","0","100","0","0","0.5","10","2.5","2","60","1.6","0.4","20.5","6.7","16","8.21","365","14","1","0","0","299","299","340","27","0","0","0","88447","1526","0","false","520399","199","377","950","33244","36035","20694"
"6","0.1","1","false","false","false","true","false","false","false","1","1","1","0.25","1","0","0","0","100","0","0","0.5","10","2.5","2","60","1.6","0.4","20.5","6.7","16","8.21","365","14","1","0","0","299","299","341","27","0","0","0","88447","1526","0","false","520399","199","377","950","33244","36035","20694"
"6","0.1","1","false","false","false","true","false","false","false","1","1","1","0.25","1","0","0","0","100","0","0","0.5","10","2.5","2","60","1.6","0.4","20.5","6.7","16","8.21","365","14","1","0","0","299","299","342","27","0","0","0","88447","1526","0","false","520399","199","377","950","33244","36035","20694"
"6","0.1","1","false","false","false","true","false","false","false","1","1","1","0.25","1","0","0","0","100","0","0","0.5","10","2.5","2","60","1.6","0.4","20.5","6.7","16","8.21","365","14","1","0","0","299","299","343","27","0","0","0","88447","1526","0","false","520399","199","377","950","33244","36035","20694"
"6","0.1","1","false","false","false","true","false","false","false","1","1","1","0.25","1","0","0","0","100","0","0","0.5","10","2.5","2","60","1.6","0.4","20.5","6.7","16","8.21","365","14","1","0","0","299","299","344","27","0","0","0","88447","1526","0","false","520399","199","377","950","33244","36035","20694"
"6","0.1","1","false","false","false","true","false","false","false","1","1","1","0.25","1","0","0","0","100","0","0","0.5","10","2.5","2","60","1.6","0.4","20.5","6.7","16","8.21","365","14","1","0","0","299","299","345","27","0","0","0","88447","1526","0","false","520399","199","377","950","33244","36035","20694"
"6","0.1","1","false","false","false","true","false","false","false","1","1","1","0.25","1","0","0","0","100","0","0","0.5","10","2.5","2","60","1.6","0.4","20.5","6.7","16","8.21","365","14","1","0","0","299","299","346","27","0","0","0","88447","1526","0","false","520399","199","377","950","33244","36035","20694"
"6","0.1","1","false","false","false","true","false","false","false","1","1","1","0.25","1","0","0","0","100","0","0","0.5","10","2.5","2","60","1.6","0.4","20.5","6.7","16","8.21","365","14","1","0","0","299","299","347","27","0","0","0","88447","1526","0","false","520399","199","377","950","33244","36035","20694"
"6","0.1","1","false","false","false","true","false","false","false","1","1","1","0.25","1","0","0","0","100","0","0","0.5","10","2.5","2","60","1.6","0.4","20.5","6.7","16","8.21","365","14","1","0","0","299","299","348","27","0","0","0","88447","1526","0","false","520399","199","377","950","33244","36035","20694"
"6","0.1","1","false","false","false","true","false","false","false","1","1","1","0.25","1","0","0","0","100","0","0","0.5","10","2.5","2","60","1.6","0.4","20.5","6.7","16","8.21","365","14","1","0","0","299","299","349","27","0","0","0","88447","1526","0","false","520399","199","377","950","33244","36035","20694"
"6","0.1","1","false","false","false","true","false","false","false","1","1","1","0.25","1","0","0","0","100","0","0","0.5","10","2.5","2","60","1.6","0.4","20.5","6.7","16","8.21","365","14","1","0","0","299","299","350","27","0","0","0","88447","1526","0","false","520399","199","377","950","33244","36035","20694"
"6","0.1","1","false","false","false","true","false","false","false","1","1","1","0.25","1","0","0","0","100","0","0","0.5","10","2.5","2","60","1.6","0.4","20.5","6.7","16","8.21","365","14","1","0","0","299","299","351","27","0","0","0","88447","1526","0","false","520399","199","377","950","33244","36035","20694"
"6","0.1","1","false","false","false","true","false","false","false","1","1","1","0.25","1","0","0","0","100","0","0","0.5","10","2.5","2","60","1.6","0.4","20.5","6.7","16","8.21","365","14","1","0","0","299","299","352","27","0","0","0","88447","1526","0","false","520399","199","377","950","33244","36035","20694"
"6","0.1","1","false","false","false","true","false","false","false","1","1","1","0.25","1","0","0","0","100","0","0","0.5","10","2.5","2","60","1.6","0.4","20.5","6.7","16","8.21","365","14","1","0","0","299","299","353","27","0","0","0","88447","1526","0","false","520399","199","377","950","33244","36035","20694"
"6","0.1","1","false","false","false","true","false","false","false","1","1","1","0.25","1","0","0","0","100","0","0","0.5","10","2.5","2","60","1.6","0.4","20.5","6.7","16","8.21","365","14","1","0","0","299","299","354","27","0","0","0","88447","1526","0","false","520399","199","377","950","33244","36035","20694"
"6","0.1","1","false","false","false","true","false","false","false","1","1","1","0.25","1","0","0","0","100","0","0","0.5","10","2.5","2","60","1.6","0.4","20.5","6.7","16","8.21","365","14","1","0","0","299","299","355","27","0","0","0","88447","1526","0","false","520399","199","377","950","33244","36035","20694"
"6","0.1","1","false","false","false","true","false","false","false","1","1","1","0.25","1","0","0","0","100","0","0","0.5","10","2.5","2","60","1.6","0.4","20.5","6.7","16","8.21","365","14","1","0","0","299","299","356","27","0","0","0","88447","1526","0","false","520399","199","377","950","33244","36035","20694"
"6","0.1","1","false","false","false","true","false","false","false","1","1","1","0.25","1","0","0","0","100","0","0","0.5","10","2.5","2","60","1.6","0.4","20.5","6.7","16","8.21","365","14","1","0","0","299","299","357","27","0","0","0","88447","1526","0","false","520399","199","377","950","33244","36035","20694"
"6","0.1","1","false","false","false","true","false","false","false","1","1","1","0.25","1","0","0","0","100","0","0","0.5","10","2.5","2","60","1.6","0.4","20.5","6.7","16","8.21","365","14","1","0","0","299","299","358","27","0","0","0","88447","1526","0","false","520399","199","377","950","33244","36035","20694"
"6","0.1","1","false","false","false","true","false","false","false","1","1","1","0.25","1","0","0","0","100","0","0","0.5","10","2.5","2","60","1.6","0.4","20.5","6.7","16","8.21","365","14","1","0","0","299","299","359","27","0","0","0","88447","1526","0","false","520399","199","377","950","33244","36035","20694"
"6","0.1","1","false","false","false","true","false","false","false","1","1","1","0.25","1","0","0","0","100","0","0","0.5","10","2.5","2","60","1.6","0.4","20.5","6.7","16","8.21","365","14","1","0","0","299","299","360","27","0","0","0","88447","1526","0","false","520399","199","377","950","33244","36035","20694"
"6","0.1","1","false","false","false","true","false","false","false","1","1","1","0.25","1","0","0","0","100","0","0","0.5","10","2.5","2","60","1.6","0.4","20.5","6.7","16","8.21","365","14","1","0","0","299","299","361","27","0","0","0","88447","1526","0","false","520399","199","377","950","33244","36035","20694"
"6","0.1","1","false","false","false","true","false","false","false","1","1","1","0.25","1","0","0","0","100","0","0","0.5","10","2.5","2","60","1.6","0.4","20.5","6.7","16","8.21","365","14","1","0","0","299","299","362","27","0","0","0","88447","1526","0","false","520399","199","377","950","33244","36035","20694"
"6","0.1","1","false","false","false","true","false","false","false","1","1","1","0.25","1","0","0","0","100","0","0","0.5","10","2.5","2","60","1.6","0.4","20.5","6.7","16","8.21","365","14","1","0","0","299","299","363","27","0","0","0","88447","1526","0","false","520399","199","377","950","33244","36035","20694"
"6","0.1","1","false","false","false","true","false","false","false","1","1","1","0.25","1","0","0","0","100","0","0","0.5","10","2.5","2","60","1.6","0.4","20.5","6.7","16","8.21","365","14","1","0","0","299","299","364","27","0","0","0","88447","1526","0","false","520399","199","377","950","33244","36035","20694"
"6","0.1","1","false","false","false","true","false","false","false","1","1","1","0.25","1","0","0","0","100","0","0","0.5","10","2.5","2","60","1.6","0.4","20.5","6.7","16","8.21","365","14","1","0","0","299","299","365","27","0","0","0","88447","1526","0","false","520399","199","377","950","33244","36035","20694"
"7","0.1","1","false","false","false","true","false","false","false","1","1","1","0.25","1","0","0","0","100","0","25","0","10","2.5","2","60","1.6","0.4","20.5","6.7","16","8.21","365","14","1","0","0","299","299","0","89910","90","0","0","0","0","0","false","0","0","0","0","0","0","0"
"7","0.1","1","false","false","false","true","false","false","false","1","1","1","0.25","1","0","0","0","100","0","25","0","10","2.5","2","60","1.6","0.4","20.5","6.7","16","8.21","365","14","1","0","0","299","299","1","89910","89","0","1","0","0","0","false","538471","0","0","0","0","1","0"
"7","0.1","1","false","false","false","true","false","false","false","1","1","1","0.25","1","0","0","0","100","0","25","0","10","2.5","2","60","1.6","0.4","20.5","6.7","16","8.21","365","14","1","0","0","299","299","2","89909","77","0","14","0","0","0","false","538471","0","0","0","3","4","2"
"7","0.1","1","false","false","false","true","false","false","false","1","1","1","0.25","1","0","0","0","100","0","25","0","10","2.5","2","60","1.6","0.4","20.5","6.7","16","8.21","365","14","1","0","0","299","299","3","89892","74","0","34","0","0","0","false","538471","0","0","0","11","9","7"
"7","0.1","1","false","false","false","true","false","false","false","1","1","1","0.25","1","0","0","0","100","0","25","0","10","2.5","2","60","1.6","0.4","20.5","6.7","16","8.21","365","14","1","0","0","299","299","4","89855","89","3","53","0","0","0","false","538471","0","0","0","19","15","9"
"7","0.1","1","false","false","false","true","false","false","false","1","1","1","0.25","1","0","0","0","100","0","25","0","10","2.5","2","60","1.6","0.4","20.5","6.7","16","8.21","365","14","1","0","0","299","299","5","89783","142","5","70","0","0","0","false","538471","0","0","0","23","22","12"
"7","0.1","1","false","false","false","true","false","false","false","1","1","1","0.25","1","0","0","0","100","0","25","0","10","2.5","2","60","1.6","0.4","20.5","6.7","16","8.21","365","14","1","0","0","299","299","6","89712","188","11","89","0","0","0","false","538471","0","0","0","32","27","20"
"7","0.1","1","false","false","false","true","false","false","false","1","1","1","0.25","1","0","0","0","100","0","25","0","10","2.5","2","60","1.6","0.4","20.5","6.7","16","8.21","365","14","1","0","0","299","299","7","89637","237","16","110","0","0","0","false","538471","0","0","0","44","33","24"
"7","0.1","1","false","false","false","true","false","false","false","1","1","1","0.25","1","0","0","0","100","0","25","0","10","2.5","2","60","1.6","0.4","20.5","6.7","16","8.21","365","14","1","0","0","299","299","8","89540","297","22","141","0","0","0","false","538471","0","0","0","56","41","32"
"7","0.1","1","false","false","false","true","false","false","false","1","1","1","0.25","1","0","0","0","100","0","25","0","10","2.5","2","60","1.6","0.4","20.5","6.7","16","8.21","365","14","1","0","0","299","299","9","89437","330","34","199","0","0","0","false","538471","0","0","0","72","69","48"
"7","0.1","1","false","false","false","true","false","false","false","1","1","1","0.25","1","0","0","0","100","0","25","0","10","2.5","2","60","1.6","0.4","20.5","6.7","16","8.21","365","14","1","0","0","299","299","10","89289","416","46","249","0","0","0","false","538471","0","0","0","87","93","60"
"7","0.1","1","false","false","false","true","false","false","false","1","1","1","0.25","1","0","0","0","100","0","25","0","10","2.5","2","60","1.6","0.4","20.5","6.7","16","8.21","365","14","1","0","0","299","299","11","89115","514","53","318","0","0","0","false","538471","0","0","0","105","115","77"
"7","0.1","1","false","false","false","true","false","false","false","1","1","1","0.25","1","0","0","0","100","0","25","0","10","2.5","2","60","1.6","0.4","20.5","6.7","16","8.21","365","14","1","0","0","299","299","12","88933","597","76","394","0","0","0","false","538471","0","0","0","141","143","99"
"7","0.1","1","false","false","false","true","false","false","false","1","1","1","0.25","1","0","0","0","100","0","25","0","10","2.5","2","60","1.6","0.4","20.5","6.7","16","8.21","365","14","1","0","0","299","299","13","88739","672","103","486","0","0","0","false","538471","0","0","0","169","182","126"
"7","0.1","1","false","false","false","true","false","false","false","1","1","1","0.25","1","0","0","0","100","0","25","0","10","2.5","2","60","1.6","0.4","20.5","6.7","16","8.21","365","14","1","0","0","299","299","14","88525","748","132","595","0","0","0","false","538471","0","0","0","206","233","147"
"7","0.1","1","false","false","false","true","false","false","false","1","1","1","0.25","1","0","0","0","100","0","25","0","10","2.5","2","60","1.6","0.4","20.5","6.7","16","8.21","365","14","1","0","0","299","299","15","88275","839","160","726","0","0","0","false","538471","0","0","0","247","281","174"
"7","0.1","1","false","false","false","true","false","false","false","1","1","1","0.25","1","0","0","0","100","0","25","0","10","2.5","2","60","1.6","0.4","20.5","6.7","16","8.21","365","14","1","0","0","299","299","16","88005","943","216","836","0","0","0","false","538471","0","0","0","307","340","201"
"7","0.1","1","false","false","false","true","false","false","false","1","1","1","0.25","1","0","0","0","100","0","25","0","10","2.5","2","60","1.6","0.4","20.5","6.7","16","8.21","365","14","1","0","0","299","299","17","87735","1009","278","977","1","0","62","false","538471","0","0","0","370","420","235"
"7","0.1","1","false","false","false","true","false","false","false","1","1","1","0.25","1","0","0","0","100","0","25","0","10","2.5","2","60","1.6","0.4","20.5","6.7","16","8.21","365","14","1","0","0","299","299","18","87387","1133","347","1130","3","0","376","false","537731","0","0","0","445","503","291"
"7","0.1","1","false","false","false","true","false","false","false","1","1","1","0.25","1","0","0","0","100","0","25","0","10","2.5","2","60","1.6","0.4","20.5","6.7","16","8.21","365","14","1","0","0","299","299","19","87076","1190","418","1309","7","0","751","false","534526","0","0","0","517","595","346"
"7","0.1","1","false","false","false","true","false","false","false","1","1","1","0.25","1","0","0","0","100","0","25","0","10","2.5","2","60","1.6","0.4","20.5","6.7","16","8.21","365","14","1","0","0","299","299","20","86797","1249","510","1434","10","0","1044","false","530837","0","0","0","588","688","405"
"7","0.1","1","false","false","false","true","false","false","false","1","1","1","0.25","1","0","0","0","100","0","25","0","10","2.5","2","60","1.6","0.4","20.5","6.7","16","8.21","365","14","1","0","0","299","299","21","86490","1286","579","1621","23","1","1521","false","528088","0","1","0","665","811","456"
"7","0.1","1","false","false","false","true","false","false","false","1","1","1","0.25","1","0","0","0","100","0","25","0","10","2.5","2","60","1.6","0.4","20.5","6.7","16","8.21","365","14","1","0","0","299","299","22","86192","1248","679","1845","34","2","1930","false","523687","0","1","1","773","929","525"
"7","0.1","1","false","false","false","true","false","false","false","1","1","1","0.25","1","0","0","0","100","0","25","0","10","2.5","2","60","1.6","0.4","20.5","6.7","16","8.21","365","14","1","0","0","299","299","23","85850","1324","767","2009","48","2","2305","false","520148","0","1","1","861","1034","578"
"7","0.1","1","false","false","false","true","false","false","false","1","1","1","0.25","1","0","0","0","100","0","25","0","10","2.5","2","60","1.6","0.4","20.5","6.7","16","8.21","365","14","1","0","0","299","299","24","85545","1317","874","2190","72","2","2726","false","516977","0","1","1","992","1144","649"
"7","0.1","1","false","false","false","true","false","false","false","1","1","1","0.25","1","0","0","0","100","0","25","0","10","2.5","2","60","1.6","0.4","20.5","6.7","16","8.21","365","14","1","0","0","299","299","25","85225","1359","1003","2327","83","3","3213","false","513535","0","1","2","1122","1265","702"
"7","0.1","1","false","false","false","true","false","false","false","1","1","1","0.25","1","0","0","0","100","0","25","0","10","2.5","2","60","1.6","0.4","20.5","6.7","16","8.21","365","14","1","0","0","299","299","26","84957","1313","1122","2493","111","4","3684","false","509624","0","2","2","1228","1386","775"
"7","0.1","1","false","false","false","true","false","false","false","1","1","1","0.25","1","0","0","0","100","0","25","0","10","2.5","2","60","1.6","0.4","20.5","6.7","16","8.21","365","14","1","0","0","299","299","27","84680","1268","1220","2686","141","5","4037","false","505929","1","2","2","1346","1500","833"
"7","0.1","1","false","false","false","true","false","false","false","1","1","1","0.25","1","0","0","0","100","0","25","0","10","2.5","2","60","1.6","0.4","20.5","6.7","16","8.21","365","14","1","0","0","299","299","28","84397","1250","1305","2854","187","7","4499","false","503233","2","2","3","1459","1616","884"
"7","0.1","1","false","false","false","true","false","false","false","1","1","1","0.25","1","0","0","0","100","0","25","0","10","2.5","2","60","1.6","0.4","20.5","6.7","16","8.21","365","14","1","0","0","299","299","29","84085","1271","1419","2977","235","13","4920","false","499547","2","3","8","1575","1737","965"
"7","0.1","1","false","false","false","true","false","false","false","1","1","1","0.25","1","0","0","0","100","0","25","0","10","2.5","2","60","1.6","0.4","20.5","6.7","16","8.21","365","14","1","0","0","299","299","30","83818","1272","1533","3084","279","14","5335","false","495979","2","4","8","1679","1863","1028"
"7","0.1","1","false","false","false","true","false","false","false","1","1","1","0.25","1","0","0","0","100","0","25","0","10","2.5","2","60","1.6","0.4","20.5","6.7","16","8.21","365","14","1","0","0","299","299","31","83500","1291","1648","3210","335","16","5553","false","492500","2","4","10","1794","1985","1093"
"7","0.1","1","false","false","false","true","false","false","false","1","1","1","0.25","1","0","0","0","100","0","25","0","10","2.5","2","60","1.6","0.4","20.5","6.7","16","8.21","365","14","1","0","0","299","299","32","83144","1367","1726","3336","411","16","5804","false","490314","2","4","10","1900","2098","1157"
"7","0.1","1","false","false","false","true","false","false","false","1","1","1","0.25","1","0","0","0","100","0","25","0","10","2.5","2","60","1.6","0.4","20.5","6.7","16","8.21","365","14","1","0","0","299","299","33","82820","1385","1809","3464","505","17","5913","false","487894","2","4","11","2012","2227","1221"
"7","0.1","1","false","false","false","true","false","false","false","1","1","1","0.25","1","0","0","0","100","0","25","0","10","2.5","2","60","1.6","0.4","20.5","6.7","16","8.21","365","14","1","0","0","299","299","34","82432","1446","1879","3622","603","18","6028","false","486744","2","5","11","2116","2339","1299"
"7","0.1","1","false","false","false","true","false","false","false","1","1","1","0.25","1","0","0","0","100","0","25","0","10","2.5","2","60","1.6","0.4","20.5","6.7","16","8.21","365","14","1","0","0","299","299","35","82016","1547","1964","3721","728","24","6084","false","485419","2","6","16","2234","2462","1370"
"7","0.1","1","false","false","false","true","false","false","false","1","1","1","0.25","1","0","0","0","100","0","25","0","10","2.5","2","60","1.6","0.4","20.5","6.7","16","8.21","365","14","1","0","0","299","299","36","81561","1642","2047","3865","859","26","6279","false","484461","4","6","16","2358","2595","1460"
"7","0.1","1","false","false","false","true","false","false","false","1","1","1","0.25","1","0","0","0","100","0","25","0","10","2.5","2","60","1.6","0.4","20.5","6.7","16","8.21","365","14","1","0","0","299","299","37","81119","1722","2126","4008","998","27","6418","false","482475","4","6","17","2487","2730","1540"
"7","0.1","1","false","false","false","true","false","false","false","1","1","1","0.25","1","0","0","0","100","0","25","0","10","2.5","2","60","1.6","0.4","20.5","6.7","16","8.21","365","14","1","0","0","299","299","38","80622","1846","2193","4153","1156","30","6611","false","480954","5","7","18","2612","2864","1642"
"7","0.1","1","false","false","false","true","false","false","false","1","1","1","0.25","1","0","0","0","100","0","25","0","10","2.5","2","60","1.6","0.4","20.5","6.7","16","8.21","365","14","1","0","0","299","299","39","80139","1924","2261","4302","1335","39","6888","false","479095","8","7","24","2746","3024","1736"
"7","0.1","1","false","false","false","true","false","false","false","1","1","1","0.25","1","0","0","0","100","0","25","0","10","2.5","2","60","1.6","0.4","20.5","6.7","16","8.21","365","14","1","0","0","299","299","40","79662","1943","2325","4510","1519","41","7057","false","476493","8","7","26","2879","3191","1839"
"7","0.1","1","false","false","false","true","false","false","false","1","1","1","0.25","1","0","0","0","100","0","25","0","10","2.5","2","60","1.6","0.4","20.5","6.7","16","8.21","365","14","1","0","0","299","299","41","79130","2040","2359","4681","1744","46","7276","false","474856","8","8","30","3048","3333","1924"
"7","0.1","1","false","false","false","true","false","false","false","1","1","1","0.25","1","0","0","0","100","0","25","0","10","2.5","2","60","1.6","0.4","20.5","6.7","16","8.21","365","14","1","0","0","299","299","42","78681","2025","2471","4835","1941","47","7384","false","472700","8","8","31","3238","3525","2010"
"7","0.1","1","false","false","false","true","false","false","false","1","1","1","0.25","1","0","0","0","100","0","25","0","10","2.5","2","60","1.6","0.4","20.5","6.7","16","8.21","365","14","1","0","0","299","299","43","78126","2134","2568","4964","2159","49","7521","false","471329","8","8","33","3384","3716","2106"
"7","0.1","1","false","false","false","true","false","false","false","1","1","1","0.25","1","0","0","0","100","0","25","0","10","2.5","2","60","1.6","0.4","20.5","6.7","16","8.21","365","14","1","0","0","299","299","44","77545","2214","2667","5132","2390","52","7713","false","469724","8","8","36","3583","3906","2205"
"7","0.1","1","false","false","false","true","false","false","false","1","1","1","0.25","1","0","0","0","100","0","25","0","10","2.5","2","60","1.6","0.4","20.5","6.7","16","8.21","365","14","1","0","0","299","299","45","76991","2222","2744","5335","2653","55","7857","false","467797","8","8","39","3762","4109","2322"
"7","0.1","1","false","false","false","true","false","false","false","1","1","1","0.25","1","0","0","0","100","0","25","0","10","2.5","2","60","1.6","0.4","20.5","6.7","16","8.21","365","14","1","0","0","299","299","46","76423","2306","2831","5489","2893","58","8115","false","466357","8","8","42","3941","4287","2432"
"7","0.1","1","false","false","false","true","false","false","false","1","1","1","0.25","1","0","0","0","100","0","25","0","10","2.5","2","60","1.6","0.4","20.5","6.7","16","8.21","365","14","1","0","0","299","299","47","75894","2326","2914","5656","3149","61","8337","false","464029","9","8","44","4097","4494","2541"
"7","0.1","1","false","false","false","true","false","false","false","1","1","1","0.25","1","0","0","0","100","0","25","0","10","2.5","2","60","1.6","0.4","20.5","6.7","16","8.21","365","14","1","0","0","299","299","48","75349","2346","3020","5789","3430","66","8385","false","462055","10","10","46","4287","4717","2661"
"7","0.1","1","false","false","false","true","false","false","false","1","1","1","0.25","1","0","0","0","100","0","25","0","10","2.5","2","60","1.6","0.4","20.5","6.7","16","8.21","365","14","1","0","0","299","299","49","74781","2391","3143","5900","3716","69","8539","false","461327","10","11","48","4491","4955","2781"
"7","0.1","1","false","false","false","true","false","false","false","1","1","1","0.25","1","0","0","0","100","0","25","0","10","2.5","2","60","1.6","0.4","20.5","6.7","16","8.21","365","14","1","0","0","299","299","50","74184","2424","3235","6080","4005","72","8673","false","459808","11","12","49","4705","5165","2903"
"7","0.1","1","false","false","false","true","false","false","false","1","1","1","0.25","1","0","0","0","100","0","25","0","10","2.5","2","60","1.6","0.4","20.5","6.7","16","8.21","365","14","1","0","0","299","299","51","73537","2535","3347","6228","4278","75","8981","false","458463","12","14","49","4892","5374","3022"
"7","0.1","1","false","false","false","true","false","false","false","1","1","1","0.25","1","0","0","0","100","0","25","0","10","2.5","2","60","1.6","0.4","20.5","6.7","16","8.21","365","14","1","0","0","299","299","52","72958","2545","3420","6427","4569","81","9107","false","455780","12","18","51","5082","5582","3141"
"7","0.1","1","false","false","false","true","false","false","false","1","1","1","0.25","1","0","0","0","100","0","25","0","10","2.5","2","60","1.6","0.4","20.5","6.7","16","8.21","365","14","1","0","0","299","299","53","72350","2536","3532","6632","4863","87","9117","false","454417","15","19","53","5301","5814","3275"
"7","0.1","1","false","false","false","true","false","false","false","1","1","1","0.25","1","0","0","0","100","0","25","0","10","2.5","2","60","1.6","0.4","20.5","6.7","16","8.21","365","14","1","0","0","299","299","54","71665","2656","3654","6773","5164","88","9425","false","453908","15","19","54","5516","6046","3421"
"7","0.1","1","false","false","false","true","false","false","false","1","1","1","0.25","1","0","0","0","100","0","25","0","10","2.5","2","60","1.6","0.4","20.5","6.7","16","8.21","365","14","1","0","0","299","299","55","71044","2670","3763","6944","5488","91","9560","false","451513","15","21","55","5730","6274","3569"
"7","0.1","1","false","false","false","true","false","false","false","1","1","1","0.25","1","0","0","0","100","0","25","0","10","2.5","2","60","1.6","0.4","20.5","6.7","16","8.21","365","14","1","0","0","299","299","56","70380","2713","3869","7112","5826","100","9797","false","450050","17","23","60","5948","6531","3712"
"7","0.1","1","false","false","false","true","false","false","false","1","1","1","0.25","1","0","0","0","100","0","25","0","10","2.5","2","60","1.6","0.4","20.5","6.7","16","8.21","365","14","1","0","0","299","299","57","69745","2733","3958","7305","6154","105","10007","false","447787","18","24","63","6169","6770","3844"
"7","0.1","1","false","false","false","true","false","false","false","1","1","1","0.25","1","0","0","0","100","0","25","0","10","2.5","2","60","1.6","0.4","20.5","6.7","16","8.21","365","14","1","0","0","299","299","58","69097","2745","4069","7467","6512","110","10160","false","445965","20","25","65","6396","7010","3987"
"7","0.1","1","false","false","false","true","false","false","false","1","1","1","0.25","1","0","0","0","100","0","25","0","10","2.5","2","60","1.6","0.4","20.5","6.7","16","8.21","365","14","1","0","0","299","299","59","68453","2744","4181","7594","6912","116","10191","false","444532","20","26","70","6641","7255","4134"
"7","0.1","1","false","false","false","true","false","false","false","1","1","1","0.25","1","0","0","0","100","0","25","0","10","2.5","2","60","1.6","0.4","20.5","6.7","16","8.21","365","14","1","0","0","299","299","60","67797","2744","4299","7777","7263","120","10307","false","444038","21","27","72","6847","7530","4286"
"7","0.1","1","false","false","false","true","false","false","false","1","1","1","0.25","1","0","0","0","100","0","25","0","10","2.5","2","60","1.6","0.4","20.5","6.7","16","8.21","365","14","1","0","0","299","299","61","67105","2837","4396","7875","7666","121","10466","false","442840","21","28","72","7067","7769","4417"
"7","0.1","1","false","false","false","true","false","false","false","1","1","1","0.25","1","0","0","0","100","0","25","0","10","2.5","2","60","1.6","0.4","20.5","6.7","16","8.21","365","14","1","0","0","299","299","62","66404","2897","4525","8005","8039","130","10553","false","441372","22","30","78","7316","8033","4565"
"7","0.1","1","false","false","false","true","false","false","false","1","1","1","0.25","1","0","0","0","100","0","25","0","10","2.5","2","60","1.6","0.4","20.5","6.7","16","8.21","365","14","1","0","0","299","299","63","65707","2919","4630","8167","8441","136","10787","false","440422","23","31","82","7564","8297","4710"
"7","0.1","1","false","false","false","true","false","false","false","1","1","1","0.25","1","0","0","0","100","0","25","0","10","2.5","2","60","1.6","0.4","20.5","6.7","16","8.21","365","14","1","0","0","299","299","64","65023","2910","4747","8317","8864","139","10960","false","438216","23","32","84","7809","8579","4863"
"7","0.1","1","false","false","false","true","false","false","false","1","1","1","0.25","1","0","0","0","100","0","25","0","10","2.5","2","60","1.6","0.4","20.5","6.7","16","8.21","365","14","1","0","0","299","299","65","64261","2953","4864","8468","9306","148","11145","false","436697","25","35","88","8078","8863","5041"
"7","0.1","1","false","false","false","true","false","false","false","1","1","1","0.25","1","0","0","0","100","0","25","0","10","2.5","2","60","1.6","0.4","20.5","6.7","16","8.21","365","14","1","0","0","299","299","66","63513","3014","4973","8611","9729","160","11406","false","434852","25","38","97","8335","9115","5219"
"7","0.1","1","false","false","false","true","false","false","false","1","1","1","0.25","1","0","0","0","100","0","25","0","10","2.5","2","60","1.6","0.4","20.5","6.7","16","8.21","365","14","1","0","0","299","299","67","62800","3032","5067","8754","10179","168","11564","false","432444","26","38","104","8594","9366","5373"
"7","0.1","1","false","false","false","true","false","false","false","1","1","1","0.25","1","0","0","0","100","0","25","0","10","2.5","2","60","1.6","0.4","20.5","6.7","16","8.21","365","14","1","0","0","299","299","68","62069","3088","5158","8831","10680","174","11691","false","430922","26","40","108","8861","9616","5545"
"7","0.1","1","false","false","false","true","false","false","false","1","1","1","0.25","1","0","0","0","100","0","25","0","10","2.5","2","60","1.6","0.4","20.5","6.7","16","8.21","365","14","1","0","0","299","299","69","61349","3096","5211","8969","11193","182","11774","false","429511","26","41","115","9116","9890","5706"
"7","0.1","1","false","false","false","true","false","false","false","1","1","1","0.25","1","0","0","0","100","0","25","0","10","2.5","2","60","1.6","0.4","20.5","6.7","16","8.21","365","14","1","0","0","299","299","70","60588","3091","5307","9143","11681","190","11919","false","428557","29","42","119","9391","10171","5897"
"7","0.1","1","false","false","false","true","false","false","false","1","1","1","0.25","1","0","0","0","100","0","25","0","10","2.5","2","60","1.6","0.4","20.5","6.7","16","8.21","365","14","1","0","0","299","299","71","59808","3149","5356","9314","12168","205","11988","false","427284","32","43","130","9644","10443","6072"
"7","0.1","1","false","false","false","true","false","false","false","1","1","1","0.25","1","0","0","0","100","0","25","0","10","2.5","2","60","1.6","0.4","20.5","6.7","16","8.21","365","14","1","0","0","299","299","72","59020","3229","5446","9389","12701","215","12201","false","426397","33","47","135","9904","10725","6240"
"7","0.1","1","false","false","false","true","false","false","false","1","1","1","0.25","1","0","0","0","100","0","25","0","10","2.5","2","60","1.6","0.4","20.5","6.7","16","8.21","365","14","1","0","0","299","299","73","58258","3268","5516","9491","13243","224","12346","false","424524","35","49","140","10181","11000","6407"
"7","0.1","1","false","false","false","true","false","false","false","1","1","1","0.25","1","0","0","0","100","0","25","0","10","2.5","2","60","1.6","0.4","20.5","6.7","16","8.21","365","14","1","0","0","299","299","74","57549","3239","5594","9597","13787","234","12437","false","423037","35","52","147","10446","11318","6568"
"7","0.1","1","false","false","false","true","false","false","false","1","1","1","0.25","1","0","0","0","100","0","25","0","10","2.5","2","60","1.6","0.4","20.5","6.7","16","8.21","365","14","1","0","0","299","299","75","56773","3254","5683","9701","14343","246","12535","false","422059","36","56","154","10742","11626","6720"
"7","0.1","1","false","false","false","true","false","false","false","1","1","1","0.25","1","0","0","0","100","0","25","0","10","2.5","2","60","1.6","0.4","20.5","6.7","16","8.21","365","14","1","0","0","299","299","76","56001","3278","5760","9810","14895","256","12539","false","420977","38","58","160","10999","11916","6895"
"7","0.1","1","false","false","false","true","false","false","false","1","1","1","0.25","1","0","0","0","100","0","25","0","10","2.5","2","60","1.6","0.4","20.5","6.7","16","8.21","365","14","1","0","0","299","299","77","55266","3239","5855","9914","15461","265","12583","false","420631","40","59","166","11274","12226","7076"
"7","0.1","1","false","false","false","true","false","false","false","1","1","1","0.25","1","0","0","0","100","0","25","0","10","2.5","2","60","1.6","0.4","20.5","6.7","16","8.21","365","14","1","0","0","299","299","78","54446","3339","5913","9990","16040","272","12617","false","420205","40","61","171","11541","12518","7234"
"7","0.1","1","false","false","false","true","false","false","false","1","1","1","0.25","1","0","0","0","100","0","25","0","10","2.5","2","60","1.6","0.4","20.5","6.7","16","8.21","365","14","1","0","0","299","299","79","53680","3353","5978","10065","16639","285","12638","false","419565","41","64","180","11822","12802","7426"
"7","0.1","1","false","false","false","true","false","false","false","1","1","1","0.25","1","0","0","0","100","0","25","0","10","2.5","2","60","1.6","0.4","20.5","6.7","16","8.21","365","14","1","0","0","299","299","80","52863","3385","6058","10182","17222","290","12670","false","419150","41","66","183","12134","13084","7587"
"7","0.1","1","false","false","false","true","false","false","false","1","1","1","0.25","1","0","0","0","100","0","25","0","10","2.5","2","60","1.6","0.4","20.5","6.7","16","8.21","365","14","1","0","0","299","299","81","52064","3348","6130","10311","17844","303","12715","false","418612","41","70","192","12452","13412","7774"
"7","0.1","1","false","false","false","true","false","false","false","1","1","1","0.25","1","0","0","0","100","0","25","0","10","2.5","2","60","1.6","0.4","20.5","6.7","16","8.21","365","14","1","0","0","299","299","82","51262","3361","6180","10391","18491","315","12742","false","417884","42","71","202","12730","13729","7967"
"7","0.1","1","false","false","false","true","false","false","false","1","1","1","0.25","1","0","0","0","100","0","25","0","10","2.5","2","60","1.6","0.4","20.5","6.7","16","8.21","365","14","1","0","0","299","299","83","50450","3413","6219","10441","19152","325","12829","false","417619","45","73","207","12996","14054","8133"
"7","0.1","1","false","false","false","true","false","false","false","1","1","1","0.25","1","0","0","0","100","0","25","0","10","2.5","2","60","1.6","0.4","20.5","6.7","16","8.21","365","14","1","0","0","299","299","84","49635","3518","6283","10430","19801","333","12885","false","416670","47","74","212","13260","14369","8300"
"7","0.1","1","false","false","false","true","false","false","false","1","1","1","0.25","1","0","0","0","100","0","25","0","10","2.5","2","60","1.6","0.4","20.5","6.7","16","8.21","365","14","1","0","0","299","299","85","48804","3525","6356","10564","20405","346","12935","false","415972","48","78","220","13557","14668","8504"
"7","0.1","1","false","false","false","true","false","false","false","1","1","1","0.25","1","0","0","0","100","0","25","0","10","2.5","2","60","1.6","0.4","20.5","6.7","16","8.21","365","14","1","0","0","299","299","86","48025","3483","6413","10712","21011","356","12958","false","415528","50","80","226","13861","14963","8695"
"7","0.1","1","false","false","false","true","false","false","false","1","1","1","0.25","1","0","0","0","100","0","25","0","10","2.5","2","60","1.6","0.4","20.5","6.7","16","8.21","365","14","1","0","0","299","299","87","47191","3526","6461","10817","21642","363","13084","false","415068","51","82","230","14158","15260","8891"
"7","0.1","1","false","false","false","true","false","false","false","1","1","1","0.25","1","0","0","0","100","0","25","0","10","2.5","2","60","1.6","0.4","20.5","6.7","16","8.21","365","14","1","0","0","299","299","88","46412","3453","6513","10920","22324","378","13242","false","413931","57","85","236","14463","15594","9089"
"7","0.1","1","false","false","false","true","false","false","false","1","1","1","0.25","1","0","0","0","100","0","25","0","10","2.5","2","60","1.6","0.4","20.5","6.7","16","8.21","365","14","1","0","0","299","299","89","45595","3436","6596","10992","22991","390","13242","false","412623","59","90","241","14748","15942","9282"
"7","0.1","1","false","false","false","true","false","false","false","1","1","1","0.25","1","0","0","0","100","0","25","0","10","2.5","2","60","1.6","0.4","20.5","6.7","16","8.21","365","14","1","0","0","299","299","90","44856","3375","6620","11051","23703","395","13210","false","412291","60","90","245","15029","16265","9478"
"7","0.1","1","false","false","false","true","false","false","false","1","1","1","0.25","1","0","0","0","100","0","25","0","10","2.5","2","60","1.6","0.4","20.5","6.7","16","8.21","365","14","1","0","0","299","299","91","44113","3315","6663","11101","24403","405","13225","false","412289","61","91","253","15341","16601","9662"
"7","0.1","1","false","false","false","true","false","false","false","1","1","1","0.25","1","0","0","0","100","0","25","0","10","2.5","2","60","1.6","0.4","20.5","6.7","16","8.21","365","14","1","0","0","299","299","92","43367","3265","6734","11107","25111","416","13281","false","412038","61","97","258","15656","16897","9865"
"7","0.1","1","false","false","false","true","false","false","false","1","1","1","0.25","1","0","0","0","100","0","25","0","10","2.5","2","60","1.6","0.4","20.5","6.7","16","8.21","365","14","1","0","0","299","299","93","42593","3280","6789","11109","25802","427","13255","false","411555","62","98","267","15949","17189","10062"
"7","0.1","1","false","false","false","true","false","false","false","1","1","1","0.25","1","0","0","0","100","0","25","0","10","2.5","2","60","1.6","0.4","20.5","6.7","16","8.21","365","14","1","0","0","299","299","94","41887","3226","6803","11142","26500","442","13154","false","411681","66","100","276","16232","17478","10239"
"7","0.1","1","false","false","false","true","false","false","false","1","1","1","0.25","1","0","0","0","100","0","25","0","10","2.5","2","60","1.6","0.4","20.5","6.7","16","8.21","365","14","1","0","0","299","299","95","41103","3263","6830","11146","27199","459","13065","false","412358","69","106","284","16539","17785","10426"
"7","0.1","1","false","false","false","true","false","false","false","1","1","1","0.25","1","0","0","0","100","0","25","0","10","2.5","2","60","1.6","0.4","20.5","6.7","16","8.21","365","14","1","0","0","299","299","96","40367","3235","6833","11174","27921","470","13101","false","413121","71","108","291","16823","18076","10610"
"7","0.1","1","false","false","false","true","false","false","false","1","1","1","0.25","1","0","0","0","100","0","25","0","10","2.5","2","60","1.6","0.4","20.5","6.7","16","8.21","365","14","1","0","0","299","299","97","39580","3298","6814","11178","28649","481","13074","false","412739","74","109","298","17089","18360","10797"
"7","0.1","1","false","false","false","true","false","false","false","1","1","1","0.25","1","0","0","0","100","0","25","0","10","2.5","2","60","1.6","0.4","20.5","6.7","16","8.21","365","14","1","0","0","299","299","98","38863","3243","6792","11209","29396","497","13005","false","412923","75","112","310","17371","18663","10972"
"7","0.1","1","false","false","false","true","false","false","false","1","1","1","0.25","1","0","0","0","100","0","25","0","10","2.5","2","60","1.6","0.4","20.5","6.7","16","8.21","365","14","1","0","0","299","299","99","38148","3207","6759","11219","30154","513","13003","false","413456","77","115","321","17615","18977","11151"
"7","0.1","1","false","false","false","true","false","false","false","1","1","1","0.25","1","0","0","0","100","0","25","0","10","2.5","2","60","1.6","0.4","20.5","6.7","16","8.21","365","14","1","0","0","299","299","100","37459","3110","6794","11235","30872","530","12831","false","413279","80","119","331","17904","19309","11337"
"7","0.1","1","false","false","false","true","false","false","false","1","1","1","0.25","1","0","0","0","100","0","25","0","10","2.5","2","60","1.6","0.4","20.5","6.7","16","8.21","365","14","1","0","0","299","299","101","36767","3084","6764","11253","31586","546","12530","false","414356","83","126","337","18153","19572","11492"
"7","0.1","1","false","false","false","true","false","false","false","1","1","1","0.25","1","0","0","0","100","0","25","0","10","2.5","2","60","1.6","0.4","20.5","6.7","16","8.21","365","14","1","0","0","299","299","102","36063","3022","6780","11241","32332","562","12323","false","416453","87","129","346","18441","19903","11662"
"7","0.1","1","false","false","false","true","false","false","false","1","1","1","0.25","1","0","0","0","100","0","25","0","10","2.5","2","60","1.6","0.4","20.5","6.7","16","8.21","365","14","1","0","0","299","299","103","35319","3071","6810","11162","33067","571","12161","false","418097","88","133","350","18725","20196","11840"
"7","0.1","1","false","false","false","true","false","false","false","1","1","1","0.25","1","0","0","0","100","0","25","0","10","2.5","2","60","1.6","0.4","20.5","6.7","16","8.21","365","14","1","0","0","299","299","104","34579","3096","6810","11087","33845","583","12036","false","419293","90","136","357","18977","20495","12013"
"7","0.1","1","false","false","false","true","false","false","false","1","1","1","0.25","1","0","0","0","100","0","25","0","10","2.5","2","60","1.6","0.4","20.5","6.7","16","8.21","365","14","1","0","0","299","299","105","33851","3108","6811","11038","34598","594","11903","false","420051","92","138","364","19235","20778","12205"
"7","0.1","1","false","false","false","true","false","false","false","1","1","1","0.25","1","0","0","0","100","0","25","0","10","2.5","2","60","1.6","0.4","20.5","6.7","16","8.21","365","14","1","0","0","299","299","106","33143","3068","6756","11073","35358","602","11875","false","421044","95","141","366","19507","21061","12384"
"7","0.1","1","false","false","false","true","false","false","false","1","1","1","0.25","1","0","0","0","100","0","25","0","10","2.5","2","60","1.6","0.4","20.5","6.7","16","8.21","365","14","1","0","0","299","299","107","32453","3066","6692","11021","36157","611","11711","false","421255","95","144","372","19757","21316","12543"
"7","0.1","1","false","false","false","true","false","false","false","1","1","1","0.25","1","0","0","0","100","0","25","0","10","2.5","2","60","1.6","0.4","20.5","6.7","16","8.21","365","14","1","0","0","299","299","108","31752","3031","6699","11007","36887","624","11653","false","422420","98","148","378","20033","21618","12705"
"7","0.1","1","false","false","false","true","false","false","false","1","1","1","0.25","1","0","0","0","100","0","25","0","10","2.5","2","60","1.6","0.4","20.5","6.7","16","8.21","365","14","1","0","0","299","299","109","31099","2970","6679","10919","37698","635","11566","false","422819","98","151","386","20275","21918","12866"
"7","0.1","1","false","false","false","true","false","false","false","1","1","1","0.25","1","0","0","0","100","0","25","0","10","2.5","2","60","1.6","0.4","20.5","6.7","16","8.21","365","14","1","0","0","299","299","110","30429","2922","6645","10875","38480","649","11368","false","423692","101","155","393","20545","22196","13032"
"7","0.1","1","false","false","false","true","false","false","false","1","1","1","0.25","1","0","0","0","100","0","25","0","10","2.5","2","60","1.6","0.4","20.5","6.7","16","8.21","365","14","1","0","0","299","299","111","29784","2867","6592","10826","39265","666","11205","false","425315","103","163","400","20791","22507","13181"
"7","0.1","1","false","false","false","true","false","false","false","1","1","1","0.25","1","0","0","0","100","0","25","0","10","2.5","2","60","1.6","0.4","20.5","6.7","16","8.21","365","14","1","0","0","299","299","112","29151","2826","6583","10740","40024","676","11002","false","426547","104","164","408","21035","22793","13335"
"7","0.1","1","false","false","false","true","false","false","false","1","1","1","0.25","1","0","0","0","100","0","25","0","10","2.5","2","60","1.6","0.4","20.5","6.7","16","8.21","365","14","1","0","0","299","299","113","28456","2861","6546","10637","40804","696","10958","false","428346","109","167","420","21285","23070","13492"
"7","0.1","1","false","false","false","true","false","false","false","1","1","1","0.25","1","0","0","0","100","0","25","0","10","2.5","2","60","1.6","0.4","20.5","6.7","16","8.21","365","14","1","0","0","299","299","114","27831","2805","6522","10594","41540","708","10920","false","428679","111","172","425","21541","23339","13672"
"7","0.1","1","false","false","false","true","false","false","false","1","1","1","0.25","1","0","0","0","100","0","25","0","10","2.5","2","60","1.6","0.4","20.5","6.7","16","8.21","365","14","1","0","0","299","299","115","27195","2755","6461","10538","42331","720","10907","false","429112","113","177","430","21799","23597","13834"
"7","0.1","1","false","false","false","true","false","false","false","1","1","1","0.25","1","0","0","0","100","0","25","0","10","2.5","2","60","1.6","0.4","20.5","6.7","16","8.21","365","14","1","0","0","299","299","116","26589","2743","6431","10412","43084","741","10816","false","429180","117","179","445","22051","23843","13997"
"7","0.1","1","false","false","false","true","false","false","false","1","1","1","0.25","1","0","0","0","100","0","25","0","10","2.5","2","60","1.6","0.4","20.5","6.7","16","8.21","365","14","1","0","0","299","299","117","25979","2708","6410","10326","43820","757","10629","false","429799","119","184","454","22302","24105","14145"
"7","0.1","1","false","false","false","true","false","false","false","1","1","1","0.25","1","0","0","0","100","0","25","0","10","2.5","2","60","1.6","0.4","20.5","6.7","16","8.21","365","14","1","0","0","299","299","118","25398","2656","6355","10225","44595","771","10517","false","431338","123","187","461","22534","24372","14262"
"7","0.1","1","false","false","false","true","false","false","false","1","1","1","0.25","1","0","0","0","100","0","25","0","10","2.5","2","60","1.6","0.4","20.5","6.7","16","8.21","365","14","1","0","0","299","299","119","24875","2565","6297","10114","45369","780","10298","false","432268","124","189","467","22787","24613","14408"
"7","0.1","1","false","false","false","true","false","false","false","1","1","1","0.25","1","0","0","0","100","0","25","0","10","2.5","2","60","1.6","0.4","20.5","6.7","16","8.21","365","14","1","0","0","299","299","120","24353","2466","6234","10015","46131","801","10154","false","434045","125","196","480","22999","24857","14575"
"7","0.1","1","false","false","false","true","false","false","false","1","1","1","0.25","1","0","0","0","100","0","25","0","10","2.5","2","60","1.6","0.4","20.5","6.7","16","8.21","365","14","1","0","0","299","299","121","23835","2371","6173","9898","46910","813","9890","false","434929","126","196","491","23217","25105","14720"
"7","0.1","1","false","false","false","true","false","false","false","1","1","1","0.25","1","0","0","0","100","0","25","0","10","2.5","2","60","1.6","0.4","20.5","6.7","16","8.21","365","14","1","0","0","299","299","122","23274","2347","6137","9772","47644","826","9801","false","437061","127","198","501","23466","25344","14852"
"7","0.1","1","false","false","false","true","false","false","false","1","1","1","0.25","1","0","0","0","100","0","25","0","10","2.5","2","60","1.6","0.4","20.5","6.7","16","8.21","365","14","1","0","0","299","299","123","22723","2363","6129","9594","48353","838","9631","false","437725","129","201","508","23680","25567","14987"
"7","0.1","1","false","false","false","true","false","false","false","1","1","1","0.25","1","0","0","0","100","0","25","0","10","2.5","2","60","1.6","0.4","20.5","6.7","16","8.21","365","14","1","0","0","299","299","124","22196","2343","6061","9467","49086","847","9560","false","439041","131","204","512","23887","25786","15118"
"7","0.1","1","false","false","false","true","false","false","false","1","1","1","0.25","1","0","0","0","100","0","25","0","10","2.5","2","60","1.6","0.4","20.5","6.7","16","8.21","365","14","1","0","0","299","299","125","21690","2322","6008","9320","49797","863","9342","false","439594","135","208","520","24077","26002","15256"
"7","0.1","1","false","false","false","true","false","false","false","1","1","1","0.25","1","0","0","0","100","0","25","0","10","2.5","2","60","1.6","0.4","20.5","6.7","16","8.21","365","14","1","0","0","299","299","126","21175","2291","5924","9184","50553","873","9217","false","441182","135","209","529","24288","26212","15384"
"7","0.1","1","false","false","false","true","false","false","false","1","1","1","0.25","1","0","0","0","100","0","25","0","10","2.5","2","60","1.6","0.4","20.5","6.7","16","8.21","365","14","1","0","0","299","299","127","20640","2259","5853","9071","51298","879","9000","false","442072","136","212","531","24482","26441","15509"
"7","0.1","1","false","false","false","true","false","false","false","1","1","1","0.25","1","0","0","0","100","0","25","0","10","2.5","2","60","1.6","0.4","20.5","6.7","16","8.21","365","14","1","0","0","299","299","128","20113","2228","5775","9013","51974","897","8808","false","443802","137","218","542","24677","26663","15624"
"7","0.1","1","false","false","false","true","false","false","false","1","1","1","0.25","1","0","0","0","100","0","25","0","10","2.5","2","60","1.6","0.4","20.5","6.7","16","8.21","365","14","1","0","0","299","299","129","19592","2228","5720","8866","52687","907","8668","false","445359","138","220","549","24887","26892","15729"
"7","0.1","1","false","false","false","true","false","false","false","1","1","1","0.25","1","0","0","0","100","0","25","0","10","2.5","2","60","1.6","0.4","20.5","6.7","16","8.21","365","14","1","0","0","299","299","130","19090","2203","5651","8769","53369","918","8551","false","446732","138","222","558","25085","27114","15846"
"7","0.1","1","false","false","false","true","false","false","false","1","1","1","0.25","1","0","0","0","100","0","25","0","10","2.5","2","60","1.6","0.4","20.5","6.7","16","8.21","365","14","1","0","0","299","299","131","18606","2161","5576","8648","54081","928","8452","false","447904","140","225","563","25276","27324","15974"
"7","0.1","1","false","false","false","true","false","false","false","1","1","1","0.25","1","0","0","0","100","0","25","0","10","2.5","2","60","1.6","0.4","20.5","6.7","16","8.21","365","14","1","0","0","299","299","132","18152","2101","5487","8516","54799","945","8296","false","449032","142","231","572","25470","27529","16091"
"7","0.1","1","false","false","false","true","false","false","false","1","1","1","0.25","1","0","0","0","100","0","25","0","10","2.5","2","60","1.6","0.4","20.5","6.7","16","8.21","365","14","1","0","0","299","299","133","17702","2044","5448","8369","55484","953","8148","false","450045","142","234","577","25668","27740","16234"
"7","0.1","1","false","false","false","true","false","false","false","1","1","1","0.25","1","0","0","0","100","0","25","0","10","2.5","2","60","1.6","0.4","20.5","6.7","16","8.21","365","14","1","0","0","299","299","134","17269","1984","5371","8247","56166","963","7953","false","451266","143","235","585","25850","27946","16348"
"7","0.1","1","false","false","false","true","false","false","false","1","1","1","0.25","1","0","0","0","100","0","25","0","10","2.5","2","60","1.6","0.4","20.5","6.7","16","8.21","365","14","1","0","0","299","299","135","16814","1983","5309","8091","56828","975","7886","false","452818","145","236","594","26011","28135","16470"
"7","0.1","1","false","false","false","true","false","false","false","1","1","1","0.25","1","0","0","0","100","0","25","0","10","2.5","2","60","1.6","0.4","20.5","6.7","16","8.21","365","14","1","0","0","299","299","136","16385","1961","5236","7957","57478","983","7742","false","453339","145","238","600","26199","28331","16562"
"7","0.1","1","false","false","false","true","false","false","false","1","1","1","0.25","1","0","0","0","100","0","25","0","10","2.5","2","60","1.6","0.4","20.5","6.7","16","8.21","365","14","1","0","0","299","299","137","15969","1916","5152","7812","58156","995","7665","false","454610","147","239","609","26387","28530","16674"
"7","0.1","1","false","false","false","true","false","false","false","1","1","1","0.25","1","0","0","0","100","0","25","0","10","2.5","2","60","1.6","0.4","20.5","6.7","16","8.21","365","14","1","0","0","299","299","138","15555","1846","5076","7742","58779","1002","7551","false","455413","147","241","614","26551","28703","16774"
"7","0.1","1","false","false","false","true","false","false","false","1","1","1","0.25","1","0","0","0","100","0","25","0","10","2.5","2","60","1.6","0.4","20.5","6.7","16","8.21","365","14","1","0","0","299","299","139","15155","1824","5018","7612","59383","1008","7359","false","456570","148","242","618","26737","28867","16867"
"7","0.1","1","false","false","false","true","false","false","false","1","1","1","0.25","1","0","0","0","100","0","25","0","10","2.5","2","60","1.6","0.4","20.5","6.7","16","8.21","365","14","1","0","0","299","299","140","14765","1781","4941","7529","59966","1018","7276","false","458264","149","244","625","26911","29048","16966"
"7","0.1","1","false","false","false","true","false","false","false","1","1","1","0.25","1","0","0","0","100","0","25","0","10","2.5","2","60","1.6","0.4","20.5","6.7","16","8.21","365","14","1","0","0","299","299","141","14344","1760","4843","7427","60600","1026","7145","false","458996","149","247","630","27063","29207","17076"
"7","0.1","1","false","false","false","true","false","false","false","1","1","1","0.25","1","0","0","0","100","0","25","0","10","2.5","2","60","1.6","0.4","20.5","6.7","16","8.21","365","14","1","0","0","299","299","142","14004","1697","4788","7278","61200","1033","7002","false","460094","150","249","634","27216","29387","17180"
"7","0.1","1","false","false","false","true","false","false","false","1","1","1","0.25","1","0","0","0","100","0","25","0","10","2.5","2","60","1.6","0.4","20.5","6.7","16","8.21","365","14","1","0","0","299","299","143","13588","1714","4724","7152","61780","1042","6919","false","461353","151","249","642","27356","29575","17277"
"7","0.1","1","false","false","false","true","false","false","false","1","1","1","0.25","1","0","0","0","100","0","25","0","10","2.5","2","60","1.6","0.4","20.5","6.7","16","8.21","365","14","1","0","0","299","299","144","13237","1656","4654","7053","62349","1051","6835","false","462064","152","251","648","27498","29744","17375"
"7","0.1","1","false","false","false","true","false","false","false","1","1","1","0.25","1","0","0","0","100","0","25","0","10","2.5","2","60","1.6","0.4","20.5","6.7","16","8.21","365","14","1","0","0","299","299","145","12878","1614","4554","6955","62941","1058","6756","false","462890","153","252","653","27641","29920","17454"
"7","0.1","1","false","false","false","true","false","false","false","1","1","1","0.25","1","0","0","0","100","0","25","0","10","2.5","2","60","1.6","0.4","20.5","6.7","16","8.21","365","14","1","0","0","299","299","146","12555","1517","4470","6839","63555","1064","6536","false","463631","155","253","656","27796","30087","17550"
"7","0.1","1","false","false","false","true","false","false","false","1","1","1","0.25","1","0","0","0","100","0","25","0","10","2.5","2","60","1.6","0.4","20.5","6.7","16","8.21","365","14","1","0","0","299","299","147","12214","1480","4399","6736","64104","1067","6436","false","465368","155","254","658","27925","30258","17634"
"7","0.1","1","false","false","false","true","false","false","false","1","1","1","0.25","1","0","0","0","100","0","25","0","10","2.5","2","60","1.6","0.4","20.5","6.7","16","8.21","365","14","1","0","0","299","299","148","11897","1449","4317","6570","64682","1085","6305","false","466316","160","259","666","28073","30392","17717"
"7","0.1","1","false","false","false","true","false","false","false","1","1","1","0.25","1","0","0","0","100","0","25","0","10","2.5","2","60","1.6","0.4","20.5","6.7","16","8.21","365","14","1","0","0","299","299","149","11558","1420","4250","6452","65222","1098","6104","false","467150","161","260","677","28215","30553","17793"
"7","0.1","1","false","false","false","true","false","false","false","1","1","1","0.25","1","0","0","0","100","0","25","0","10","2.5","2","60","1.6","0.4","20.5","6.7","16","8.21","365","14","1","0","0","299","299","150","11229","1433","4186","6289","65760","1103","5986","false","468700","161","261","681","28368","30690","17869"
"7","0.1","1","false","false","false","true","false","false","false","1","1","1","0.25","1","0","0","0","100","0","25","0","10","2.5","2","60","1.6","0.4","20.5","6.7","16","8.21","365","14","1","0","0","299","299","151","10942","1390","4095","6161","66296","1116","5864","false","469570","162","264","690","28495","30820","17929"
"7","0.1","1","false","false","false","true","false","false","false","1","1","1","0.25","1","0","0","0","100","0","25","0","10","2.5","2","60","1.6","0.4","20.5","6.7","16","8.21","365","14","1","0","0","299","299","152","10640","1380","4027","5999","66831","1123","5755","false","470658","165","264","694","28612","30954","17997"
"7","0.1","1","false","false","false","true","false","false","false","1","1","1","0.25","1","0","0","0","100","0","25","0","10","2.5","2","60","1.6","0.4","20.5","6.7","16","8.21","365","14","1","0","0","299","299","153","10367","1282","3963","5945","67312","1131","5545","false","471716","166","264","701","28732","31113","18064"
"7","0.1","1","false","false","false","true","false","false","false","1","1","1","0.25","1","0","0","0","100","0","25","0","10","2.5","2","60","1.6","0.4","20.5","6.7","16","8.21","365","14","1","0","0","299","299","154","10077","1245","3887","5827","67826","1138","5460","false","473432","166","266","706","28870","31233","18136"
"7","0.1","1","false","false","false","true","false","false","false","1","1","1","0.25","1","0","0","0","100","0","25","0","10","2.5","2","60","1.6","0.4","20.5","6.7","16","8.21","365","14","1","0","0","299","299","155","9789","1244","3821","5686","68313","1147","5325","false","474204","167","271","709","28993","31350","18215"
"7","0.1","1","false","false","false","true","false","false","false","1","1","1","0.25","1","0","0","0","100","0","25","0","10","2.5","2","60","1.6","0.4","20.5","6.7","16","8.21","365","14","1","0","0","299","299","156","9519","1208","3761","5566","68794","1152","5127","false","475299","168","273","711","29131","31474","18295"
"7","0.1","1","false","false","false","true","false","false","false","1","1","1","0.25","1","0","0","0","100","0","25","0","10","2.5","2","60","1.6","0.4","20.5","6.7","16","8.21","365","14","1","0","0","299","299","157","9259","1204","3695","5439","69245","1158","4933","false","476741","169","275","714","29235","31588","18363"
"7","0.1","1","false","false","false","true","false","false","false","1","1","1","0.25","1","0","0","0","100","0","25","0","10","2.5","2","60","1.6","0.4","20.5","6.7","16","8.21","365","14","1","0","0","299","299","158","8987","1196","3618","5316","69718","1165","4872","false","478351","169","276","720","29338","31718","18427"
"7","0.1","1","false","false","false","true","false","false","false","1","1","1","0.25","1","0","0","0","100","0","25","0","10","2.5","2","60","1.6","0.4","20.5","6.7","16","8.21","365","14","1","0","0","299","299","159","8694","1207","3524","5192","70208","1175","4797","false","478922","171","276","728","29463","31813","18493"
"7","0.1","1","false","false","false","true","false","false","false","1","1","1","0.25","1","0","0","0","100","0","25","0","10","2.5","2","60","1.6","0.4","20.5","6.7","16","8.21","365","14","1","0","0","299","299","160","8460","1162","3428","5063","70702","1185","4646","false","479670","174","278","733","29577","31904","18560"
"7","0.1","1","false","false","false","true","false","false","false","1","1","1","0.25","1","0","0","0","100","0","25","0","10","2.5","2","60","1.6","0.4","20.5","6.7","16","8.21","365","14","1","0","0","299","299","161","8269","1073","3353","4986","71125","1194","4510","false","480913","175","281","738","29686","32031","18616"
"7","0.1","1","false","false","false","true","false","false","false","1","1","1","0.25","1","0","0","0","100","0","25","0","10","2.5","2","60","1.6","0.4","20.5","6.7","16","8.21","365","14","1","0","0","299","299","162","8032","1021","3276","4912","71559","1200","4407","false","482209","176","281","743","29812","32136","18684"
"7","0.1","1","false","false","false","true","false","false","false","1","1","1","0.25","1","0","0","0","100","0","25","0","10","2.5","2","60","1.6","0.4","20.5","6.7","16","8.21","365","14","1","0","0","299","299","163","7785","985","3209","4822","71994","1205","4357","false","482989","178","283","744","29905","32242","18751"
"7","0.1","1","false","false","false","true","false","false","false","1","1","1","0.25","1","0","0","0","100","0","25","0","10","2.5","2","60","1.6","0.4","20.5","6.7","16","8.21","365","14","1","0","0","299","299","164","7568","977","3128","4670","72443","1214","4232","false","483559","178","288","748","29985","32344","18801"
"7","0.1","1","false","false","false","true","false","false","false","1","1","1","0.25","1","0","0","0","100","0","25","0","10","2.5","2","60","1.6","0.4","20.5","6.7","16","8.21","365","14","1","0","0","299","299","165","7346","969","3049","4593","72827","1216","4132","false","484527","178","288","750","30090","32418","18858"
"7","0.1","1","false","false","false","true","false","false","false","1","1","1","0.25","1","0","0","0","100","0","25","0","10","2.5","2","60","1.6","0.4","20.5","6.7","16","8.21","365","14","1","0","0","299","299","166","7117","956","2986","4475","73242","1224","3982","false","485484","178","289","757","30170","32521","18918"
"7","0.1","1","false","false","false","true","false","false","false","1","1","1","0.25","1","0","0","0","100","0","25","0","10","2.5","2","60","1.6","0.4","20.5","6.7","16","8.21","365","14","1","0","0","299","299","167","6923","921","2931","4374","73619","1232","3895","false","486842","179","292","761","30258","32616","18991"
"7","0.1","1","false","false","false","true","false","false","false","1","1","1","0.25","1","0","0","0","100","0","25","0","10","2.5","2","60","1.6","0.4","20.5","6.7","16","8.21","365","14","1","0","0","299","299","168","6750","881","2857","4236","74034","1242","3788","false","487577","181","293","768","30348","32698","19038"
"7","0.1","1","false","false","false","true","false","false","false","1","1","1","0.25","1","0","0","0","100","0","25","0","10","2.5","2","60","1.6","0.4","20.5","6.7","16","8.21","365","14","1","0","0","299","299","169","6551","858","2808","4136","74399","1248","3736","false","488559","181","296","771","30435","32791","19093"
"7","0.1","1","false","false","false","true","false","false","false","1","1","1","0.25","1","0","0","0","100","0","25","0","10","2.5","2","60","1.6","0.4","20.5","6.7","16","8.21","365","14","1","0","0","299","299","170","6384","826","2702","4016","74812","1260","3690","false","489153","181","299","780","30521","32876","19160"
"7","0.1","1","false","false","false","true","false","false","false","1","1","1","0.25","1","0","0","0","100","0","25","0","10","2.5","2","60","1.6","0.4","20.5","6.7","16","8.21","365","14","1","0","0","299","299","171","6229","788","2634","3890","75193","1266","3540","false","489404","181","301","784","30594","32962","19214"
"7","0.1","1","false","false","false","true","false","false","false","1","1","1","0.25","1","0","0","0","100","0","25","0","10","2.5","2","60","1.6","0.4","20.5","6.7","16","8.21","365","14","1","0","0","299","299","172","6065","765","2563","3792","75545","1270","3418","false","490611","181","303","786","30664","33045","19252"
"7","0.1","1","false","false","false","true","false","false","false","1","1","1","0.25","1","0","0","0","100","0","25","0","10","2.5","2","60","1.6","0.4","20.5","6.7","16","8.21","365","14","1","0","0","299","299","173","5910","740","2475","3696","75905","1274","3285","false","491618","182","304","788","30737","33117","19288"
"7","0.1","1","false","false","false","true","false","false","false","1","1","1","0.25","1","0","0","0","100","0","25","0","10","2.5","2","60","1.6","0.4","20.5","6.7","16","8.21","365","14","1","0","0","299","299","174","5754","717","2411","3625","76213","1280","3172","false","492824","182","306","792","30798","33194","19340"
"7","0.1","1","false","false","false","true","false","false","false","1","1","1","0.25","1","0","0","0","100","0","25","0","10","2.5","2","60","1.6","0.4","20.5","6.7","16","8.21","365","14","1","0","0","299","299","175","5584","705","2333","3560","76533","1285","3087","false","493818","183","307","795","30863","33265","19378"
"7","0.1","1","false","false","false","true","false","false","false","1","1","1","0.25","1","0","0","0","100","0","25","0","10","2.5","2","60","1.6","0.4","20.5","6.7","16","8.21","365","14","1","0","0","299","299","176","5440","676","2247","3486","76862","1289","2898","false","494554","183","308","798","30933","33326","19412"
"7","0.1","1","false","false","false","true","false","false","false","1","1","1","0.25","1","0","0","0","100","0","25","0","10","2.5","2","60","1.6","0.4","20.5","6.7","16","8.21","365","14","1","0","0","299","299","177","5283","695","2199","3345","77186","1292","2833","false","496033","183","309","800","30982","33397","19449"
"7","0.1","1","false","false","false","true","false","false","false","1","1","1","0.25","1","0","0","0","100","0","25","0","10","2.5","2","60","1.6","0.4","20.5","6.7","16","8.21","365","14","1","0","0","299","299","178","5156","646","2167","3269","77468","1294","2694","false","496613","184","310","800","31045","33479","19506"
"7","0.1","1","false","false","false","true","false","false","false","1","1","1","0.25","1","0","0","0","100","0","25","0","10","2.5","2","60","1.6","0.4","20.5","6.7","16","8.21","365","14","1","0","0","299","299","179","5031","608","2088","3191","77782","1300","2576","false","497800","184","312","804","31097","33534","19553"
"7","0.1","1","false","false","false","true","false","false","false","1","1","1","0.25","1","0","0","0","100","0","25","0","10","2.5","2","60","1.6","0.4","20.5","6.7","16","8.21","365","14","1","0","0","299","299","180","4898","598","2014","3105","78079","1306","2522","false","498724","184","316","806","31133","33589","19588"
"7","0.1","1","false","false","false","true","false","false","false","1","1","1","0.25","1","0","0","0","100","0","25","0","10","2.5","2","60","1.6","0.4","20.5","6.7","16","8.21","365","14","1","0","0","299","299","181","4760","598","1952","3008","78371","1311","2434","false","499209","185","319","807","31188","33633","19616"
"7","0.1","1","false","false","false","true","false","false","false","1","1","1","0.25","1","0","0","0","100","0","25","0","10","2.5","2","60","1.6","0.4","20.5","6.7","16","8.21","365","14","1","0","0","299","299","182","4623","594","1913","2926","78628","1316","2365","false","500017","187","319","810","31242","33688","19651"
"7","0.1","1","false","false","false","true","false","false","false","1","1","1","0.25","1","0","0","0","100","0","25","0","10","2.5","2","60","1.6","0.4","20.5","6.7","16","8.21","365","14","1","0","0","299","299","183","4524","556","1883","2838","78878","1321","2220","false","500675","187","322","812","31293","33762","19685"
"7","0.1","1","false","false","false","true","false","false","false","1","1","1","0.25","1","0","0","0","100","0","25","0","10","2.5","2","60","1.6","0.4","20.5","6.7","16","8.21","365","14","1","0","0","299","299","184","4411","540","1809","2742","79171","1327","2163","false","501820","188","324","815","31344","33815","19715"
"7","0.1","1","false","false","false","true","false","false","false","1","1","1","0.25","1","0","0","0","100","0","25","0","10","2.5","2","60","1.6","0.4","20.5","6.7","16","8.21","365","14","1","0","0","299","299","185","4288","530","1756","2662","79432","1332","2071","false","502249","188","326","818","31398","33882","19749"
"7","0.1","1","false","false","false","true","false","false","false","1","1","1","0.25","1","0","0","0","100","0","25","0","10","2.5","2","60","1.6","0.4","20.5","6.7","16","8.21","365","14","1","0","0","299","299","186","4176","497","1716","2596","79679","1336","2039","false","503042","188","326","822","31457","33947","19786"
"7","0.1","1","false","false","false","true","false","false","false","1","1","1","0.25","1","0","0","0","100","0","25","0","10","2.5","2","60","1.6","0.4","20.5","6.7","16","8.21","365","14","1","0","0","299","299","187","4074","475","1658","2530","79926","1337","2013","false","503388","188","326","823","31497","33998","19813"
"7","0.1","1","false","false","false","true","false","false","false","1","1","1","0.25","1","0","0","0","100","0","25","0","10","2.5","2","60","1.6","0.4","20.5","6.7","16","8.21","365","14","1","0","0","299","299","188","3973","453","1615","2463","80157","1339","1970","false","503741","188","327","824","31543","34046","19844"
"7","0.1","1","false","false","false","true","false","false","false","1","1","1","0.25","1","0","0","0","100","0","25","0","10","2.5","2","60","1.6","0.4","20.5","6.7","16","8.21","365","14","1","0","0","299","299","189","3868","462","1556","2400","80371","1343","1896","false","504231","188","330","825","31574","34091","19866"
"7","0.1","1","false","false","false","true","false","false","false","1","1","1","0.25","1","0","0","0","100","0","25","0","10","2.5","2","60","1.6","0.4","20.5","6.7","16","8.21","365","14","1","0","0","299","299","190","3788","436","1518","2316","80595","1347","1833","false","504887","188","332","827","31607","34136","19892"
"7","0.1","1","false","false","false","true","false","false","false","1","1","1","0.25","1","0","0","0","100","0","25","0","10","2.5","2","60","1.6","0.4","20.5","6.7","16","8.21","365","14","1","0","0","299","299","191","3697","410","1485","2253","80803","1352","1812","false","505435","188","334","830","31652","34181","19921"
"7","0.1","1","false","false","false","true","false","false","false","1","1","1","0.25","1","0","0","0","100","0","25","0","10","2.5","2","60","1.6","0.4","20.5","6.7","16","8.21","365","14","1","0","0","299","299","192","3615","397","1422","2179","81032","1355","1757","false","505670","188","335","832","31680","34235","19944"
"7","0.1","1","false","false","false","true","false","false","false","1","1","1","0.25","1","0","0","0","100","0","25","0","10","2.5","2","60","1.6","0.4","20.5","6.7","16","8.21","365","14","1","0","0","299","299","193","3534","367","1364","2127","81251","1357","1680","false","506138","188","337","832","31720","34267","19979"
"7","0.1","1","false","false","false","true","false","false","false","1","1","1","0.25","1","0","0","0","100","0","25","0","10","2.5","2","60","1.6","0.4","20.5","6.7","16","8.21","365","14","1","0","0","299","299","194","3457","359","1333","2043","81447","1361","1582","false","506720","188","339","834","31755","34303","20009"
"7","0.1","1","false","false","false","true","false","false","false","1","1","1","0.25","1","0","0","0","100","0","25","0","10","2.5","2","60","1.6","0.4","20.5","6.7","16","8.21","365","14","1","0","0","299","299","195","3385","338","1293","1940","81680","1364","1522","false","507589","189","339","836","31789","34346","20033"
"7","0.1","1","false","false","false","true","false","false","false","1","1","1","0.25","1","0","0","0","100","0","25","0","10","2.5","2","60","1.6","0.4","20.5","6.7","16","8.21","365","14","1","0","0","299","299","196","3323","317","1253","1871","81871","1365","1469","false","508140","189","340","836","31817","34382","20053"
"7","0.1","1","false","false","false","true","false","false","false","1","1","1","0.25","1","0","0","0","100","0","25","0","10","2.5","2","60","1.6","0.4","20.5","6.7","16","8.21","365","14","1","0","0","299","299","197","3253","299","1208","1820","82052","1368","1432","false","508550","189","341","838","31850","34410","20073"
"7","0.1","1","false","false","false","true","false","false","false","1","1","1","0.25","1","0","0","0","100","0","25","0","10","2.5","2","60","1.6","0.4","20.5","6.7","16","8.21","365","14","1","0","0","299","299","198","3203","284","1170","1752","82221","1370","1372","false","508901","190","341","839","31884","34438","20096"
"7","0.1","1","false","false","false","true","false","false","false","1","1","1","0.25","1","0","0","0","100","0","25","0","10","2.5","2","60","1.6","0.4","20.5","6.7","16","8.21","365","14","1","0","0","299","299","199","3146","271","1143","1667","82401","1372","1300","false","509413","190","341","841","31910","34473","20110"
"7","0.1","1","false","false","false","true","false","false","false","1","1","1","0.25","1","0","0","0","100","0","25","0","10","2.5","2","60","1.6","0.4","20.5","6.7","16","8.21","365","14","1","0","0","299","299","200","3083","273","1103","1589","82577","1375","1236","false","510020","190","342","843","31937","34494","20124"
"7","0.1","1","false","false","false","true","false","false","false","1","1","1","0.25","1","0","0","0","100","0","25","0","10","2.5","2","60","1.6","0.4","20.5","6.7","16","8.21","365","14","1","0","0","299","299","201","3031","260","1073","1531","82727","1378","1161","false","510552","191","342","845","31965","34520","20140"
"7","0.1","1","false","false","false","true","false","false","false","1","1","1","0.25","1","0","0","0","100","0","25","0","10","2.5","2","60","1.6","0.4","20.5","6.7","16","8.21","365","14","1","0","0","299","299","202","2972","266","1049","1472","82861","1380","1133","false","511113","191","342","847","31988","34546","20155"
"7","0.1","1","false","false","false","true","false","false","false","1","1","1","0.25","1","0","0","0","100","0","25","0","10","2.5","2","60","1.6","0.4","20.5","6.7","16","8.21","365","14","1","0","0","299","299","203","2904","265","1013","1406","83029","1383","1092","false","511400","191","342","850","32006","34583","20177"
"7","0.1","1","false","false","false","true","false","false","false","1","1","1","0.25","1","0","0","0","100","0","25","0","10","2.5","2","60","1.6","0.4","20.5","6.7","16","8.21","365","14","1","0","0","299","299","204","2852","250","974","1381","83155","1388","1054","false","511750","191","342","855","32029","34608","20196"
"7","0.1","1","false","false","false","true","false","false","false","1","1","1","0.25","1","0","0","0","100","0","25","0","10","2.5","2","60","1.6","0.4","20.5","6.7","16","8.21","365","14","1","0","0","299","299","205","2795","252","923","1343","83298","1389","1009","false","512031","191","342","856","32049","34632","20200"
"7","0.1","1","false","false","false","true","false","false","false","1","1","1","0.25","1","0","0","0","100","0","25","0","10","2.5","2","60","1.6","0.4","20.5","6.7","16","8.21","365","14","1","0","0","299","299","206","2731","259","887","1289","83443","1391","963","false","512443","192","342","857","32064","34655","20211"
"7","0.1","1","false","false","false","true","false","false","false","1","1","1","0.25","1","0","0","0","100","0","25","0","10","2.5","2","60","1.6","0.4","20.5","6.7","16","8.21","365","14","1","0","0","299","299","207","2692","238","854","1241","83583","1392","922","false","512865","193","342","857","32090","34679","20224"
"7","0.1","1","false","false","false","true","false","false","false","1","1","1","0.25","1","0","0","0","100","0","25","0","10","2.5","2","60","1.6","0.4","20.5","6.7","16","8.21","365","14","1","0","0","299","299","208","2647","230","836","1192","83701","1394","900","false","513214","193","343","858","32110","34701","20234"
"7","0.1","1","false","false","false","true","false","false","false","1","1","1","0.25","1","0","0","0","100","0","25","0","10","2.5","2","60","1.6","0.4","20.5","6.7","16","8.21","365","14","1","0","0","299","299","209","2590","235","816","1145","83817","1397","888","false","513392","193","343","861","32137","34723","20247"
"7","0.1","1","false","false","false","true","false","false","false","1","1","1","0.25","1","0","0","0","100","0","25","0","10","2.5","2","60","1.6","0.4","20.5","6.7","16","8.21","365","14","1","0","0","299","299","210","2539","234","789","1109","83930","1399","858","false","513539","193","343","863","32164","34742","20258"
"7","0.1","1","false","false","false","true","false","false","false","1","1","1","0.25","1","0","0","0","100","0","25","0","10","2.5","2","60","1.6","0.4","20.5","6.7","16","8.21","365","14","1","0","0","299","299","211","2489","236","764","1070","84040","1401","821","false","513876","193","344","864","32192","34759","20266"
"7","0.1","1","false","false","false","true","false","false","false","1","1","1","0.25","1","0","0","0","100","0","25","0","10","2.5","2","60","1.6","0.4","20.5","6.7","16","8.21","365","14","1","0","0","299","299","212","2433","233","737","1033","84162","1402","803","false","514178","193","345","864","32213","34782","20274"
"7","0.1","1","false","false","false","true","false","false","false","1","1","1","0.25","1","0","0","0","100","0","25","0","10","2.5","2","60","1.6","0.4","20.5","6.7","16","8.21","365","14","1","0","0","299","299","213","2391","214","712","1001","84279","1403","778","false","514345","193","345","865","32238","34805","20286"
"7","0.1","1","false","false","false","true","false","false","false","1","1","1","0.25","1","0","0","0","100","0","25","0","10","2.5","2","60","1.6","0.4","20.5","6.7","16","8.21","365","14","1","0","0","299","299","214","2357","189","691","980","84378","1405","755","false","514539","194","345","866","32257","34829","20296"
"7","0.1","1","false","false","false","true","false","false","false","1","1","1","0.25","1","0","0","0","100","0","25","0","10","2.5","2","60","1.6","0.4","20.5","6.7","16","8.21","365","14","1","0","0","299","299","215","2326","167","654","950","84495","1408","706","false","514729","195","346","867","32274","34859","20305"
"7","0.1","1","false","false","false","true","false","false","false","1","1","1","0.25","1","0","0","0","100","0","25","0","10","2.5","2","60","1.6","0.4","20.5","6.7","16","8.21","365","14","1","0","0","299","299","216","2286","170","637","907","84589","1411","688","false","515160","195","346","870","32294","34878","20321"
"7","0.1","1","false","false","false","true","false","false","false","1","1","1","0.25","1","0","0","0","100","0","25","0","10","2.5","2","60","1.6","0.4","20.5","6.7","16","8.21","365","14","1","0","0","299","299","217","2242","178","631","866","84672","1411","671","false","515291","195","346","870","32313","34898","20328"
"7","0.1","1","false","false","false","true","false","false","false","1","1","1","0.25","1","0","0","0","100","0","25","0","10","2.5","2","60","1.6","0.4","20.5","6.7","16","8.21","365","14","1","0","0","299","299","218","2200","177","600","842","84767","1414","652","false","515455","195","348","871","32327","34918","20336"
"7","0.1","1","false","false","false","true","false","false","false","1","1","1","0.25","1","0","0","0","100","0","25","0","10","2.5","2","60","1.6","0.4","20.5","6.7","16","8.21","365","14","1","0","0","299","299","219","2162","173","570","827","84853","1415","647","false","515574","195","348","872","32339","34932","20345"
"7","0.1","1","false","false","false","true","false","false","false","1","1","1","0.25","1","0","0","0","100","0","25","0","10","2.5","2","60","1.6","0.4","20.5","6.7","16","8.21","365","14","1","0","0","299","299","220","2124","172","552","800","84936","1416","629","false","515643","195","349","872","32349","34944","20356"
"7","0.1","1","false","false","false","true","false","false","false","1","1","1","0.25","1","0","0","0","100","0","25","0","10","2.5","2","60","1.6","0.4","20.5","6.7","16","8.21","365","14","1","0","0","299","299","221","2084","172","527","785","85015","1417","594","false","515806","195","349","873","32367","34950","20367"
"7","0.1","1","false","false","false","true","false","false","false","1","1","1","0.25","1","0","0","0","100","0","25","0","10","2.5","2","60","1.6","0.4","20.5","6.7","16","8.21","365","14","1","0","0","299","299","222","2049","159","517","773","85084","1418","613","false","516071","195","349","874","32389","34967","20375"
"7","0.1","1","false","false","false","true","false","false","false","1","1","1","0.25","1","0","0","0","100","0","25","0","10","2.5","2","60","1.6","0.4","20.5","6.7","16","8.21","365","14","1","0","0","299","299","223","2015","157","505","748","85155","1420","615","false","515969","196","349","875","32405","34987","20384"
"7","0.1","1","false","false","false","true","false","false","false","1","1","1","0.25","1","0","0","0","100","0","25","0","10","2.5","2","60","1.6","0.4","20.5","6.7","16","8.21","365","14","1","0","0","299","299","224","1986","145","499","732","85218","1420","587","false","516020","196","349","875","32418","35008","20391"
"7","0.1","1","false","false","false","true","false","false","false","1","1","1","0.25","1","0","0","0","100","0","25","0","10","2.5","2","60","1.6","0.4","20.5","6.7","16","8.21","365","14","1","0","0","299","299","225","1954","140","484","710","85290","1422","608","false","516251","196","350","876","32435","35017","20405"
"7","0.1","1","false","false","false","true","false","false","false","1","1","1","0.25","1","0","0","0","100","0","25","0","10","2.5","2","60","1.6","0.4","20.5","6.7","16","8.21","365","14","1","0","0","299","299","226","1919","141","470","688","85359","1423","584","false","516163","196","350","877","32446","35034","20412"
"7","0.1","1","false","false","false","true","false","false","false","1","1","1","0.25","1","0","0","0","100","0","25","0","10","2.5","2","60","1.6","0.4","20.5","6.7","16","8.21","365","14","1","0","0","299","299","227","1889","134","463","672","85419","1423","572","false","516350","196","350","877","32455","35048","20424"
"7","0.1","1","false","false","false","true","false","false","false","1","1","1","0.25","1","0","0","0","100","0","25","0","10","2.5","2","60","1.6","0.4","20.5","6.7","16","8.21","365","14","1","0","0","299","299","228","1865","132","448","646","85484","1425","560","false","516469","197","351","877","32468","35058","20433"
"7","0.1","1","false","false","false","true","false","false","false","1","1","1","0.25","1","0","0","0","100","0","25","0","10","2.5","2","60","1.6","0.4","20.5","6.7","16","8.21","365","14","1","0","0","299","299","229","1836","128","444","637","85528","1427","554","false","516512","197","352","878","32477","35075","20441"
"7","0.1","1","false","false","false","true","false","false","false","1","1","1","0.25","1","0","0","0","100","0","25","0","10","2.5","2","60","1.6","0.4","20.5","6.7","16","8.21","365","14","1","0","0","299","299","230","1815","120","434","626","85577","1428","542","false","516541","198","352","878","32494","35085","20447"
"7","0.1","1","false","false","false","true","false","false","false","1","1","1","0.25","1","0","0","0","100","0","25","0","10","2.5","2","60","1.6","0.4","20.5","6.7","16","8.21","365","14","1","0","0","299","299","231","1789","115","424","607","85636","1429","521","false","516660","198","352","879","32508","35092","20456"
"7","0.1","1","false","false","false","true","false","false","false","1","1","1","0.25","1","0","0","0","100","0","25","0","10","2.5","2","60","1.6","0.4","20.5","6.7","16","8.21","365","14","1","0","0","299","299","232","1768","117","416","582","85688","1429","500","false","516835","198","352","879","32517","35099","20464"
"7","0.1","1","false","false","false","true","false","false","false","1","1","1","0.25","1","0","0","0","100","0","25","0","10","2.5","2","60","1.6","0.4","20.5","6.7","16","8.21","365","14","1","0","0","299","299","233","1743","109","405","569","85743","1431","500","false","517027","199","352","880","32530","35113","20468"
"7","0.1","1","false","false","false","true","false","false","false","1","1","1","0.25","1","0","0","0","100","0","25","0","10","2.5","2","60","1.6","0.4","20.5","6.7","16","8.21","365","14","1","0","0","299","299","234","1719","111","380","548","85806","1436","494","false","517018","199","355","882","32535","35120","20474"
"7","0.1","1","false","false","false","true","false","false","false","1","1","1","0.25","1","0","0","0","100","0","25","0","10","2.5","2","60","1.6","0.4","20.5","6.7","16","8.21","365","14","1","0","0","299","299","235","1698","108","376","522","85859","1437","495","false","517042","200","355","882","32545","35135","20480"
"7","0.1","1","false","false","false","true","false","false","false","1","1","1","0.25","1","0","0","0","100","0","25","0","10","2.5","2","60","1.6","0.4","20.5","6.7","16","8.21","365","14","1","0","0","299","299","236","1676","109","366","496","85915","1438","477","false","517067","200","356","882","32553","35145","20490"
"7","0.1","1","false","false","false","true","false","false","false","1","1","1","0.25","1","0","0","0","100","0","25","0","10","2.5","2","60","1.6","0.4","20.5","6.7","16","8.21","365","14","1","0","0","299","299","237","1660","100","355","487","85960","1438","439","false","517173","200","356","882","32562","35157","20493"
"7","0.1","1","false","false","false","true","false","false","false","1","1","1","0.25","1","0","0","0","100","0","25","0","10","2.5","2","60","1.6","0.4","20.5","6.7","16","8.21","365","14","1","0","0","299","299","238","1641","93","341","471","86015","1439","426","false","517502","201","356","882","32570","35167","20503"
"7","0.1","1","false","false","false","true","false","false","false","1","1","1","0.25","1","0","0","0","100","0","25","0","10","2.5","2","60","1.6","0.4","20.5","6.7","16","8.21","365","14","1","0","0","299","299","239","1620","88","335","464","86053","1440","416","false","517560","201","356","883","32580","35175","20507"
"7","0.1","1","false","false","false","true","false","false","false","1","1","1","0.25","1","0","0","0","100","0","25","0","10","2.5","2","60","1.6","0.4","20.5","6.7","16","8.21","365","14","1","0","0","299","299","240","1605","82","323","445","86105","1440","413","false","517621","201","356","883","32587","35184","20511"
"7","0.1","1","false","false","false","true","false","false","false","1","1","1","0.25","1","0","0","0","100","0","25","0","10","2.5","2","60","1.6","0.4","20.5","6.7","16","8.21","365","14","1","0","0","299","299","241","1590","72","311","426","86159","1442","402","false","517658","202","357","883","32600","35196","20515"
"7","0.1","1","false","false","false","true","false","false","false","1","1","1","0.25","1","0","0","0","100","0","25","0","10","2.5","2","60","1.6","0.4","20.5","6.7","16","8.21","365","14","1","0","0","299","299","242","1577","69","312","408","86192","1442","393","false","517768","202","357","883","32610","35201","20520"
"7","0.1","1","false","false","false","true","false","false","false","1","1","1","0.25","1","0","0","0","100","0","25","0","10","2.5","2","60","1.6","0.4","20.5","6.7","16","8.21","365","14","1","0","0","299","299","243","1564","70","285","398","86239","1444","398","false","517818","202","357","885","32614","35208","20521"
"7","0.1","1","false","false","false","true","false","false","false","1","1","1","0.25","1","0","0","0","100","0","25","0","10","2.5","2","60","1.6","0.4","20.5","6.7","16","8.21","365","14","1","0","0","299","299","244","1543","77","280","376","86280","1444","372","false","517791","202","357","885","32621","35213","20524"
"7","0.1","1","false","false","false","true","false","false","false","1","1","1","0.25","1","0","0","0","100","0","25","0","10","2.5","2","60","1.6","0.4","20.5","6.7","16","8.21","365","14","1","0","0","299","299","245","1531","67","272","370","86316","1444","357","false","517985","202","357","885","32628","35219","20526"
"7","0.1","1","false","false","false","true","false","false","false","1","1","1","0.25","1","0","0","0","100","0","25","0","10","2.5","2","60","1.6","0.4","20.5","6.7","16","8.21","365","14","1","0","0","299","299","246","1518","69","264","351","86354","1444","324","false","518149","202","357","885","32637","35224","20531"
"7","0.1","1","false","false","false","true","false","false","false","1","1","1","0.25","1","0","0","0","100","0","25","0","10","2.5","2","60","1.6","0.4","20.5","6.7","16","8.21","365","14","1","0","0","299","299","247","1508","59","261","344","86383","1445","298","false","518380","202","357","886","32646","35233","20534"
"7","0.1","1","false","false","false","true","false","false","false","1","1","1","0.25","1","0","0","0","100","0","25","0","10","2.5","2","60","1.6","0.4","20.5","6.7","16","8.21","365","14","1","0","0","299","299","248","1487","64","253","333","86418","1445","279","false","518531","202","357","886","32655","35240","20537"
"7","0.1","1","false","false","false","true","false","false","false","1","1","1","0.25","1","0","0","0","100","0","25","0","10","2.5","2","60","1.6","0.4","20.5","6.7","16","8.21","365","14","1","0","0","299","299","249","1470","64","248","324","86449","1445","284","false","518683","202","357","886","32658","35251","20541"
"7","0.1","1","false","false","false","true","false","false","false","1","1","1","0.25","1","0","0","0","100","0","25","0","10","2.5","2","60","1.6","0.4","20.5","6.7","16","8.21","365","14","1","0","0","299","299","250","1450","71","235","307","86491","1446","279","false","518652","203","357","886","32662","35254","20547"
"7","0.1","1","false","false","false","true","false","false","false","1","1","1","0.25","1","0","0","0","100","0","25","0","10","2.5","2","60","1.6","0.4","20.5","6.7","16","8.21","365","14","1","0","0","299","299","251","1428","76","225","297","86527","1447","279","false","518680","203","358","886","32666","35257","20555"
"7","0.1","1","false","false","false","true","false","false","false","1","1","1","0.25","1","0","0","0","100","0","25","0","10","2.5","2","60","1.6","0.4","20.5","6.7","16","8.21","365","14","1","0","0","299","299","252","1418","68","220","294","86553","1447","252","false","518644","203","358","886","32671","35270","20560"
"7","0.1","1","false","false","false","true","false","false","false","1","1","1","0.25","1","0","0","0","100","0","25","0","10","2.5","2","60","1.6","0.4","20.5","6.7","16","8.21","365","14","1","0","0","299","299","253","1401","68","216","290","86578","1447","222","false","518856","203","358","886","32678","35273","20565"
"7","0.1","1","false","false","false","true","false","false","false","1","1","1","0.25","1","0","0","0","100","0","25","0","10","2.5","2","60","1.6","0.4","20.5","6.7","16","8.21","365","14","1","0","0","299","299","254","1387","64","208","294","86600","1447","198","false","519121","203","358","886","32684","35277","20571"
"7","0.1","1","false","false","false","true","false","false","false","1","1","1","0.25","1","0","0","0","100","0","25","0","10","2.5","2","60","1.6","0.4","20.5","6.7","16","8.21","365","14","1","0","0","299","299","255","1378","56","207","288","86623","1448","180","false","519318","203","358","887","32689","35285","20575"
"7","0.1","1","false","false","false","true","false","false","false","1","1","1","0.25","1","0","0","0","100","0","25","0","10","2.5","2","60","1.6","0.4","20.5","6.7","16","8.21","365","14","1","0","0","299","299","256","1361","62","206","278","86644","1449","159","false","519469","203","358","888","32694","35289","20579"
"7","0.1","1","false","false","false","true","false","false","false","1","1","1","0.25","1","0","0","0","100","0","25","0","10","2.5","2","60","1.6","0.4","20.5","6.7","16","8.21","365","14","1","0","0","299","299","257","1350","55","199","274","86673","1449","140","false","519658","203","358","888","32697","35295","20583"
"7","0.1","1","false","false","false","true","false","false","false","1","1","1","0.25","1","0","0","0","100","0","25","0","10","2.5","2","60","1.6","0.4","20.5","6.7","16","8.21","365","14","1","0","0","299","299","258","1332","60","195","264","86700","1449","118","false","519832","203","358","888","32700","35299","20587"
"7","0.1","1","false","false","false","true","false","false","false","1","1","1","0.25","1","0","0","0","100","0","25","0","10","2.5","2","60","1.6","0.4","20.5","6.7","16","8.21","365","14","1","0","0","299","299","259","1306","69","194","253","86727","1451","108","false","520053","203","358","890","32707","35303","20592"
"7","0.1","1","false","false","false","true","false","false","false","1","1","1","0.25","1","0","0","0","100","0","25","0","10","2.5","2","60","1.6","0.4","20.5","6.7","16","8.21","365","14","1","0","0","299","299","260","1291","68","188","249","86753","1451","91","false","520131","203","358","890","32712","35310","20597"
"7","0.1","1","false","false","false","true","false","false","false","1","1","1","0.25","1","0","0","0","100","0","25","0","10","2.5","2","60","1.6","0.4","20.5","6.7","16","8.21","365","14","1","0","0","299","299","261","1274","68","191","248","86768","1451","66","false","520295","203","358","890","32717","35317","20602"
"7","0.1","1","false","false","false","true","false","false","false","1","1","1","0.25","1","0","0","0","100","0","25","0","10","2.5","2","60","1.6","0.4","20.5","6.7","16","8.21","365","14","1","0","0","299","299","262","1252","73","179","247","86797","1452","38","false","520517","203","358","891","32720","35323","20609"
"7","0.1","1","false","false","false","true","false","false","false","1","1","1","0.25","1","0","0","0","100","0","25","0","10","2.5","2","60","1.6","0.4","20.5","6.7","16","8.21","365","14","1","0","0","299","299","263","1229","77","172","251","86818","1453","22","false","520793","203","358","892","32724","35333","20613"
"7","0.1","1","false","false","false","true","false","false","false","1","1","1","0.25","1","0","0","0","100","0","25","0","10","2.5","2","60","1.6","0.4","20.5","6.7","16","8.21","365","14","1","0","0","299","299","264","1199","94","171","237","86844","1455","6","false","520953","204","358","893","32730","35342","20618"
"7","0.1","1","false","false","false","true","false","false","false","1","1","1","0.25","1","0","0","0","100","0","25","0","10","2.5","2","60","1.6","0.4","20.5","6.7","16","8.21","365","14","1","0","0","299","299","265","1180","94","167","233","86871","1455","0","false","521115","204","358","893","32734","35349","20625"
"7","0.1","1","false","false","false","true","false","false","false","1","1","1","0.25","1","0","0","0","100","0","25","0","10","2.5","2","60","1.6","0.4","20.5","6.7","16","8.21","365","14","1","0","0","299","299","266","1163","91","169","230","86892","1455","0","false","521181","204","358","893","32743","35355","20629"
"7","0.1","1","false","false","false","true","false","false","false","1","1","1","0.25","1","0","0","0","100","0","25","0","10","2.5","2","60","1.6","0.4","20.5","6.7","16","8.21","365","14","1","0","0","299","299","267","1150","77","163","232","86922","1456","0","false","521181","204","358","894","32752","35365","20637"
"7","0.1","1","false","false","false","true","false","false","false","1","1","1","0.25","1","0","0","0","100","0","25","0","10","2.5","2","60","1.6","0.4","20.5","6.7","16","8.21","365","14","1","0","0","299","299","268","1125","81","154","241","86943","1456","0","false","521169","204","358","894","32755","35373","20642"
"7","0.1","1","false","false","false","true","false","false","false","1","1","1","0.25","1","0","0","0","100","0","25","0","10","2.5","2","60","1.6","0.4","20.5","6.7","16","8.21","365","14","1","0","0","299","299","269","1108","73","154","250","86959","1456","0","false","521169","204","358","894","32764","35380","20651"
"7","0.1","1","false","false","false","true","false","false","false","1","1","1","0.25","1","0","0","0","100","0","25","0","10","2.5","2","60","1.6","0.4","20.5","6.7","16","8.21","365","14","1","0","0","299","299","270","1100","61","154","253","86976","1456","0","false","521169","204","358","894","32773","35387","20657"
"7","0.1","1","false","false","false","true","false","false","false","1","1","1","0.25","1","0","0","0","100","0","25","0","10","2.5","2","60","1.6","0.4","20.5","6.7","16","8.21","365","14","1","0","0","299","299","271","1078","69","162","252","86983","1456","0","false","521169","204","358","894","32778","35396","20661"
"7","0.1","1","false","false","false","true","false","false","false","1","1","1","0.25","1","0","0","0","100","0","25","0","10","2.5","2","60","1.6","0.4","20.5","6.7","16","8.21","365","14","1","0","0","299","299","272","1068","67","160","247","87001","1457","0","false","521169","204","358","895","32784","35399","20663"
"7","0.1","1","false","false","false","true","false","false","false","1","1","1","0.25","1","0","0","0","100","0","25","0","10","2.5","2","60","1.6","0.4","20.5","6.7","16","8.21","365","14","1","0","0","299","299","273","1055","62","157","243","87026","1457","0","false","521157","204","358","895","32790","35406","20665"
"7","0.1","1","false","false","false","true","false","false","false","1","1","1","0.25","1","0","0","0","100","0","25","0","10","2.5","2","60","1.6","0.4","20.5","6.7","16","8.21","365","14","1","0","0","299","299","274","1037","62","158","246","87040","1457","0","false","521157","204","358","895","32792","35411","20669"
"7","0.1","1","false","false","false","true","false","false","false","1","1","1","0.25","1","0","0","0","100","0","25","0","10","2.5","2","60","1.6","0.4","20.5","6.7","16","8.21","365","14","1","0","0","299","299","275","1022","64","156","248","87053","1457","0","false","521157","204","358","895","32800","35416","20671"
"7","0.1","1","false","false","false","true","false","false","false","1","1","1","0.25","1","0","0","0","100","0","25","0","10","2.5","2","60","1.6","0.4","20.5","6.7","16","8.21","365","14","1","0","0","299","299","276","1006","69","158","241","87069","1457","0","false","521157","204","358","895","32807","35420","20677"
"7","0.1","1","false","false","false","true","false","false","false","1","1","1","0.25","1","0","0","0","100","0","25","0","10","2.5","2","60","1.6","0.4","20.5","6.7","16","8.21","365","14","1","0","0","299","299","277","987","77","155","234","87090","1457","0","false","521157","204","358","895","32812","35423","20684"
"7","0.1","1","false","false","false","true","false","false","false","1","1","1","0.25","1","0","0","0","100","0","25","0","10","2.5","2","60","1.6","0.4","20.5","6.7","16","8.21","365","14","1","0","0","299","299","278","973","75","161","233","87100","1458","0","false","521157","204","358","896","32822","35430","20688"
"7","0.1","1","false","false","false","true","false","false","false","1","1","1","0.25","1","0","0","0","100","0","25","0","10","2.5","2","60","1.6","0.4","20.5","6.7","16","8.21","365","14","1","0","0","299","299","279","954","81","154","233","87120","1458","0","false","521145","204","358","896","32826","35435","20690"
"7","0.1","1","false","false","false","true","false","false","false","1","1","1","0.25","1","0","0","0","100","0","25","0","10","2.5","2","60","1.6","0.4","20.5","6.7","16","8.21","365","14","1","0","0","299","299","280","940","74","154","240","87134","1458","0","false","521145","204","358","896","32833","35440","20692"
"7","0.1","1","false","false","false","true","false","false","false","1","1","1","0.25","1","0","0","0","100","0","25","0","10","2.5","2","60","1.6","0.4","20.5","6.7","16","8.21","365","14","1","0","0","299","299","281","925","73","151","243","87150","1458","0","false","521145","204","358","896","32838","35447","20695"
"7","0.1","1","false","false","false","true","false","false","false","1","1","1","0.25","1","0","0","0","100","0","25","0","10","2.5","2","60","1.6","0.4","20.5","6.7","16","8.21","365","14","1","0","0","299","299","282","916","57","148","250","87171","1458","0","false","521145","204","358","896","32847","35458","20699"
"7","0.1","1","false","false","false","true","false","false","false","1","1","1","0.25","1","0","0","0","100","0","25","0","10","2.5","2","60","1.6","0.4","20.5","6.7","16","8.21","365","14","1","0","0","299","299","283","907","52","146","252","87185","1458","0","false","521145","204","358","896","32851","35464","20700"
"7","0.1","1","false","false","false","true","false","false","false","1","1","1","0.25","1","0","0","0","100","0","25","0","10","2.5","2","60","1.6","0.4","20.5","6.7","16","8.21","365","14","1","0","0","299","299","284","886","59","154","244","87199","1458","0","false","521145","204","358","896","32859","35475","20704"
"7","0.1","1","false","false","false","true","false","false","false","1","1","1","0.25","1","0","0","0","100","0","25","0","10","2.5","2","60","1.6","0.4","20.5","6.7","16","8.21","365","14","1","0","0","299","299","285","874","54","147","245","87222","1458","0","false","521145","204","358","896","32861","35484","20708"
"7","0.1","1","false","false","false","true","false","false","false","1","1","1","0.25","1","0","0","0","100","0","25","0","10","2.5","2","60","1.6","0.4","20.5","6.7","16","8.21","365","14","1","0","0","299","299","286","853","63","146","239","87241","1458","0","false","521145","204","358","896","32868","35489","20709"
"7","0.1","1","false","false","false","true","false","false","false","1","1","1","0.25","1","0","0","0","100","0","25","0","10","2.5","2","60","1.6","0.4","20.5","6.7","16","8.21","365","14","1","0","0","299","299","287","839","64","151","236","87252","1458","0","false","521145","204","358","896","32877","35495","20710"
"7","0.1","1","false","false","false","true","false","false","false","1","1","1","0.25","1","0","0","0","100","0","25","0","10","2.5","2","60","1.6","0.4","20.5","6.7","16","8.21","365","14","1","0","0","299","299","288","827","60","151","236","87266","1460","0","false","521145","204","358","898","32883","35502","20711"
"7","0.1","1","false","false","false","true","false","false","false","1","1","1","0.25","1","0","0","0","100","0","25","0","10","2.5","2","60","1.6","0.4","20.5","6.7","16","8.21","365","14","1","0","0","299","299","289","813","59","152","232","87284","1460","0","false","521121","204","358","898","32887","35512","20714"
"7","0.1","1","false","false","false","true","false","false","false","1","1","1","0.25","1","0","0","0","100","0","25","0","10","2.5","2","60","1.6","0.4","20.5","6.7","16","8.21","365","14","1","0","0","299","299","290","797","66","148","225","87303","1461","0","false","521121","204","358","899","32893","35516","20714"
"7","0.1","1","false","false","false","true","false","false","false","1","1","1","0.25","1","0","0","0","100","0","25","0","10","2.5","2","60","1.6","0.4","20.5","6.7","16","8.21","365","14","1","0","0","299","299","291","787","63","140","224","87323","1463","0","false","521109","205","358","900","32899","35521","20717"
"7","0.1","1","false","false","false","true","false","false","false","1","1","1","0.25","1","0","0","0","100","0","25","0","10","2.5","2","60","1.6","0.4","20.5","6.7","16","8.21","365","14","1","0","0","299","299","292","772","57","138","232","87337","1464","0","false","521086","205","359","900","32907","35527","20721"
"7","0.1","1","false","false","false","true","false","false","false","1","1","1","0.25","1","0","0","0","100","0","25","0","10","2.5","2","60","1.6","0.4","20.5","6.7","16","8.21","365","14","1","0","0","299","299","293","764","56","132","229","87355","1464","0","false","521076","205","359","900","32908","35529","20723"
"7","0.1","1","false","false","false","true","false","false","false","1","1","1","0.25","1","0","0","0","100","0","25","0","10","2.5","2","60","1.6","0.4","20.5","6.7","16","8.21","365","14","1","0","0","299","299","294","748","54","137","228","87369","1464","0","false","521076","205","359","900","32915","35533","20729"
"7","0.1","1","false","false","false","true","false","false","false","1","1","1","0.25","1","0","0","0","100","0","25","0","10","2.5","2","60","1.6","0.4","20.5","6.7","16","8.21","365","14","1","0","0","299","299","295","742","46","136","226","87386","1464","0","false","521076","205","359","900","32917","35539","20732"
"7","0.1","1","false","false","false","true","false","false","false","1","1","1","0.25","1","0","0","0","100","0","25","0","10","2.5","2","60","1.6","0.4","20.5","6.7","16","8.21","365","14","1","0","0","299","299","296","735","45","139","212","87404","1465","0","false","521076","205","359","901","32922","35545","20735"
"7","0.1","1","false","false","false","true","false","false","false","1","1","1","0.25","1","0","0","0","100","0","25","0","10","2.5","2","60","1.6","0.4","20.5","6.7","16","8.21","365","14","1","0","0","299","299","297","719","48","139","204","87425","1465","0","false","521064","205","359","901","32926","35552","20742"
"7","0.1","1","false","false","false","true","false","false","false","1","1","1","0.25","1","0","0","0","100","0","25","0","10","2.5","2","60","1.6","0.4","20.5","6.7","16","8.21","365","14","1","0","0","299","299","298","708","45","134","201","87447","1465","0","false","521064","205","359","901","32931","35556","20745"
"7","0.1","1","false","false","false","true","false","false","false","1","1","1","0.25","1","0","0","0","100","0","25","0","10","2.5","2","60","1.6","0.4","20.5","6.7","16","8.21","365","14","1","0","0","299","299","299","696","43","130","198","87468","1465","0","false","521064","205","359","901","32938","35561","20753"
"7","0.1","1","false","false","false","true","false","false","false","1","1","1","0.25","1","0","0","0","100","0","25","0","10","2.5","2","60","1.6","0.4","20.5","6.7","16","8.21","365","14","1","0","0","299","299","300","682","51","125","187","87489","1466","0","false","521064","205","359","902","32941","35562","20755"
"7","0.1","1","false","false","false","true","false","false","false","1","1","1","0.25","1","0","0","0","100","0","25","0","10","2.5","2","60","1.6","0.4","20.5","6.7","16","8.21","365","14","1","0","0","299","299","301","672","50","122","191","87499","1466","0","false","521052","205","359","902","32946","35564","20757"
"7","0.1","1","false","false","false","true","false","false","false","1","1","1","0.25","1","0","0","0","100","0","25","0","10","2.5","2","60","1.6","0.4","20.5","6.7","16","8.21","365","14","1","0","0","299","299","302","661","46","123","195","87509","1466","0","false","521052","205","359","902","32954","35569","20758"
"7","0.1","1","false","false","false","true","false","false","false","1","1","1","0.25","1","0","0","0","100","0","25","0","10","2.5","2","60","1.6","0.4","20.5","6.7","16","8.21","365","14","1","0","0","299","299","303","653","46","122","195","87518","1466","0","false","521052","205","359","902","32956","35574","20758"
"7","0.1","1","false","false","false","true","false","false","false","1","1","1","0.25","1","0","0","0","100","0","25","0","10","2.5","2","60","1.6","0.4","20.5","6.7","16","8.21","365","14","1","0","0","299","299","304","642","43","122","189","87538","1466","0","false","521052","205","359","902","32964","35579","20760"
"7","0.1","1","false","false","false","true","false","false","false","1","1","1","0.25","1","0","0","0","100","0","25","0","10","2.5","2","60","1.6","0.4","20.5","6.7","16","8.21","365","14","1","0","0","299","299","305","631","45","122","189","87546","1467","0","false","521052","205","360","902","32967","35582","20765"
"7","0.1","1","false","false","false","true","false","false","false","1","1","1","0.25","1","0","0","0","100","0","25","0","10","2.5","2","60","1.6","0.4","20.5","6.7","16","8.21","365","14","1","0","0","299","299","306","613","49","116","190","87565","1467","0","false","521040","205","360","902","32968","35587","20767"
"7","0.1","1","false","false","false","true","false","false","false","1","1","1","0.25","1","0","0","0","100","0","25","0","10","2.5","2","60","1.6","0.4","20.5","6.7","16","8.21","365","14","1","0","0","299","299","307","599","51","113","184","87586","1467","0","false","521040","205","360","902","32971","35592","20770"
"7","0.1","1","false","false","false","true","false","false","false","1","1","1","0.25","1","0","0","0","100","0","25","0","10","2.5","2","60","1.6","0.4","20.5","6.7","16","8.21","365","14","1","0","0","299","299","308","592","49","111","184","87597","1467","0","false","521040","205","360","902","32976","35594","20771"
"7","0.1","1","false","false","false","true","false","false","false","1","1","1","0.25","1","0","0","0","100","0","25","0","10","2.5","2","60","1.6","0.4","20.5","6.7","16","8.21","365","14","1","0","0","299","299","309","583","51","109","176","87613","1468","0","false","521040","205","360","903","32980","35596","20774"
"7","0.1","1","false","false","false","true","false","false","false","1","1","1","0.25","1","0","0","0","100","0","25","0","10","2.5","2","60","1.6","0.4","20.5","6.7","16","8.21","365","14","1","0","0","299","299","310","569","56","114","170","87623","1468","0","false","521028","205","360","903","32988","35600","20778"
"7","0.1","1","false","false","false","true","false","false","false","1","1","1","0.25","1","0","0","0","100","0","25","0","10","2.5","2","60","1.6","0.4","20.5","6.7","16","8.21","365","14","1","0","0","299","299","311","552","54","114","178","87634","1468","0","false","521028","205","360","903","32995","35608","20779"
"7","0.1","1","false","false","false","true","false","false","false","1","1","1","0.25","1","0","0","0","100","0","25","0","10","2.5","2","60","1.6","0.4","20.5","6.7","16","8.21","365","14","1","0","0","299","299","312","534","60","110","179","87649","1468","0","false","521028","205","360","903","33001","35609","20781"
"7","0.1","1","false","false","false","true","false","false","false","1","1","1","0.25","1","0","0","0","100","0","25","0","10","2.5","2","60","1.6","0.4","20.5","6.7","16","8.21","365","14","1","0","0","299","299","313","523","55","110","184","87660","1468","0","false","521028","205","360","903","33008","35613","20783"
"7","0.1","1","false","false","false","true","false","false","false","1","1","1","0.25","1","0","0","0","100","0","25","0","10","2.5","2","60","1.6","0.4","20.5","6.7","16","8.21","365","14","1","0","0","299","299","314","507","62","110","175","87678","1468","0","false","521028","205","360","903","33011","35620","20785"
"7","0.1","1","false","false","false","true","false","false","false","1","1","1","0.25","1","0","0","0","100","0","25","0","10","2.5","2","60","1.6","0.4","20.5","6.7","16","8.21","365","14","1","0","0","299","299","315","491","66","104","177","87694","1468","0","false","521028","205","360","903","33014","35627","20785"
"7","0.1","1","false","false","false","true","false","false","false","1","1","1","0.25","1","0","0","0","100","0","25","0","10","2.5","2","60","1.6","0.4","20.5","6.7","16","8.21","365","14","1","0","0","299","299","316","475","71","106","174","87706","1468","0","false","521028","205","360","903","33018","35635","20789"
"7","0.1","1","false","false","false","true","false","false","false","1","1","1","0.25","1","0","0","0","100","0","25","0","10","2.5","2","60","1.6","0.4","20.5","6.7","16","8.21","365","14","1","0","0","299","299","317","463","64","103","180","87721","1469","0","false","521028","206","360","903","33020","35642","20794"
"7","0.1","1","false","false","false","true","false","false","false","1","1","1","0.25","1","0","0","0","100","0","25","0","10","2.5","2","60","1.6","0.4","20.5","6.7","16","8.21","365","14","1","0","0","299","299","318","450","62","102","185","87732","1469","0","false","521016","206","360","903","33024","35649","20796"
"7","0.1","1","false","false","false","true","false","false","false","1","1","1","0.25","1","0","0","0","100","0","25","0","10","2.5","2","60","1.6","0.4","20.5","6.7","16","8.21","365","14","1","0","0","299","299","319","437","56","106","186","87746","1469","0","false","521016","206","360","903","33029","35658","20801"
"7","0.1","1","false","false","false","true","false","false","false","1","1","1","0.25","1","0","0","0","100","0","25","0","10","2.5","2","60","1.6","0.4","20.5","6.7","16","8.21","365","14","1","0","0","299","299","320","421","59","109","185","87756","1470","0","false","521016","206","360","904","33033","35663","20806"
"7","0.1","1","false","false","false","true","false","false","false","1","1","1","0.25","1","0","0","0","100","0","25","0","10","2.5","2","60","1.6","0.4","20.5","6.7","16","8.21","365","14","1","0","0","299","299","321","403","61","104","190","87771","1471","0","false","521004","206","360","905","33036","35668","20811"
"7","0.1","1","false","false","false","true","false","false","false","1","1","1","0.25","1","0","0","0","100","0","25","0","10","2.5","2","60","1.6","0.4","20.5","6.7","16","8.21","365","14","1","0","0","299","299","322","378","74","111","187","87779","1471","0","false","520992","206","360","905","33041","35672","20815"
"7","0.1","1","false","false","false","true","false","false","false","1","1","1","0.25","1","0","0","0","100","0","25","0","10","2.5","2","60","1.6","0.4","20.5","6.7","16","8.21","365","14","1","0","0","299","299","323","363","73","114","192","87787","1471","0","false","520992","206","360","905","33046","35675","20821"
"7","0.1","1","false","false","false","true","false","false","false","1","1","1","0.25","1","0","0","0","100","0","25","0","10","2.5","2","60","1.6","0.4","20.5","6.7","16","8.21","365","14","1","0","0","299","299","324","347","71","116","193","87801","1472","0","false","520992","206","360","906","33052","35682","20833"
"7","0.1","1","false","false","false","true","false","false","false","1","1","1","0.25","1","0","0","0","100","0","25","0","10","2.5","2","60","1.6","0.4","20.5","6.7","16","8.21","365","14","1","0","0","299","299","325","339","61","118","195","87815","1472","0","false","520980","206","360","906","33061","35688","20835"
"7","0.1","1","false","false","false","true","false","false","false","1","1","1","0.25","1","0","0","0","100","0","25","0","10","2.5","2","60","1.6","0.4","20.5","6.7","16","8.21","365","14","1","0","0","299","299","326","322","64","119","199","87824","1472","0","false","520980","206","360","906","33064","35691","20839"
"7","0.1","1","false","false","false","true","false","false","false","1","1","1","0.25","1","0","0","0","100","0","25","0","10","2.5","2","60","1.6","0.4","20.5","6.7","16","8.21","365","14","1","0","0","299","299","327","307","61","121","198","87839","1474","0","false","520980","206","360","908","33069","35699","20843"
"7","0.1","1","false","false","false","true","false","false","false","1","1","1","0.25","1","0","0","0","100","0","25","0","10","2.5","2","60","1.6","0.4","20.5","6.7","16","8.21","365","14","1","0","0","299","299","328","298","54","121","202","87851","1474","0","false","520956","206","360","908","33075","35710","20845"
"7","0.1","1","false","false","false","true","false","false","false","1","1","1","0.25","1","0","0","0","100","0","25","0","10","2.5","2","60","1.6","0.4","20.5","6.7","16","8.21","365","14","1","0","0","299","299","329","289","52","123","207","87855","1474","0","false","520956","206","360","908","33077","35713","20850"
"7","0.1","1","false","false","false","true","false","false","false","1","1","1","0.25","1","0","0","0","100","0","25","0","10","2.5","2","60","1.6","0.4","20.5","6.7","16","8.21","365","14","1","0","0","299","299","330","274","53","123","207","87868","1475","0","false","520956","207","360","908","33085","35721","20856"
"7","0.1","1","false","false","false","true","false","false","false","1","1","1","0.25","1","0","0","0","100","0","25","0","10","2.5","2","60","1.6","0.4","20.5","6.7","16","8.21","365","14","1","0","0","299","299","331","271","42","120","211","87881","1475","0","false","520944","207","360","908","33087","35727","20861"
"7","0.1","1","false","false","false","true","false","false","false","1","1","1","0.25","1","0","0","0","100","0","25","0","10","2.5","2","60","1.6","0.4","20.5","6.7","16","8.21","365","14","1","0","0","299","299","332","261","41","120","210","87893","1475","0","false","520944","207","360","908","33090","35732","20862"
"7","0.1","1","false","false","false","true","false","false","false","1","1","1","0.25","1","0","0","0","100","0","25","0","10","2.5","2","60","1.6","0.4","20.5","6.7","16","8.21","365","14","1","0","0","299","299","333","251","44","120","208","87902","1475","0","false","520944","207","360","908","33093","35737","20863"
"7","0.1","1","false","false","false","true","false","false","false","1","1","1","0.25","1","0","0","0","100","0","25","0","10","2.5","2","60","1.6","0.4","20.5","6.7","16","8.21","365","14","1","0","0","299","299","334","245","43","119","195","87922","1476","0","false","520944","207","360","909","33098","35745","20864"
"7","0.1","1","false","false","false","true","false","false","false","1","1","1","0.25","1","0","0","0","100","0","25","0","10","2.5","2","60","1.6","0.4","20.5","6.7","16","8.21","365","14","1","0","0","299","299","335","239","30","116","206","87933","1476","0","false","520932","207","360","909","33100","35753","20868"
"7","0.1","1","false","false","false","true","false","false","false","1","1","1","0.25","1","0","0","0","100","0","25","0","10","2.5","2","60","1.6","0.4","20.5","6.7","16","8.21","365","14","1","0","0","299","299","336","232","28","114","206","87944","1476","0","false","520932","207","360","909","33102","35756","20871"
"7","0.1","1","false","false","false","true","false","false","false","1","1","1","0.25","1","0","0","0","100","0","25","0","10","2.5","2","60","1.6","0.4","20.5","6.7","16","8.21","365","14","1","0","0","299","299","337","227","27","112","201","87957","1476","0","false","520932","207","360","909","33107","35757","20871"
"7","0.1","1","false","false","false","true","false","false","false","1","1","1","0.25","1","0","0","0","100","0","25","0","10","2.5","2","60","1.6","0.4","20.5","6.7","16","8.21","365","14","1","0","0","299","299","338","221","29","114","193","87966","1477","0","false","520932","207","360","910","33108","35758","20875"
"7","0.1","1","false","false","false","true","false","false","false","1","1","1","0.25","1","0","0","0","100","0","25","0","10","2.5","2","60","1.6","0.4","20.5","6.7","16","8.21","365","14","1","0","0","299","299","339","214","32","113","185","87979","1477","0","false","520918","207","360","910","33108","35762","20876"
"7","0.1","1","false","false","false","true","false","false","false","1","1","1","0.25","1","0","0","0","100","0","25","0","10","2.5","2","60","1.6","0.4","20.5","6.7","16","8.21","365","14","1","0","0","299","299","340","204","33","110","182","87994","1477","0","false","520918","207","360","910","33109","35768","20879"
"7","0.1","1","false","false","false","true","false","false","false","1","1","1","0.25","1","0","0","0","100","0","25","0","10","2.5","2","60","1.6","0.4","20.5","6.7","16","8.21","365","14","1","0","0","299","299","341","198","28","112","181","88004","1477","0","false","520918","207","360","910","33111","35774","20880"
"7","0.1","1","false","false","false","true","false","false","false","1","1","1","0.25","1","0","0","0","100","0","25","0","10","2.5","2","60","1.6","0.4","20.5","6.7","16","8.21","365","14","1","0","0","299","299","342","192","29","105","173","88024","1477","0","false","520918","207","360","910","33112","35775","20881"
"7","0.1","1","false","false","false","true","false","false","false","1","1","1","0.25","1","0","0","0","100","0","25","0","10","2.5","2","60","1.6","0.4","20.5","6.7","16","8.21","365","14","1","0","0","299","299","343","182","31","100","164","88046","1477","0","false","520918","207","360","910","33114","35777","20882"
"7","0.1","1","false","false","false","true","false","false","false","1","1","1","0.25","1","0","0","0","100","0","25","0","10","2.5","2","60","1.6","0.4","20.5","6.7","16","8.21","365","14","1","0","0","299","299","344","172","36","99","153","88063","1477","0","false","520918","207","360","910","33115","35780","20884"
"7","0.1","1","false","false","false","true","false","false","false","1","1","1","0.25","1","0","0","0","100","0","25","0","10","2.5","2","60","1.6","0.4","20.5","6.7","16","8.21","365","14","1","0","0","299","299","345","163","35","99","153","88072","1478","0","false","520918","207","360","911","33117","35783","20887"
"7","0.1","1","false","false","false","true","false","false","false","1","1","1","0.25","1","0","0","0","100","0","25","0","10","2.5","2","60","1.6","0.4","20.5","6.7","16","8.21","365","14","1","0","0","299","299","346","155","35","100","144","88088","1478","0","false","520906","207","360","911","33119","35789","20888"
"7","0.1","1","false","false","false","true","false","false","false","1","1","1","0.25","1","0","0","0","100","0","25","0","10","2.5","2","60","1.6","0.4","20.5","6.7","16","8.21","365","14","1","0","0","299","299","347","151","34","96","132","88108","1479","0","false","520906","207","361","911","33121","35792","20893"
"7","0.1","1","false","false","false","true","false","false","false","1","1","1","0.25","1","0","0","0","100","0","25","0","10","2.5","2","60","1.6","0.4","20.5","6.7","16","8.21","365","14","1","0","0","299","299","348","146","30","93","130","88122","1479","0","false","520893","207","361","911","33124","35796","20895"
"7","0.1","1","false","false","false","true","false","false","false","1","1","1","0.25","1","0","0","0","100","0","25","0","10","2.5","2","60","1.6","0.4","20.5","6.7","16","8.21","365","14","1","0","0","299","299","349","140","29","84","123","88145","1479","0","false","520893","207","361","911","33125","35798","20898"
"7","0.1","1","false","false","false","true","false","false","false","1","1","1","0.25","1","0","0","0","100","0","25","0","10","2.5","2","60","1.6","0.4","20.5","6.7","16","8.21","365","14","1","0","0","299","299","350","133","26","80","129","88153","1479","0","false","520893","207","361","911","33126","35801","20898"
"7","0.1","1","false","false","false","true","false","false","false","1","1","1","0.25","1","0","0","0","100","0","25","0","10","2.5","2","60","1.6","0.4","20.5","6.7","16","8.21","365","14","1","0","0","299","299","351","130","21","84","123","88163","1479","0","false","520893","207","361","911","33128","35803","20900"
"7","0.1","1","false","false","false","true","false","false","false","1","1","1","0.25","1","0","0","0","100","0","25","0","10","2.5","2","60","1.6","0.4","20.5","6.7","16","8.21","365","14","1","0","0","299","299","352","120","28","81","118","88174","1479","0","false","520893","207","361","911","33130","35806","20901"
"7","0.1","1","false","false","false","true","false","false","false","1","1","1","0.25","1","0","0","0","100","0","25","0","10","2.5","2","60","1.6","0.4","20.5","6.7","16","8.21","365","14","1","0","0","299","299","353","112","32","82","107","88188","1479","0","false","520893","207","361","911","33133","35811","20903"
"7","0.1","1","false","false","false","true","false","false","false","1","1","1","0.25","1","0","0","0","100","0","25","0","10","2.5","2","60","1.6","0.4","20.5","6.7","16","8.21","365","14","1","0","0","299","299","354","106","31","86","100","88198","1479","0","false","520893","207","361","911","33137","35815","20905"
"7","0.1","1","false","false","false","true","false","false","false","1","1","1","0.25","1","0","0","0","100","0","25","0","10","2.5","2","60","1.6","0.4","20.5","6.7","16","8.21","365","14","1","0","0","299","299","355","101","30","85","97","88208","1479","0","false","520893","207","361","911","33140","35819","20905"
"7","0.1","1","false","false","false","true","false","false","false","1","1","1","0.25","1","0","0","0","100","0","25","0","10","2.5","2","60","1.6","0.4","20.5","6.7","16","8.21","365","14","1","0","0","299","299","356","97","25","79","100","88220","1479","0","false","520893","207","361","911","33144","35820","20905"
"7","0.1","1","false","false","false","true","false","false","false","1","1","1","0.25","1","0","0","0","100","0","25","0","10","2.5","2","60","1.6","0.4","20.5","6.7","16","8.21","365","14","1","0","0","299","299","357","91","25","80","95","88230","1479","0","false","520893","207","361","911","33147","35822","20907"
"7","0.1","1","false","false","false","true","false","false","false","1","1","1","0.25","1","0","0","0","100","0","25","0","10","2.5","2","60","1.6","0.4","20.5","6.7","16","8.21","365","14","1","0","0","299","299","358","88","21","78","94","88240","1479","0","false","520893","207","361","911","33151","35823","20907"
"7","0.1","1","false","false","false","true","false","false","false","1","1","1","0.25","1","0","0","0","100","0","25","0","10","2.5","2","60","1.6","0.4","20.5","6.7","16","8.21","365","14","1","0","0","299","299","359","83","20","78","94","88246","1479","0","false","520893","207","361","911","33152","35826","20911"
"7","0.1","1","false","false","false","true","false","false","false","1","1","1","0.25","1","0","0","0","100","0","25","0","10","2.5","2","60","1.6","0.4","20.5","6.7","16","8.21","365","14","1","0","0","299","299","360","80","22","77","89","88253","1479","0","false","520893","207","361","911","33153","35827","20911"
"7","0.1","1","false","false","false","true","false","false","false","1","1","1","0.25","1","0","0","0","100","0","25","0","10","2.5","2","60","1.6","0.4","20.5","6.7","16","8.21","365","14","1","0","0","299","299","361","75","18","77","90","88261","1479","0","false","520893","207","361","911","33156","35831","20911"
"7","0.1","1","false","false","false","true","false","false","false","1","1","1","0.25","1","0","0","0","100","0","25","0","10","2.5","2","60","1.6","0.4","20.5","6.7","16","8.21","365","14","1","0","0","299","299","362","74","16","72","88","88271","1479","0","false","520893","207","361","911","33158","35832","20911"
"7","0.1","1","false","false","false","true","false","false","false","1","1","1","0.25","1","0","0","0","100","0","25","0","10","2.5","2","60","1.6","0.4","20.5","6.7","16","8.21","365","14","1","0","0","299","299","363","72","16","76","80","88277","1479","0","false","520893","207","361","911","33158","35836","20914"
"7","0.1","1","false","false","false","true","false","false","false","1","1","1","0.25","1","0","0","0","100","0","25","0","10","2.5","2","60","1.6","0.4","20.5","6.7","16","8.21","365","14","1","0","0","299","299","364","67","14","71","83","88285","1480","0","false","520893","208","361","911","33158","35838","20915"
"7","0.1","1","false","false","false","true","false","false","false","1","1","1","0.25","1","0","0","0","100","0","25","0","10","2.5","2","60","1.6","0.4","20.5","6.7","16","8.21","365","14","1","0","0","299","299","365","65","15","71","74","88295","1480","0","false","520885","208","361","911","33160","35839","20916"
"8","0.1","1","false","false","false","true","false","false","false","1","1","1","0.25","1","0","0","0","100","0","25","0.1","10","2.5","2","60","1.6","0.4","20.5","6.7","16","8.21","365","14","1","0","0","299","299","0","89910","90","0","0","0","0","0","false","0","0","0","0","0","0","0"
"8","0.1","1","false","false","false","true","false","false","false","1","1","1","0.25","1","0","0","0","100","0","25","0.1","10","2.5","2","60","1.6","0.4","20.5","6.7","16","8.21","365","14","1","0","0","299","299","1","89910","84","0","6","0","0","0","false","538444","0","0","0","2","1","0"
"8","0.1","1","false","false","false","true","false","false","false","1","1","1","0.25","1","0","0","0","100","0","25","0.1","10","2.5","2","60","1.6","0.4","20.5","6.7","16","8.21","365","14","1","0","0","299","299","2","89901","78","0","21","0","0","0","false","538444","0","0","0","8","6","1"
"8","0.1","1","false","false","false","true","false","false","false","1","1","1","0.25","1","0","0","0","100","0","25","0.1","10","2.5","2","60","1.6","0.4","20.5","6.7","16","8.21","365","14","1","0","0","299","299","3","89881","86","1","32","0","0","0","false","538444","0","0","0","14","7","4"
"8","0.1","1","false","false","false","true","false","false","false","1","1","1","0.25","1","0","0","0","100","0","25","0.1","10","2.5","2","60","1.6","0.4","20.5","6.7","16","8.21","365","14","1","0","0","299","299","4","89845","105","3","47","0","0","0","false","538444","0","0","0","19","12","7"
"8","0.1","1","false","false","false","true","false","false","false","1","1","1","0.25","1","0","0","0","100","0","25","0.1","10","2.5","2","60","1.6","0.4","20.5","6.7","16","8.21","365","14","1","0","0","299","299","5","89790","137","5","68","0","0","0","false","538444","0","0","0","26","18","12"
"8","0.1","1","false","false","false","true","false","false","false","1","1","1","0.25","1","0","0","0","100","0","25","0.1","10","2.5","2","60","1.6","0.4","20.5","6.7","16","8.21","365","14","1","0","0","299","299","6","89706","195","10","89","0","0","0","false","538444","0","0","0","33","24","16"
"8","0.1","1","false","false","false","true","false","false","false","1","1","1","0.25","1","0","0","0","100","0","25","0.1","10","2.5","2","60","1.6","0.4","20.5","6.7","16","8.21","365","14","1","0","0","299","299","7","89624","237","14","125","0","0","0","false","538444","0","0","0","45","29","23"
"8","0.1","1","false","false","false","true","false","false","false","1","1","1","0.25","1","0","0","0","100","0","25","0.1","10","2.5","2","60","1.6","0.4","20.5","6.7","16","8.21","365","14","1","0","0","299","299","8","89528","286","27","159","0","0","0","false","538444","0","0","0","57","42","35"
"8","0.1","1","false","false","false","true","false","false","false","1","1","1","0.25","1","0","0","0","100","0","25","0.1","10","2.5","2","60","1.6","0.4","20.5","6.7","16","8.21","365","14","1","0","0","299","299","9","89403","350","40","207","0","0","0","false","538444","0","0","0","75","58","49"
"8","0.1","1","false","false","false","true","false","false","false","1","1","1","0.25","1","0","0","0","100","0","25","0.1","10","2.5","2","60","1.6","0.4","20.5","6.7","16","8.21","365","14","1","0","0","299","299","10","89278","407","58","257","0","0","0","false","538444","0","0","0","90","80","67"
"8","0.1","1","false","false","false","true","false","false","false","1","1","1","0.25","1","0","0","0","100","0","25","0.1","10","2.5","2","60","1.6","0.4","20.5","6.7","16","8.21","365","14","1","0","0","299","299","11","89133","463","82","322","0","0","0","false","538444","0","0","0","113","117","81"
"8","0.1","1","false","false","false","true","false","false","false","1","1","1","0.25","1","0","0","0","100","0","25","0.1","10","2.5","2","60","1.6","0.4","20.5","6.7","16","8.21","365","14","1","0","0","299","299","12","88952","549","109","390","0","0","0","false","538444","0","0","0","144","153","98"
"8","0.1","1","false","false","false","true","false","false","false","1","1","1","0.25","1","0","0","0","100","0","25","0.1","10","2.5","2","60","1.6","0.4","20.5","6.7","16","8.21","365","14","1","0","0","299","299","13","88744","651","142","463","0","0","0","false","538444","0","0","0","180","191","117"
"8","0.1","1","false","false","false","true","false","false","false","1","1","1","0.25","1","0","0","0","100","0","25","0.1","10","2.5","2","60","1.6","0.4","20.5","6.7","16","8.21","365","14","1","0","0","299","299","14","88517","742","172","569","0","0","0","false","538444","0","0","0","219","246","143"
"8","0.1","1","false","false","false","true","false","false","false","1","1","1","0.25","1","0","0","0","100","0","25","0.1","10","2.5","2","60","1.6","0.4","20.5","6.7","16","8.21","365","14","1","0","0","299","299","15","88248","855","211","686","0","0","0","false","538444","0","0","0","271","298","173"
"8","0.1","1","false","false","false","true","false","false","false","1","1","1","0.25","1","0","0","0","100","0","25","0.1","10","2.5","2","60","1.6","0.4","20.5","6.7","16","8.21","365","14","1","0","0","299","299","16","87981","936","258","823","2","0","50","false","538444","0","0","0","328","365","210"
"8","0.1","1","false","false","false","true","false","false","false","1","1","1","0.25","1","0","0","0","100","0","25","0.1","10","2.5","2","60","1.6","0.4","20.5","6.7","16","8.21","365","14","1","0","0","299","299","17","87703","1025","300","968","4","0","337","false","537862","0","0","0","375","444","244"
"8","0.1","1","false","false","false","true","false","false","false","1","1","1","0.25","1","0","0","0","100","0","25","0.1","10","2.5","2","60","1.6","0.4","20.5","6.7","16","8.21","365","14","1","0","0","299","299","18","87443","1080","361","1109","7","0","683","false","534947","0","0","0","442","507","299"
"8","0.1","1","false","false","false","true","false","false","false","1","1","1","0.25","1","0","0","0","100","0","25","0.1","10","2.5","2","60","1.6","0.4","20.5","6.7","16","8.21","365","14","1","0","0","299","299","19","87182","1117","435","1256","10","0","938","false","531587","0","0","0","514","596","353"
"8","0.1","1","false","false","false","true","false","false","false","1","1","1","0.25","1","0","0","0","100","0","25","0.1","10","2.5","2","60","1.6","0.4","20.5","6.7","16","8.21","365","14","1","0","0","299","299","20","86912","1117","505","1452","14","0","1279","false","529142","0","0","0","602","684","415"
"8","0.1","1","false","false","false","true","false","false","false","1","1","1","0.25","1","0","0","0","100","0","25","0.1","10","2.5","2","60","1.6","0.4","20.5","6.7","16","8.21","365","14","1","0","0","299","299","21","86636","1141","591","1613","19","0","1663","false","525987","0","0","0","693","773","480"
"8","0.1","1","false","false","false","true","false","false","false","1","1","1","0.25","1","0","0","0","100","0","25","0.1","10","2.5","2","60","1.6","0.4","20.5","6.7","16","8.21","365","14","1","0","0","299","299","22","86352","1172","680","1766","30","0","2046","false","522612","0","0","0","780","877","537"
"8","0.1","1","false","false","false","true","false","false","false","1","1","1","0.25","1","0","0","0","100","0","25","0.1","10","2.5","2","60","1.6","0.4","20.5","6.7","16","8.21","365","14","1","0","0","299","299","23","86060","1184","771","1941","43","1","2409","false","519352","0","0","1","878","988","602"
"8","0.1","1","false","false","false","true","false","false","false","1","1","1","0.25","1","0","0","0","100","0","25","0.1","10","2.5","2","60","1.6","0.4","20.5","6.7","16","8.21","365","14","1","0","0","299","299","24","85789","1198","852","2103","55","3","2740","false","516329","0","1","2","969","1089","653"
"8","0.1","1","false","false","false","true","false","false","false","1","1","1","0.25","1","0","0","0","100","0","25","0.1","10","2.5","2","60","1.6","0.4","20.5","6.7","16","8.21","365","14","1","0","0","299","299","25","85532","1205","949","2241","69","4","3115","false","513641","0","2","2","1069","1187","703"
"8","0.1","1","false","false","false","true","false","false","false","1","1","1","0.25","1","0","0","0","100","0","25","0.1","10","2.5","2","60","1.6","0.4","20.5","6.7","16","8.21","365","14","1","0","0","299","299","26","85257","1201","1044","2396","98","4","3567","false","510609","0","2","2","1162","1312","766"
"8","0.1","1","false","false","false","true","false","false","false","1","1","1","0.25","1","0","0","0","100","0","25","0.1","10","2.5","2","60","1.6","0.4","20.5","6.7","16","8.21","365","14","1","0","0","299","299","27","85010","1175","1132","2546","133","4","3988","false","507119","0","2","2","1251","1424","820"
"8","0.1","1","false","false","false","true","false","false","false","1","1","1","0.25","1","0","0","0","100","0","25","0.1","10","2.5","2","60","1.6","0.4","20.5","6.7","16","8.21","365","14","1","0","0","299","299","28","84719","1156","1218","2740","163","4","4366","false","503802","0","2","2","1346","1545","884"
"8","0.1","1","false","false","false","true","false","false","false","1","1","1","0.25","1","0","0","0","100","0","25","0.1","10","2.5","2","60","1.6","0.4","20.5","6.7","16","8.21","365","14","1","0","0","299","299","29","84440","1165","1314","2870","206","5","4791","false","500778","0","2","3","1451","1651","937"
"8","0.1","1","false","false","false","true","false","false","false","1","1","1","0.25","1","0","0","0","100","0","25","0.1","10","2.5","2","60","1.6","0.4","20.5","6.7","16","8.21","365","14","1","0","0","299","299","30","84202","1125","1401","2996","267","9","5021","false","497234","0","5","4","1560","1769","987"
"8","0.1","1","false","false","false","true","false","false","false","1","1","1","0.25","1","0","0","0","100","0","25","0.1","10","2.5","2","60","1.6","0.4","20.5","6.7","16","8.21","365","14","1","0","0","299","299","31","83930","1131","1510","3081","338","10","5139","false","494995","0","5","5","1680","1870","1054"
"8","0.1","1","false","false","false","true","false","false","false","1","1","1","0.25","1","0","0","0","100","0","25","0.1","10","2.5","2","60","1.6","0.4","20.5","6.7","16","8.21","365","14","1","0","0","299","299","32","83599","1203","1593","3183","411","11","5385","false","493668","0","5","6","1783","1976","1120"
"8","0.1","1","false","false","false","true","false","false","false","1","1","1","0.25","1","0","0","0","100","0","25","0.1","10","2.5","2","60","1.6","0.4","20.5","6.7","16","8.21","365","14","1","0","0","299","299","33","83255","1291","1687","3257","499","11","5548","false","491277","0","5","6","1883","2080","1187"
"8","0.1","1","false","false","false","true","false","false","false","1","1","1","0.25","1","0","0","0","100","0","25","0.1","10","2.5","2","60","1.6","0.4","20.5","6.7","16","8.21","365","14","1","0","0","299","299","34","82896","1370","1761","3368","594","11","5668","false","489781","0","5","6","1979","2195","1241"
"8","0.1","1","false","false","false","true","false","false","false","1","1","1","0.25","1","0","0","0","100","0","25","0.1","10","2.5","2","60","1.6","0.4","20.5","6.7","16","8.21","365","14","1","0","0","299","299","35","82491","1453","1834","3489","719","14","5900","false","488469","0","6","8","2077","2313","1315"
"8","0.1","1","false","false","false","true","false","false","false","1","1","1","0.25","1","0","0","0","100","0","25","0.1","10","2.5","2","60","1.6","0.4","20.5","6.7","16","8.21","365","14","1","0","0","299","299","36","82083","1557","1880","3630","831","19","6098","false","486377","0","7","12","2187","2411","1387"
"8","0.1","1","false","false","false","true","false","false","false","1","1","1","0.25","1","0","0","0","100","0","25","0.1","10","2.5","2","60","1.6","0.4","20.5","6.7","16","8.21","365","14","1","0","0","299","299","37","81676","1622","1938","3768","974","22","6301","false","484552","0","8","14","2310","2543","1460"
"8","0.1","1","false","false","false","true","false","false","false","1","1","1","0.25","1","0","0","0","100","0","25","0.1","10","2.5","2","60","1.6","0.4","20.5","6.7","16","8.21","365","14","1","0","0","299","299","38","81298","1623","2022","3890","1144","23","6456","false","482492","0","9","14","2442","2691","1558"
"8","0.1","1","false","false","false","true","false","false","false","1","1","1","0.25","1","0","0","0","100","0","25","0.1","10","2.5","2","60","1.6","0.4","20.5","6.7","16","8.21","365","14","1","0","0","299","299","39","80890","1667","2086","4034","1293","30","6515","false","480815","2","9","19","2564","2827","1647"
"8","0.1","1","false","false","false","true","false","false","false","1","1","1","0.25","1","0","0","0","100","0","25","0.1","10","2.5","2","60","1.6","0.4","20.5","6.7","16","8.21","365","14","1","0","0","299","299","40","80479","1686","2155","4177","1469","34","6649","false","479829","2","10","22","2691","2979","1722"
"8","0.1","1","false","false","false","true","false","false","false","1","1","1","0.25","1","0","0","0","100","0","25","0.1","10","2.5","2","60","1.6","0.4","20.5","6.7","16","8.21","365","14","1","0","0","299","299","41","80061","1725","2238","4279","1659","38","6847","false","478571","2","10","26","2818","3122","1822"
"8","0.1","1","false","false","false","true","false","false","false","1","1","1","0.25","1","0","0","0","100","0","25","0.1","10","2.5","2","60","1.6","0.4","20.5","6.7","16","8.21","365","14","1","0","0","299","299","42","79642","1758","2311","4400","1847","42","6899","false","476370","2","10","30","2943","3266","1907"
"8","0.1","1","false","false","false","true","false","false","false","1","1","1","0.25","1","0","0","0","100","0","25","0.1","10","2.5","2","60","1.6","0.4","20.5","6.7","16","8.21","365","14","1","0","0","299","299","43","79190","1774","2385","4542","2065","44","6954","false","475536","3","10","31","3092","3445","1995"
"8","0.1","1","false","false","false","true","false","false","false","1","1","1","0.25","1","0","0","0","100","0","25","0.1","10","2.5","2","60","1.6","0.4","20.5","6.7","16","8.21","365","14","1","0","0","299","299","44","78699","1842","2465","4675","2269","50","7081","false","474655","4","11","35","3252","3609","2084"
"8","0.1","1","false","false","false","true","false","false","false","1","1","1","0.25","1","0","0","0","100","0","25","0.1","10","2.5","2","60","1.6","0.4","20.5","6.7","16","8.21","365","14","1","0","0","299","299","45","78223","1934","2523","4743","2520","57","7089","false","473301","4","13","40","3405","3769","2171"
"8","0.1","1","false","false","false","true","false","false","false","1","1","1","0.25","1","0","0","0","100","0","25","0.1","10","2.5","2","60","1.6","0.4","20.5","6.7","16","8.21","365","14","1","0","0","299","299","46","77703","2019","2597","4864","2756","61","7277","false","472909","4","13","44","3571","3928","2261"
"8","0.1","1","false","false","false","true","false","false","false","1","1","1","0.25","1","0","0","0","100","0","25","0.1","10","2.5","2","60","1.6","0.4","20.5","6.7","16","8.21","365","14","1","0","0","299","299","47","77152","2151","2681","4972","2981","63","7506","false","471149","4","14","45","3735","4088","2353"
"8","0.1","1","false","false","false","true","false","false","false","1","1","1","0.25","1","0","0","0","100","0","25","0.1","10","2.5","2","60","1.6","0.4","20.5","6.7","16","8.21","365","14","1","0","0","299","299","48","76643","2142","2782","5126","3242","65","7650","false","469139","4","14","47","3922","4292","2477"
"8","0.1","1","false","false","false","true","false","false","false","1","1","1","0.25","1","0","0","0","100","0","25","0.1","10","2.5","2","60","1.6","0.4","20.5","6.7","16","8.21","365","14","1","0","0","299","299","49","76140","2162","2871","5288","3471","68","7694","false","467874","5","14","49","4119","4457","2597"
"8","0.1","1","false","false","false","true","false","false","false","1","1","1","0.25","1","0","0","0","100","0","25","0.1","10","2.5","2","60","1.6","0.4","20.5","6.7","16","8.21","365","14","1","0","0","299","299","50","75574","2222","2945","5459","3726","74","7849","false","467321","7","15","52","4303","4632","2711"
"8","0.1","1","false","false","false","true","false","false","false","1","1","1","0.25","1","0","0","0","100","0","25","0.1","10","2.5","2","60","1.6","0.4","20.5","6.7","16","8.21","365","14","1","0","0","299","299","51","75022","2289","3027","5587","3998","77","7948","false","465933","7","15","55","4467","4830","2820"
"8","0.1","1","false","false","false","true","false","false","false","1","1","1","0.25","1","0","0","0","100","0","25","0.1","10","2.5","2","60","1.6","0.4","20.5","6.7","16","8.21","365","14","1","0","0","299","299","52","74502","2289","3104","5759","4263","83","8030","false","464808","8","16","59","4638","5035","2924"
"8","0.1","1","false","false","false","true","false","false","false","1","1","1","0.25","1","0","0","0","100","0","25","0.1","10","2.5","2","60","1.6","0.4","20.5","6.7","16","8.21","365","14","1","0","0","299","299","53","73980","2271","3178","5908","4577","86","8192","false","463995","8","18","60","4831","5241","3040"
"8","0.1","1","false","false","false","true","false","false","false","1","1","1","0.25","1","0","0","0","100","0","25","0.1","10","2.5","2","60","1.6","0.4","20.5","6.7","16","8.21","365","14","1","0","0","299","299","54","73478","2260","3294","6007","4867","94","8274","false","462367","9","19","66","5041","5442","3162"
"8","0.1","1","false","false","false","true","false","false","false","1","1","1","0.25","1","0","0","0","100","0","25","0.1","10","2.5","2","60","1.6","0.4","20.5","6.7","16","8.21","365","14","1","0","0","299","299","55","72891","2305","3376","6154","5170","104","8511","false","461449","12","21","71","5247","5646","3283"
"8","0.1","1","false","false","false","true","false","false","false","1","1","1","0.25","1","0","0","0","100","0","25","0.1","10","2.5","2","60","1.6","0.4","20.5","6.7","16","8.21","365","14","1","0","0","299","299","56","72389","2268","3465","6321","5447","110","8516","false","459269","13","22","75","5439","5848","3410"
"8","0.1","1","false","false","false","true","false","false","false","1","1","1","0.25","1","0","0","0","100","0","25","0.1","10","2.5","2","60","1.6","0.4","20.5","6.7","16","8.21","365","14","1","0","0","299","299","57","71851","2286","3541","6451","5752","119","8606","false","459052","14","23","82","5620","6058","3512"
"8","0.1","1","false","false","false","true","false","false","false","1","1","1","0.25","1","0","0","0","100","0","25","0.1","10","2.5","2","60","1.6","0.4","20.5","6.7","16","8.21","365","14","1","0","0","299","299","58","71293","2305","3642","6558","6079","123","8740","false","458160","15","24","84","5841","6262","3637"
"8","0.1","1","false","false","false","true","false","false","false","1","1","1","0.25","1","0","0","0","100","0","25","0.1","10","2.5","2","60","1.6","0.4","20.5","6.7","16","8.21","365","14","1","0","0","299","299","59","70753","2328","3739","6675","6376","129","8776","false","457051","16","25","88","6036","6446","3780"
"8","0.1","1","false","false","false","true","false","false","false","1","1","1","0.25","1","0","0","0","100","0","25","0.1","10","2.5","2","60","1.6","0.4","20.5","6.7","16","8.21","365","14","1","0","0","299","299","60","70201","2332","3816","6831","6686","134","8823","false","456408","16","26","92","6230","6666","3907"
"8","0.1","1","false","false","false","true","false","false","false","1","1","1","0.25","1","0","0","0","100","0","25","0.1","10","2.5","2","60","1.6","0.4","20.5","6.7","16","8.21","365","14","1","0","0","299","299","61","69564","2445","3895","6923","7031","142","8941","false","455887","17","27","98","6432","6856","4047"
"8","0.1","1","false","false","false","true","false","false","false","1","1","1","0.25","1","0","0","0","100","0","25","0.1","10","2.5","2","60","1.6","0.4","20.5","6.7","16","8.21","365","14","1","0","0","299","299","62","68991","2439","3985","7029","7405","151","9029","false","454782","19","30","102","6660","7084","4181"
"8","0.1","1","false","false","false","true","false","false","false","1","1","1","0.25","1","0","0","0","100","0","25","0.1","10","2.5","2","60","1.6","0.4","20.5","6.7","16","8.21","365","14","1","0","0","299","299","63","68382","2488","4048","7125","7793","164","9217","false","453925","21","34","109","6864","7308","4305"
"8","0.1","1","false","false","false","true","false","false","false","1","1","1","0.25","1","0","0","0","100","0","25","0.1","10","2.5","2","60","1.6","0.4","20.5","6.7","16","8.21","365","14","1","0","0","299","299","64","67758","2571","4117","7217","8171","166","9261","false","452168","22","35","109","7062","7504","4430"
"8","0.1","1","false","false","false","true","false","false","false","1","1","1","0.25","1","0","0","0","100","0","25","0.1","10","2.5","2","60","1.6","0.4","20.5","6.7","16","8.21","365","14","1","0","0","299","299","65","67175","2556","4184","7354","8559","172","9364","false","451534","22","37","113","7303","7721","4568"
"8","0.1","1","false","false","false","true","false","false","false","1","1","1","0.25","1","0","0","0","100","0","25","0.1","10","2.5","2","60","1.6","0.4","20.5","6.7","16","8.21","365","14","1","0","0","299","299","66","66566","2585","4262","7493","8917","177","9454","false","450508","24","37","116","7517","7931","4690"
"8","0.1","1","false","false","false","true","false","false","false","1","1","1","0.25","1","0","0","0","100","0","25","0.1","10","2.5","2","60","1.6","0.4","20.5","6.7","16","8.21","365","14","1","0","0","299","299","67","65963","2594","4320","7615","9327","181","9507","false","449559","24","39","118","7719","8127","4831"
"8","0.1","1","false","false","false","true","false","false","false","1","1","1","0.25","1","0","0","0","100","0","25","0.1","10","2.5","2","60","1.6","0.4","20.5","6.7","16","8.21","365","14","1","0","0","299","299","68","65358","2594","4412","7696","9754","186","9600","false","448829","25","41","120","7940","8364","4968"
"8","0.1","1","false","false","false","true","false","false","false","1","1","1","0.25","1","0","0","0","100","0","25","0.1","10","2.5","2","60","1.6","0.4","20.5","6.7","16","8.21","365","14","1","0","0","299","299","69","64737","2624","4492","7783","10172","192","9628","false","448065","25","43","124","8157","8612","5093"
"8","0.1","1","false","false","false","true","false","false","false","1","1","1","0.25","1","0","0","0","100","0","25","0.1","10","2.5","2","60","1.6","0.4","20.5","6.7","16","8.21","365","14","1","0","0","299","299","70","64127","2623","4581","7832","10639","198","9739","false","447753","25","43","130","8416","8864","5214"
"8","0.1","1","false","false","false","true","false","false","false","1","1","1","0.25","1","0","0","0","100","0","25","0.1","10","2.5","2","60","1.6","0.4","20.5","6.7","16","8.21","365","14","1","0","0","299","299","71","63494","2609","4670","7911","11111","205","9988","false","446561","26","45","134","8659","9114","5357"
"8","0.1","1","false","false","false","true","false","false","false","1","1","1","0.25","1","0","0","0","100","0","25","0.1","10","2.5","2","60","1.6","0.4","20.5","6.7","16","8.21","365","14","1","0","0","299","299","72","62854","2662","4750","7938","11580","216","10041","false","444519","26","48","142","8895","9342","5509"
"8","0.1","1","false","false","false","true","false","false","false","1","1","1","0.25","1","0","0","0","100","0","25","0.1","10","2.5","2","60","1.6","0.4","20.5","6.7","16","8.21","365","14","1","0","0","299","299","73","62228","2664","4806","7995","12081","226","10182","false","443850","29","51","146","9118","9595","5654"
"8","0.1","1","false","false","false","true","false","false","false","1","1","1","0.25","1","0","0","0","100","0","25","0.1","10","2.5","2","60","1.6","0.4","20.5","6.7","16","8.21","365","14","1","0","0","299","299","74","61577","2672","4878","8092","12549","232","10171","false","442474","29","51","152","9347","9831","5830"
"8","0.1","1","false","false","false","true","false","false","false","1","1","1","0.25","1","0","0","0","100","0","25","0.1","10","2.5","2","60","1.6","0.4","20.5","6.7","16","8.21","365","14","1","0","0","299","299","75","60967","2649","4949","8159","13033","243","10181","false","442358","31","51","161","9570","10071","5983"
"8","0.1","1","false","false","false","true","false","false","false","1","1","1","0.25","1","0","0","0","100","0","25","0.1","10","2.5","2","60","1.6","0.4","20.5","6.7","16","8.21","365","14","1","0","0","299","299","76","60319","2669","5017","8268","13474","253","10319","false","442124","31","52","170","9822","10271","6141"
"8","0.1","1","false","false","false","true","false","false","false","1","1","1","0.25","1","0","0","0","100","0","25","0.1","10","2.5","2","60","1.6","0.4","20.5","6.7","16","8.21","365","14","1","0","0","299","299","77","59673","2727","5050","8317","13970","263","10484","false","440890","33","54","176","10047","10509","6273"
"8","0.1","1","false","false","false","true","false","false","false","1","1","1","0.25","1","0","0","0","100","0","25","0.1","10","2.5","2","60","1.6","0.4","20.5","6.7","16","8.21","365","14","1","0","0","299","299","78","59023","2774","5088","8370","14474","271","10713","false","439479","35","57","179","10285","10763","6412"
"8","0.1","1","false","false","false","true","false","false","false","1","1","1","0.25","1","0","0","0","100","0","25","0.1","10","2.5","2","60","1.6","0.4","20.5","6.7","16","8.21","365","14","1","0","0","299","299","79","58357","2774","5121","8443","15027","278","10897","false","437410","36","58","184","10548","11015","6559"
"8","0.1","1","false","false","false","true","false","false","false","1","1","1","0.25","1","0","0","0","100","0","25","0.1","10","2.5","2","60","1.6","0.4","20.5","6.7","16","8.21","365","14","1","0","0","299","299","80","57759","2725","5138","8505","15584","289","10970","false","435923","39","60","190","10774","11262","6704"
"8","0.1","1","false","false","false","true","false","false","false","1","1","1","0.25","1","0","0","0","100","0","25","0.1","10","2.5","2","60","1.6","0.4","20.5","6.7","16","8.21","365","14","1","0","0","299","299","81","57101","2766","5159","8526","16144","304","11001","false","435166","42","62","200","10988","11531","6867"
"8","0.1","1","false","false","false","true","false","false","false","1","1","1","0.25","1","0","0","0","100","0","25","0.1","10","2.5","2","60","1.6","0.4","20.5","6.7","16","8.21","365","14","1","0","0","299","299","82","56453","2785","5227","8580","16640","315","11113","false","434467","44","67","204","11215","11794","7026"
"8","0.1","1","false","false","false","true","false","false","false","1","1","1","0.25","1","0","0","0","100","0","25","0.1","10","2.5","2","60","1.6","0.4","20.5","6.7","16","8.21","365","14","1","0","0","299","299","83","55805","2794","5239","8681","17157","324","11180","false","433178","45","67","212","11445","12055","7152"
"8","0.1","1","false","false","false","true","false","false","false","1","1","1","0.25","1","0","0","0","100","0","25","0.1","10","2.5","2","60","1.6","0.4","20.5","6.7","16","8.21","365","14","1","0","0","299","299","84","55142","2791","5280","8790","17664","333","11019","false","432430","46","69","218","11680","12333","7304"
"8","0.1","1","false","false","false","true","false","false","false","1","1","1","0.25","1","0","0","0","100","0","25","0.1","10","2.5","2","60","1.6","0.4","20.5","6.7","16","8.21","365","14","1","0","0","299","299","85","54486","2834","5303","8854","18181","342","10993","false","433289","47","70","225","11910","12574","7438"
"8","0.1","1","false","false","false","true","false","false","false","1","1","1","0.25","1","0","0","0","100","0","25","0.1","10","2.5","2","60","1.6","0.4","20.5","6.7","16","8.21","365","14","1","0","0","299","299","86","53797","2868","5309","8929","18738","359","11041","false","433421","48","75","236","12127","12845","7589"
"8","0.1","1","false","false","false","true","false","false","false","1","1","1","0.25","1","0","0","0","100","0","25","0.1","10","2.5","2","60","1.6","0.4","20.5","6.7","16","8.21","365","14","1","0","0","299","299","87","53146","2839","5320","9031","19292","372","10990","false","432872","49","78","245","12364","13124","7728"
"8","0.1","1","false","false","false","true","false","false","false","1","1","1","0.25","1","0","0","0","100","0","25","0.1","10","2.5","2","60","1.6","0.4","20.5","6.7","16","8.21","365","14","1","0","0","299","299","88","52442","2876","5340","9090","19870","382","11088","false","433129","51","78","253","12597","13386","7894"
"8","0.1","1","false","false","false","true","false","false","false","1","1","1","0.25","1","0","0","0","100","0","25","0.1","10","2.5","2","60","1.6","0.4","20.5","6.7","16","8.21","365","14","1","0","0","299","299","89","51789","2855","5355","9119","20492","390","11089","false","432117","53","81","256","12843","13634","8030"
"8","0.1","1","false","false","false","true","false","false","false","1","1","1","0.25","1","0","0","0","100","0","25","0.1","10","2.5","2","60","1.6","0.4","20.5","6.7","16","8.21","365","14","1","0","0","299","299","90","51137","2845","5401","9131","21092","394","11127","false","432012","53","82","259","13106","13892","8180"
"8","0.1","1","false","false","false","true","false","false","false","1","1","1","0.25","1","0","0","0","100","0","25","0.1","10","2.5","2","60","1.6","0.4","20.5","6.7","16","8.21","365","14","1","0","0","299","299","91","50457","2857","5448","9155","21677","406","11122","false","431571","54","88","264","13365","14157","8320"
"8","0.1","1","false","false","false","true","false","false","false","1","1","1","0.25","1","0","0","0","100","0","25","0.1","10","2.5","2","60","1.6","0.4","20.5","6.7","16","8.21","365","14","1","0","0","299","299","92","49790","2874","5508","9185","22220","423","11057","false","431553","59","93","271","13612","14436","8476"
"8","0.1","1","false","false","false","true","false","false","false","1","1","1","0.25","1","0","0","0","100","0","25","0.1","10","2.5","2","60","1.6","0.4","20.5","6.7","16","8.21","365","14","1","0","0","299","299","93","49093","2887","5557","9210","22824","429","11185","false","431817","59","94","276","13861","14716","8643"
"8","0.1","1","false","false","false","true","false","false","false","1","1","1","0.25","1","0","0","0","100","0","25","0.1","10","2.5","2","60","1.6","0.4","20.5","6.7","16","8.21","365","14","1","0","0","299","299","94","48429","2877","5594","9272","23388","440","11177","false","430655","61","96","283","14116","14972","8783"
"8","0.1","1","false","false","false","true","false","false","false","1","1","1","0.25","1","0","0","0","100","0","25","0.1","10","2.5","2","60","1.6","0.4","20.5","6.7","16","8.21","365","14","1","0","0","299","299","95","47709","2941","5639","9319","23943","449","11148","false","430543","62","98","289","14355","15266","8927"
"8","0.1","1","false","false","false","true","false","false","false","1","1","1","0.25","1","0","0","0","100","0","25","0.1","10","2.5","2","60","1.6","0.4","20.5","6.7","16","8.21","365","14","1","0","0","299","299","96","47056","2906","5618","9392","24568","460","11134","false","430671","63","101","296","14584","15564","9073"
"8","0.1","1","false","false","false","true","false","false","false","1","1","1","0.25","1","0","0","0","100","0","25","0.1","10","2.5","2","60","1.6","0.4","20.5","6.7","16","8.21","365","14","1","0","0","299","299","97","46362","2936","5640","9418","25168","476","11164","false","430504","63","104","309","14819","15838","9221"
"8","0.1","1","false","false","false","true","false","false","false","1","1","1","0.25","1","0","0","0","100","0","25","0.1","10","2.5","2","60","1.6","0.4","20.5","6.7","16","8.21","365","14","1","0","0","299","299","98","45669","2902","5672","9509","25760","488","11250","false","430037","64","107","317","15072","16100","9391"
"8","0.1","1","false","false","false","true","false","false","false","1","1","1","0.25","1","0","0","0","100","0","25","0.1","10","2.5","2","60","1.6","0.4","20.5","6.7","16","8.21","365","14","1","0","0","299","299","99","44974","2948","5724","9507","26354","493","11393","false","429127","64","107","322","15289","16391","9558"
"8","0.1","1","false","false","false","true","false","false","false","1","1","1","0.25","1","0","0","0","100","0","25","0.1","10","2.5","2","60","1.6","0.4","20.5","6.7","16","8.21","365","14","1","0","0","299","299","100","44320","2962","5756","9490","26971","501","11395","false","427823","65","108","328","15533","16649","9719"
"8","0.1","1","false","false","false","true","false","false","false","1","1","1","0.25","1","0","0","0","100","0","25","0.1","10","2.5","2","60","1.6","0.4","20.5","6.7","16","8.21","365","14","1","0","0","299","299","101","43633","2941","5804","9556","27558","508","11426","false","427503","67","109","332","15797","16924","9898"
"8","0.1","1","false","false","false","true","false","false","false","1","1","1","0.25","1","0","0","0","100","0","25","0.1","10","2.5","2","60","1.6","0.4","20.5","6.7","16","8.21","365","14","1","0","0","299","299","102","42982","2866","5814","9625","28193","520","11601","false","427011","69","110","341","16066","17218","10051"
"8","0.1","1","false","false","false","true","false","false","false","1","1","1","0.25","1","0","0","0","100","0","25","0.1","10","2.5","2","60","1.6","0.4","20.5","6.7","16","8.21","365","14","1","0","0","299","299","103","42330","2793","5855","9715","28779","528","11571","false","425694","70","113","345","16331","17509","10198"
"8","0.1","1","false","false","false","true","false","false","false","1","1","1","0.25","1","0","0","0","100","0","25","0.1","10","2.5","2","60","1.6","0.4","20.5","6.7","16","8.21","365","14","1","0","0","299","299","104","41678","2750","5920","9704","29411","537","11607","false","425721","72","117","348","16615","17758","10392"
"8","0.1","1","false","false","false","true","false","false","false","1","1","1","0.25","1","0","0","0","100","0","25","0.1","10","2.5","2","60","1.6","0.4","20.5","6.7","16","8.21","365","14","1","0","0","299","299","105","41066","2736","5913","9672","30065","548","11570","false","425492","73","118","357","16861","18006","10530"
"8","0.1","1","false","false","false","true","false","false","false","1","1","1","0.25","1","0","0","0","100","0","25","0.1","10","2.5","2","60","1.6","0.4","20.5","6.7","16","8.21","365","14","1","0","0","299","299","106","40442","2715","5929","9675","30680","559","11486","false","425677","73","120","366","17107","18273","10667"
"8","0.1","1","false","false","false","true","false","false","false","1","1","1","0.25","1","0","0","0","100","0","25","0.1","10","2.5","2","60","1.6","0.4","20.5","6.7","16","8.21","365","14","1","0","0","299","299","107","39752","2766","5966","9650","31296","570","11365","false","426177","75","122","373","17327","18573","10807"
"8","0.1","1","false","false","false","true","false","false","false","1","1","1","0.25","1","0","0","0","100","0","25","0.1","10","2.5","2","60","1.6","0.4","20.5","6.7","16","8.21","365","14","1","0","0","299","299","108","39138","2723","5990","9657","31909","583","11257","false","426924","75","127","381","17577","18846","10963"
"8","0.1","1","false","false","false","true","false","false","false","1","1","1","0.25","1","0","0","0","100","0","25","0.1","10","2.5","2","60","1.6","0.4","20.5","6.7","16","8.21","365","14","1","0","0","299","299","109","38451","2755","5948","9678","32564","604","11241","false","427526","77","132","395","17803","19101","11081"
"8","0.1","1","false","false","false","true","false","false","false","1","1","1","0.25","1","0","0","0","100","0","25","0.1","10","2.5","2","60","1.6","0.4","20.5","6.7","16","8.21","365","14","1","0","0","299","299","110","37794","2752","5960","9666","33213","615","11185","false","427426","80","132","403","18057","19363","11230"
"8","0.1","1","false","false","false","true","false","false","false","1","1","1","0.25","1","0","0","0","100","0","25","0.1","10","2.5","2","60","1.6","0.4","20.5","6.7","16","8.21","365","14","1","0","0","299","299","111","37161","2736","5943","9674","33859","627","11021","false","427756","81","134","412","18318","19604","11367"
"8","0.1","1","false","false","false","true","false","false","false","1","1","1","0.25","1","0","0","0","100","0","25","0.1","10","2.5","2","60","1.6","0.4","20.5","6.7","16","8.21","365","14","1","0","0","299","299","112","36461","2795","5952","9670","34483","639","10894","false","428776","84","136","419","18536","19879","11518"
"8","0.1","1","false","false","false","true","false","false","false","1","1","1","0.25","1","0","0","0","100","0","25","0.1","10","2.5","2","60","1.6","0.4","20.5","6.7","16","8.21","365","14","1","0","0","299","299","113","35819","2783","5973","9630","35143","652","10845","false","429747","85","139","428","18791","20145","11667"
"8","0.1","1","false","false","false","true","false","false","false","1","1","1","0.25","1","0","0","0","100","0","25","0.1","10","2.5","2","60","1.6","0.4","20.5","6.7","16","8.21","365","14","1","0","0","299","299","114","35179","2781","5976","9574","35823","667","10827","false","430051","87","146","434","19030","20457","11794"
"8","0.1","1","false","false","false","true","false","false","false","1","1","1","0.25","1","0","0","0","100","0","25","0.1","10","2.5","2","60","1.6","0.4","20.5","6.7","16","8.21","365","14","1","0","0","299","299","115","34571","2738","5921","9573","36516","681","10718","false","430153","91","148","442","19263","20720","11944"
"8","0.1","1","false","false","false","true","false","false","false","1","1","1","0.25","1","0","0","0","100","0","25","0.1","10","2.5","2","60","1.6","0.4","20.5","6.7","16","8.21","365","14","1","0","0","299","299","116","33940","2724","5898","9566","37184","688","10661","false","431022","92","150","446","19503","20977","12083"
"8","0.1","1","false","false","false","true","false","false","false","1","1","1","0.25","1","0","0","0","100","0","25","0.1","10","2.5","2","60","1.6","0.4","20.5","6.7","16","8.21","365","14","1","0","0","299","299","117","33343","2691","5906","9478","37891","691","10527","false","431586","93","150","448","19723","21250","12234"
"8","0.1","1","false","false","false","true","false","false","false","1","1","1","0.25","1","0","0","0","100","0","25","0.1","10","2.5","2","60","1.6","0.4","20.5","6.7","16","8.21","365","14","1","0","0","299","299","118","32750","2659","5869","9463","38559","700","10408","false","432685","95","150","455","19954","21497","12386"
"8","0.1","1","false","false","false","true","false","false","false","1","1","1","0.25","1","0","0","0","100","0","25","0.1","10","2.5","2","60","1.6","0.4","20.5","6.7","16","8.21","365","14","1","0","0","299","299","119","32158","2603","5846","9448","39235","710","10360","false","433582","96","153","461","20179","21753","12543"
"8","0.1","1","false","false","false","true","false","false","false","1","1","1","0.25","1","0","0","0","100","0","25","0.1","10","2.5","2","60","1.6","0.4","20.5","6.7","16","8.21","365","14","1","0","0","299","299","120","31551","2576","5811","9458","39885","719","10300","false","433937","97","156","466","20422","21998","12689"
"8","0.1","1","false","false","false","true","false","false","false","1","1","1","0.25","1","0","0","0","100","0","25","0.1","10","2.5","2","60","1.6","0.4","20.5","6.7","16","8.21","365","14","1","0","0","299","299","121","30986","2540","5800","9411","40534","729","10259","false","434464","100","160","469","20650","22249","12812"
"8","0.1","1","false","false","false","true","false","false","false","1","1","1","0.25","1","0","0","0","100","0","25","0.1","10","2.5","2","60","1.6","0.4","20.5","6.7","16","8.21","365","14","1","0","0","299","299","122","30406","2518","5757","9350","41225","744","10188","false","434757","101","161","482","20873","22513","12958"
"8","0.1","1","false","false","false","true","false","false","false","1","1","1","0.25","1","0","0","0","100","0","25","0.1","10","2.5","2","60","1.6","0.4","20.5","6.7","16","8.21","365","14","1","0","0","299","299","123","29811","2513","5747","9334","41840","755","10127","false","435356","101","165","489","21104","22737","13110"
"8","0.1","1","false","false","false","true","false","false","false","1","1","1","0.25","1","0","0","0","100","0","25","0.1","10","2.5","2","60","1.6","0.4","20.5","6.7","16","8.21","365","14","1","0","0","299","299","124","29308","2432","5757","9248","42493","762","10054","false","435804","101","165","496","21341","22972","13260"
"8","0.1","1","false","false","false","true","false","false","false","1","1","1","0.25","1","0","0","0","100","0","25","0.1","10","2.5","2","60","1.6","0.4","20.5","6.7","16","8.21","365","14","1","0","0","299","299","125","28736","2384","5744","9229","43133","774","10001","false","436450","102","168","504","21551","23219","13398"
"8","0.1","1","false","false","false","true","false","false","false","1","1","1","0.25","1","0","0","0","100","0","25","0.1","10","2.5","2","60","1.6","0.4","20.5","6.7","16","8.21","365","14","1","0","0","299","299","126","28186","2355","5698","9172","43804","785","9925","false","436728","103","168","514","21767","23424","13534"
"8","0.1","1","false","false","false","true","false","false","false","1","1","1","0.25","1","0","0","0","100","0","25","0.1","10","2.5","2","60","1.6","0.4","20.5","6.7","16","8.21","365","14","1","0","0","299","299","127","27656","2297","5648","9133","44474","792","9774","false","437326","103","170","519","21973","23667","13683"
"8","0.1","1","false","false","false","true","false","false","false","1","1","1","0.25","1","0","0","0","100","0","25","0.1","10","2.5","2","60","1.6","0.4","20.5","6.7","16","8.21","365","14","1","0","0","299","299","128","27094","2322","5612","9009","45161","802","9584","false","438377","106","172","524","22177","23908","13807"
"8","0.1","1","false","false","false","true","false","false","false","1","1","1","0.25","1","0","0","0","100","0","25","0.1","10","2.5","2","60","1.6","0.4","20.5","6.7","16","8.21","365","14","1","0","0","299","299","129","26534","2333","5614","8924","45784","811","9470","false","439799","108","173","530","22412","24138","13955"
"8","0.1","1","false","false","false","true","false","false","false","1","1","1","0.25","1","0","0","0","100","0","25","0.1","10","2.5","2","60","1.6","0.4","20.5","6.7","16","8.21","365","14","1","0","0","299","299","130","25951","2323","5585","8916","46407","818","9429","false","440757","108","176","534","22615","24372","14074"
"8","0.1","1","false","false","false","true","false","false","false","1","1","1","0.25","1","0","0","0","100","0","25","0.1","10","2.5","2","60","1.6","0.4","20.5","6.7","16","8.21","365","14","1","0","0","299","299","131","25410","2366","5552","8786","47056","830","9277","false","441192","110","177","543","22796","24597","14194"
"8","0.1","1","false","false","false","true","false","false","false","1","1","1","0.25","1","0","0","0","100","0","25","0.1","10","2.5","2","60","1.6","0.4","20.5","6.7","16","8.21","365","14","1","0","0","299","299","132","24866","2357","5485","8756","47698","838","9101","false","442421","113","178","547","22985","24804","14324"
"8","0.1","1","false","false","false","true","false","false","false","1","1","1","0.25","1","0","0","0","100","0","25","0.1","10","2.5","2","60","1.6","0.4","20.5","6.7","16","8.21","365","14","1","0","0","299","299","133","24330","2349","5415","8740","48318","848","8950","false","443577","114","181","553","23174","25033","14442"
"8","0.1","1","false","false","false","true","false","false","false","1","1","1","0.25","1","0","0","0","100","0","25","0.1","10","2.5","2","60","1.6","0.4","20.5","6.7","16","8.21","365","14","1","0","0","299","299","134","23830","2281","5393","8682","48954","860","8875","false","444806","117","185","558","23385","25270","14570"
"8","0.1","1","false","false","false","true","false","false","false","1","1","1","0.25","1","0","0","0","100","0","25","0.1","10","2.5","2","60","1.6","0.4","20.5","6.7","16","8.21","365","14","1","0","0","299","299","135","23325","2236","5355","8616","49595","873","8779","false","445496","117","186","570","23583","25482","14699"
"8","0.1","1","false","false","false","true","false","false","false","1","1","1","0.25","1","0","0","0","100","0","25","0.1","10","2.5","2","60","1.6","0.4","20.5","6.7","16","8.21","365","14","1","0","0","299","299","136","22826","2214","5284","8526","50257","893","8688","false","446360","120","189","584","23794","25693","14800"
"8","0.1","1","false","false","false","true","false","false","false","1","1","1","0.25","1","0","0","0","100","0","25","0.1","10","2.5","2","60","1.6","0.4","20.5","6.7","16","8.21","365","14","1","0","0","299","299","137","22373","2112","5245","8455","50914","901","8538","false","447071","121","192","588","23999","25906","14925"
"8","0.1","1","false","false","false","true","false","false","false","1","1","1","0.25","1","0","0","0","100","0","25","0.1","10","2.5","2","60","1.6","0.4","20.5","6.7","16","8.21","365","14","1","0","0","299","299","138","21909","2074","5252","8340","51511","914","8506","false","448280","122","197","595","24214","26108","15054"
"8","0.1","1","false","false","false","true","false","false","false","1","1","1","0.25","1","0","0","0","100","0","25","0.1","10","2.5","2","60","1.6","0.4","20.5","6.7","16","8.21","365","14","1","0","0","299","299","139","21422","2097","5197","8227","52134","923","8368","false","448395","123","199","601","24407","26303","15158"
"8","0.1","1","false","false","false","true","false","false","false","1","1","1","0.25","1","0","0","0","100","0","25","0.1","10","2.5","2","60","1.6","0.4","20.5","6.7","16","8.21","365","14","1","0","0","299","299","140","20967","2045","5173","8125","52757","933","8227","false","449537","124","202","607","24602","26493","15290"
"8","0.1","1","false","false","false","true","false","false","false","1","1","1","0.25","1","0","0","0","100","0","25","0.1","10","2.5","2","60","1.6","0.4","20.5","6.7","16","8.21","365","14","1","0","0","299","299","141","20519","2016","5113","8013","53395","944","8129","false","450761","124","205","615","24780","26680","15406"
"8","0.1","1","false","false","false","true","false","false","false","1","1","1","0.25","1","0","0","0","100","0","25","0.1","10","2.5","2","60","1.6","0.4","20.5","6.7","16","8.21","365","14","1","0","0","299","299","142","20075","1988","5045","7887","54049","956","8036","false","451694","126","210","620","24955","26899","15511"
"8","0.1","1","false","false","false","true","false","false","false","1","1","1","0.25","1","0","0","0","100","0","25","0.1","10","2.5","2","60","1.6","0.4","20.5","6.7","16","8.21","365","14","1","0","0","299","299","143","19581","1966","4994","7818","54676","965","7909","false","452538","128","212","625","25146","27093","15643"
"8","0.1","1","false","false","false","true","false","false","false","1","1","1","0.25","1","0","0","0","100","0","25","0.1","10","2.5","2","60","1.6","0.4","20.5","6.7","16","8.21","365","14","1","0","0","299","299","144","19148","1939","4906","7713","55322","972","7893","false","453669","129","214","629","25326","27263","15758"
"8","0.1","1","false","false","false","true","false","false","false","1","1","1","0.25","1","0","0","0","100","0","25","0.1","10","2.5","2","60","1.6","0.4","20.5","6.7","16","8.21","365","14","1","0","0","299","299","145","18720","1937","4844","7632","55887","980","7796","false","454011","132","215","633","25487","27454","15849"
"8","0.1","1","false","false","false","true","false","false","false","1","1","1","0.25","1","0","0","0","100","0","25","0.1","10","2.5","2","60","1.6","0.4","20.5","6.7","16","8.21","365","14","1","0","0","299","299","146","18323","1863","4791","7564","56464","995","7741","false","454781","134","218","643","25656","27648","15965"
"8","0.1","1","false","false","false","true","false","false","false","1","1","1","0.25","1","0","0","0","100","0","25","0.1","10","2.5","2","60","1.6","0.4","20.5","6.7","16","8.21","365","14","1","0","0","299","299","147","17917","1846","4743","7447","57041","1006","7612","false","455045","135","220","651","25799","27826","16066"
"8","0.1","1","false","false","false","true","false","false","false","1","1","1","0.25","1","0","0","0","100","0","25","0.1","10","2.5","2","60","1.6","0.4","20.5","6.7","16","8.21","365","14","1","0","0","299","299","148","17507","1824","4702","7328","57627","1012","7560","false","456115","136","222","654","25947","28014","16173"
"8","0.1","1","false","false","false","true","false","false","false","1","1","1","0.25","1","0","0","0","100","0","25","0.1","10","2.5","2","60","1.6","0.4","20.5","6.7","16","8.21","365","14","1","0","0","299","299","149","17114","1762","4641","7257","58207","1019","7323","false","456523","136","226","657","26103","28206","16284"
"8","0.1","1","false","false","false","true","false","false","false","1","1","1","0.25","1","0","0","0","100","0","25","0.1","10","2.5","2","60","1.6","0.4","20.5","6.7","16","8.21","365","14","1","0","0","299","299","150","16749","1704","4555","7153","58806","1033","7296","false","458418","136","231","666","26241","28382","16382"
"8","0.1","1","false","false","false","true","false","false","false","1","1","1","0.25","1","0","0","0","100","0","25","0.1","10","2.5","2","60","1.6","0.4","20.5","6.7","16","8.21","365","14","1","0","0","299","299","151","16378","1681","4527","7023","59350","1041","7238","false","458551","137","233","671","26400","28567","16477"
"8","0.1","1","false","false","false","true","false","false","false","1","1","1","0.25","1","0","0","0","100","0","25","0.1","10","2.5","2","60","1.6","0.4","20.5","6.7","16","8.21","365","14","1","0","0","299","299","152","16025","1643","4467","6918","59898","1049","6997","false","459120","139","234","676","26541","28726","16569"
"8","0.1","1","false","false","false","true","false","false","false","1","1","1","0.25","1","0","0","0","100","0","25","0.1","10","2.5","2","60","1.6","0.4","20.5","6.7","16","8.21","365","14","1","0","0","299","299","153","15611","1653","4408","6836","60436","1056","6859","false","461098","139","235","682","26684","28904","16661"
"8","0.1","1","false","false","false","true","false","false","false","1","1","1","0.25","1","0","0","0","100","0","25","0.1","10","2.5","2","60","1.6","0.4","20.5","6.7","16","8.21","365","14","1","0","0","299","299","154","15273","1603","4322","6768","60965","1069","6731","false","462073","144","237","688","26828","29049","16750"
"8","0.1","1","false","false","false","true","false","false","false","1","1","1","0.25","1","0","0","0","100","0","25","0.1","10","2.5","2","60","1.6","0.4","20.5","6.7","16","8.21","365","14","1","0","0","299","299","155","14957","1554","4269","6657","61486","1077","6548","false","462991","144","238","695","26957","29224","16837"
"8","0.1","1","false","false","false","true","false","false","false","1","1","1","0.25","1","0","0","0","100","0","25","0.1","10","2.5","2","60","1.6","0.4","20.5","6.7","16","8.21","365","14","1","0","0","299","299","156","14581","1587","4222","6510","62018","1082","6411","false","464317","144","240","698","27090","29374","16945"
"8","0.1","1","false","false","false","true","false","false","false","1","1","1","0.25","1","0","0","0","100","0","25","0.1","10","2.5","2","60","1.6","0.4","20.5","6.7","16","8.21","365","14","1","0","0","299","299","157","14215","1576","4163","6416","62535","1095","6349","false","465514","144","243","708","27225","29541","17031"
"8","0.1","1","false","false","false","true","false","false","false","1","1","1","0.25","1","0","0","0","100","0","25","0.1","10","2.5","2","60","1.6","0.4","20.5","6.7","16","8.21","365","14","1","0","0","299","299","158","13900","1502","4056","6349","63090","1103","6156","false","465975","144","247","712","27368","29675","17122"
"8","0.1","1","false","false","false","true","false","false","false","1","1","1","0.25","1","0","0","0","100","0","25","0.1","10","2.5","2","60","1.6","0.4","20.5","6.7","16","8.21","365","14","1","0","0","299","299","159","13556","1506","3951","6237","63636","1114","6118","false","467706","148","249","717","27504","29810","17196"
"8","0.1","1","false","false","false","true","false","false","false","1","1","1","0.25","1","0","0","0","100","0","25","0.1","10","2.5","2","60","1.6","0.4","20.5","6.7","16","8.21","365","14","1","0","0","299","299","160","13265","1426","3896","6176","64112","1125","5964","false","468095","150","250","725","27630","29970","17302"
"8","0.1","1","false","false","false","true","false","false","false","1","1","1","0.25","1","0","0","0","100","0","25","0.1","10","2.5","2","60","1.6","0.4","20.5","6.7","16","8.21","365","14","1","0","0","299","299","161","12976","1350","3832","6071","64638","1133","5733","false","469262","154","253","726","27763","30109","17401"
"8","0.1","1","false","false","false","true","false","false","false","1","1","1","0.25","1","0","0","0","100","0","25","0.1","10","2.5","2","60","1.6","0.4","20.5","6.7","16","8.21","365","14","1","0","0","299","299","162","12638","1347","3784","5997","65095","1139","5637","false","471251","154","257","728","27905","30226","17467"
"8","0.1","1","false","false","false","true","false","false","false","1","1","1","0.25","1","0","0","0","100","0","25","0.1","10","2.5","2","60","1.6","0.4","20.5","6.7","16","8.21","365","14","1","0","0","299","299","163","12326","1342","3704","5901","65579","1148","5540","false","472188","155","261","732","28026","30377","17545"
"8","0.1","1","false","false","false","true","false","false","false","1","1","1","0.25","1","0","0","0","100","0","25","0.1","10","2.5","2","60","1.6","0.4","20.5","6.7","16","8.21","365","14","1","0","0","299","299","164","12003","1356","3663","5769","66049","1160","5361","false","472892","155","265","740","28151","30512","17614"
"8","0.1","1","false","false","false","true","false","false","false","1","1","1","0.25","1","0","0","0","100","0","25","0.1","10","2.5","2","60","1.6","0.4","20.5","6.7","16","8.21","365","14","1","0","0","299","299","165","11661","1396","3599","5679","66496","1169","5275","false","474396","157","267","745","28258","30630","17683"
"8","0.1","1","false","false","false","true","false","false","false","1","1","1","0.25","1","0","0","0","100","0","25","0.1","10","2.5","2","60","1.6","0.4","20.5","6.7","16","8.21","365","14","1","0","0","299","299","166","11345","1353","3536","5624","66966","1176","5205","false","475086","157","269","750","28365","30765","17779"
"8","0.1","1","false","false","false","true","false","false","false","1","1","1","0.25","1","0","0","0","100","0","25","0.1","10","2.5","2","60","1.6","0.4","20.5","6.7","16","8.21","365","14","1","0","0","299","299","167","11031","1360","3437","5538","67453","1181","5096","false","475643","159","269","753","28472","30869","17849"
"8","0.1","1","false","false","false","true","false","false","false","1","1","1","0.25","1","0","0","0","100","0","25","0.1","10","2.5","2","60","1.6","0.4","20.5","6.7","16","8.21","365","14","1","0","0","299","299","168","10763","1308","3397","5429","67915","1188","4961","false","476587","161","272","755","28585","31018","17922"
"8","0.1","1","false","false","false","true","false","false","false","1","1","1","0.25","1","0","0","0","100","0","25","0.1","10","2.5","2","60","1.6","0.4","20.5","6.7","16","8.21","365","14","1","0","0","299","299","169","10475","1309","3358","5318","68346","1194","4865","false","477847","162","275","757","28695","31142","17995"
"8","0.1","1","false","false","false","true","false","false","false","1","1","1","0.25","1","0","0","0","100","0","25","0.1","10","2.5","2","60","1.6","0.4","20.5","6.7","16","8.21","365","14","1","0","0","299","299","170","10235","1237","3321","5229","68776","1202","4792","false","478735","164","277","761","28827","31265","18073"
"8","0.1","1","false","false","false","true","false","false","false","1","1","1","0.25","1","0","0","0","100","0","25","0.1","10","2.5","2","60","1.6","0.4","20.5","6.7","16","8.21","365","14","1","0","0","299","299","171","9984","1169","3264","5132","69243","1208","4689","false","479483","164","278","766","28953","31391","18148"
"8","0.1","1","false","false","false","true","false","false","false","1","1","1","0.25","1","0","0","0","100","0","25","0.1","10","2.5","2","60","1.6","0.4","20.5","6.7","16","8.21","365","14","1","0","0","299","299","172","9698","1181","3218","5033","69657","1213","4547","false","480315","164","279","770","29041","31509","18207"
"8","0.1","1","false","false","false","true","false","false","false","1","1","1","0.25","1","0","0","0","100","0","25","0.1","10","2.5","2","60","1.6","0.4","20.5","6.7","16","8.21","365","14","1","0","0","299","299","173","9430","1160","3152","4975","70061","1222","4504","false","481537","166","281","775","29140","31619","18267"
"8","0.1","1","false","false","false","true","false","false","false","1","1","1","0.25","1","0","0","0","100","0","25","0.1","10","2.5","2","60","1.6","0.4","20.5","6.7","16","8.21","365","14","1","0","0","299","299","174","9154","1153","3123","4861","70480","1229","4469","false","481958","166","284","779","29256","31750","18328"
"8","0.1","1","false","false","false","true","false","false","false","1","1","1","0.25","1","0","0","0","100","0","25","0.1","10","2.5","2","60","1.6","0.4","20.5","6.7","16","8.21","365","14","1","0","0","299","299","175","8922","1116","3103","4742","70880","1237","4368","false","482172","168","284","785","29384","31865","18376"
"8","0.1","1","false","false","false","true","false","false","false","1","1","1","0.25","1","0","0","0","100","0","25","0.1","10","2.5","2","60","1.6","0.4","20.5","6.7","16","8.21","365","14","1","0","0","299","299","176","8705","1092","3060","4646","71255","1242","4324","false","483059","169","284","789","29470","31978","18440"
"8","0.1","1","false","false","false","true","false","false","false","1","1","1","0.25","1","0","0","0","100","0","25","0.1","10","2.5","2","60","1.6","0.4","20.5","6.7","16","8.21","365","14","1","0","0","299","299","177","8488","1039","2987","4571","71666","1249","4256","false","483538","171","285","793","29575","32078","18498"
"8","0.1","1","false","false","false","true","false","false","false","1","1","1","0.25","1","0","0","0","100","0","25","0.1","10","2.5","2","60","1.6","0.4","20.5","6.7","16","8.21","365","14","1","0","0","299","299","178","8289","995","2927","4475","72059","1255","4121","false","484085","172","285","798","29667","32163","18561"
"8","0.1","1","false","false","false","true","false","false","false","1","1","1","0.25","1","0","0","0","100","0","25","0.1","10","2.5","2","60","1.6","0.4","20.5","6.7","16","8.21","365","14","1","0","0","299","299","179","8100","920","2883","4420","72420","1257","4026","false","485270","172","285","800","29759","32275","18617"
"8","0.1","1","false","false","false","true","false","false","false","1","1","1","0.25","1","0","0","0","100","0","25","0.1","10","2.5","2","60","1.6","0.4","20.5","6.7","16","8.21","365","14","1","0","0","299","299","180","7894","884","2854","4344","72761","1263","3979","false","486143","172","286","805","29863","32371","18671"
"8","0.1","1","false","false","false","true","false","false","false","1","1","1","0.25","1","0","0","0","100","0","25","0.1","10","2.5","2","60","1.6","0.4","20.5","6.7","16","8.21","365","14","1","0","0","299","299","181","7697","883","2829","4221","73102","1268","3867","false","486607","172","288","808","29946","32448","18729"
"8","0.1","1","false","false","false","true","false","false","false","1","1","1","0.25","1","0","0","0","100","0","25","0.1","10","2.5","2","60","1.6","0.4","20.5","6.7","16","8.21","365","14","1","0","0","299","299","182","7518","846","2774","4110","73474","1278","3789","false","487554","174","288","816","30031","32541","18779"
"8","0.1","1","false","false","false","true","false","false","false","1","1","1","0.25","1","0","0","0","100","0","25","0.1","10","2.5","2","60","1.6","0.4","20.5","6.7","16","8.21","365","14","1","0","0","299","299","183","7322","837","2733","3979","73844","1285","3689","false","488233","175","289","821","30101","32651","18828"
"8","0.1","1","false","false","false","true","false","false","false","1","1","1","0.25","1","0","0","0","100","0","25","0.1","10","2.5","2","60","1.6","0.4","20.5","6.7","16","8.21","365","14","1","0","0","299","299","184","7140","819","2684","3882","74181","1294","3605","false","489082","178","290","826","30189","32737","18861"
"8","0.1","1","false","false","false","true","false","false","false","1","1","1","0.25","1","0","0","0","100","0","25","0.1","10","2.5","2","60","1.6","0.4","20.5","6.7","16","8.21","365","14","1","0","0","299","299","185","6987","762","2633","3791","74526","1301","3518","false","489758","179","290","832","30269","32828","18908"
"8","0.1","1","false","false","false","true","false","false","false","1","1","1","0.25","1","0","0","0","100","0","25","0.1","10","2.5","2","60","1.6","0.4","20.5","6.7","16","8.21","365","14","1","0","0","299","299","186","6808","766","2562","3691","74863","1310","3414","false","490441","183","290","837","30328","32892","18965"
"8","0.1","1","false","false","false","true","false","false","false","1","1","1","0.25","1","0","0","0","100","0","25","0.1","10","2.5","2","60","1.6","0.4","20.5","6.7","16","8.21","365","14","1","0","0","299","299","187","6619","785","2511","3596","75177","1312","3309","false","491236","183","291","838","30397","32956","19008"
"8","0.1","1","false","false","false","true","false","false","false","1","1","1","0.25","1","0","0","0","100","0","25","0.1","10","2.5","2","60","1.6","0.4","20.5","6.7","16","8.21","365","14","1","0","0","299","299","188","6440","772","2455","3508","75506","1319","3246","false","492247","185","293","841","30470","33026","19053"
"8","0.1","1","false","false","false","true","false","false","false","1","1","1","0.25","1","0","0","0","100","0","25","0.1","10","2.5","2","60","1.6","0.4","20.5","6.7","16","8.21","365","14","1","0","0","299","299","189","6268","747","2418","3438","75808","1321","3210","false","492654","185","294","842","30535","33123","19093"
"8","0.1","1","false","false","false","true","false","false","false","1","1","1","0.25","1","0","0","0","100","0","25","0.1","10","2.5","2","60","1.6","0.4","20.5","6.7","16","8.21","365","14","1","0","0","299","299","190","6105","733","2364","3364","76105","1329","3139","false","493008","185","297","847","30616","33181","19140"
"8","0.1","1","false","false","false","true","false","false","false","1","1","1","0.25","1","0","0","0","100","0","25","0.1","10","2.5","2","60","1.6","0.4","20.5","6.7","16","8.21","365","14","1","0","0","299","299","191","5961","720","2308","3273","76403","1335","3036","false","493480","185","299","851","30687","33247","19171"
"8","0.1","1","false","false","false","true","false","false","false","1","1","1","0.25","1","0","0","0","100","0","25","0.1","10","2.5","2","60","1.6","0.4","20.5","6.7","16","8.21","365","14","1","0","0","299","299","192","5821","698","2253","3171","76717","1340","2939","false","494244","186","300","854","30766","33333","19199"
"8","0.1","1","false","false","false","true","false","false","false","1","1","1","0.25","1","0","0","0","100","0","25","0.1","10","2.5","2","60","1.6","0.4","20.5","6.7","16","8.21","365","14","1","0","0","299","299","193","5679","690","2190","3074","77025","1342","2838","false","494992","186","301","855","30820","33393","19231"
"8","0.1","1","false","false","false","true","false","false","false","1","1","1","0.25","1","0","0","0","100","0","25","0.1","10","2.5","2","60","1.6","0.4","20.5","6.7","16","8.21","365","14","1","0","0","299","299","194","5545","657","2110","3000","77343","1345","2793","false","495881","186","303","856","30889","33452","19264"
"8","0.1","1","false","false","false","true","false","false","false","1","1","1","0.25","1","0","0","0","100","0","25","0.1","10","2.5","2","60","1.6","0.4","20.5","6.7","16","8.21","365","14","1","0","0","299","299","195","5405","642","2039","2935","77633","1346","2751","false","496403","186","304","856","30940","33512","19296"
"8","0.1","1","false","false","false","true","false","false","false","1","1","1","0.25","1","0","0","0","100","0","25","0.1","10","2.5","2","60","1.6","0.4","20.5","6.7","16","8.21","365","14","1","0","0","299","299","196","5271","633","1976","2873","77899","1348","2657","false","496855","186","306","856","30992","33575","19336"
"8","0.1","1","false","false","false","true","false","false","false","1","1","1","0.25","1","0","0","0","100","0","25","0.1","10","2.5","2","60","1.6","0.4","20.5","6.7","16","8.21","365","14","1","0","0","299","299","197","5125","615","1953","2798","78159","1350","2588","false","497746","186","307","857","31068","33647","19364"
"8","0.1","1","false","false","false","true","false","false","false","1","1","1","0.25","1","0","0","0","100","0","25","0.1","10","2.5","2","60","1.6","0.4","20.5","6.7","16","8.21","365","14","1","0","0","299","299","198","5011","579","1911","2740","78402","1357","2512","false","498393","187","310","860","31119","33699","19400"
"8","0.1","1","false","false","false","true","false","false","false","1","1","1","0.25","1","0","0","0","100","0","25","0.1","10","2.5","2","60","1.6","0.4","20.5","6.7","16","8.21","365","14","1","0","0","299","299","199","4887","567","1847","2650","78688","1361","2422","false","499079","187","310","864","31172","33752","19440"
"8","0.1","1","false","false","false","true","false","false","false","1","1","1","0.25","1","0","0","0","100","0","25","0.1","10","2.5","2","60","1.6","0.4","20.5","6.7","16","8.21","365","14","1","0","0","299","299","200","4777","557","1802","2565","78934","1365","2324","false","499809","187","311","867","31225","33803","19461"
"8","0.1","1","false","false","false","true","false","false","false","1","1","1","0.25","1","0","0","0","100","0","25","0.1","10","2.5","2","60","1.6","0.4","20.5","6.7","16","8.21","365","14","1","0","0","299","299","201","4668","545","1773","2461","79184","1369","2214","false","500594","187","314","868","31283","33853","19490"
"8","0.1","1","false","false","false","true","false","false","false","1","1","1","0.25","1","0","0","0","100","0","25","0.1","10","2.5","2","60","1.6","0.4","20.5","6.7","16","8.21","365","14","1","0","0","299","299","202","4531","541","1725","2407","79423","1373","2151","false","501452","188","315","870","31332","33917","19518"
"8","0.1","1","false","false","false","true","false","false","false","1","1","1","0.25","1","0","0","0","100","0","25","0.1","10","2.5","2","60","1.6","0.4","20.5","6.7","16","8.21","365","14","1","0","0","299","299","203","4404","526","1686","2377","79626","1381","2111","false","501952","189","315","877","31389","33971","19550"
"8","0.1","1","false","false","false","true","false","false","false","1","1","1","0.25","1","0","0","0","100","0","25","0.1","10","2.5","2","60","1.6","0.4","20.5","6.7","16","8.21","365","14","1","0","0","299","299","204","4278","530","1624","2336","79850","1382","2082","false","502246","189","315","878","31428","34029","19582"
"8","0.1","1","false","false","false","true","false","false","false","1","1","1","0.25","1","0","0","0","100","0","25","0.1","10","2.5","2","60","1.6","0.4","20.5","6.7","16","8.21","365","14","1","0","0","299","299","205","4169","526","1578","2272","80065","1390","2066","false","502526","191","317","882","31477","34076","19608"
"8","0.1","1","false","false","false","true","false","false","false","1","1","1","0.25","1","0","0","0","100","0","25","0.1","10","2.5","2","60","1.6","0.4","20.5","6.7","16","8.21","365","14","1","0","0","299","299","206","4065","507","1539","2242","80255","1392","1999","false","502664","193","317","882","31527","34127","19636"
"8","0.1","1","false","false","false","true","false","false","false","1","1","1","0.25","1","0","0","0","100","0","25","0.1","10","2.5","2","60","1.6","0.4","20.5","6.7","16","8.21","365","14","1","0","0","299","299","207","3938","509","1468","2193","80498","1394","1956","false","503370","193","318","883","31568","34179","19664"
"8","0.1","1","false","false","false","true","false","false","false","1","1","1","0.25","1","0","0","0","100","0","25","0.1","10","2.5","2","60","1.6","0.4","20.5","6.7","16","8.21","365","14","1","0","0","299","299","208","3844","477","1428","2159","80696","1396","1876","false","503757","194","319","883","31600","34229","19694"
"8","0.1","1","false","false","false","true","false","false","false","1","1","1","0.25","1","0","0","0","100","0","25","0.1","10","2.5","2","60","1.6","0.4","20.5","6.7","16","8.21","365","14","1","0","0","299","299","209","3751","455","1383","2109","80902","1400","1864","false","504431","195","319","886","31639","34275","19718"
"8","0.1","1","false","false","false","true","false","false","false","1","1","1","0.25","1","0","0","0","100","0","25","0.1","10","2.5","2","60","1.6","0.4","20.5","6.7","16","8.21","365","14","1","0","0","299","299","210","3652","431","1347","2063","81104","1403","1839","false","504571","195","320","888","31699","34320","19749"
"8","0.1","1","false","false","false","true","false","false","false","1","1","1","0.25","1","0","0","0","100","0","25","0.1","10","2.5","2","60","1.6","0.4","20.5","6.7","16","8.21","365","14","1","0","0","299","299","211","3549","448","1328","1986","81284","1405","1826","false","504784","195","320","890","31734","34364","19777"
"8","0.1","1","false","false","false","true","false","false","false","1","1","1","0.25","1","0","0","0","100","0","25","0.1","10","2.5","2","60","1.6","0.4","20.5","6.7","16","8.21","365","14","1","0","0","299","299","212","3473","431","1320","1910","81461","1405","1769","false","504997","195","320","890","31772","34396","19804"
"8","0.1","1","false","false","false","true","false","false","false","1","1","1","0.25","1","0","0","0","100","0","25","0.1","10","2.5","2","60","1.6","0.4","20.5","6.7","16","8.21","365","14","1","0","0","299","299","213","3364","428","1284","1878","81640","1406","1775","false","505502","195","321","890","31815","34445","19827"
"8","0.1","1","false","false","false","true","false","false","false","1","1","1","0.25","1","0","0","0","100","0","25","0.1","10","2.5","2","60","1.6","0.4","20.5","6.7","16","8.21","365","14","1","0","0","299","299","214","3270","426","1251","1863","81783","1407","1732","false","505520","195","322","890","31854","34478","19853"
"8","0.1","1","false","false","false","true","false","false","false","1","1","1","0.25","1","0","0","0","100","0","25","0.1","10","2.5","2","60","1.6","0.4","20.5","6.7","16","8.21","365","14","1","0","0","299","299","215","3181","407","1232","1850","81922","1408","1665","false","505918","195","322","891","31897","34525","19873"
"8","0.1","1","false","false","false","true","false","false","false","1","1","1","0.25","1","0","0","0","100","0","25","0.1","10","2.5","2","60","1.6","0.4","20.5","6.7","16","8.21","365","14","1","0","0","299","299","216","3111","389","1198","1806","82087","1409","1597","false","506398","196","322","891","31939","34559","19892"
"8","0.1","1","false","false","false","true","false","false","false","1","1","1","0.25","1","0","0","0","100","0","25","0.1","10","2.5","2","60","1.6","0.4","20.5","6.7","16","8.21","365","14","1","0","0","299","299","217","3005","405","1173","1758","82246","1413","1577","false","506839","197","323","893","31981","34595","19916"
"8","0.1","1","false","false","false","true","false","false","false","1","1","1","0.25","1","0","0","0","100","0","25","0.1","10","2.5","2","60","1.6","0.4","20.5","6.7","16","8.21","365","14","1","0","0","299","299","218","2930","386","1149","1714","82405","1416","1537","false","507068","198","324","894","32017","34634","19933"
"8","0.1","1","false","false","false","true","false","false","false","1","1","1","0.25","1","0","0","0","100","0","25","0.1","10","2.5","2","60","1.6","0.4","20.5","6.7","16","8.21","365","14","1","0","0","299","299","219","2837","388","1118","1690","82547","1420","1499","false","507378","199","324","897","32055","34674","19953"
"8","0.1","1","false","false","false","true","false","false","false","1","1","1","0.25","1","0","0","0","100","0","25","0.1","10","2.5","2","60","1.6","0.4","20.5","6.7","16","8.21","365","14","1","0","0","299","299","220","2747","387","1090","1642","82714","1420","1458","false","507703","199","324","897","32094","34704","19973"
"8","0.1","1","false","false","false","true","false","false","false","1","1","1","0.25","1","0","0","0","100","0","25","0.1","10","2.5","2","60","1.6","0.4","20.5","6.7","16","8.21","365","14","1","0","0","299","299","221","2654","401","1054","1603","82862","1426","1437","false","508069","200","325","901","32120","34742","19989"
"8","0.1","1","false","false","false","true","false","false","false","1","1","1","0.25","1","0","0","0","100","0","25","0.1","10","2.5","2","60","1.6","0.4","20.5","6.7","16","8.21","365","14","1","0","0","299","299","222","2562","408","1021","1580","83000","1429","1439","false","508229","200","327","902","32152","34773","20005"
"8","0.1","1","false","false","false","true","false","false","false","1","1","1","0.25","1","0","0","0","100","0","25","0.1","10","2.5","2","60","1.6","0.4","20.5","6.7","16","8.21","365","14","1","0","0","299","299","223","2480","387","1003","1573","83128","1429","1444","false","508195","200","327","902","32189","34807","20030"
"8","0.1","1","false","false","false","true","false","false","false","1","1","1","0.25","1","0","0","0","100","0","25","0.1","10","2.5","2","60","1.6","0.4","20.5","6.7","16","8.21","365","14","1","0","0","299","299","224","2396","373","962","1567","83270","1432","1448","false","508182","202","327","903","32221","34839","20055"
"8","0.1","1","false","false","false","true","false","false","false","1","1","1","0.25","1","0","0","0","100","0","25","0.1","10","2.5","2","60","1.6","0.4","20.5","6.7","16","8.21","365","14","1","0","0","299","299","225","2310","381","945","1538","83392","1434","1424","false","508154","202","329","903","32252","34874","20073"
"8","0.1","1","false","false","false","true","false","false","false","1","1","1","0.25","1","0","0","0","100","0","25","0.1","10","2.5","2","60","1.6","0.4","20.5","6.7","16","8.21","365","14","1","0","0","299","299","226","2235","352","922","1522","83532","1437","1383","false","508420","202","329","906","32296","34914","20094"
"8","0.1","1","false","false","false","true","false","false","false","1","1","1","0.25","1","0","0","0","100","0","25","0.1","10","2.5","2","60","1.6","0.4","20.5","6.7","16","8.21","365","14","1","0","0","299","299","227","2165","330","909","1507","83650","1439","1341","false","508727","202","329","908","32335","34944","20111"
"8","0.1","1","false","false","false","true","false","false","false","1","1","1","0.25","1","0","0","0","100","0","25","0.1","10","2.5","2","60","1.6","0.4","20.5","6.7","16","8.21","365","14","1","0","0","299","299","228","2090","324","890","1477","83779","1440","1356","false","509024","203","329","908","32369","34981","20135"
"8","0.1","1","false","false","false","true","false","false","false","1","1","1","0.25","1","0","0","0","100","0","25","0.1","10","2.5","2","60","1.6","0.4","20.5","6.7","16","8.21","365","14","1","0","0","299","299","229","2009","336","876","1423","83914","1442","1367","false","508942","203","329","910","32402","35015","20150"
"8","0.1","1","false","false","false","true","false","false","false","1","1","1","0.25","1","0","0","0","100","0","25","0.1","10","2.5","2","60","1.6","0.4","20.5","6.7","16","8.21","365","14","1","0","0","299","299","230","1929","332","860","1400","84034","1445","1347","false","508903","203","330","912","32430","35047","20173"
"8","0.1","1","false","false","false","true","false","false","false","1","1","1","0.25","1","0","0","0","100","0","25","0.1","10","2.5","2","60","1.6","0.4","20.5","6.7","16","8.21","365","14","1","0","0","299","299","231","1870","318","854","1357","84155","1446","1316","false","509073","203","331","912","32466","35070","20187"
"8","0.1","1","false","false","false","true","false","false","false","1","1","1","0.25","1","0","0","0","100","0","25","0.1","10","2.5","2","60","1.6","0.4","20.5","6.7","16","8.21","365","14","1","0","0","299","299","232","1798","317","840","1326","84269","1450","1257","false","509306","203","331","916","32496","35103","20199"
"8","0.1","1","false","false","false","true","false","false","false","1","1","1","0.25","1","0","0","0","100","0","25","0.1","10","2.5","2","60","1.6","0.4","20.5","6.7","16","8.21","365","14","1","0","0","299","299","233","1744","300","824","1312","84368","1452","1221","false","509759","203","332","917","32525","35132","20211"
"8","0.1","1","false","false","false","true","false","false","false","1","1","1","0.25","1","0","0","0","100","0","25","0.1","10","2.5","2","60","1.6","0.4","20.5","6.7","16","8.21","365","14","1","0","0","299","299","234","1662","308","799","1298","84481","1452","1206","false","510062","203","332","917","32550","35167","20223"
"8","0.1","1","false","false","false","true","false","false","false","1","1","1","0.25","1","0","0","0","100","0","25","0.1","10","2.5","2","60","1.6","0.4","20.5","6.7","16","8.21","365","14","1","0","0","299","299","235","1606","296","790","1273","84583","1452","1169","false","510265","203","332","917","32584","35197","20241"
"8","0.1","1","false","false","false","true","false","false","false","1","1","1","0.25","1","0","0","0","100","0","25","0.1","10","2.5","2","60","1.6","0.4","20.5","6.7","16","8.21","365","14","1","0","0","299","299","236","1553","282","775","1249","84689","1452","1126","false","510572","203","332","917","32608","35220","20253"
"8","0.1","1","false","false","false","true","false","false","false","1","1","1","0.25","1","0","0","0","100","0","25","0.1","10","2.5","2","60","1.6","0.4","20.5","6.7","16","8.21","365","14","1","0","0","299","299","237","1493","267","763","1236","84789","1452","1085","false","510909","203","332","917","32636","35243","20278"
"8","0.1","1","false","false","false","true","false","false","false","1","1","1","0.25","1","0","0","0","100","0","25","0.1","10","2.5","2","60","1.6","0.4","20.5","6.7","16","8.21","365","14","1","0","0","299","299","238","1433","267","749","1213","84886","1452","1054","false","511231","203","332","917","32660","35263","20296"
"8","0.1","1","false","false","false","true","false","false","false","1","1","1","0.25","1","0","0","0","100","0","25","0.1","10","2.5","2","60","1.6","0.4","20.5","6.7","16","8.21","365","14","1","0","0","299","299","239","1389","239","734","1194","84992","1452","1023","false","511502","203","332","917","32679","35289","20315"
"8","0.1","1","false","false","false","true","false","false","false","1","1","1","0.25","1","0","0","0","100","0","25","0.1","10","2.5","2","60","1.6","0.4","20.5","6.7","16","8.21","365","14","1","0","0","299","299","240","1330","227","737","1181","85073","1452","1016","false","511765","203","332","917","32708","35324","20336"
"8","0.1","1","false","false","false","true","false","false","false","1","1","1","0.25","1","0","0","0","100","0","25","0.1","10","2.5","2","60","1.6","0.4","20.5","6.7","16","8.21","365","14","1","0","0","299","299","241","1275","225","726","1157","85165","1452","988","false","511837","203","332","917","32720","35348","20354"
"8","0.1","1","false","false","false","true","false","false","false","1","1","1","0.25","1","0","0","0","100","0","25","0.1","10","2.5","2","60","1.6","0.4","20.5","6.7","16","8.21","365","14","1","0","0","299","299","242","1233","220","697","1121","85271","1458","986","false","512150","203","333","922","32739","35364","20366"
"8","0.1","1","false","false","false","true","false","false","false","1","1","1","0.25","1","0","0","0","100","0","25","0.1","10","2.5","2","60","1.6","0.4","20.5","6.7","16","8.21","365","14","1","0","0","299","299","243","1181","222","682","1083","85372","1460","958","false","512125","203","333","924","32762","35388","20376"
"8","0.1","1","false","false","false","true","false","false","false","1","1","1","0.25","1","0","0","0","100","0","25","0.1","10","2.5","2","60","1.6","0.4","20.5","6.7","16","8.21","365","14","1","0","0","299","299","244","1136","221","673","1037","85472","1461","981","false","512377","203","333","925","32782","35406","20392"
"8","0.1","1","false","false","false","true","false","false","false","1","1","1","0.25","1","0","0","0","100","0","25","0.1","10","2.5","2","60","1.6","0.4","20.5","6.7","16","8.21","365","14","1","0","0","299","299","245","1101","205","657","1000","85573","1464","958","false","512215","203","335","926","32798","35422","20406"
"8","0.1","1","false","false","false","true","false","false","false","1","1","1","0.25","1","0","0","0","100","0","25","0.1","10","2.5","2","60","1.6","0.4","20.5","6.7","16","8.21","365","14","1","0","0","299","299","246","1053","203","636","978","85666","1464","934","false","512419","203","335","926","32811","35441","20420"
"8","0.1","1","false","false","false","true","false","false","false","1","1","1","0.25","1","0","0","0","100","0","25","0.1","10","2.5","2","60","1.6","0.4","20.5","6.7","16","8.21","365","14","1","0","0","299","299","247","1013","189","627","934","85771","1466","922","false","512641","203","336","927","32835","35461","20436"
"8","0.1","1","false","false","false","true","false","false","false","1","1","1","0.25","1","0","0","0","100","0","25","0.1","10","2.5","2","60","1.6","0.4","20.5","6.7","16","8.21","365","14","1","0","0","299","299","248","977","178","620","913","85845","1467","883","false","512689","203","336","928","32860","35478","20450"
"8","0.1","1","false","false","false","true","false","false","false","1","1","1","0.25","1","0","0","0","100","0","25","0.1","10","2.5","2","60","1.6","0.4","20.5","6.7","16","8.21","365","14","1","0","0","299","299","249","938","168","611","891","85924","1468","859","false","513002","203","337","928","32873","35494","20467"
"8","0.1","1","false","false","false","true","false","false","false","1","1","1","0.25","1","0","0","0","100","0","25","0.1","10","2.5","2","60","1.6","0.4","20.5","6.7","16","8.21","365","14","1","0","0","299","299","250","899","163","599","885","85986","1468","847","false","513215","203","337","928","32890","35510","20477"
"8","0.1","1","false","false","false","true","false","false","false","1","1","1","0.25","1","0","0","0","100","0","25","0.1","10","2.5","2","60","1.6","0.4","20.5","6.7","16","8.21","365","14","1","0","0","299","299","251","858","169","590","847","86067","1469","810","false","513364","203","338","928","32908","35524","20488"
"8","0.1","1","false","false","false","true","false","false","false","1","1","1","0.25","1","0","0","0","100","0","25","0.1","10","2.5","2","60","1.6","0.4","20.5","6.7","16","8.21","365","14","1","0","0","299","299","252","821","160","568","827","86155","1469","783","false","513671","203","338","928","32922","35541","20499"
"8","0.1","1","false","false","false","true","false","false","false","1","1","1","0.25","1","0","0","0","100","0","25","0.1","10","2.5","2","60","1.6","0.4","20.5","6.7","16","8.21","365","14","1","0","0","299","299","253","790","164","548","787","86242","1469","740","false","513881","203","338","928","32936","35553","20508"
"8","0.1","1","false","false","false","true","false","false","false","1","1","1","0.25","1","0","0","0","100","0","25","0.1","10","2.5","2","60","1.6","0.4","20.5","6.7","16","8.21","365","14","1","0","0","299","299","254","755","162","549","759","86303","1472","713","false","514224","203","338","931","32951","35575","20519"
"8","0.1","1","false","false","false","true","false","false","false","1","1","1","0.25","1","0","0","0","100","0","25","0.1","10","2.5","2","60","1.6","0.4","20.5","6.7","16","8.21","365","14","1","0","0","299","299","255","718","157","534","745","86372","1474","699","false","514411","203","338","933","32965","35592","20523"
"8","0.1","1","false","false","false","true","false","false","false","1","1","1","0.25","1","0","0","0","100","0","25","0.1","10","2.5","2","60","1.6","0.4","20.5","6.7","16","8.21","365","14","1","0","0","299","299","256","673","159","514","722","86457","1475","665","false","514459","203","339","933","32981","35614","20528"
"8","0.1","1","false","false","false","true","false","false","false","1","1","1","0.25","1","0","0","0","100","0","25","0.1","10","2.5","2","60","1.6","0.4","20.5","6.7","16","8.21","365","14","1","0","0","299","299","257","639","157","505","701","86523","1475","656","false","514762","203","339","933","32995","35631","20534"
"8","0.1","1","false","false","false","true","false","false","false","1","1","1","0.25","1","0","0","0","100","0","25","0.1","10","2.5","2","60","1.6","0.4","20.5","6.7","16","8.21","365","14","1","0","0","299","299","258","609","153","483","679","86597","1479","637","false","514861","203","340","936","33011","35641","20543"
"8","0.1","1","false","false","false","true","false","false","false","1","1","1","0.25","1","0","0","0","100","0","25","0.1","10","2.5","2","60","1.6","0.4","20.5","6.7","16","8.21","365","14","1","0","0","299","299","259","586","134","469","671","86659","1481","625","false","515020","203","342","936","33023","35662","20549"
"8","0.1","1","false","false","false","true","false","false","false","1","1","1","0.25","1","0","0","0","100","0","25","0.1","10","2.5","2","60","1.6","0.4","20.5","6.7","16","8.21","365","14","1","0","0","299","299","260","556","139","455","648","86718","1484","580","false","515111","205","342","937","33037","35671","20555"
"8","0.1","1","false","false","false","true","false","false","false","1","1","1","0.25","1","0","0","0","100","0","25","0.1","10","2.5","2","60","1.6","0.4","20.5","6.7","16","8.21","365","14","1","0","0","299","299","261","539","124","446","640","86766","1485","552","false","515442","205","343","937","33048","35687","20564"
"8","0.1","1","false","false","false","true","false","false","false","1","1","1","0.25","1","0","0","0","100","0","25","0.1","10","2.5","2","60","1.6","0.4","20.5","6.7","16","8.21","365","14","1","0","0","299","299","262","515","121","421","616","86841","1486","525","false","515691","205","343","938","33064","35695","20568"
"8","0.1","1","false","false","false","true","false","false","false","1","1","1","0.25","1","0","0","0","100","0","25","0.1","10","2.5","2","60","1.6","0.4","20.5","6.7","16","8.21","365","14","1","0","0","299","299","263","496","100","408","606","86902","1488","500","false","515916","205","343","940","33082","35707","20577"
"8","0.1","1","false","false","false","true","false","false","false","1","1","1","0.25","1","0","0","0","100","0","25","0.1","10","2.5","2","60","1.6","0.4","20.5","6.7","16","8.21","365","14","1","0","0","299","299","264","466","104","391","587","86962","1490","478","false","516125","205","343","942","33092","35714","20586"
"8","0.1","1","false","false","false","true","false","false","false","1","1","1","0.25","1","0","0","0","100","0","25","0.1","10","2.5","2","60","1.6","0.4","20.5","6.7","16","8.21","365","14","1","0","0","299","299","265","445","104","387","558","87016","1490","454","false","516325","205","343","942","33097","35727","20592"
"8","0.1","1","false","false","false","true","false","false","false","1","1","1","0.25","1","0","0","0","100","0","25","0.1","10","2.5","2","60","1.6","0.4","20.5","6.7","16","8.21","365","14","1","0","0","299","299","266","425","102","369","543","87069","1492","437","false","516532","206","343","943","33106","35730","20600"
"8","0.1","1","false","false","false","true","false","false","false","1","1","1","0.25","1","0","0","0","100","0","25","0.1","10","2.5","2","60","1.6","0.4","20.5","6.7","16","8.21","365","14","1","0","0","299","299","267","405","97","366","518","87121","1493","407","false","516663","207","343","943","33116","35744","20608"
"8","0.1","1","false","false","false","true","false","false","false","1","1","1","0.25","1","0","0","0","100","0","25","0.1","10","2.5","2","60","1.6","0.4","20.5","6.7","16","8.21","365","14","1","0","0","299","299","268","394","81","351","512","87168","1494","365","false","516897","208","343","943","33128","35754","20614"
"8","0.1","1","false","false","false","true","false","false","false","1","1","1","0.25","1","0","0","0","100","0","25","0.1","10","2.5","2","60","1.6","0.4","20.5","6.7","16","8.21","365","14","1","0","0","299","299","269","378","76","338","500","87213","1495","337","false","517241","208","344","943","33139","35760","20619"
"8","0.1","1","false","false","false","true","false","false","false","1","1","1","0.25","1","0","0","0","100","0","25","0.1","10","2.5","2","60","1.6","0.4","20.5","6.7","16","8.21","365","14","1","0","0","299","299","270","355","83","326","483","87258","1495","322","false","517490","208","344","943","33146","35764","20621"
"8","0.1","1","false","false","false","true","false","false","false","1","1","1","0.25","1","0","0","0","100","0","25","0.1","10","2.5","2","60","1.6","0.4","20.5","6.7","16","8.21","365","14","1","0","0","299","299","271","339","84","317","450","87315","1495","291","false","517637","208","344","943","33155","35774","20624"
"8","0.1","1","false","false","false","true","false","false","false","1","1","1","0.25","1","0","0","0","100","0","25","0.1","10","2.5","2","60","1.6","0.4","20.5","6.7","16","8.21","365","14","1","0","0","299","299","272","323","78","313","431","87360","1495","273","false","517875","208","344","943","33164","35782","20633"
"8","0.1","1","false","false","false","true","false","false","false","1","1","1","0.25","1","0","0","0","100","0","25","0.1","10","2.5","2","60","1.6","0.4","20.5","6.7","16","8.21","365","14","1","0","0","299","299","273","300","82","306","415","87402","1495","272","false","518051","208","344","943","33171","35790","20635"
"8","0.1","1","false","false","false","true","false","false","false","1","1","1","0.25","1","0","0","0","100","0","25","0.1","10","2.5","2","60","1.6","0.4","20.5","6.7","16","8.21","365","14","1","0","0","299","299","274","275","97","297","396","87437","1498","270","false","518063","208","344","946","33175","35794","20637"
"8","0.1","1","false","false","false","true","false","false","false","1","1","1","0.25","1","0","0","0","100","0","25","0.1","10","2.5","2","60","1.6","0.4","20.5","6.7","16","8.21","365","14","1","0","0","299","299","275","259","99","279","383","87481","1499","266","false","518060","208","344","947","33177","35805","20642"
"8","0.1","1","false","false","false","true","false","false","false","1","1","1","0.25","1","0","0","0","100","0","25","0.1","10","2.5","2","60","1.6","0.4","20.5","6.7","16","8.21","365","14","1","0","0","299","299","276","244","87","269","376","87525","1499","277","false","518127","208","344","947","33191","35816","20645"
"8","0.1","1","false","false","false","true","false","false","false","1","1","1","0.25","1","0","0","0","100","0","25","0.1","10","2.5","2","60","1.6","0.4","20.5","6.7","16","8.21","365","14","1","0","0","299","299","277","229","85","260","369","87558","1499","269","false","518048","208","344","947","33198","35823","20648"
"8","0.1","1","false","false","false","true","false","false","false","1","1","1","0.25","1","0","0","0","100","0","25","0.1","10","2.5","2","60","1.6","0.4","20.5","6.7","16","8.21","365","14","1","0","0","299","299","278","221","70","254","367","87589","1499","256","false","518136","208","344","947","33208","35832","20650"
"8","0.1","1","false","false","false","true","false","false","false","1","1","1","0.25","1","0","0","0","100","0","25","0.1","10","2.5","2","60","1.6","0.4","20.5","6.7","16","8.21","365","14","1","0","0","299","299","279","216","56","243","355","87631","1499","249","false","518300","208","344","947","33214","35838","20654"
"8","0.1","1","false","false","false","true","false","false","false","1","1","1","0.25","1","0","0","0","100","0","25","0.1","10","2.5","2","60","1.6","0.4","20.5","6.7","16","8.21","365","14","1","0","0","299","299","280","209","44","235","347","87666","1499","230","false","518391","208","344","947","33218","35845","20657"
"8","0.1","1","false","false","false","true","false","false","false","1","1","1","0.25","1","0","0","0","100","0","25","0.1","10","2.5","2","60","1.6","0.4","20.5","6.7","16","8.21","365","14","1","0","0","299","299","281","200","40","226","332","87702","1500","222","false","518548","209","344","947","33226","35852","20659"
"8","0.1","1","false","false","false","true","false","false","false","1","1","1","0.25","1","0","0","0","100","0","25","0.1","10","2.5","2","60","1.6","0.4","20.5","6.7","16","8.21","365","14","1","0","0","299","299","282","194","37","217","302","87749","1501","188","false","518620","209","344","948","33232","35862","20664"
"8","0.1","1","false","false","false","true","false","false","false","1","1","1","0.25","1","0","0","0","100","0","25","0.1","10","2.5","2","60","1.6","0.4","20.5","6.7","16","8.21","365","14","1","0","0","299","299","283","184","39","209","286","87781","1501","168","false","518885","209","344","948","33238","35865","20666"
"8","0.1","1","false","false","false","true","false","false","false","1","1","1","0.25","1","0","0","0","100","0","25","0.1","10","2.5","2","60","1.6","0.4","20.5","6.7","16","8.21","365","14","1","0","0","299","299","284","175","40","202","274","87808","1501","154","false","519054","209","344","948","33241","35867","20667"
"8","0.1","1","false","false","false","true","false","false","false","1","1","1","0.25","1","0","0","0","100","0","25","0.1","10","2.5","2","60","1.6","0.4","20.5","6.7","16","8.21","365","14","1","0","0","299","299","285","157","48","191","264","87839","1501","139","false","519181","209","344","948","33244","35868","20670"
"8","0.1","1","false","false","false","true","false","false","false","1","1","1","0.25","1","0","0","0","100","0","25","0.1","10","2.5","2","60","1.6","0.4","20.5","6.7","16","8.21","365","14","1","0","0","299","299","286","152","45","179","252","87870","1502","121","false","519303","209","344","949","33247","35870","20671"
"8","0.1","1","false","false","false","true","false","false","false","1","1","1","0.25","1","0","0","0","100","0","25","0.1","10","2.5","2","60","1.6","0.4","20.5","6.7","16","8.21","365","14","1","0","0","299","299","287","150","37","171","242","87898","1502","101","false","519441","209","344","949","33251","35872","20674"
"8","0.1","1","false","false","false","true","false","false","false","1","1","1","0.25","1","0","0","0","100","0","25","0.1","10","2.5","2","60","1.6","0.4","20.5","6.7","16","8.21","365","14","1","0","0","299","299","288","134","48","170","221","87924","1503","73","false","519613","210","344","949","33254","35874","20679"
"8","0.1","1","false","false","false","true","false","false","false","1","1","1","0.25","1","0","0","0","100","0","25","0.1","10","2.5","2","60","1.6","0.4","20.5","6.7","16","8.21","365","14","1","0","0","299","299","289","121","50","164","216","87944","1505","50","false","519871","211","344","950","33262","35878","20680"
"8","0.1","1","false","false","false","true","false","false","false","1","1","1","0.25","1","0","0","0","100","0","25","0.1","10","2.5","2","60","1.6","0.4","20.5","6.7","16","8.21","365","14","1","0","0","299","299","290","117","43","154","213","87967","1506","30","false","520070","211","345","950","33263","35883","20683"
"8","0.1","1","false","false","false","true","false","false","false","1","1","1","0.25","1","0","0","0","100","0","25","0.1","10","2.5","2","60","1.6","0.4","20.5","6.7","16","8.21","365","14","1","0","0","299","299","291","110","33","144","210","87995","1508","23","false","520257","212","345","951","33265","35891","20686"
"8","0.1","1","false","false","false","true","false","false","false","1","1","1","0.25","1","0","0","0","100","0","25","0.1","10","2.5","2","60","1.6","0.4","20.5","6.7","16","8.21","365","14","1","0","0","299","299","292","98","38","135","203","88016","1510","12","false","520311","212","347","951","33269","35894","20686"
"8","0.1","1","false","false","false","true","false","false","false","1","1","1","0.25","1","0","0","0","100","0","25","0.1","10","2.5","2","60","1.6","0.4","20.5","6.7","16","8.21","365","14","1","0","0","299","299","293","90","39","132","189","88040","1510","6","false","520406","212","347","951","33271","35901","20688"
"8","0.1","1","false","false","false","true","false","false","false","1","1","1","0.25","1","0","0","0","100","0","25","0.1","10","2.5","2","60","1.6","0.4","20.5","6.7","16","8.21","365","14","1","0","0","299","299","294","84","33","131","179","88063","1510","3","false","520471","212","347","951","33274","35905","20691"
"8","0.1","1","false","false","false","true","false","false","false","1","1","1","0.25","1","0","0","0","100","0","25","0.1","10","2.5","2","60","1.6","0.4","20.5","6.7","16","8.21","365","14","1","0","0","299","299","295","77","26","128","179","88080","1510","0","false","520505","212","347","951","33278","35909","20696"
"8","0.1","1","false","false","false","true","false","false","false","1","1","1","0.25","1","0","0","0","100","0","25","0.1","10","2.5","2","60","1.6","0.4","20.5","6.7","16","8.21","365","14","1","0","0","299","299","296","71","24","127","175","88093","1510","0","false","520538","212","347","951","33278","35914","20698"
"8","0.1","1","false","false","false","true","false","false","false","1","1","1","0.25","1","0","0","0","100","0","25","0.1","10","2.5","2","60","1.6","0.4","20.5","6.7","16","8.21","365","14","1","0","0","299","299","297","68","23","123","164","88112","1510","0","false","520538","212","347","951","33280","35917","20701"
"8","0.1","1","false","false","false","true","false","false","false","1","1","1","0.25","1","0","0","0","100","0","25","0.1","10","2.5","2","60","1.6","0.4","20.5","6.7","16","8.21","365","14","1","0","0","299","299","298","66","20","121","152","88131","1510","0","false","520538","212","347","951","33281","35920","20705"
"8","0.1","1","false","false","false","true","false","false","false","1","1","1","0.25","1","0","0","0","100","0","25","0.1","10","2.5","2","60","1.6","0.4","20.5","6.7","16","8.21","365","14","1","0","0","299","299","299","63","17","118","143","88149","1510","0","false","520538","212","347","951","33284","35923","20707"
"8","0.1","1","false","false","false","true","false","false","false","1","1","1","0.25","1","0","0","0","100","0","25","0.1","10","2.5","2","60","1.6","0.4","20.5","6.7","16","8.21","365","14","1","0","0","299","299","300","58","19","120","136","88157","1510","0","false","520538","212","347","951","33287","35927","20707"
"8","0.1","1","false","false","false","true","false","false","false","1","1","1","0.25","1","0","0","0","100","0","25","0.1","10","2.5","2","60","1.6","0.4","20.5","6.7","16","8.21","365","14","1","0","0","299","299","301","55","17","117","133","88168","1510","0","false","520538","212","347","951","33288","35928","20708"
"8","0.1","1","false","false","false","true","false","false","false","1","1","1","0.25","1","0","0","0","100","0","25","0.1","10","2.5","2","60","1.6","0.4","20.5","6.7","16","8.21","365","14","1","0","0","299","299","302","53","16","111","126","88184","1510","0","false","520538","212","347","951","33288","35931","20709"
"8","0.1","1","false","false","false","true","false","false","false","1","1","1","0.25","1","0","0","0","100","0","25","0.1","10","2.5","2","60","1.6","0.4","20.5","6.7","16","8.21","365","14","1","0","0","299","299","303","50","14","102","120","88204","1510","0","false","520538","212","347","951","33288","35931","20711"
"8","0.1","1","false","false","false","true","false","false","false","1","1","1","0.25","1","0","0","0","100","0","25","0.1","10","2.5","2","60","1.6","0.4","20.5","6.7","16","8.21","365","14","1","0","0","299","299","304","47","13","94","117","88219","1510","0","false","520538","212","347","951","33290","35931","20711"
"8","0.1","1","false","false","false","true","false","false","false","1","1","1","0.25","1","0","0","0","100","0","25","0.1","10","2.5","2","60","1.6","0.4","20.5","6.7","16","8.21","365","14","1","0","0","299","299","305","47","9","92","107","88235","1510","0","false","520538","212","347","951","33292","35934","20711"
"8","0.1","1","false","false","false","true","false","false","false","1","1","1","0.25","1","0","0","0","100","0","25","0.1","10","2.5","2","60","1.6","0.4","20.5","6.7","16","8.21","365","14","1","0","0","299","299","306","45","8","86","101","88250","1510","0","false","520538","212","347","951","33293","35939","20711"
"8","0.1","1","false","false","false","true","false","false","false","1","1","1","0.25","1","0","0","0","100","0","25","0.1","10","2.5","2","60","1.6","0.4","20.5","6.7","16","8.21","365","14","1","0","0","299","299","307","45","7","84","95","88258","1511","0","false","520538","212","347","952","33294","35940","20714"
"8","0.1","1","false","false","false","true","false","false","false","1","1","1","0.25","1","0","0","0","100","0","25","0.1","10","2.5","2","60","1.6","0.4","20.5","6.7","16","8.21","365","14","1","0","0","299","299","308","45","4","78","93","88269","1511","0","false","520527","212","347","952","33294","35942","20714"
"8","0.1","1","false","false","false","true","false","false","false","1","1","1","0.25","1","0","0","0","100","0","25","0.1","10","2.5","2","60","1.6","0.4","20.5","6.7","16","8.21","365","14","1","0","0","299","299","309","45","4","74","86","88280","1511","0","false","520527","212","347","952","33294","35942","20714"
"8","0.1","1","false","false","false","true","false","false","false","1","1","1","0.25","1","0","0","0","100","0","25","0.1","10","2.5","2","60","1.6","0.4","20.5","6.7","16","8.21","365","14","1","0","0","299","299","310","44","4","70","83","88288","1511","0","false","520527","212","347","952","33294","35942","20714"
"8","0.1","1","false","false","false","true","false","false","false","1","1","1","0.25","1","0","0","0","100","0","25","0.1","10","2.5","2","60","1.6","0.4","20.5","6.7","16","8.21","365","14","1","0","0","299","299","311","44","3","64","75","88302","1512","0","false","520527","212","347","953","33296","35942","20714"
"8","0.1","1","false","false","false","true","false","false","false","1","1","1","0.25","1","0","0","0","100","0","25","0.1","10","2.5","2","60","1.6","0.4","20.5","6.7","16","8.21","365","14","1","0","0","299","299","312","44","1","58","72","88313","1512","0","false","520519","212","347","953","33297","35943","20714"
"8","0.1","1","false","false","false","true","false","false","false","1","1","1","0.25","1","0","0","0","100","0","25","0.1","10","2.5","2","60","1.6","0.4","20.5","6.7","16","8.21","365","14","1","0","0","299","299","313","44","1","54","65","88324","1512","0","false","520519","212","347","953","33297","35944","20714"
"8","0.1","1","false","false","false","true","false","false","false","1","1","1","0.25","1","0","0","0","100","0","25","0.1","10","2.5","2","60","1.6","0.4","20.5","6.7","16","8.21","365","14","1","0","0","299","299","314","44","1","49","56","88338","1512","0","false","520519","212","347","953","33297","35944","20714"
"8","0.1","1","false","false","false","true","false","false","false","1","1","1","0.25","1","0","0","0","100","0","25","0.1","10","2.5","2","60","1.6","0.4","20.5","6.7","16","8.21","365","14","1","0","0","299","299","315","43","2","46","53","88344","1512","0","false","520519","212","347","953","33297","35944","20714"
"8","0.1","1","false","false","false","true","false","false","false","1","1","1","0.25","1","0","0","0","100","0","25","0.1","10","2.5","2","60","1.6","0.4","20.5","6.7","16","8.21","365","14","1","0","0","299","299","316","43","2","41","49","88353","1512","0","false","520519","212","347","953","33297","35944","20714"
"8","0.1","1","false","false","false","true","false","false","false","1","1","1","0.25","1","0","0","0","100","0","25","0.1","10","2.5","2","60","1.6","0.4","20.5","6.7","16","8.21","365","14","1","0","0","299","299","317","42","3","39","46","88358","1512","0","false","520519","212","347","953","33297","35944","20714"
"8","0.1","1","false","false","false","true","false","false","false","1","1","1","0.25","1","0","0","0","100","0","25","0.1","10","2.5","2","60","1.6","0.4","20.5","6.7","16","8.21","365","14","1","0","0","299","299","318","42","3","32","44","88367","1512","0","false","520519","212","347","953","33297","35944","20714"
"8","0.1","1","false","false","false","true","false","false","false","1","1","1","0.25","1","0","0","0","100","0","25","0.1","10","2.5","2","60","1.6","0.4","20.5","6.7","16","8.21","365","14","1","0","0","299","299","319","42","3","28","40","88375","1512","0","false","520519","212","347","953","33297","35944","20714"
"8","0.1","1","false","false","false","true","false","false","false","1","1","1","0.25","1","0","0","0","100","0","25","0.1","10","2.5","2","60","1.6","0.4","20.5","6.7","16","8.21","365","14","1","0","0","299","299","320","41","3","25","37","88382","1512","0","false","520519","212","347","953","33298","35944","20714"
"8","0.1","1","false","false","false","true","false","false","false","1","1","1","0.25","1","0","0","0","100","0","25","0.1","10","2.5","2","60","1.6","0.4","20.5","6.7","16","8.21","365","14","1","0","0","299","299","321","41","3","21","30","88393","1512","0","false","520519","212","347","953","33298","35944","20714"
"8","0.1","1","false","false","false","true","false","false","false","1","1","1","0.25","1","0","0","0","100","0","25","0.1","10","2.5","2","60","1.6","0.4","20.5","6.7","16","8.21","365","14","1","0","0","299","299","322","41","2","21","28","88396","1512","0","false","520519","212","347","953","33298","35944","20714"
"8","0.1","1","false","false","false","true","false","false","false","1","1","1","0.25","1","0","0","0","100","0","25","0.1","10","2.5","2","60","1.6","0.4","20.5","6.7","16","8.21","365","14","1","0","0","299","299","323","41","1","18","27","88401","1512","0","false","520519","212","347","953","33298","35945","20714"
"8","0.1","1","false","false","false","true","false","false","false","1","1","1","0.25","1","0","0","0","100","0","25","0.1","10","2.5","2","60","1.6","0.4","20.5","6.7","16","8.21","365","14","1","0","0","299","299","324","41","0","18","24","88405","1512","0","false","520519","212","347","953","33300","35945","20714"
"8","0.1","1","false","false","false","true","false","false","false","1","1","1","0.25","1","0","0","0","100","0","25","0.1","10","2.5","2","60","1.6","0.4","20.5","6.7","16","8.21","365","14","1","0","0","299","299","325","41","0","14","21","88412","1512","0","false","520519","212","347","953","33300","35945","20714"
"8","0.1","1","false","false","false","true","false","false","false","1","1","1","0.25","1","0","0","0","100","0","25","0.1","10","2.5","2","60","1.6","0.4","20.5","6.7","16","8.21","365","14","1","0","0","299","299","326","41","0","14","16","88417","1512","0","false","520519","212","347","953","33300","35945","20714"
"8","0.1","1","false","false","false","true","false","false","false","1","1","1","0.25","1","0","0","0","100","0","25","0.1","10","2.5","2","60","1.6","0.4","20.5","6.7","16","8.21","365","14","1","0","0","299","299","327","41","0","12","14","88421","1512","0","false","520519","212","347","953","33300","35945","20714"
"8","0.1","1","false","false","false","true","false","false","false","1","1","1","0.25","1","0","0","0","100","0","25","0.1","10","2.5","2","60","1.6","0.4","20.5","6.7","16","8.21","365","14","1","0","0","299","299","328","41","0","12","12","88423","1512","0","false","520519","212","347","953","33300","35945","20714"
"8","0.1","1","false","false","false","true","false","false","false","1","1","1","0.25","1","0","0","0","100","0","25","0.1","10","2.5","2","60","1.6","0.4","20.5","6.7","16","8.21","365","14","1","0","0","299","299","329","41","0","10","12","88425","1512","0","false","520519","212","347","953","33300","35945","20714"
"8","0.1","1","false","false","false","true","false","false","false","1","1","1","0.25","1","0","0","0","100","0","25","0.1","10","2.5","2","60","1.6","0.4","20.5","6.7","16","8.21","365","14","1","0","0","299","299","330","41","0","8","10","88429","1512","0","false","520519","212","347","953","33300","35945","20714"
"8","0.1","1","false","false","false","true","false","false","false","1","1","1","0.25","1","0","0","0","100","0","25","0.1","10","2.5","2","60","1.6","0.4","20.5","6.7","16","8.21","365","14","1","0","0","299","299","331","41","0","8","10","88429","1512","0","false","520519","212","347","953","33300","35945","20714"
"8","0.1","1","false","false","false","true","false","false","false","1","1","1","0.25","1","0","0","0","100","0","25","0.1","10","2.5","2","60","1.6","0.4","20.5","6.7","16","8.21","365","14","1","0","0","299","299","332","41","0","6","8","88433","1512","0","false","520519","212","347","953","33300","35945","20714"
"8","0.1","1","false","false","false","true","false","false","false","1","1","1","0.25","1","0","0","0","100","0","25","0.1","10","2.5","2","60","1.6","0.4","20.5","6.7","16","8.21","365","14","1","0","0","299","299","333","41","0","5","8","88434","1512","0","false","520519","212","347","953","33300","35945","20714"
"8","0.1","1","false","false","false","true","false","false","false","1","1","1","0.25","1","0","0","0","100","0","25","0.1","10","2.5","2","60","1.6","0.4","20.5","6.7","16","8.21","365","14","1","0","0","299","299","334","41","0","3","6","88438","1512","0","false","520519","212","347","953","33300","35945","20714"
"8","0.1","1","false","false","false","true","false","false","false","1","1","1","0.25","1","0","0","0","100","0","25","0.1","10","2.5","2","60","1.6","0.4","20.5","6.7","16","8.21","365","14","1","0","0","299","299","335","41","0","3","6","88438","1512","0","false","520519","212","347","953","33300","35945","20714"
"8","0.1","1","false","false","false","true","false","false","false","1","1","1","0.25","1","0","0","0","100","0","25","0.1","10","2.5","2","60","1.6","0.4","20.5","6.7","16","8.21","365","14","1","0","0","299","299","336","41","0","3","5","88439","1512","0","false","520519","212","347","953","33300","35945","20714"
"8","0.1","1","false","false","false","true","false","false","false","1","1","1","0.25","1","0","0","0","100","0","25","0.1","10","2.5","2","60","1.6","0.4","20.5","6.7","16","8.21","365","14","1","0","0","299","299","337","41","0","3","4","88440","1512","0","false","520519","212","347","953","33300","35945","20714"
"8","0.1","1","false","false","false","true","false","false","false","1","1","1","0.25","1","0","0","0","100","0","25","0.1","10","2.5","2","60","1.6","0.4","20.5","6.7","16","8.21","365","14","1","0","0","299","299","338","41","0","3","3","88441","1512","0","false","520519","212","347","953","33300","35945","20714"
"8","0.1","1","false","false","false","true","false","false","false","1","1","1","0.25","1","0","0","0","100","0","25","0.1","10","2.5","2","60","1.6","0.4","20.5","6.7","16","8.21","365","14","1","0","0","299","299","339","41","0","2","3","88442","1512","0","false","520519","212","347","953","33300","35945","20714"
"8","0.1","1","false","false","false","true","false","false","false","1","1","1","0.25","1","0","0","0","100","0","25","0.1","10","2.5","2","60","1.6","0.4","20.5","6.7","16","8.21","365","14","1","0","0","299","299","340","41","0","2","3","88442","1512","0","false","520519","212","347","953","33300","35945","20714"
"8","0.1","1","false","false","false","true","false","false","false","1","1","1","0.25","1","0","0","0","100","0","25","0.1","10","2.5","2","60","1.6","0.4","20.5","6.7","16","8.21","365","14","1","0","0","299","299","341","41","0","2","3","88442","1512","0","false","520519","212","347","953","33300","35945","20714"
"8","0.1","1","false","false","false","true","false","false","false","1","1","1","0.25","1","0","0","0","100","0","25","0.1","10","2.5","2","60","1.6","0.4","20.5","6.7","16","8.21","365","14","1","0","0","299","299","342","41","0","2","2","88443","1512","0","false","520519","212","347","953","33300","35945","20714"
"8","0.1","1","false","false","false","true","false","false","false","1","1","1","0.25","1","0","0","0","100","0","25","0.1","10","2.5","2","60","1.6","0.4","20.5","6.7","16","8.21","365","14","1","0","0","299","299","343","41","0","2","1","88444","1512","0","false","520519","212","347","953","33300","35945","20714"
"8","0.1","1","false","false","false","true","false","false","false","1","1","1","0.25","1","0","0","0","100","0","25","0.1","10","2.5","2","60","1.6","0.4","20.5","6.7","16","8.21","365","14","1","0","0","299","299","344","41","0","1","1","88445","1512","0","false","520519","212","347","953","33300","35945","20714"
"8","0.1","1","false","false","false","true","false","false","false","1","1","1","0.25","1","0","0","0","100","0","25","0.1","10","2.5","2","60","1.6","0.4","20.5","6.7","16","8.21","365","14","1","0","0","299","299","345","41","0","1","1","88445","1512","0","false","520519","212","347","953","33300","35945","20714"
"8","0.1","1","false","false","false","true","false","false","false","1","1","1","0.25","1","0","0","0","100","0","25","0.1","10","2.5","2","60","1.6","0.4","20.5","6.7","16","8.21","365","14","1","0","0","299","299","346","41","0","1","1","88445","1512","0","false","520519","212","347","953","33300","35945","20714"
"8","0.1","1","false","false","false","true","false","false","false","1","1","1","0.25","1","0","0","0","100","0","25","0.1","10","2.5","2","60","1.6","0.4","20.5","6.7","16","8.21","365","14","1","0","0","299","299","347","41","0","1","1","88445","1512","0","false","520519","212","347","953","33300","35945","20714"
"8","0.1","1","false","false","false","true","false","false","false","1","1","1","0.25","1","0","0","0","100","0","25","0.1","10","2.5","2","60","1.6","0.4","20.5","6.7","16","8.21","365","14","1","0","0","299","299","348","41","0","1","1","88445","1512","0","false","520519","212","347","953","33300","35945","20714"
"8","0.1","1","false","false","false","true","false","false","false","1","1","1","0.25","1","0","0","0","100","0","25","0.1","10","2.5","2","60","1.6","0.4","20.5","6.7","16","8.21","365","14","1","0","0","299","299","349","41","0","1","1","88445","1512","0","false","520519","212","347","953","33300","35945","20714"
"8","0.1","1","false","false","false","true","false","false","false","1","1","1","0.25","1","0","0","0","100","0","25","0.1","10","2.5","2","60","1.6","0.4","20.5","6.7","16","8.21","365","14","1","0","0","299","299","350","41","0","1","1","88445","1512","0","false","520519","212","347","953","33300","35945","20714"
"8","0.1","1","false","false","false","true","false","false","false","1","1","1","0.25","1","0","0","0","100","0","25","0.1","10","2.5","2","60","1.6","0.4","20.5","6.7","16","8.21","365","14","1","0","0","299","299","351","41","0","1","0","88446","1512","0","false","520519","212","347","953","33300","35945","20714"
"8","0.1","1","false","false","false","true","false","false","false","1","1","1","0.25","1","0","0","0","100","0","25","0.1","10","2.5","2","60","1.6","0.4","20.5","6.7","16","8.21","365","14","1","0","0","299","299","352","41","0","1","0","88446","1512","0","false","520519","212","347","953","33300","35945","20714"
"8","0.1","1","false","false","false","true","false","false","false","1","1","1","0.25","1","0","0","0","100","0","25","0.1","10","2.5","2","60","1.6","0.4","20.5","6.7","16","8.21","365","14","1","0","0","299","299","353","41","0","1","0","88446","1512","0","false","520519","212","347","953","33300","35945","20714"
"8","0.1","1","false","false","false","true","false","false","false","1","1","1","0.25","1","0","0","0","100","0","25","0.1","10","2.5","2","60","1.6","0.4","20.5","6.7","16","8.21","365","14","1","0","0","299","299","354","41","0","1","0","88446","1512","0","false","520519","212","347","953","33300","35945","20714"
"8","0.1","1","false","false","false","true","false","false","false","1","1","1","0.25","1","0","0","0","100","0","25","0.1","10","2.5","2","60","1.6","0.4","20.5","6.7","16","8.21","365","14","1","0","0","299","299","355","41","0","1","0","88446","1512","0","false","520519","212","347","953","33300","35945","20714"
"8","0.1","1","false","false","false","true","false","false","false","1","1","1","0.25","1","0","0","0","100","0","25","0.1","10","2.5","2","60","1.6","0.4","20.5","6.7","16","8.21","365","14","1","0","0","299","299","356","41","0","1","0","88446","1512","0","false","520519","212","347","953","33300","35945","20714"
"8","0.1","1","false","false","false","true","false","false","false","1","1","1","0.25","1","0","0","0","100","0","25","0.1","10","2.5","2","60","1.6","0.4","20.5","6.7","16","8.21","365","14","1","0","0","299","299","357","41","0","1","0","88446","1512","0","false","520519","212","347","953","33300","35945","20714"
"8","0.1","1","false","false","false","true","false","false","false","1","1","1","0.25","1","0","0","0","100","0","25","0.1","10","2.5","2","60","1.6","0.4","20.5","6.7","16","8.21","365","14","1","0","0","299","299","358","41","0","1","0","88446","1512","0","false","520519","212","347","953","33300","35945","20714"
"8","0.1","1","false","false","false","true","false","false","false","1","1","1","0.25","1","0","0","0","100","0","25","0.1","10","2.5","2","60","1.6","0.4","20.5","6.7","16","8.21","365","14","1","0","0","299","299","359","41","0","1","0","88446","1512","0","false","520519","212","347","953","33300","35945","20714"
"8","0.1","1","false","false","false","true","false","false","false","1","1","1","0.25","1","0","0","0","100","0","25","0.1","10","2.5","2","60","1.6","0.4","20.5","6.7","16","8.21","365","14","1","0","0","299","299","360","41","0","1","0","88446","1512","0","false","520519","212","347","953","33300","35945","20714"
"8","0.1","1","false","false","false","true","false","false","false","1","1","1","0.25","1","0","0","0","100","0","25","0.1","10","2.5","2","60","1.6","0.4","20.5","6.7","16","8.21","365","14","1","0","0","299","299","361","41","0","0","0","88447","1512","0","false","520519","212","347","953","33300","35945","20714"
"8","0.1","1","false","false","false","true","false","false","false","1","1","1","0.25","1","0","0","0","100","0","25","0.1","10","2.5","2","60","1.6","0.4","20.5","6.7","16","8.21","365","14","1","0","0","299","299","362","41","0","0","0","88447","1512","0","false","520519","212","347","953","33300","35945","20714"
"8","0.1","1","false","false","false","true","false","false","false","1","1","1","0.25","1","0","0","0","100","0","25","0.1","10","2.5","2","60","1.6","0.4","20.5","6.7","16","8.21","365","14","1","0","0","299","299","363","41","0","0","0","88447","1512","0","false","520519","212","347","953","33300","35945","20714"
"8","0.1","1","false","false","false","true","false","false","false","1","1","1","0.25","1","0","0","0","100","0","25","0.1","10","2.5","2","60","1.6","0.4","20.5","6.7","16","8.21","365","14","1","0","0","299","299","364","41","0","0","0","88447","1512","0","false","520519","212","347","953","33300","35945","20714"
"8","0.1","1","false","false","false","true","false","false","false","1","1","1","0.25","1","0","0","0","100","0","25","0.1","10","2.5","2","60","1.6","0.4","20.5","6.7","16","8.21","365","14","1","0","0","299","299","365","41","0","0","0","88447","1512","0","false","520519","212","347","953","33300","35945","20714"
"9","0.1","1","false","false","false","true","false","false","false","1","1","1","0.25","1","0","0","0","100","0","25","0.2","10","2.5","2","60","1.6","0.4","20.5","6.7","16","8.21","365","14","1","0","0","299","299","0","89910","90","0","0","0","0","0","false","0","0","0","0","0","0","0"
"9","0.1","1","false","false","false","true","false","false","false","1","1","1","0.25","1","0","0","0","100","0","25","0.2","10","2.5","2","60","1.6","0.4","20.5","6.7","16","8.21","365","14","1","0","0","299","299","1","89910","85","0","5","0","0","0","false","538563","0","0","0","0","0","0"
"9","0.1","1","false","false","false","true","false","false","false","1","1","1","0.25","1","0","0","0","100","0","25","0.2","10","2.5","2","60","1.6","0.4","20.5","6.7","16","8.21","365","14","1","0","0","299","299","2","89903","77","0","20","0","0","0","false","538563","0","0","0","5","3","2"
"9","0.1","1","false","false","false","true","false","false","false","1","1","1","0.25","1","0","0","0","100","0","25","0.2","10","2.5","2","60","1.6","0.4","20.5","6.7","16","8.21","365","14","1","0","0","299","299","3","89869","93","0","38","0","0","0","false","538563","0","0","0","9","6","2"
"9","0.1","1","false","false","false","true","false","false","false","1","1","1","0.25","1","0","0","0","100","0","25","0.2","10","2.5","2","60","1.6","0.4","20.5","6.7","16","8.21","365","14","1","0","0","299","299","4","89825","124","3","48","0","0","0","false","538563","0","0","0","15","9","4"
"9","0.1","1","false","false","false","true","false","false","false","1","1","1","0.25","1","0","0","0","100","0","25","0.2","10","2.5","2","60","1.6","0.4","20.5","6.7","16","8.21","365","14","1","0","0","299","299","5","89777","147","11","65","0","0","0","false","538563","0","0","0","24","16","8"
"9","0.1","1","false","false","false","true","false","false","false","1","1","1","0.25","1","0","0","0","100","0","25","0.2","10","2.5","2","60","1.6","0.4","20.5","6.7","16","8.21","365","14","1","0","0","299","299","6","89705","184","18","93","0","0","0","false","538563","0","0","0","32","27","16"
"9","0.1","1","false","false","false","true","false","false","false","1","1","1","0.25","1","0","0","0","100","0","25","0.2","10","2.5","2","60","1.6","0.4","20.5","6.7","16","8.21","365","14","1","0","0","299","299","7","89604","265","27","104","0","0","0","false","538563","0","0","0","38","36","20"
"9","0.1","1","false","false","false","true","false","false","false","1","1","1","0.25","1","0","0","0","100","0","25","0.2","10","2.5","2","60","1.6","0.4","20.5","6.7","16","8.21","365","14","1","0","0","299","299","8","89512","312","44","132","0","0","0","false","538563","0","0","0","55","53","28"
"9","0.1","1","false","false","false","true","false","false","false","1","1","1","0.25","1","0","0","0","100","0","25","0.2","10","2.5","2","60","1.6","0.4","20.5","6.7","16","8.21","365","14","1","0","0","299","299","9","89402","355","52","191","0","0","0","false","538563","0","0","0","69","73","40"
"9","0.1","1","false","false","false","true","false","false","false","1","1","1","0.25","1","0","0","0","100","0","25","0.2","10","2.5","2","60","1.6","0.4","20.5","6.7","16","8.21","365","14","1","0","0","299","299","10","89263","417","67","253","0","0","0","false","538563","0","0","0","91","92","53"
"9","0.1","1","false","false","false","true","false","false","false","1","1","1","0.25","1","0","0","0","100","0","25","0.2","10","2.5","2","60","1.6","0.4","20.5","6.7","16","8.21","365","14","1","0","0","299","299","11","89096","500","84","320","0","0","0","false","538563","0","0","0","117","125","66"
"9","0.1","1","false","false","false","true","false","false","false","1","1","1","0.25","1","0","0","0","100","0","25","0.2","10","2.5","2","60","1.6","0.4","20.5","6.7","16","8.21","365","14","1","0","0","299","299","12","88920","580","111","389","0","0","0","false","538563","0","0","0","149","158","84"
"9","0.1","1","false","false","false","true","false","false","false","1","1","1","0.25","1","0","0","0","100","0","25","0.2","10","2.5","2","60","1.6","0.4","20.5","6.7","16","8.21","365","14","1","0","0","299","299","13","88713","677","151","459","0","0","0","false","538563","0","0","0","186","205","114"
"9","0.1","1","false","false","false","true","false","false","false","1","1","1","0.25","1","0","0","0","100","0","25","0.2","10","2.5","2","60","1.6","0.4","20.5","6.7","16","8.21","365","14","1","0","0","299","299","14","88495","754","178","573","0","0","0","false","538563","0","0","0","223","257","140"
"9","0.1","1","false","false","false","true","false","false","false","1","1","1","0.25","1","0","0","0","100","0","25","0.2","10","2.5","2","60","1.6","0.4","20.5","6.7","16","8.21","365","14","1","0","0","299","299","15","88213","875","216","696","0","0","0","false","538563","0","0","0","269","312","173"
"9","0.1","1","false","false","false","true","false","false","false","1","1","1","0.25","1","0","0","0","100","0","25","0.2","10","2.5","2","60","1.6","0.4","20.5","6.7","16","8.21","365","14","1","0","0","299","299","16","87974","942","260","824","0","0","72","false","538563","0","0","0","332","359","207"
"9","0.1","1","false","false","false","true","false","false","false","1","1","1","0.25","1","0","0","0","100","0","25","0.2","10","2.5","2","60","1.6","0.4","20.5","6.7","16","8.21","365","14","1","0","0","299","299","17","87699","1032","309","957","3","0","290","false","537719","0","0","0","386","411","249"
"9","0.1","1","false","false","false","true","false","false","false","1","1","1","0.25","1","0","0","0","100","0","25","0.2","10","2.5","2","60","1.6","0.4","20.5","6.7","16","8.21","365","14","1","0","0","299","299","18","87420","1096","364","1115","4","1","663","false","535503","0","0","1","454","481","289"
"9","0.1","1","false","false","false","true","false","false","false","1","1","1","0.25","1","0","0","0","100","0","25","0.2","10","2.5","2","60","1.6","0.4","20.5","6.7","16","8.21","365","14","1","0","0","299","299","19","87131","1145","449","1267","7","1","999","false","531819","0","0","1","540","578","336"
"9","0.1","1","false","false","false","true","false","false","false","1","1","1","0.25","1","0","0","0","100","0","25","0.2","10","2.5","2","60","1.6","0.4","20.5","6.7","16","8.21","365","14","1","0","0","299","299","20","86845","1173","527","1444","10","1","1397","false","528640","0","0","1","633","660","382"
"9","0.1","1","false","false","false","true","false","false","false","1","1","1","0.25","1","0","0","0","100","0","25","0.2","10","2.5","2","60","1.6","0.4","20.5","6.7","16","8.21","365","14","1","0","0","299","299","21","86553","1185","627","1615","19","1","1860","false","525042","0","0","1","740","770","434"
"9","0.1","1","false","false","false","true","false","false","false","1","1","1","0.25","1","0","0","0","100","0","25","0.2","10","2.5","2","60","1.6","0.4","20.5","6.7","16","8.21","365","14","1","0","0","299","299","22","86299","1172","722","1780","25","2","2292","false","521022","0","0","2","837","873","497"
"9","0.1","1","false","false","false","true","false","false","false","1","1","1","0.25","1","0","0","0","100","0","25","0.2","10","2.5","2","60","1.6","0.4","20.5","6.7","16","8.21","365","14","1","0","0","299","299","23","85993","1226","827","1915","37","2","2728","false","517432","0","0","2","938","998","554"
"9","0.1","1","false","false","false","true","false","false","false","1","1","1","0.25","1","0","0","0","100","0","25","0.2","10","2.5","2","60","1.6","0.4","20.5","6.7","16","8.21","365","14","1","0","0","299","299","24","85761","1174","922","2087","53","3","3167","false","513859","0","1","2","1040","1113","606"
"9","0.1","1","false","false","false","true","false","false","false","1","1","1","0.25","1","0","0","0","100","0","25","0.2","10","2.5","2","60","1.6","0.4","20.5","6.7","16","8.21","365","14","1","0","0","299","299","25","85516","1161","1032","2217","70","4","3625","false","510335","0","2","2","1125","1228","678"
"9","0.1","1","false","false","false","true","false","false","false","1","1","1","0.25","1","0","0","0","100","0","25","0.2","10","2.5","2","60","1.6","0.4","20.5","6.7","16","8.21","365","14","1","0","0","299","299","26","85289","1098","1115","2398","95","5","3996","false","506795","0","2","3","1232","1345","738"
"9","0.1","1","false","false","false","true","false","false","false","1","1","1","0.25","1","0","0","0","100","0","25","0.2","10","2.5","2","60","1.6","0.4","20.5","6.7","16","8.21","365","14","1","0","0","299","299","27","85063","1039","1201","2567","124","6","4490","false","503831","0","2","4","1318","1451","794"
"9","0.1","1","false","false","false","true","false","false","false","1","1","1","0.25","1","0","0","0","100","0","25","0.2","10","2.5","2","60","1.6","0.4","20.5","6.7","16","8.21","365","14","1","0","0","299","299","28","84876","983","1279","2691","162","9","4779","false","499999","0","3","6","1425","1543","841"
"9","0.1","1","false","false","false","true","false","false","false","1","1","1","0.25","1","0","0","0","100","0","25","0.2","10","2.5","2","60","1.6","0.4","20.5","6.7","16","8.21","365","14","1","0","0","299","299","29","84676","933","1379","2780","220","12","5062","false","497656","0","6","6","1517","1649","911"
"9","0.1","1","false","false","false","true","false","false","false","1","1","1","0.25","1","0","0","0","100","0","25","0.2","10","2.5","2","60","1.6","0.4","20.5","6.7","16","8.21","365","14","1","0","0","299","299","30","84475","900","1469","2864","273","19","5325","false","495168","1","7","11","1601","1752","966"
"9","0.1","1","false","false","false","true","false","false","false","1","1","1","0.25","1","0","0","0","100","0","25","0.2","10","2.5","2","60","1.6","0.4","20.5","6.7","16","8.21","365","14","1","0","0","299","299","31","84251","905","1554","2919","348","23","5425","false","492823","1","8","14","1694","1840","1014"
"9","0.1","1","false","false","false","true","false","false","false","1","1","1","0.25","1","0","0","0","100","0","25","0.2","10","2.5","2","60","1.6","0.4","20.5","6.7","16","8.21","365","14","1","0","0","299","299","32","83991","949","1640","2982","413","25","5501","false","491481","1","10","14","1778","1932","1067"
"9","0.1","1","false","false","false","true","false","false","false","1","1","1","0.25","1","0","0","0","100","0","25","0.2","10","2.5","2","60","1.6","0.4","20.5","6.7","16","8.21","365","14","1","0","0","299","299","33","83698","1051","1722","3008","492","29","5549","false","490354","1","11","17","1857","2014","1124"
"9","0.1","1","false","false","false","true","false","false","false","1","1","1","0.25","1","0","0","0","100","0","25","0.2","10","2.5","2","60","1.6","0.4","20.5","6.7","16","8.21","365","14","1","0","0","299","299","34","83373","1131","1778","3083","605","30","5643","false","489364","1","11","18","1947","2119","1171"
"9","0.1","1","false","false","false","true","false","false","false","1","1","1","0.25","1","0","0","0","100","0","25","0.2","10","2.5","2","60","1.6","0.4","20.5","6.7","16","8.21","365","14","1","0","0","299","299","35","83038","1218","1817","3175","719","33","5672","false","488067","2","11","20","2030","2202","1218"
"9","0.1","1","false","false","false","true","false","false","false","1","1","1","0.25","1","0","0","0","100","0","25","0.2","10","2.5","2","60","1.6","0.4","20.5","6.7","16","8.21","365","14","1","0","0","299","299","36","82688","1284","1850","3287","854","37","5733","false","487233","2","12","23","2123","2310","1278"
"9","0.1","1","false","false","false","true","false","false","false","1","1","1","0.25","1","0","0","0","100","0","25","0.2","10","2.5","2","60","1.6","0.4","20.5","6.7","16","8.21","365","14","1","0","0","299","299","37","82324","1372","1884","3358","1019","43","5917","false","486493","3","12","28","2220","2426","1332"
"9","0.1","1","false","false","false","true","false","false","false","1","1","1","0.25","1","0","0","0","100","0","25","0.2","10","2.5","2","60","1.6","0.4","20.5","6.7","16","8.21","365","14","1","0","0","299","299","38","81936","1464","1951","3455","1148","46","6089","false","484731","4","12","30","2346","2529","1397"
"9","0.1","1","false","false","false","true","false","false","false","1","1","1","0.25","1","0","0","0","100","0","25","0.2","10","2.5","2","60","1.6","0.4","20.5","6.7","16","8.21","365","14","1","0","0","299","299","39","81538","1557","1997","3546","1311","51","6162","false","482968","6","13","32","2451","2633","1471"
"9","0.1","1","false","false","false","true","false","false","false","1","1","1","0.25","1","0","0","0","100","0","25","0.2","10","2.5","2","60","1.6","0.4","20.5","6.7","16","8.21","365","14","1","0","0","299","299","40","81144","1586","2036","3694","1484","56","6284","false","482050","7","15","34","2577","2753","1554"
"9","0.1","1","false","false","false","true","false","false","false","1","1","1","0.25","1","0","0","0","100","0","25","0.2","10","2.5","2","60","1.6","0.4","20.5","6.7","16","8.21","365","14","1","0","0","299","299","41","80740","1614","2076","3830","1683","57","6327","false","480669","7","15","35","2713","2879","1638"
"9","0.1","1","false","false","false","true","false","false","false","1","1","1","0.25","1","0","0","0","100","0","25","0.2","10","2.5","2","60","1.6","0.4","20.5","6.7","16","8.21","365","14","1","0","0","299","299","42","80321","1680","2131","3933","1876","59","6426","false","480122","8","16","35","2847","3013","1714"
"9","0.1","1","false","false","false","true","false","false","false","1","1","1","0.25","1","0","0","0","100","0","25","0.2","10","2.5","2","60","1.6","0.4","20.5","6.7","16","8.21","365","14","1","0","0","299","299","43","79888","1736","2186","4044","2083","63","6602","false","479071","9","17","37","2980","3175","1794"
"9","0.1","1","false","false","false","true","false","false","false","1","1","1","0.25","1","0","0","0","100","0","25","0.2","10","2.5","2","60","1.6","0.4","20.5","6.7","16","8.21","365","14","1","0","0","299","299","44","79424","1777","2247","4173","2308","71","6662","false","477555","11","18","42","3127","3337","1889"
"9","0.1","1","false","false","false","true","false","false","false","1","1","1","0.25","1","0","0","0","100","0","25","0.2","10","2.5","2","60","1.6","0.4","20.5","6.7","16","8.21","365","14","1","0","0","299","299","45","78952","1855","2311","4287","2521","74","6707","false","476653","11","19","44","3273","3501","1974"
"9","0.1","1","false","false","false","true","false","false","false","1","1","1","0.25","1","0","0","0","100","0","25","0.2","10","2.5","2","60","1.6","0.4","20.5","6.7","16","8.21","365","14","1","0","0","299","299","46","78485","1902","2365","4427","2741","80","6733","false","475948","11","22","47","3418","3653","2068"
"9","0.1","1","false","false","false","true","false","false","false","1","1","1","0.25","1","0","0","0","100","0","25","0.2","10","2.5","2","60","1.6","0.4","20.5","6.7","16","8.21","365","14","1","0","0","299","299","47","78019","1904","2442","4610","2944","81","6864","false","475527","11","22","48","3587","3803","2181"
"9","0.1","1","false","false","false","true","false","false","false","1","1","1","0.25","1","0","0","0","100","0","25","0.2","10","2.5","2","60","1.6","0.4","20.5","6.7","16","8.21","365","14","1","0","0","299","299","48","77527","1918","2495","4786","3189","85","6958","false","474343","12","23","50","3761","3974","2270"
"9","0.1","1","false","false","false","true","false","false","false","1","1","1","0.25","1","0","0","0","100","0","25","0.2","10","2.5","2","60","1.6","0.4","20.5","6.7","16","8.21","365","14","1","0","0","299","299","49","77019","2019","2590","4872","3411","89","7165","false","473263","12","24","53","3911","4142","2382"
"9","0.1","1","false","false","false","true","false","false","false","1","1","1","0.25","1","0","0","0","100","0","25","0.2","10","2.5","2","60","1.6","0.4","20.5","6.7","16","8.21","365","14","1","0","0","299","299","50","76499","2075","2682","5017","3632","95","7293","false","471322","12","25","58","4086","4341","2472"
"9","0.1","1","false","false","false","true","false","false","false","1","1","1","0.25","1","0","0","0","100","0","25","0.2","10","2.5","2","60","1.6","0.4","20.5","6.7","16","8.21","365","14","1","0","0","299","299","51","75987","2142","2766","5107","3898","100","7444","false","470030","14","25","61","4257","4515","2571"
"9","0.1","1","false","false","false","true","false","false","false","1","1","1","0.25","1","0","0","0","100","0","25","0.2","10","2.5","2","60","1.6","0.4","20.5","6.7","16","8.21","365","14","1","0","0","299","299","52","75445","2180","2829","5308","4131","107","7547","false","468740","16","25","66","4427","4712","2675"
"9","0.1","1","false","false","false","true","false","false","false","1","1","1","0.25","1","0","0","0","100","0","25","0.2","10","2.5","2","60","1.6","0.4","20.5","6.7","16","8.21","365","14","1","0","0","299","299","53","74908","2223","2926","5461","4374","108","7759","false","467784","17","25","66","4606","4898","2803"
"9","0.1","1","false","false","false","true","false","false","false","1","1","1","0.25","1","0","0","0","100","0","25","0.2","10","2.5","2","60","1.6","0.4","20.5","6.7","16","8.21","365","14","1","0","0","299","299","54","74359","2244","3003","5660","4620","114","7960","false","465918","18","25","71","4761","5127","2920"
"9","0.1","1","false","false","false","true","false","false","false","1","1","1","0.25","1","0","0","0","100","0","25","0.2","10","2.5","2","60","1.6","0.4","20.5","6.7","16","8.21","365","14","1","0","0","299","299","55","73815","2302","3092","5796","4877","118","8073","false","464299","19","25","74","4933","5310","3017"
"9","0.1","1","false","false","false","true","false","false","false","1","1","1","0.25","1","0","0","0","100","0","25","0.2","10","2.5","2","60","1.6","0.4","20.5","6.7","16","8.21","365","14","1","0","0","299","299","56","73276","2323","3219","5936","5121","125","8174","false","463391","20","27","78","5093","5550","3133"
"9","0.1","1","false","false","false","true","false","false","false","1","1","1","0.25","1","0","0","0","100","0","25","0.2","10","2.5","2","60","1.6","0.4","20.5","6.7","16","8.21","365","14","1","0","0","299","299","57","72720","2348","3320","6084","5399","129","8339","false","462409","22","28","79","5282","5778","3261"
"9","0.1","1","false","false","false","true","false","false","false","1","1","1","0.25","1","0","0","0","100","0","25","0.2","10","2.5","2","60","1.6","0.4","20.5","6.7","16","8.21","365","14","1","0","0","299","299","58","72218","2331","3430","6208","5679","134","8486","false","460963","22","30","82","5477","5996","3380"
"9","0.1","1","false","false","false","true","false","false","false","1","1","1","0.25","1","0","0","0","100","0","25","0.2","10","2.5","2","60","1.6","0.4","20.5","6.7","16","8.21","365","14","1","0","0","299","299","59","71676","2323","3504","6365","5988","144","8678","false","459643","24","31","89","5669","6206","3486"
"9","0.1","1","false","false","false","true","false","false","false","1","1","1","0.25","1","0","0","0","100","0","25","0.2","10","2.5","2","60","1.6","0.4","20.5","6.7","16","8.21","365","14","1","0","0","299","299","60","71121","2317","3580","6524","6308","150","8776","false","457879","25","33","92","5879","6406","3603"
"9","0.1","1","false","false","false","true","false","false","false","1","1","1","0.25","1","0","0","0","100","0","25","0.2","10","2.5","2","60","1.6","0.4","20.5","6.7","16","8.21","365","14","1","0","0","299","299","61","70573","2286","3667","6669","6647","158","8821","false","456710","26","34","98","6087","6627","3742"
"9","0.1","1","false","false","false","true","false","false","false","1","1","1","0.25","1","0","0","0","100","0","25","0.2","10","2.5","2","60","1.6","0.4","20.5","6.7","16","8.21","365","14","1","0","0","299","299","62","70036","2306","3753","6759","6983","163","8882","false","456044","27","35","101","6287","6832","3860"
"9","0.1","1","false","false","false","true","false","false","false","1","1","1","0.25","1","0","0","0","100","0","25","0.2","10","2.5","2","60","1.6","0.4","20.5","6.7","16","8.21","365","14","1","0","0","299","299","63","69452","2366","3855","6825","7336","166","8985","false","455337","28","36","102","6502","7035","3996"
"9","0.1","1","false","false","false","true","false","false","false","1","1","1","0.25","1","0","0","0","100","0","25","0.2","10","2.5","2","60","1.6","0.4","20.5","6.7","16","8.21","365","14","1","0","0","299","299","64","68863","2428","3922","6920","7693","174","9314","false","454335","28","38","108","6699","7256","4112"
"9","0.1","1","false","false","false","true","false","false","false","1","1","1","0.25","1","0","0","0","100","0","25","0.2","10","2.5","2","60","1.6","0.4","20.5","6.7","16","8.21","365","14","1","0","0","299","299","65","68298","2378","4026","7100","8020","178","9431","false","451639","28","39","111","6928","7489","4246"
"9","0.1","1","false","false","false","true","false","false","false","1","1","1","0.25","1","0","0","0","100","0","25","0.2","10","2.5","2","60","1.6","0.4","20.5","6.7","16","8.21","365","14","1","0","0","299","299","66","67734","2389","4095","7213","8384","185","9622","false","450367","29","42","114","7114","7718","4375"
"9","0.1","1","false","false","false","true","false","false","false","1","1","1","0.25","1","0","0","0","100","0","25","0.2","10","2.5","2","60","1.6","0.4","20.5","6.7","16","8.21","365","14","1","0","0","299","299","67","67161","2398","4147","7314","8789","191","9718","false","448527","31","43","117","7317","7944","4503"
"9","0.1","1","false","false","false","true","false","false","false","1","1","1","0.25","1","0","0","0","100","0","25","0.2","10","2.5","2","60","1.6","0.4","20.5","6.7","16","8.21","365","14","1","0","0","299","299","68","66615","2405","4220","7377","9188","195","9806","false","447675","31","44","120","7523","8155","4639"
"9","0.1","1","false","false","false","true","false","false","false","1","1","1","0.25","1","0","0","0","100","0","25","0.2","10","2.5","2","60","1.6","0.4","20.5","6.7","16","8.21","365","14","1","0","0","299","299","69","66017","2425","4300","7452","9604","202","10020","false","446856","33","45","124","7739","8386","4782"
"9","0.1","1","false","false","false","true","false","false","false","1","1","1","0.25","1","0","0","0","100","0","25","0.2","10","2.5","2","60","1.6","0.4","20.5","6.7","16","8.21","365","14","1","0","0","299","299","70","65437","2444","4375","7541","9994","209","10111","false","445018","33","48","128","7970","8595","4912"
"9","0.1","1","false","false","false","true","false","false","false","1","1","1","0.25","1","0","0","0","100","0","25","0.2","10","2.5","2","60","1.6","0.4","20.5","6.7","16","8.21","365","14","1","0","0","299","299","71","64878","2435","4422","7627","10419","219","10208","false","444169","36","49","134","8165","8826","5048"
"9","0.1","1","false","false","false","true","false","false","false","1","1","1","0.25","1","0","0","0","100","0","25","0.2","10","2.5","2","60","1.6","0.4","20.5","6.7","16","8.21","365","14","1","0","0","299","299","72","64338","2399","4463","7724","10847","229","10305","false","443011","36","53","140","8348","9045","5183"
"9","0.1","1","false","false","false","true","false","false","false","1","1","1","0.25","1","0","0","0","100","0","25","0.2","10","2.5","2","60","1.6","0.4","20.5","6.7","16","8.21","365","14","1","0","0","299","299","73","63772","2408","4514","7774","11291","241","10223","false","441974","37","55","149","8546","9265","5319"
"9","0.1","1","false","false","false","true","false","false","false","1","1","1","0.25","1","0","0","0","100","0","25","0.2","10","2.5","2","60","1.6","0.4","20.5","6.7","16","8.21","365","14","1","0","0","299","299","74","63150","2477","4573","7813","11740","247","10301","false","442426","38","56","153","8763","9502","5455"
"9","0.1","1","false","false","false","true","false","false","false","1","1","1","0.25","1","0","0","0","100","0","25","0.2","10","2.5","2","60","1.6","0.4","20.5","6.7","16","8.21","365","14","1","0","0","299","299","75","62568","2486","4601","7865","12224","256","10305","false","441498","40","57","159","8999","9712","5592"
"9","0.1","1","false","false","false","true","false","false","false","1","1","1","0.25","1","0","0","0","100","0","25","0.2","10","2.5","2","60","1.6","0.4","20.5","6.7","16","8.21","365","14","1","0","0","299","299","76","61908","2593","4625","7915","12696","263","10328","false","441105","40","59","164","9174","9936","5719"
"9","0.1","1","false","false","false","true","false","false","false","1","1","1","0.25","1","0","0","0","100","0","25","0.2","10","2.5","2","60","1.6","0.4","20.5","6.7","16","8.21","365","14","1","0","0","299","299","77","61285","2648","4641","7998","13158","270","10280","false","440662","40","61","169","9370","10163","5842"
"9","0.1","1","false","false","false","true","false","false","false","1","1","1","0.25","1","0","0","0","100","0","25","0.2","10","2.5","2","60","1.6","0.4","20.5","6.7","16","8.21","365","14","1","0","0","299","299","78","60619","2676","4686","8071","13664","284","10119","false","440780","42","64","178","9586","10405","5994"
"9","0.1","1","false","false","false","true","false","false","false","1","1","1","0.25","1","0","0","0","100","0","25","0.2","10","2.5","2","60","1.6","0.4","20.5","6.7","16","8.21","365","14","1","0","0","299","299","79","59959","2694","4711","8187","14158","291","10192","false","441853","42","67","182","9798","10658","6118"
"9","0.1","1","false","false","false","true","false","false","false","1","1","1","0.25","1","0","0","0","100","0","25","0.2","10","2.5","2","60","1.6","0.4","20.5","6.7","16","8.21","365","14","1","0","0","299","299","80","59326","2709","4736","8250","14682","297","10239","false","441111","42","68","187","10016","10908","6265"
"9","0.1","1","false","false","false","true","false","false","false","1","1","1","0.25","1","0","0","0","100","0","25","0.2","10","2.5","2","60","1.6","0.4","20.5","6.7","16","8.21","365","14","1","0","0","299","299","81","58669","2731","4789","8315","15190","306","10272","false","440456","43","70","193","10236","11161","6409"
"9","0.1","1","false","false","false","true","false","false","false","1","1","1","0.25","1","0","0","0","100","0","25","0.2","10","2.5","2","60","1.6","0.4","20.5","6.7","16","8.21","365","14","1","0","0","299","299","82","58061","2686","4829","8390","15720","314","10300","false","439973","44","72","198","10481","11429","6532"
"9","0.1","1","false","false","false","true","false","false","false","1","1","1","0.25","1","0","0","0","100","0","25","0.2","10","2.5","2","60","1.6","0.4","20.5","6.7","16","8.21","365","14","1","0","0","299","299","83","57400","2728","4912","8400","16232","328","10389","false","439667","46","73","209","10717","11678","6694"
"9","0.1","1","false","false","false","true","false","false","false","1","1","1","0.25","1","0","0","0","100","0","25","0.2","10","2.5","2","60","1.6","0.4","20.5","6.7","16","8.21","365","14","1","0","0","299","299","84","56702","2807","4971","8462","16723","335","10502","false","438726","47","73","215","10968","11932","6841"
"9","0.1","1","false","false","false","true","false","false","false","1","1","1","0.25","1","0","0","0","100","0","25","0.2","10","2.5","2","60","1.6","0.4","20.5","6.7","16","8.21","365","14","1","0","0","299","299","85","56087","2792","5012","8509","17260","340","10574","false","437753","47","76","217","11207","12183","6975"
"9","0.1","1","false","false","false","true","false","false","false","1","1","1","0.25","1","0","0","0","100","0","25","0.2","10","2.5","2","60","1.6","0.4","20.5","6.7","16","8.21","365","14","1","0","0","299","299","86","55435","2777","5054","8566","17819","349","10663","false","437052","50","77","222","11439","12430","7130"
"9","0.1","1","false","false","false","true","false","false","false","1","1","1","0.25","1","0","0","0","100","0","25","0.2","10","2.5","2","60","1.6","0.4","20.5","6.7","16","8.21","365","14","1","0","0","299","299","87","54801","2733","5088","8653","18365","360","10759","false","436211","51","79","230","11671","12673","7302"
"9","0.1","1","false","false","false","true","false","false","false","1","1","1","0.25","1","0","0","0","100","0","25","0.2","10","2.5","2","60","1.6","0.4","20.5","6.7","16","8.21","365","14","1","0","0","299","299","88","54125","2756","5100","8735","18909","375","10832","false","435306","54","84","237","11935","12922","7434"
"9","0.1","1","false","false","false","true","false","false","false","1","1","1","0.25","1","0","0","0","100","0","25","0.2","10","2.5","2","60","1.6","0.4","20.5","6.7","16","8.21","365","14","1","0","0","299","299","89","53483","2787","5173","8710","19465","382","10932","false","434672","55","89","238","12161","13196","7598"
"9","0.1","1","false","false","false","true","false","false","false","1","1","1","0.25","1","0","0","0","100","0","25","0.2","10","2.5","2","60","1.6","0.4","20.5","6.7","16","8.21","365","14","1","0","0","299","299","90","52845","2795","5206","8737","20022","395","11011","false","433724","58","91","246","12396","13459","7738"
"9","0.1","1","false","false","false","true","false","false","false","1","1","1","0.25","1","0","0","0","100","0","25","0.2","10","2.5","2","60","1.6","0.4","20.5","6.7","16","8.21","365","14","1","0","0","299","299","91","52199","2796","5284","8780","20536","405","11071","false","432991","60","94","251","12634","13752","7906"
"9","0.1","1","false","false","false","true","false","false","false","1","1","1","0.25","1","0","0","0","100","0","25","0.2","10","2.5","2","60","1.6","0.4","20.5","6.7","16","8.21","365","14","1","0","0","299","299","92","51579","2756","5282","8849","21126","408","11120","false","432380","62","94","252","12868","14007","8053"
"9","0.1","1","false","false","false","true","false","false","false","1","1","1","0.25","1","0","0","0","100","0","25","0.2","10","2.5","2","60","1.6","0.4","20.5","6.7","16","8.21","365","14","1","0","0","299","299","93","50939","2735","5336","8939","21632","419","11117","false","431994","64","97","258","13121","14267","8181"
"9","0.1","1","false","false","false","true","false","false","false","1","1","1","0.25","1","0","0","0","100","0","25","0.2","10","2.5","2","60","1.6","0.4","20.5","6.7","16","8.21","365","14","1","0","0","299","299","94","50315","2722","5386","8970","22178","429","11026","false","431897","64","99","266","13338","14536","8338"
"9","0.1","1","false","false","false","true","false","false","false","1","1","1","0.25","1","0","0","0","100","0","25","0.2","10","2.5","2","60","1.6","0.4","20.5","6.7","16","8.21","365","14","1","0","0","299","299","95","49667","2705","5391","9064","22729","444","10971","false","432294","66","101","277","13546","14795","8481"
"9","0.1","1","false","false","false","true","false","false","false","1","1","1","0.25","1","0","0","0","100","0","25","0.2","10","2.5","2","60","1.6","0.4","20.5","6.7","16","8.21","365","14","1","0","0","299","299","96","49014","2723","5432","9125","23259","447","10948","false","432366","67","101","279","13785","15038","8631"
"9","0.1","1","false","false","false","true","false","false","false","1","1","1","0.25","1","0","0","0","100","0","25","0.2","10","2.5","2","60","1.6","0.4","20.5","6.7","16","8.21","365","14","1","0","0","299","299","97","48400","2698","5469","9170","23807","456","10859","false","432368","67","105","284","14032","15291","8790"
"9","0.1","1","false","false","false","true","false","false","false","1","1","1","0.25","1","0","0","0","100","0","25","0.2","10","2.5","2","60","1.6","0.4","20.5","6.7","16","8.21","365","14","1","0","0","299","299","98","47740","2731","5529","9188","24347","465","10947","false","432968","68","107","290","14265","15535","8948"
"9","0.1","1","false","false","false","true","false","false","false","1","1","1","0.25","1","0","0","0","100","0","25","0.2","10","2.5","2","60","1.6","0.4","20.5","6.7","16","8.21","365","14","1","0","0","299","299","99","47059","2775","5571","9188","24937","470","10811","false","432356","68","108","294","14532","15770","9087"
"9","0.1","1","false","false","false","true","false","false","false","1","1","1","0.25","1","0","0","0","100","0","25","0.2","10","2.5","2","60","1.6","0.4","20.5","6.7","16","8.21","365","14","1","0","0","299","299","100","46387","2823","5579","9182","25549","480","10810","false","433349","69","108","303","14755","16037","9229"
"9","0.1","1","false","false","false","true","false","false","false","1","1","1","0.25","1","0","0","0","100","0","25","0.2","10","2.5","2","60","1.6","0.4","20.5","6.7","16","8.21","365","14","1","0","0","299","299","101","45713","2799","5565","9240","26196","487","10765","false","433247","70","112","305","15018","16299","9367"
"9","0.1","1","false","false","false","true","false","false","false","1","1","1","0.25","1","0","0","0","100","0","25","0.2","10","2.5","2","60","1.6","0.4","20.5","6.7","16","8.21","365","14","1","0","0","299","299","102","45075","2761","5590","9264","26814","496","10823","false","433400","71","114","311","15288","16565","9523"
"9","0.1","1","false","false","false","true","false","false","false","1","1","1","0.25","1","0","0","0","100","0","25","0.2","10","2.5","2","60","1.6","0.4","20.5","6.7","16","8.21","365","14","1","0","0","299","299","103","44381","2840","5600","9274","27398","507","10825","false","432647","71","117","319","15517","16810","9678"
"9","0.1","1","false","false","false","true","false","false","false","1","1","1","0.25","1","0","0","0","100","0","25","0.2","10","2.5","2","60","1.6","0.4","20.5","6.7","16","8.21","365","14","1","0","0","299","299","104","43708","2881","5605","9251","28039","516","10795","false","432553","73","120","323","15755","17047","9846"
"9","0.1","1","false","false","false","true","false","false","false","1","1","1","0.25","1","0","0","0","100","0","25","0.2","10","2.5","2","60","1.6","0.4","20.5","6.7","16","8.21","365","14","1","0","0","299","299","105","43055","2857","5576","9289","28695","528","10765","false","432754","75","125","328","15986","17326","9997"
"9","0.1","1","false","false","false","true","false","false","false","1","1","1","0.25","1","0","0","0","100","0","25","0.2","10","2.5","2","60","1.6","0.4","20.5","6.7","16","8.21","365","14","1","0","0","299","299","106","42382","2827","5538","9353","29364","536","10839","false","432839","75","126","335","16235","17579","10157"
"9","0.1","1","false","false","false","true","false","false","false","1","1","1","0.25","1","0","0","0","100","0","25","0.2","10","2.5","2","60","1.6","0.4","20.5","6.7","16","8.21","365","14","1","0","0","299","299","107","41778","2757","5582","9388","29945","550","10866","false","432272","75","127","348","16505","17826","10309"
"9","0.1","1","false","false","false","true","false","false","false","1","1","1","0.25","1","0","0","0","100","0","25","0.2","10","2.5","2","60","1.6","0.4","20.5","6.7","16","8.21","365","14","1","0","0","299","299","108","41156","2716","5635","9379","30557","557","10973","false","432048","77","128","352","16783","18096","10460"
"9","0.1","1","false","false","false","true","false","false","false","1","1","1","0.25","1","0","0","0","100","0","25","0.2","10","2.5","2","60","1.6","0.4","20.5","6.7","16","8.21","365","14","1","0","0","299","299","109","40523","2708","5627","9397","31178","567","11024","false","431189","79","130","358","17013","18340","10598"
"9","0.1","1","false","false","false","true","false","false","false","1","1","1","0.25","1","0","0","0","100","0","25","0.2","10","2.5","2","60","1.6","0.4","20.5","6.7","16","8.21","365","14","1","0","0","299","299","110","39964","2651","5667","9353","31789","576","11014","false","430840","81","132","363","17235","18593","10756"
"9","0.1","1","false","false","false","true","false","false","false","1","1","1","0.25","1","0","0","0","100","0","25","0.2","10","2.5","2","60","1.6","0.4","20.5","6.7","16","8.21","365","14","1","0","0","299","299","111","39397","2576","5704","9330","32406","587","10919","false","430943","81","134","372","17482","18853","10909"
"9","0.1","1","false","false","false","true","false","false","false","1","1","1","0.25","1","0","0","0","100","0","25","0.2","10","2.5","2","60","1.6","0.4","20.5","6.7","16","8.21","365","14","1","0","0","299","299","112","38776","2558","5735","9294","33042","595","10844","false","431577","84","135","376","17730","19089","11078"
"9","0.1","1","false","false","false","true","false","false","false","1","1","1","0.25","1","0","0","0","100","0","25","0.2","10","2.5","2","60","1.6","0.4","20.5","6.7","16","8.21","365","14","1","0","0","299","299","113","38165","2562","5721","9279","33661","612","10785","false","432059","86","137","389","17969","19323","11213"
"9","0.1","1","false","false","false","true","false","false","false","1","1","1","0.25","1","0","0","0","100","0","25","0.2","10","2.5","2","60","1.6","0.4","20.5","6.7","16","8.21","365","14","1","0","0","299","299","114","37565","2569","5734","9209","34299","624","10661","false","432275","88","139","397","18188","19569","11371"
"9","0.1","1","false","false","false","true","false","false","false","1","1","1","0.25","1","0","0","0","100","0","25","0.2","10","2.5","2","60","1.6","0.4","20.5","6.7","16","8.21","365","14","1","0","0","299","299","115","36922","2612","5729","9162","34943","632","10526","false","433175","88","140","404","18424","19789","11527"
"9","0.1","1","false","false","false","true","false","false","false","1","1","1","0.25","1","0","0","0","100","0","25","0.2","10","2.5","2","60","1.6","0.4","20.5","6.7","16","8.21","365","14","1","0","0","299","299","116","36305","2593","5725","9135","35601","641","10518","false","434125","89","144","408","18658","20039","11701"
"9","0.1","1","false","false","false","true","false","false","false","1","1","1","0.25","1","0","0","0","100","0","25","0.2","10","2.5","2","60","1.6","0.4","20.5","6.7","16","8.21","365","14","1","0","0","299","299","117","35696","2585","5700","9141","36227","651","10450","false","434203","90","147","414","18860","20277","11837"
"9","0.1","1","false","false","false","true","false","false","false","1","1","1","0.25","1","0","0","0","100","0","25","0.2","10","2.5","2","60","1.6","0.4","20.5","6.7","16","8.21","365","14","1","0","0","299","299","118","35090","2544","5678","9172","36857","659","10439","false","434700","91","148","420","19088","20529","11975"
"9","0.1","1","false","false","false","true","false","false","false","1","1","1","0.25","1","0","0","0","100","0","25","0.2","10","2.5","2","60","1.6","0.4","20.5","6.7","16","8.21","365","14","1","0","0","299","299","119","34540","2504","5705","9056","37527","668","10337","false","434750","92","152","424","19287","20804","12120"
"9","0.1","1","false","false","false","true","false","false","false","1","1","1","0.25","1","0","0","0","100","0","25","0.2","10","2.5","2","60","1.6","0.4","20.5","6.7","16","8.21","365","14","1","0","0","299","299","120","33959","2526","5644","9021","38173","677","10220","false","435459","93","155","429","19509","21038","12240"
"9","0.1","1","false","false","false","true","false","false","false","1","1","1","0.25","1","0","0","0","100","0","25","0.2","10","2.5","2","60","1.6","0.4","20.5","6.7","16","8.21","365","14","1","0","0","299","299","121","33424","2472","5650","8951","38815","688","10194","false","436258","95","157","436","19735","21275","12399"
"9","0.1","1","false","false","false","true","false","false","false","1","1","1","0.25","1","0","0","0","100","0","25","0.2","10","2.5","2","60","1.6","0.4","20.5","6.7","16","8.21","365","14","1","0","0","299","299","122","32870","2445","5638","8891","39455","701","10038","false","436467","95","162","444","19945","21505","12542"
"9","0.1","1","false","false","false","true","false","false","false","1","1","1","0.25","1","0","0","0","100","0","25","0.2","10","2.5","2","60","1.6","0.4","20.5","6.7","16","8.21","365","14","1","0","0","299","299","123","32373","2363","5622","8868","40057","717","9924","false","437742","96","166","455","20164","21749","12667"
"9","0.1","1","false","false","false","true","false","false","false","1","1","1","0.25","1","0","0","0","100","0","25","0.2","10","2.5","2","60","1.6","0.4","20.5","6.7","16","8.21","365","14","1","0","0","299","299","124","31853","2294","5593","8848","40680","732","9908","false","438569","100","167","465","20387","21998","12788"
"9","0.1","1","false","false","false","true","false","false","false","1","1","1","0.25","1","0","0","0","100","0","25","0.2","10","2.5","2","60","1.6","0.4","20.5","6.7","16","8.21","365","14","1","0","0","299","299","125","31347","2250","5568","8791","41303","741","9853","false","438590","100","169","472","20607","22224","12907"
"9","0.1","1","false","false","false","true","false","false","false","1","1","1","0.25","1","0","0","0","100","0","25","0.2","10","2.5","2","60","1.6","0.4","20.5","6.7","16","8.21","365","14","1","0","0","299","299","126","30796","2303","5529","8700","41919","753","9742","false","438819","104","173","476","20800","22452","13009"
"9","0.1","1","false","false","false","true","false","false","false","1","1","1","0.25","1","0","0","0","100","0","25","0.2","10","2.5","2","60","1.6","0.4","20.5","6.7","16","8.21","365","14","1","0","0","299","299","127","30244","2312","5489","8615","42574","766","9719","false","439735","106","176","484","20980","22693","13124"
"9","0.1","1","false","false","false","true","false","false","false","1","1","1","0.25","1","0","0","0","100","0","25","0.2","10","2.5","2","60","1.6","0.4","20.5","6.7","16","8.21","365","14","1","0","0","299","299","128","29757","2284","5425","8532","43228","774","9631","false","439968","106","177","491","21183","22904","13234"
"9","0.1","1","false","false","false","true","false","false","false","1","1","1","0.25","1","0","0","0","100","0","25","0.2","10","2.5","2","60","1.6","0.4","20.5","6.7","16","8.21","365","14","1","0","0","299","299","129","29232","2260","5386","8492","43847","783","9450","false","440621","108","178","497","21387","23135","13364"
"9","0.1","1","false","false","false","true","false","false","false","1","1","1","0.25","1","0","0","0","100","0","25","0.2","10","2.5","2","60","1.6","0.4","20.5","6.7","16","8.21","365","14","1","0","0","299","299","130","28692","2277","5312","8426","44500","793","9266","false","441948","109","179","505","21561","23373","13464"
"9","0.1","1","false","false","false","true","false","false","false","1","1","1","0.25","1","0","0","0","100","0","25","0.2","10","2.5","2","60","1.6","0.4","20.5","6.7","16","8.21","365","14","1","0","0","299","299","131","28160","2239","5267","8402","45128","804","9141","false","443337","109","183","512","21762","23632","13574"
"9","0.1","1","false","false","false","true","false","false","false","1","1","1","0.25","1","0","0","0","100","0","25","0.2","10","2.5","2","60","1.6","0.4","20.5","6.7","16","8.21","365","14","1","0","0","299","299","132","27575","2331","5208","8332","45739","815","9008","false","444178","112","186","517","21951","23833","13683"
"9","0.1","1","false","false","false","true","false","false","false","1","1","1","0.25","1","0","0","0","100","0","25","0.2","10","2.5","2","60","1.6","0.4","20.5","6.7","16","8.21","365","14","1","0","0","299","299","133","27073","2270","5146","8296","46387","828","8963","false","445217","114","189","525","22148","24035","13827"
"9","0.1","1","false","false","false","true","false","false","false","1","1","1","0.25","1","0","0","0","100","0","25","0.2","10","2.5","2","60","1.6","0.4","20.5","6.7","16","8.21","365","14","1","0","0","299","299","134","26612","2205","5097","8250","46993","843","8822","false","445440","117","194","532","22333","24264","13931"
"9","0.1","1","false","false","false","true","false","false","false","1","1","1","0.25","1","0","0","0","100","0","25","0.2","10","2.5","2","60","1.6","0.4","20.5","6.7","16","8.21","365","14","1","0","0","299","299","135","26126","2154","5090","8220","47555","855","8755","false","446486","117","197","541","22533","24476","14058"
"9","0.1","1","false","false","false","true","false","false","false","1","1","1","0.25","1","0","0","0","100","0","25","0.2","10","2.5","2","60","1.6","0.4","20.5","6.7","16","8.21","365","14","1","0","0","299","299","136","25661","2096","5030","8166","48182","865","8653","false","446944","117","200","548","22730","24669","14176"
"9","0.1","1","false","false","false","true","false","false","false","1","1","1","0.25","1","0","0","0","100","0","25","0.2","10","2.5","2","60","1.6","0.4","20.5","6.7","16","8.21","365","14","1","0","0","299","299","137","25197","2063","5039","8034","48786","881","8584","false","447834","121","204","556","22920","24890","14303"
"9","0.1","1","false","false","false","true","false","false","false","1","1","1","0.25","1","0","0","0","100","0","25","0.2","10","2.5","2","60","1.6","0.4","20.5","6.7","16","8.21","365","14","1","0","0","299","299","138","24769","1987","4972","8009","49370","893","8499","false","448426","123","208","562","23117","25077","14410"
"9","0.1","1","false","false","false","true","false","false","false","1","1","1","0.25","1","0","0","0","100","0","25","0.2","10","2.5","2","60","1.6","0.4","20.5","6.7","16","8.21","365","14","1","0","0","299","299","139","24350","1877","4944","7984","49945","900","8336","false","449309","125","208","567","23324","25279","14534"
"9","0.1","1","false","false","false","true","false","false","false","1","1","1","0.25","1","0","0","0","100","0","25","0.2","10","2.5","2","60","1.6","0.4","20.5","6.7","16","8.21","365","14","1","0","0","299","299","140","23899","1860","4903","7862","50562","914","8194","false","450702","128","211","575","23497","25504","14662"
"9","0.1","1","false","false","false","true","false","false","false","1","1","1","0.25","1","0","0","0","100","0","25","0.2","10","2.5","2","60","1.6","0.4","20.5","6.7","16","8.21","365","14","1","0","0","299","299","141","23467","1893","4875","7667","51174","924","7995","false","451756","129","212","583","23672","25698","14759"
"9","0.1","1","false","false","false","true","false","false","false","1","1","1","0.25","1","0","0","0","100","0","25","0.2","10","2.5","2","60","1.6","0.4","20.5","6.7","16","8.21","365","14","1","0","0","299","299","142","23017","1925","4819","7539","51763","937","7903","false","453203","131","215","591","23841","25888","14844"
"9","0.1","1","false","false","false","true","false","false","false","1","1","1","0.25","1","0","0","0","100","0","25","0.2","10","2.5","2","60","1.6","0.4","20.5","6.7","16","8.21","365","14","1","0","0","299","299","143","22563","1903","4755","7484","52349","946","7794","false","453952","132","219","595","24004","26081","14944"
"9","0.1","1","false","false","false","true","false","false","false","1","1","1","0.25","1","0","0","0","100","0","25","0.2","10","2.5","2","60","1.6","0.4","20.5","6.7","16","8.21","365","14","1","0","0","299","299","144","22112","1907","4677","7424","52921","959","7738","false","454696","134","222","603","24165","26259","15032"
"9","0.1","1","false","false","false","true","false","false","false","1","1","1","0.25","1","0","0","0","100","0","25","0.2","10","2.5","2","60","1.6","0.4","20.5","6.7","16","8.21","365","14","1","0","0","299","299","145","21676","1881","4639","7351","53485","968","7529","false","455040","134","224","610","24312","26468","15134"
"9","0.1","1","false","false","false","true","false","false","false","1","1","1","0.25","1","0","0","0","100","0","25","0.2","10","2.5","2","60","1.6","0.4","20.5","6.7","16","8.21","365","14","1","0","0","299","299","146","21269","1850","4615","7286","54006","974","7346","false","456741","136","227","611","24494","26637","15228"
"9","0.1","1","false","false","false","true","false","false","false","1","1","1","0.25","1","0","0","0","100","0","25","0.2","10","2.5","2","60","1.6","0.4","20.5","6.7","16","8.21","365","14","1","0","0","299","299","147","20843","1837","4534","7230","54570","986","7310","false","458377","138","229","619","24627","26809","15336"
"9","0.1","1","false","false","false","true","false","false","false","1","1","1","0.25","1","0","0","0","100","0","25","0.2","10","2.5","2","60","1.6","0.4","20.5","6.7","16","8.21","365","14","1","0","0","299","299","148","20434","1823","4494","7149","55106","994","7151","false","458798","139","230","625","24768","26983","15436"
"9","0.1","1","false","false","false","true","false","false","false","1","1","1","0.25","1","0","0","0","100","0","25","0.2","10","2.5","2","60","1.6","0.4","20.5","6.7","16","8.21","365","14","1","0","0","299","299","149","20050","1734","4477","7062","55673","1004","7068","false","460130","140","232","632","24942","27172","15560"
"9","0.1","1","false","false","false","true","false","false","false","1","1","1","0.25","1","0","0","0","100","0","25","0.2","10","2.5","2","60","1.6","0.4","20.5","6.7","16","8.21","365","14","1","0","0","299","299","150","19694","1704","4426","6920","56241","1015","6966","false","460867","142","236","637","25094","27340","15656"
"9","0.1","1","false","false","false","true","false","false","false","1","1","1","0.25","1","0","0","0","100","0","25","0.2","10","2.5","2","60","1.6","0.4","20.5","6.7","16","8.21","365","14","1","0","0","299","299","151","19301","1697","4370","6823","56785","1024","6966","false","461774","142","239","643","25242","27512","15756"
"9","0.1","1","false","false","false","true","false","false","false","1","1","1","0.25","1","0","0","0","100","0","25","0.2","10","2.5","2","60","1.6","0.4","20.5","6.7","16","8.21","365","14","1","0","0","299","299","152","18921","1671","4292","6723","57364","1029","6859","false","461983","144","241","644","25391","27672","15852"
"9","0.1","1","false","false","false","true","false","false","false","1","1","1","0.25","1","0","0","0","100","0","25","0.2","10","2.5","2","60","1.6","0.4","20.5","6.7","16","8.21","365","14","1","0","0","299","299","153","18556","1628","4263","6669","57846","1038","6789","false","462959","144","245","649","25534","27878","15934"
"9","0.1","1","false","false","false","true","false","false","false","1","1","1","0.25","1","0","0","0","100","0","25","0.2","10","2.5","2","60","1.6","0.4","20.5","6.7","16","8.21","365","14","1","0","0","299","299","154","18224","1568","4228","6578","58357","1045","6650","false","463637","144","247","654","25677","28042","16030"
"9","0.1","1","false","false","false","true","false","false","false","1","1","1","0.25","1","0","0","0","100","0","25","0.2","10","2.5","2","60","1.6","0.4","20.5","6.7","16","8.21","365","14","1","0","0","299","299","155","17870","1574","4158","6458","58885","1055","6506","false","464850","146","249","660","25828","28171","16113"
"9","0.1","1","false","false","false","true","false","false","false","1","1","1","0.25","1","0","0","0","100","0","25","0.2","10","2.5","2","60","1.6","0.4","20.5","6.7","16","8.21","365","14","1","0","0","299","299","156","17500","1558","4081","6393","59404","1064","6432","false","466049","147","250","667","25972","28313","16212"
"9","0.1","1","false","false","false","true","false","false","false","1","1","1","0.25","1","0","0","0","100","0","25","0.2","10","2.5","2","60","1.6","0.4","20.5","6.7","16","8.21","365","14","1","0","0","299","299","157","17167","1521","4024","6357","59855","1076","6322","false","466693","148","252","676","26091","28479","16306"
"9","0.1","1","false","false","false","true","false","false","false","1","1","1","0.25","1","0","0","0","100","0","25","0.2","10","2.5","2","60","1.6","0.4","20.5","6.7","16","8.21","365","14","1","0","0","299","299","158","16850","1466","3962","6287","60353","1082","6204","false","467467","148","253","681","26206","28613","16399"
"9","0.1","1","false","false","false","true","false","false","false","1","1","1","0.25","1","0","0","0","100","0","25","0.2","10","2.5","2","60","1.6","0.4","20.5","6.7","16","8.21","365","14","1","0","0","299","299","159","16540","1407","3915","6203","60843","1092","6045","false","468237","150","258","684","26341","28769","16483"
"9","0.1","1","false","false","false","true","false","false","false","1","1","1","0.25","1","0","0","0","100","0","25","0.2","10","2.5","2","60","1.6","0.4","20.5","6.7","16","8.21","365","14","1","0","0","299","299","160","16232","1386","3896","6089","61300","1097","5991","false","469510","150","260","687","26464","28906","16558"
"9","0.1","1","false","false","false","true","false","false","false","1","1","1","0.25","1","0","0","0","100","0","25","0.2","10","2.5","2","60","1.6","0.4","20.5","6.7","16","8.21","365","14","1","0","0","299","299","161","15888","1372","3818","6006","61814","1102","5850","false","470177","150","261","691","26564","29058","16646"
"9","0.1","1","false","false","false","true","false","false","false","1","1","1","0.25","1","0","0","0","100","0","25","0.2","10","2.5","2","60","1.6","0.4","20.5","6.7","16","8.21","365","14","1","0","0","299","299","162","15587","1360","3768","5888","62286","1111","5796","false","471111","150","262","699","26688","29192","16726"
"9","0.1","1","false","false","false","true","false","false","false","1","1","1","0.25","1","0","0","0","100","0","25","0.2","10","2.5","2","60","1.6","0.4","20.5","6.7","16","8.21","365","14","1","0","0","299","299","163","15290","1343","3754","5736","62755","1122","5661","false","471595","153","263","706","26823","29345","16806"
"9","0.1","1","false","false","false","true","false","false","false","1","1","1","0.25","1","0","0","0","100","0","25","0.2","10","2.5","2","60","1.6","0.4","20.5","6.7","16","8.21","365","14","1","0","0","299","299","164","14971","1327","3704","5609","63262","1127","5590","false","472741","154","264","709","26955","29491","16881"
"9","0.1","1","false","false","false","true","false","false","false","1","1","1","0.25","1","0","0","0","100","0","25","0.2","10","2.5","2","60","1.6","0.4","20.5","6.7","16","8.21","365","14","1","0","0","299","299","165","14656","1315","3634","5535","63726","1134","5476","false","473402","155","269","710","27070","29629","16965"
"9","0.1","1","false","false","false","true","false","false","false","1","1","1","0.25","1","0","0","0","100","0","25","0.2","10","2.5","2","60","1.6","0.4","20.5","6.7","16","8.21","365","14","1","0","0","299","299","166","14354","1299","3566","5493","64150","1138","5337","false","474265","156","270","712","27168","29753","17035"
"9","0.1","1","false","false","false","true","false","false","false","1","1","1","0.25","1","0","0","0","100","0","25","0.2","10","2.5","2","60","1.6","0.4","20.5","6.7","16","8.21","365","14","1","0","0","299","299","167","14033","1325","3519","5372","64609","1142","5331","false","475413","156","272","714","27288","29866","17100"
"9","0.1","1","false","false","false","true","false","false","false","1","1","1","0.25","1","0","0","0","100","0","25","0.2","10","2.5","2","60","1.6","0.4","20.5","6.7","16","8.21","365","14","1","0","0","299","299","168","13742","1291","3471","5303","65044","1149","5307","false","475526","157","275","717","27394","30002","17172"
"9","0.1","1","false","false","false","true","false","false","false","1","1","1","0.25","1","0","0","0","100","0","25","0.2","10","2.5","2","60","1.6","0.4","20.5","6.7","16","8.21","365","14","1","0","0","299","299","169","13431","1309","3408","5201","65491","1160","5208","false","475802","159","278","723","27501","30130","17229"
"9","0.1","1","false","false","false","true","false","false","false","1","1","1","0.25","1","0","0","0","100","0","25","0.2","10","2.5","2","60","1.6","0.4","20.5","6.7","16","8.21","365","14","1","0","0","299","299","170","13179","1222","3356","5146","65929","1168","5163","false","476556","161","280","727","27644","30254","17304"
"9","0.1","1","false","false","false","true","false","false","false","1","1","1","0.25","1","0","0","0","100","0","25","0.2","10","2.5","2","60","1.6","0.4","20.5","6.7","16","8.21","365","14","1","0","0","299","299","171","12905","1190","3293","5091","66344","1177","5076","false","476902","162","283","732","27754","30376","17381"
"9","0.1","1","false","false","false","true","false","false","false","1","1","1","0.25","1","0","0","0","100","0","25","0.2","10","2.5","2","60","1.6","0.4","20.5","6.7","16","8.21","365","14","1","0","0","299","299","172","12658","1157","3248","4981","66771","1185","5041","false","477558","163","287","735","27880","30496","17441"
"9","0.1","1","false","false","false","true","false","false","false","1","1","1","0.25","1","0","0","0","100","0","25","0.2","10","2.5","2","60","1.6","0.4","20.5","6.7","16","8.21","365","14","1","0","0","299","299","173","12431","1090","3202","4889","67198","1190","4936","false","477794","163","290","737","28004","30621","17501"
"9","0.1","1","false","false","false","true","false","false","false","1","1","1","0.25","1","0","0","0","100","0","25","0.2","10","2.5","2","60","1.6","0.4","20.5","6.7","16","8.21","365","14","1","0","0","299","299","174","12194","1083","3161","4758","67606","1198","4794","false","478637","164","293","741","28102","30732","17558"
"9","0.1","1","false","false","false","true","false","false","false","1","1","1","0.25","1","0","0","0","100","0","25","0.2","10","2.5","2","60","1.6","0.4","20.5","6.7","16","8.21","365","14","1","0","0","299","299","175","11956","1056","3111","4692","67983","1202","4714","false","479745","164","294","744","28211","30840","17619"
"9","0.1","1","false","false","false","true","false","false","false","1","1","1","0.25","1","0","0","0","100","0","25","0.2","10","2.5","2","60","1.6","0.4","20.5","6.7","16","8.21","365","14","1","0","0","299","299","176","11726","1025","3055","4609","68374","1211","4649","false","480541","164","296","751","28299","30952","17675"
"9","0.1","1","false","false","false","true","false","false","false","1","1","1","0.25","1","0","0","0","100","0","25","0.2","10","2.5","2","60","1.6","0.4","20.5","6.7","16","8.21","365","14","1","0","0","299","299","177","11473","1036","3005","4530","68742","1214","4529","false","481149","165","296","753","28399","31040","17721"
"9","0.1","1","false","false","false","true","false","false","false","1","1","1","0.25","1","0","0","0","100","0","25","0.2","10","2.5","2","60","1.6","0.4","20.5","6.7","16","8.21","365","14","1","0","0","299","299","178","11221","1043","2964","4437","69115","1220","4416","false","482097","167","296","757","28498","31136","17775"
"9","0.1","1","false","false","false","true","false","false","false","1","1","1","0.25","1","0","0","0","100","0","25","0.2","10","2.5","2","60","1.6","0.4","20.5","6.7","16","8.21","365","14","1","0","0","299","299","179","11001","1017","2919","4335","69499","1229","4294","false","483068","168","297","764","28594","31242","17836"
"9","0.1","1","false","false","false","true","false","false","false","1","1","1","0.25","1","0","0","0","100","0","25","0.2","10","2.5","2","60","1.6","0.4","20.5","6.7","16","8.21","365","14","1","0","0","299","299","180","10760","998","2877","4264","69866","1235","4207","false","484043","168","298","769","28686","31333","17905"
"9","0.1","1","false","false","false","true","false","false","false","1","1","1","0.25","1","0","0","0","100","0","25","0.2","10","2.5","2","60","1.6","0.4","20.5","6.7","16","8.21","365","14","1","0","0","299","299","181","10554","963","2822","4186","70229","1246","4102","false","484760","172","303","771","28773","31433","17964"
"9","0.1","1","false","false","false","true","false","false","false","1","1","1","0.25","1","0","0","0","100","0","25","0.2","10","2.5","2","60","1.6","0.4","20.5","6.7","16","8.21","365","14","1","0","0","299","299","182","10342","970","2776","4080","70580","1252","4078","false","485595","172","303","777","28862","31522","18020"
"9","0.1","1","false","false","false","true","false","false","false","1","1","1","0.25","1","0","0","0","100","0","25","0.2","10","2.5","2","60","1.6","0.4","20.5","6.7","16","8.21","365","14","1","0","0","299","299","183","10162","932","2732","3992","70926","1256","4000","false","485899","172","304","780","28964","31609","18074"
"9","0.1","1","false","false","false","true","false","false","false","1","1","1","0.25","1","0","0","0","100","0","25","0.2","10","2.5","2","60","1.6","0.4","20.5","6.7","16","8.21","365","14","1","0","0","299","299","184","9958","914","2682","3891","71294","1261","3905","false","486641","173","304","784","29042","31706","18146"
"9","0.1","1","false","false","false","true","false","false","false","1","1","1","0.25","1","0","0","0","100","0","25","0.2","10","2.5","2","60","1.6","0.4","20.5","6.7","16","8.21","365","14","1","0","0","299","299","185","9744","892","2620","3842","71633","1269","3766","false","487311","174","305","790","29126","31794","18191"
"9","0.1","1","false","false","false","true","false","false","false","1","1","1","0.25","1","0","0","0","100","0","25","0.2","10","2.5","2","60","1.6","0.4","20.5","6.7","16","8.21","365","14","1","0","0","299","299","186","9536","865","2538","3826","71963","1272","3664","false","488286","175","307","790","29191","31873","18243"
"9","0.1","1","false","false","false","true","false","false","false","1","1","1","0.25","1","0","0","0","100","0","25","0.2","10","2.5","2","60","1.6","0.4","20.5","6.7","16","8.21","365","14","1","0","0","299","299","187","9322","879","2528","3741","72254","1276","3614","false","489130","175","309","792","29283","31956","18295"
"9","0.1","1","false","false","false","true","false","false","false","1","1","1","0.25","1","0","0","0","100","0","25","0.2","10","2.5","2","60","1.6","0.4","20.5","6.7","16","8.21","365","14","1","0","0","299","299","188","9130","886","2471","3639","72595","1279","3562","false","489579","175","309","795","29364","32040","18332"
"9","0.1","1","false","false","false","true","false","false","false","1","1","1","0.25","1","0","0","0","100","0","25","0.2","10","2.5","2","60","1.6","0.4","20.5","6.7","16","8.21","365","14","1","0","0","299","299","189","8934","865","2422","3581","72914","1284","3464","false","490053","175","313","796","29437","32127","18367"
"9","0.1","1","false","false","false","true","false","false","false","1","1","1","0.25","1","0","0","0","100","0","25","0.2","10","2.5","2","60","1.6","0.4","20.5","6.7","16","8.21","365","14","1","0","0","299","299","190","8750","833","2395","3527","73205","1290","3363","false","490873","175","314","801","29539","32201","18417"
"9","0.1","1","false","false","false","true","false","false","false","1","1","1","0.25","1","0","0","0","100","0","25","0.2","10","2.5","2","60","1.6","0.4","20.5","6.7","16","8.21","365","14","1","0","0","299","299","191","8544","840","2342","3467","73512","1295","3290","false","491669","177","314","804","29623","32273","18467"
"9","0.1","1","false","false","false","true","false","false","false","1","1","1","0.25","1","0","0","0","100","0","25","0.2","10","2.5","2","60","1.6","0.4","20.5","6.7","16","8.21","365","14","1","0","0","299","299","192","8344","831","2296","3411","73820","1298","3283","false","492330","178","315","805","29688","32364","18513"
"9","0.1","1","false","false","false","true","false","false","false","1","1","1","0.25","1","0","0","0","100","0","25","0.2","10","2.5","2","60","1.6","0.4","20.5","6.7","16","8.21","365","14","1","0","0","299","299","193","8136","861","2276","3341","74080","1306","3312","false","492438","179","317","810","29748","32440","18564"
"9","0.1","1","false","false","false","true","false","false","false","1","1","1","0.25","1","0","0","0","100","0","25","0.2","10","2.5","2","60","1.6","0.4","20.5","6.7","16","8.21","365","14","1","0","0","299","299","194","7981","819","2220","3297","74372","1311","3253","false","492218","179","318","814","29810","32516","18604"
"9","0.1","1","false","false","false","true","false","false","false","1","1","1","0.25","1","0","0","0","100","0","25","0.2","10","2.5","2","60","1.6","0.4","20.5","6.7","16","8.21","365","14","1","0","0","299","299","195","7800","788","2195","3256","74647","1314","3205","false","492734","179","319","816","29895","32599","18662"
"9","0.1","1","false","false","false","true","false","false","false","1","1","1","0.25","1","0","0","0","100","0","25","0.2","10","2.5","2","60","1.6","0.4","20.5","6.7","16","8.21","365","14","1","0","0","299","299","196","7631","738","2158","3236","74920","1317","3189","false","493201","180","320","817","29975","32681","18707"
"9","0.1","1","false","false","false","true","false","false","false","1","1","1","0.25","1","0","0","0","100","0","25","0.2","10","2.5","2","60","1.6","0.4","20.5","6.7","16","8.21","365","14","1","0","0","299","299","197","7466","731","2120","3164","75194","1325","3129","false","493383","181","322","822","30050","32766","18738"
"9","0.1","1","false","false","false","true","false","false","false","1","1","1","0.25","1","0","0","0","100","0","25","0.2","10","2.5","2","60","1.6","0.4","20.5","6.7","16","8.21","365","14","1","0","0","299","299","198","7289","729","2101","3087","75467","1327","3135","false","493748","181","323","823","30138","32835","18775"
"9","0.1","1","false","false","false","true","false","false","false","1","1","1","0.25","1","0","0","0","100","0","25","0.2","10","2.5","2","60","1.6","0.4","20.5","6.7","16","8.21","365","14","1","0","0","299","299","199","7121","743","2064","3001","75736","1335","3076","false","493711","182","326","827","30212","32902","18809"
"9","0.1","1","false","false","false","true","false","false","false","1","1","1","0.25","1","0","0","0","100","0","25","0.2","10","2.5","2","60","1.6","0.4","20.5","6.7","16","8.21","365","14","1","0","0","299","299","200","6974","719","2026","2931","76010","1340","3013","false","494169","184","326","830","30292","32964","18844"
"9","0.1","1","false","false","false","true","false","false","false","1","1","1","0.25","1","0","0","0","100","0","25","0.2","10","2.5","2","60","1.6","0.4","20.5","6.7","16","8.21","365","14","1","0","0","299","299","201","6836","676","1994","2928","76224","1342","2961","false","494654","185","326","831","30357","33030","18884"
"9","0.1","1","false","false","false","true","false","false","false","1","1","1","0.25","1","0","0","0","100","0","25","0.2","10","2.5","2","60","1.6","0.4","20.5","6.7","16","8.21","365","14","1","0","0","299","299","202","6683","669","1963","2872","76469","1344","2924","false","495120","185","327","832","30422","33100","18924"
"9","0.1","1","false","false","false","true","false","false","false","1","1","1","0.25","1","0","0","0","100","0","25","0.2","10","2.5","2","60","1.6","0.4","20.5","6.7","16","8.21","365","14","1","0","0","299","299","203","6548","629","1914","2852","76710","1347","2882","false","495504","186","327","834","30496","33161","18968"
"9","0.1","1","false","false","false","true","false","false","false","1","1","1","0.25","1","0","0","0","100","0","25","0.2","10","2.5","2","60","1.6","0.4","20.5","6.7","16","8.21","365","14","1","0","0","299","299","204","6426","602","1876","2805","76942","1349","2815","false","495742","187","328","834","30555","33228","19005"
"9","0.1","1","false","false","false","true","false","false","false","1","1","1","0.25","1","0","0","0","100","0","25","0.2","10","2.5","2","60","1.6","0.4","20.5","6.7","16","8.21","365","14","1","0","0","299","299","205","6275","618","1861","2714","77181","1351","2770","false","496369","187","328","836","30615","33296","19040"
"9","0.1","1","false","false","false","true","false","false","false","1","1","1","0.25","1","0","0","0","100","0","25","0.2","10","2.5","2","60","1.6","0.4","20.5","6.7","16","8.21","365","14","1","0","0","299","299","206","6141","610","1807","2669","77420","1353","2662","false","496759","187","328","838","30665","33333","19084"
"9","0.1","1","false","false","false","true","false","false","false","1","1","1","0.25","1","0","0","0","100","0","25","0.2","10","2.5","2","60","1.6","0.4","20.5","6.7","16","8.21","365","14","1","0","0","299","299","207","5998","610","1759","2637","77636","1360","2553","false","497579","187","330","843","30720","33388","19122"
"9","0.1","1","false","false","false","true","false","false","false","1","1","1","0.25","1","0","0","0","100","0","25","0.2","10","2.5","2","60","1.6","0.4","20.5","6.7","16","8.21","365","14","1","0","0","299","299","208","5858","599","1732","2603","77843","1365","2583","false","498451","188","330","847","30768","33448","19148"
"9","0.1","1","false","false","false","true","false","false","false","1","1","1","0.25","1","0","0","0","100","0","25","0.2","10","2.5","2","60","1.6","0.4","20.5","6.7","16","8.21","365","14","1","0","0","299","299","209","5706","616","1699","2538","78074","1367","2524","false","498302","188","330","849","30816","33516","19179"
"9","0.1","1","false","false","false","true","false","false","false","1","1","1","0.25","1","0","0","0","100","0","25","0.2","10","2.5","2","60","1.6","0.4","20.5","6.7","16","8.21","365","14","1","0","0","299","299","210","5582","592","1664","2493","78298","1371","2454","false","498778","189","331","851","30873","33574","19219"
"9","0.1","1","false","false","false","true","false","false","false","1","1","1","0.25","1","0","0","0","100","0","25","0.2","10","2.5","2","60","1.6","0.4","20.5","6.7","16","8.21","365","14","1","0","0","299","299","211","5430","598","1634","2438","78523","1377","2435","false","499323","190","333","854","30939","33629","19250"
"9","0.1","1","false","false","false","true","false","false","false","1","1","1","0.25","1","0","0","0","100","0","25","0.2","10","2.5","2","60","1.6","0.4","20.5","6.7","16","8.21","365","14","1","0","0","299","299","212","5310","585","1596","2366","78763","1380","2393","false","499447","191","334","855","30988","33691","19275"
"9","0.1","1","false","false","false","true","false","false","false","1","1","1","0.25","1","0","0","0","100","0","25","0.2","10","2.5","2","60","1.6","0.4","20.5","6.7","16","8.21","365","14","1","0","0","299","299","213","5176","592","1555","2341","78952","1384","2336","false","499909","191","334","859","31031","33737","19305"
"9","0.1","1","false","false","false","true","false","false","false","1","1","1","0.25","1","0","0","0","100","0","25","0.2","10","2.5","2","60","1.6","0.4","20.5","6.7","16","8.21","365","14","1","0","0","299","299","214","5039","595","1535","2297","79149","1385","2298","false","500333","191","334","860","31080","33800","19345"
"9","0.1","1","false","false","false","true","false","false","false","1","1","1","0.25","1","0","0","0","100","0","25","0.2","10","2.5","2","60","1.6","0.4","20.5","6.7","16","8.21","365","14","1","0","0","299","299","215","4915","561","1487","2317","79335","1385","2246","false","500659","191","334","860","31136","33849","19378"
"9","0.1","1","false","false","false","true","false","false","false","1","1","1","0.25","1","0","0","0","100","0","25","0.2","10","2.5","2","60","1.6","0.4","20.5","6.7","16","8.21","365","14","1","0","0","299","299","216","4791","554","1478","2295","79495","1387","2178","false","501096","191","334","862","31178","33899","19417"
"9","0.1","1","false","false","false","true","false","false","false","1","1","1","0.25","1","0","0","0","100","0","25","0.2","10","2.5","2","60","1.6","0.4","20.5","6.7","16","8.21","365","14","1","0","0","299","299","217","4681","523","1449","2279","79679","1389","2165","false","501644","191","336","862","31240","33946","19442"
"9","0.1","1","false","false","false","true","false","false","false","1","1","1","0.25","1","0","0","0","100","0","25","0.2","10","2.5","2","60","1.6","0.4","20.5","6.7","16","8.21","365","14","1","0","0","299","299","218","4555","520","1430","2234","79870","1391","2160","false","501811","191","336","864","31285","33993","19473"
"9","0.1","1","false","false","false","true","false","false","false","1","1","1","0.25","1","0","0","0","100","0","25","0.2","10","2.5","2","60","1.6","0.4","20.5","6.7","16","8.21","365","14","1","0","0","299","299","219","4432","507","1407","2200","80063","1391","2104","false","501839","191","336","864","31334","34043","19506"
"9","0.1","1","false","false","false","true","false","false","false","1","1","1","0.25","1","0","0","0","100","0","25","0.2","10","2.5","2","60","1.6","0.4","20.5","6.7","16","8.21","365","14","1","0","0","299","299","220","4303","503","1375","2188","80234","1397","2109","false","502371","192","337","868","31371","34109","19545"
"9","0.1","1","false","false","false","true","false","false","false","1","1","1","0.25","1","0","0","0","100","0","25","0.2","10","2.5","2","60","1.6","0.4","20.5","6.7","16","8.21","365","14","1","0","0","299","299","221","4186","494","1369","2156","80396","1399","2041","false","502324","192","338","869","31419","34159","19574"
"9","0.1","1","false","false","false","true","false","false","false","1","1","1","0.25","1","0","0","0","100","0","25","0.2","10","2.5","2","60","1.6","0.4","20.5","6.7","16","8.21","365","14","1","0","0","299","299","222","4070","493","1344","2100","80593","1400","2044","false","502884","193","338","869","31470","34216","19604"
"9","0.1","1","false","false","false","true","false","false","false","1","1","1","0.25","1","0","0","0","100","0","25","0.2","10","2.5","2","60","1.6","0.4","20.5","6.7","16","8.21","365","14","1","0","0","299","299","223","3962","475","1336","2055","80771","1401","2032","false","502957","193","339","869","31517","34258","19642"
"9","0.1","1","false","false","false","true","false","false","false","1","1","1","0.25","1","0","0","0","100","0","25","0.2","10","2.5","2","60","1.6","0.4","20.5","6.7","16","8.21","365","14","1","0","0","299","299","224","3843","493","1302","2021","80937","1404","2026","false","503140","193","340","871","31552","34296","19668"
"9","0.1","1","false","false","false","true","false","false","false","1","1","1","0.25","1","0","0","0","100","0","25","0.2","10","2.5","2","60","1.6","0.4","20.5","6.7","16","8.21","365","14","1","0","0","299","299","225","3741","491","1291","1973","81097","1407","2004","false","503242","194","341","872","31606","34333","19687"
"9","0.1","1","false","false","false","true","false","false","false","1","1","1","0.25","1","0","0","0","100","0","25","0.2","10","2.5","2","60","1.6","0.4","20.5","6.7","16","8.21","365","14","1","0","0","299","299","226","3647","472","1283","1940","81251","1407","1980","false","503454","194","341","872","31650","34378","19714"
"9","0.1","1","false","false","false","true","false","false","false","1","1","1","0.25","1","0","0","0","100","0","25","0.2","10","2.5","2","60","1.6","0.4","20.5","6.7","16","8.21","365","14","1","0","0","299","299","227","3555","450","1246","1912","81425","1412","1959","false","503749","194","343","875","31692","34419","19748"
"9","0.1","1","false","false","false","true","false","false","false","1","1","1","0.25","1","0","0","0","100","0","25","0.2","10","2.5","2","60","1.6","0.4","20.5","6.7","16","8.21","365","14","1","0","0","299","299","228","3464","438","1222","1869","81592","1415","1950","false","503813","195","344","876","31726","34467","19768"
"9","0.1","1","false","false","false","true","false","false","false","1","1","1","0.25","1","0","0","0","100","0","25","0.2","10","2.5","2","60","1.6","0.4","20.5","6.7","16","8.21","365","14","1","0","0","299","299","229","3369","418","1184","1867","81744","1418","1937","false","503900","197","345","876","31763","34504","19794"
"9","0.1","1","false","false","false","true","false","false","false","1","1","1","0.25","1","0","0","0","100","0","25","0.2","10","2.5","2","60","1.6","0.4","20.5","6.7","16","8.21","365","14","1","0","0","299","299","230","3271","413","1183","1825","81885","1423","1930","false","504054","199","345","879","31815","34550","19815"
"9","0.1","1","false","false","false","true","false","false","false","1","1","1","0.25","1","0","0","0","100","0","25","0.2","10","2.5","2","60","1.6","0.4","20.5","6.7","16","8.21","365","14","1","0","0","299","299","231","3196","397","1163","1795","82024","1425","1869","false","504036","200","345","880","31855","34596","19835"
"9","0.1","1","false","false","false","true","false","false","false","1","1","1","0.25","1","0","0","0","100","0","25","0.2","10","2.5","2","60","1.6","0.4","20.5","6.7","16","8.21","365","14","1","0","0","299","299","232","3123","371","1149","1749","82179","1429","1805","false","504437","200","347","882","31899","34642","19857"
"9","0.1","1","false","false","false","true","false","false","false","1","1","1","0.25","1","0","0","0","100","0","25","0.2","10","2.5","2","60","1.6","0.4","20.5","6.7","16","8.21","365","14","1","0","0","299","299","233","3035","386","1137","1682","82330","1430","1752","false","504865","201","347","882","31939","34674","19875"
"9","0.1","1","false","false","false","true","false","false","false","1","1","1","0.25","1","0","0","0","100","0","25","0.2","10","2.5","2","60","1.6","0.4","20.5","6.7","16","8.21","365","14","1","0","0","299","299","234","2952","387","1114","1637","82478","1432","1666","false","505309","201","347","884","31973","34712","19895"
"9","0.1","1","false","false","false","true","false","false","false","1","1","1","0.25","1","0","0","0","100","0","25","0.2","10","2.5","2","60","1.6","0.4","20.5","6.7","16","8.21","365","14","1","0","0","299","299","235","2861","386","1081","1609","82626","1437","1578","false","506050","203","348","886","32002","34744","19916"
"9","0.1","1","false","false","false","true","false","false","false","1","1","1","0.25","1","0","0","0","100","0","25","0.2","10","2.5","2","60","1.6","0.4","20.5","6.7","16","8.21","365","14","1","0","0","299","299","236","2763","402","1047","1561","82789","1438","1549","false","506731","204","348","886","32028","34783","19927"
"9","0.1","1","false","false","false","true","false","false","false","1","1","1","0.25","1","0","0","0","100","0","25","0.2","10","2.5","2","60","1.6","0.4","20.5","6.7","16","8.21","365","14","1","0","0","299","299","237","2677","411","1037","1520","82915","1440","1499","false","506975","204","348","888","32055","34803","19949"
"9","0.1","1","false","false","false","true","false","false","false","1","1","1","0.25","1","0","0","0","100","0","25","0.2","10","2.5","2","60","1.6","0.4","20.5","6.7","16","8.21","365","14","1","0","0","299","299","238","2594","396","1025","1507","83037","1441","1472","false","507405","204","348","889","32095","34834","19971"
"9","0.1","1","false","false","false","true","false","false","false","1","1","1","0.25","1","0","0","0","100","0","25","0.2","10","2.5","2","60","1.6","0.4","20.5","6.7","16","8.21","365","14","1","0","0","299","299","239","2521","344","1009","1525","83155","1446","1411","false","507692","204","350","892","32143","34876","20000"
"9","0.1","1","false","false","false","true","false","false","false","1","1","1","0.25","1","0","0","0","100","0","25","0.2","10","2.5","2","60","1.6","0.4","20.5","6.7","16","8.21","365","14","1","0","0","299","299","240","2446","332","984","1482","83306","1450","1402","false","508146","205","350","895","32169","34901","20029"
"9","0.1","1","false","false","false","true","false","false","false","1","1","1","0.25","1","0","0","0","100","0","25","0.2","10","2.5","2","60","1.6","0.4","20.5","6.7","16","8.21","365","14","1","0","0","299","299","241","2367","356","965","1425","83436","1451","1339","false","508217","205","350","896","32190","34928","20052"
"9","0.1","1","false","false","false","true","false","false","false","1","1","1","0.25","1","0","0","0","100","0","25","0.2","10","2.5","2","60","1.6","0.4","20.5","6.7","16","8.21","365","14","1","0","0","299","299","242","2289","348","948","1404","83557","1454","1304","false","508727","205","350","899","32226","34958","20072"
"9","0.1","1","false","false","false","true","false","false","false","1","1","1","0.25","1","0","0","0","100","0","25","0.2","10","2.5","2","60","1.6","0.4","20.5","6.7","16","8.21","365","14","1","0","0","299","299","243","2220","334","925","1373","83693","1455","1281","false","509092","205","350","900","32262","34987","20096"
"9","0.1","1","false","false","false","true","false","false","false","1","1","1","0.25","1","0","0","0","100","0","25","0.2","10","2.5","2","60","1.6","0.4","20.5","6.7","16","8.21","365","14","1","0","0","299","299","244","2158","306","915","1371","83791","1459","1254","false","509257","205","350","904","32299","35027","20113"
"9","0.1","1","false","false","false","true","false","false","false","1","1","1","0.25","1","0","0","0","100","0","25","0.2","10","2.5","2","60","1.6","0.4","20.5","6.7","16","8.21","365","14","1","0","0","299","299","245","2086","304","896","1342","83912","1460","1221","false","509484","205","351","904","32327","35062","20134"
"9","0.1","1","false","false","false","true","false","false","false","1","1","1","0.25","1","0","0","0","100","0","25","0.2","10","2.5","2","60","1.6","0.4","20.5","6.7","16","8.21","365","14","1","0","0","299","299","246","2031","266","890","1324","84027","1462","1184","false","509741","205","351","906","32356","35097","20156"
"9","0.1","1","false","false","false","true","false","false","false","1","1","1","0.25","1","0","0","0","100","0","25","0.2","10","2.5","2","60","1.6","0.4","20.5","6.7","16","8.21","365","14","1","0","0","299","299","247","1960","268","877","1306","84125","1464","1138","false","510027","206","351","907","32375","35125","20171"
"9","0.1","1","false","false","false","true","false","false","false","1","1","1","0.25","1","0","0","0","100","0","25","0.2","10","2.5","2","60","1.6","0.4","20.5","6.7","16","8.21","365","14","1","0","0","299","299","248","1893","275","869","1260","84237","1466","1142","false","510413","206","352","908","32395","35156","20184"
"9","0.1","1","false","false","false","true","false","false","false","1","1","1","0.25","1","0","0","0","100","0","25","0.2","10","2.5","2","60","1.6","0.4","20.5","6.7","16","8.21","365","14","1","0","0","299","299","249","1840","254","850","1248","84340","1468","1126","false","510426","207","352","909","32431","35185","20205"
"9","0.1","1","false","false","false","true","false","false","false","1","1","1","0.25","1","0","0","0","100","0","25","0.2","10","2.5","2","60","1.6","0.4","20.5","6.7","16","8.21","365","14","1","0","0","299","299","250","1768","273","827","1203","84459","1470","1115","false","510635","207","353","910","32457","35215","20214"
"9","0.1","1","false","false","false","true","false","false","false","1","1","1","0.25","1","0","0","0","100","0","25","0.2","10","2.5","2","60","1.6","0.4","20.5","6.7","16","8.21","365","14","1","0","0","299","299","251","1729","258","810","1180","84550","1473","1060","false","510698","208","353","912","32485","35235","20225"
"9","0.1","1","false","false","false","true","false","false","false","1","1","1","0.25","1","0","0","0","100","0","25","0.2","10","2.5","2","60","1.6","0.4","20.5","6.7","16","8.21","365","14","1","0","0","299","299","252","1680","237","796","1180","84632","1475","1021","false","511158","208","353","914","32507","35261","20236"
"9","0.1","1","false","false","false","true","false","false","false","1","1","1","0.25","1","0","0","0","100","0","25","0.2","10","2.5","2","60","1.6","0.4","20.5","6.7","16","8.21","365","14","1","0","0","299","299","253","1631","232","766","1149","84743","1479","976","false","511460","208","353","918","32535","35280","20253"
"9","0.1","1","false","false","false","true","false","false","false","1","1","1","0.25","1","0","0","0","100","0","25","0.2","10","2.5","2","60","1.6","0.4","20.5","6.7","16","8.21","365","14","1","0","0","299","299","254","1574","238","740","1116","84852","1480","957","false","511795","209","353","918","32558","35300","20265"
"9","0.1","1","false","false","false","true","false","false","false","1","1","1","0.25","1","0","0","0","100","0","25","0.2","10","2.5","2","60","1.6","0.4","20.5","6.7","16","8.21","365","14","1","0","0","299","299","255","1530","215","725","1099","84950","1481","902","false","511969","209","353","919","32580","35329","20278"
"9","0.1","1","false","false","false","true","false","false","false","1","1","1","0.25","1","0","0","0","100","0","25","0.2","10","2.5","2","60","1.6","0.4","20.5","6.7","16","8.21","365","14","1","0","0","299","299","256","1478","209","717","1085","85025","1486","881","false","512471","210","353","923","32605","35349","20293"
"9","0.1","1","false","false","false","true","false","false","false","1","1","1","0.25","1","0","0","0","100","0","25","0.2","10","2.5","2","60","1.6","0.4","20.5","6.7","16","8.21","365","14","1","0","0","299","299","257","1445","197","687","1062","85120","1489","836","false","512636","210","354","925","32617","35377","20298"
"9","0.1","1","false","false","false","true","false","false","false","1","1","1","0.25","1","0","0","0","100","0","25","0.2","10","2.5","2","60","1.6","0.4","20.5","6.7","16","8.21","365","14","1","0","0","299","299","258","1393","208","670","1013","85225","1491","807","false","512990","210","354","927","32634","35399","20309"
"9","0.1","1","false","false","false","true","false","false","false","1","1","1","0.25","1","0","0","0","100","0","25","0.2","10","2.5","2","60","1.6","0.4","20.5","6.7","16","8.21","365","14","1","0","0","299","299","259","1365","190","647","987","85319","1492","801","false","513240","210","354","928","32653","35423","20316"
"9","0.1","1","false","false","false","true","false","false","false","1","1","1","0.25","1","0","0","0","100","0","25","0.2","10","2.5","2","60","1.6","0.4","20.5","6.7","16","8.21","365","14","1","0","0","299","299","260","1325","183","636","954","85407","1495","769","false","513306","210","354","931","32673","35434","20324"
"9","0.1","1","false","false","false","true","false","false","false","1","1","1","0.25","1","0","0","0","100","0","25","0.2","10","2.5","2","60","1.6","0.4","20.5","6.7","16","8.21","365","14","1","0","0","299","299","261","1286","182","612","923","85500","1497","742","false","513573","210","356","931","32683","35452","20331"
"9","0.1","1","false","false","false","true","false","false","false","1","1","1","0.25","1","0","0","0","100","0","25","0.2","10","2.5","2","60","1.6","0.4","20.5","6.7","16","8.21","365","14","1","0","0","299","299","262","1249","170","605","903","85574","1499","732","false","513818","211","356","932","32697","35473","20346"
"9","0.1","1","false","false","false","true","false","false","false","1","1","1","0.25","1","0","0","0","100","0","25","0.2","10","2.5","2","60","1.6","0.4","20.5","6.7","16","8.21","365","14","1","0","0","299","299","263","1220","148","599","886","85647","1500","698","false","513912","211","356","933","32721","35492","20358"
"9","0.1","1","false","false","false","true","false","false","false","1","1","1","0.25","1","0","0","0","100","0","25","0.2","10","2.5","2","60","1.6","0.4","20.5","6.7","16","8.21","365","14","1","0","0","299","299","264","1183","145","592","865","85714","1501","693","false","514217","211","357","933","32734","35510","20367"
"9","0.1","1","false","false","false","true","false","false","false","1","1","1","0.25","1","0","0","0","100","0","25","0.2","10","2.5","2","60","1.6","0.4","20.5","6.7","16","8.21","365","14","1","0","0","299","299","265","1148","148","583","827","85788","1506","701","false","514271","213","357","936","32745","35530","20382"
"9","0.1","1","false","false","false","true","false","false","false","1","1","1","0.25","1","0","0","0","100","0","25","0.2","10","2.5","2","60","1.6","0.4","20.5","6.7","16","8.21","365","14","1","0","0","299","299","266","1127","135","553","792","85886","1507","655","false","514177","213","357","937","32755","35537","20393"
"9","0.1","1","false","false","false","true","false","false","false","1","1","1","0.25","1","0","0","0","100","0","25","0.2","10","2.5","2","60","1.6","0.4","20.5","6.7","16","8.21","365","14","1","0","0","299","299","267","1095","136","536","756","85968","1509","635","false","514570","213","358","938","32768","35545","20399"
"9","0.1","1","false","false","false","true","false","false","false","1","1","1","0.25","1","0","0","0","100","0","25","0.2","10","2.5","2","60","1.6","0.4","20.5","6.7","16","8.21","365","14","1","0","0","299","299","268","1070","124","518","726","86051","1511","608","false","514767","213","358","940","32787","35559","20407"
"9","0.1","1","false","false","false","true","false","false","false","1","1","1","0.25","1","0","0","0","100","0","25","0.2","10","2.5","2","60","1.6","0.4","20.5","6.7","16","8.21","365","14","1","0","0","299","299","269","1041","125","504","688","86129","1513","593","false","514997","214","358","941","32804","35577","20416"
"9","0.1","1","false","false","false","true","false","false","false","1","1","1","0.25","1","0","0","0","100","0","25","0.2","10","2.5","2","60","1.6","0.4","20.5","6.7","16","8.21","365","14","1","0","0","299","299","270","1021","111","498","667","86189","1514","588","false","515070","214","359","941","32812","35595","20425"
"9","0.1","1","false","false","false","true","false","false","false","1","1","1","0.25","1","0","0","0","100","0","25","0.2","10","2.5","2","60","1.6","0.4","20.5","6.7","16","8.21","365","14","1","0","0","299","299","271","988","112","490","649","86246","1515","567","false","515117","214","360","941","32822","35611","20433"
"9","0.1","1","false","false","false","true","false","false","false","1","1","1","0.25","1","0","0","0","100","0","25","0.2","10","2.5","2","60","1.6","0.4","20.5","6.7","16","8.21","365","14","1","0","0","299","299","272","965","115","470","621","86314","1515","526","false","515302","214","360","941","32829","35620","20438"
"9","0.1","1","false","false","false","true","false","false","false","1","1","1","0.25","1","0","0","0","100","0","25","0.2","10","2.5","2","60","1.6","0.4","20.5","6.7","16","8.21","365","14","1","0","0","299","299","273","935","122","442","595","86387","1519","505","false","515615","215","360","944","32839","35628","20443"
"9","0.1","1","false","false","false","true","false","false","false","1","1","1","0.25","1","0","0","0","100","0","25","0.2","10","2.5","2","60","1.6","0.4","20.5","6.7","16","8.21","365","14","1","0","0","299","299","274","901","128","429","565","86458","1519","486","false","515766","215","360","944","32850","35636","20451"
"9","0.1","1","false","false","false","true","false","false","false","1","1","1","0.25","1","0","0","0","100","0","25","0.2","10","2.5","2","60","1.6","0.4","20.5","6.7","16","8.21","365","14","1","0","0","299","299","275","881","121","410","544","86523","1521","476","false","515960","215","362","944","32858","35649","20456"
"9","0.1","1","false","false","false","true","false","false","false","1","1","1","0.25","1","0","0","0","100","0","25","0.2","10","2.5","2","60","1.6","0.4","20.5","6.7","16","8.21","365","14","1","0","0","299","299","276","853","120","389","533","86582","1523","452","false","516047","215","363","945","32871","35656","20461"
"9","0.1","1","false","false","false","true","false","false","false","1","1","1","0.25","1","0","0","0","100","0","25","0.2","10","2.5","2","60","1.6","0.4","20.5","6.7","16","8.21","365","14","1","0","0","299","299","277","834","110","383","511","86639","1523","457","false","516230","215","363","945","32882","35671","20468"
"9","0.1","1","false","false","false","true","false","false","false","1","1","1","0.25","1","0","0","0","100","0","25","0.2","10","2.5","2","60","1.6","0.4","20.5","6.7","16","8.21","365","14","1","0","0","299","299","278","801","109","369","504","86693","1524","460","false","516207","215","363","946","32894","35680","20473"
"9","0.1","1","false","false","false","true","false","false","false","1","1","1","0.25","1","0","0","0","100","0","25","0.2","10","2.5","2","60","1.6","0.4","20.5","6.7","16","8.21","365","14","1","0","0","299","299","279","778","110","364","477","86746","1525","460","false","516151","215","363","947","32900","35695","20478"
"9","0.1","1","false","false","false","true","false","false","false","1","1","1","0.25","1","0","0","0","100","0","25","0.2","10","2.5","2","60","1.6","0.4","20.5","6.7","16","8.21","365","14","1","0","0","299","299","280","762","103","357","454","86799","1525","441","false","516158","215","363","947","32912","35707","20485"
"9","0.1","1","false","false","false","true","false","false","false","1","1","1","0.25","1","0","0","0","100","0","25","0.2","10","2.5","2","60","1.6","0.4","20.5","6.7","16","8.21","365","14","1","0","0","299","299","281","738","99","356","437","86844","1526","430","false","516354","215","363","948","32926","35719","20493"
"9","0.1","1","false","false","false","true","false","false","false","1","1","1","0.25","1","0","0","0","100","0","25","0.2","10","2.5","2","60","1.6","0.4","20.5","6.7","16","8.21","365","14","1","0","0","299","299","282","720","94","341","424","86895","1526","421","false","516410","215","363","948","32932","35732","20501"
"9","0.1","1","false","false","false","true","false","false","false","1","1","1","0.25","1","0","0","0","100","0","25","0.2","10","2.5","2","60","1.6","0.4","20.5","6.7","16","8.21","365","14","1","0","0","299","299","283","696","88","329","427","86933","1527","414","false","516509","215","363","949","32938","35738","20513"
"9","0.1","1","false","false","false","true","false","false","false","1","1","1","0.25","1","0","0","0","100","0","25","0.2","10","2.5","2","60","1.6","0.4","20.5","6.7","16","8.21","365","14","1","0","0","299","299","284","665","97","312","427","86972","1527","420","false","516617","215","363","949","32943","35746","20516"
"9","0.1","1","false","false","false","true","false","false","false","1","1","1","0.25","1","0","0","0","100","0","25","0.2","10","2.5","2","60","1.6","0.4","20.5","6.7","16","8.21","365","14","1","0","0","299","299","285","643","100","301","417","87009","1530","429","false","516613","216","363","951","32950","35754","20521"
"9","0.1","1","false","false","false","true","false","false","false","1","1","1","0.25","1","0","0","0","100","0","25","0.2","10","2.5","2","60","1.6","0.4","20.5","6.7","16","8.21","365","14","1","0","0","299","299","286","626","98","299","400","87044","1533","413","false","516543","216","365","952","32960","35763","20526"
"9","0.1","1","false","false","false","true","false","false","false","1","1","1","0.25","1","0","0","0","100","0","25","0.2","10","2.5","2","60","1.6","0.4","20.5","6.7","16","8.21","365","14","1","0","0","299","299","287","611","87","292","401","87076","1533","420","false","516656","216","365","952","32968","35769","20539"
"9","0.1","1","false","false","false","true","false","false","false","1","1","1","0.25","1","0","0","0","100","0","25","0.2","10","2.5","2","60","1.6","0.4","20.5","6.7","16","8.21","365","14","1","0","0","299","299","288","585","89","290","389","87114","1533","421","false","516619","216","365","952","32976","35780","20545"
"9","0.1","1","false","false","false","true","false","false","false","1","1","1","0.25","1","0","0","0","100","0","25","0.2","10","2.5","2","60","1.6","0.4","20.5","6.7","16","8.21","365","14","1","0","0","299","299","289","574","84","279","379","87151","1533","414","false","516644","216","365","952","32979","35786","20548"
"9","0.1","1","false","false","false","true","false","false","false","1","1","1","0.25","1","0","0","0","100","0","25","0.2","10","2.5","2","60","1.6","0.4","20.5","6.7","16","8.21","365","14","1","0","0","299","299","290","558","77","276","378","87178","1533","405","false","516715","216","365","952","32988","35796","20556"
"9","0.1","1","false","false","false","true","false","false","false","1","1","1","0.25","1","0","0","0","100","0","25","0.2","10","2.5","2","60","1.6","0.4","20.5","6.7","16","8.21","365","14","1","0","0","299","299","291","541","67","268","374","87216","1534","377","false","516775","216","365","953","32999","35805","20563"
"9","0.1","1","false","false","false","true","false","false","false","1","1","1","0.25","1","0","0","0","100","0","25","0.2","10","2.5","2","60","1.6","0.4","20.5","6.7","16","8.21","365","14","1","0","0","299","299","292","530","65","254","354","87261","1536","369","false","517012","216","365","955","33009","35812","20566"
"9","0.1","1","false","false","false","true","false","false","false","1","1","1","0.25","1","0","0","0","100","0","25","0.2","10","2.5","2","60","1.6","0.4","20.5","6.7","16","8.21","365","14","1","0","0","299","299","293","505","77","248","338","87296","1536","354","false","517052","216","365","955","33016","35819","20568"
"9","0.1","1","false","false","false","true","false","false","false","1","1","1","0.25","1","0","0","0","100","0","25","0.2","10","2.5","2","60","1.6","0.4","20.5","6.7","16","8.21","365","14","1","0","0","299","299","294","478","87","243","326","87329","1537","377","false","517162","217","365","955","33024","35823","20571"
"9","0.1","1","false","false","false","true","false","false","false","1","1","1","0.25","1","0","0","0","100","0","25","0.2","10","2.5","2","60","1.6","0.4","20.5","6.7","16","8.21","365","14","1","0","0","299","299","295","463","83","235","325","87357","1537","360","false","517016","217","365","955","33032","35830","20574"
"9","0.1","1","false","false","false","true","false","false","false","1","1","1","0.25","1","0","0","0","100","0","25","0.2","10","2.5","2","60","1.6","0.4","20.5","6.7","16","8.21","365","14","1","0","0","299","299","296","443","82","231","324","87380","1540","341","false","517109","218","365","957","33040","35836","20578"
"9","0.1","1","false","false","false","true","false","false","false","1","1","1","0.25","1","0","0","0","100","0","25","0.2","10","2.5","2","60","1.6","0.4","20.5","6.7","16","8.21","365","14","1","0","0","299","299","297","414","91","223","314","87418","1540","301","false","517202","218","365","957","33047","35847","20578"
"9","0.1","1","false","false","false","true","false","false","false","1","1","1","0.25","1","0","0","0","100","0","25","0.2","10","2.5","2","60","1.6","0.4","20.5","6.7","16","8.21","365","14","1","0","0","299","299","298","399","82","218","314","87447","1540","275","false","517512","218","365","957","33054","35859","20584"
"9","0.1","1","false","false","false","true","false","false","false","1","1","1","0.25","1","0","0","0","100","0","25","0.2","10","2.5","2","60","1.6","0.4","20.5","6.7","16","8.21","365","14","1","0","0","299","299","299","384","80","210","306","87480","1540","245","false","517706","218","365","957","33058","35865","20591"
"9","0.1","1","false","false","false","true","false","false","false","1","1","1","0.25","1","0","0","0","100","0","25","0.2","10","2.5","2","60","1.6","0.4","20.5","6.7","16","8.21","365","14","1","0","0","299","299","300","369","73","207","306","87505","1540","228","false","517940","218","365","957","33065","35874","20593"
"9","0.1","1","false","false","false","true","false","false","false","1","1","1","0.25","1","0","0","0","100","0","25","0.2","10","2.5","2","60","1.6","0.4","20.5","6.7","16","8.21","365","14","1","0","0","299","299","301","359","66","194","304","87537","1540","193","false","518075","218","365","957","33073","35878","20597"
"9","0.1","1","false","false","false","true","false","false","false","1","1","1","0.25","1","0","0","0","100","0","25","0.2","10","2.5","2","60","1.6","0.4","20.5","6.7","16","8.21","365","14","1","0","0","299","299","302","332","77","192","298","87561","1540","168","false","518370","218","365","957","33075","35887","20605"
"9","0.1","1","false","false","false","true","false","false","false","1","1","1","0.25","1","0","0","0","100","0","25","0.2","10","2.5","2","60","1.6","0.4","20.5","6.7","16","8.21","365","14","1","0","0","299","299","303","311","79","191","298","87581","1540","145","false","518576","218","365","957","33084","35889","20615"
"9","0.1","1","false","false","false","true","false","false","false","1","1","1","0.25","1","0","0","0","100","0","25","0.2","10","2.5","2","60","1.6","0.4","20.5","6.7","16","8.21","365","14","1","0","0","299","299","304","281","86","189","302","87601","1541","123","false","518803","218","366","957","33093","35896","20621"
"9","0.1","1","false","false","false","true","false","false","false","1","1","1","0.25","1","0","0","0","100","0","25","0.2","10","2.5","2","60","1.6","0.4","20.5","6.7","16","8.21","365","14","1","0","0","299","299","305","259","85","185","297","87632","1542","97","false","519009","218","367","957","33101","35904","20628"
"9","0.1","1","false","false","false","true","false","false","false","1","1","1","0.25","1","0","0","0","100","0","25","0.2","10","2.5","2","60","1.6","0.4","20.5","6.7","16","8.21","365","14","1","0","0","299","299","306","234","93","179","286","87666","1542","76","false","519218","218","367","957","33108","35913","20632"
"9","0.1","1","false","false","false","true","false","false","false","1","1","1","0.25","1","0","0","0","100","0","25","0.2","10","2.5","2","60","1.6","0.4","20.5","6.7","16","8.21","365","14","1","0","0","299","299","307","213","97","172","281","87695","1542","48","false","519433","218","367","957","33115","35921","20635"
"9","0.1","1","false","false","false","true","false","false","false","1","1","1","0.25","1","0","0","0","100","0","25","0.2","10","2.5","2","60","1.6","0.4","20.5","6.7","16","8.21","365","14","1","0","0","299","299","308","192","91","170","291","87713","1543","23","false","519716","218","367","958","33121","35935","20641"
"9","0.1","1","false","false","false","true","false","false","false","1","1","1","0.25","1","0","0","0","100","0","25","0.2","10","2.5","2","60","1.6","0.4","20.5","6.7","16","8.21","365","14","1","0","0","299","299","309","175","86","173","294","87729","1543","10","false","519988","218","367","958","33130","35943","20643"
"9","0.1","1","false","false","false","true","false","false","false","1","1","1","0.25","1","0","0","0","100","0","25","0.2","10","2.5","2","60","1.6","0.4","20.5","6.7","16","8.21","365","14","1","0","0","299","299","310","157","88","173","292","87747","1543","0","false","520131","218","367","958","33136","35947","20646"
"9","0.1","1","false","false","false","true","false","false","false","1","1","1","0.25","1","0","0","0","100","0","25","0.2","10","2.5","2","60","1.6","0.4","20.5","6.7","16","8.21","365","14","1","0","0","299","299","311","141","77","174","301","87764","1543","0","false","520245","218","367","958","33145","35954","20650"
"9","0.1","1","false","false","false","true","false","false","false","1","1","1","0.25","1","0","0","0","100","0","25","0.2","10","2.5","2","60","1.6","0.4","20.5","6.7","16","8.21","365","14","1","0","0","299","299","312","124","77","174","298","87784","1543","0","false","520245","218","367","958","33147","35964","20656"
"9","0.1","1","false","false","false","true","false","false","false","1","1","1","0.25","1","0","0","0","100","0","25","0.2","10","2.5","2","60","1.6","0.4","20.5","6.7","16","8.21","365","14","1","0","0","299","299","313","117","62","175","299","87804","1543","0","false","520245","218","367","958","33154","35975","20664"
"9","0.1","1","false","false","false","true","false","false","false","1","1","1","0.25","1","0","0","0","100","0","25","0.2","10","2.5","2","60","1.6","0.4","20.5","6.7","16","8.21","365","14","1","0","0","299","299","314","105","57","176","294","87825","1543","0","false","520245","218","367","958","33162","35986","20669"
"9","0.1","1","false","false","false","true","false","false","false","1","1","1","0.25","1","0","0","0","100","0","25","0.2","10","2.5","2","60","1.6","0.4","20.5","6.7","16","8.21","365","14","1","0","0","299","299","315","92","53","177","287","87847","1544","0","false","520245","218","367","959","33169","35999","20674"
"9","0.1","1","false","false","false","true","false","false","false","1","1","1","0.25","1","0","0","0","100","0","25","0.2","10","2.5","2","60","1.6","0.4","20.5","6.7","16","8.21","365","14","1","0","0","299","299","316","87","47","179","274","87869","1544","0","false","520237","218","367","959","33173","36005","20679"
"9","0.1","1","false","false","false","true","false","false","false","1","1","1","0.25","1","0","0","0","100","0","25","0.2","10","2.5","2","60","1.6","0.4","20.5","6.7","16","8.21","365","14","1","0","0","299","299","317","80","41","177","274","87883","1545","0","false","520237","218","367","960","33176","36006","20682"
"9","0.1","1","false","false","false","true","false","false","false","1","1","1","0.25","1","0","0","0","100","0","25","0.2","10","2.5","2","60","1.6","0.4","20.5","6.7","16","8.21","365","14","1","0","0","299","299","318","77","30","166","271","87911","1545","0","false","520225","218","367","960","33179","36008","20687"
"9","0.1","1","false","false","false","true","false","false","false","1","1","1","0.25","1","0","0","0","100","0","25","0.2","10","2.5","2","60","1.6","0.4","20.5","6.7","16","8.21","365","14","1","0","0","299","299","319","70","29","164","268","87924","1545","0","false","520225","218","367","960","33181","36013","20688"
"9","0.1","1","false","false","false","true","false","false","false","1","1","1","0.25","1","0","0","0","100","0","25","0.2","10","2.5","2","60","1.6","0.4","20.5","6.7","16","8.21","365","14","1","0","0","299","299","320","62","30","157","261","87944","1546","0","false","520225","218","367","961","33186","36017","20688"
"9","0.1","1","false","false","false","true","false","false","false","1","1","1","0.25","1","0","0","0","100","0","25","0.2","10","2.5","2","60","1.6","0.4","20.5","6.7","16","8.21","365","14","1","0","0","299","299","321","53","32","159","249","87961","1546","0","false","520217","218","367","961","33190","36024","20692"
"9","0.1","1","false","false","false","true","false","false","false","1","1","1","0.25","1","0","0","0","100","0","25","0.2","10","2.5","2","60","1.6","0.4","20.5","6.7","16","8.21","365","14","1","0","0","299","299","322","51","29","153","234","87986","1547","0","false","520217","218","367","962","33195","36026","20692"
"9","0.1","1","false","false","false","true","false","false","false","1","1","1","0.25","1","0","0","0","100","0","25","0.2","10","2.5","2","60","1.6","0.4","20.5","6.7","16","8.21","365","14","1","0","0","299","299","323","45","29","145","222","88011","1548","0","false","520205","218","368","962","33198","36028","20693"
"9","0.1","1","false","false","false","true","false","false","false","1","1","1","0.25","1","0","0","0","100","0","25","0.2","10","2.5","2","60","1.6","0.4","20.5","6.7","16","8.21","365","14","1","0","0","299","299","324","39","24","141","216","88032","1548","0","false","520194","218","368","962","33202","36032","20695"
"9","0.1","1","false","false","false","true","false","false","false","1","1","1","0.25","1","0","0","0","100","0","25","0.2","10","2.5","2","60","1.6","0.4","20.5","6.7","16","8.21","365","14","1","0","0","299","299","325","38","20","139","210","88045","1548","0","false","520194","218","368","962","33203","36034","20696"
"9","0.1","1","false","false","false","true","false","false","false","1","1","1","0.25","1","0","0","0","100","0","25","0.2","10","2.5","2","60","1.6","0.4","20.5","6.7","16","8.21","365","14","1","0","0","299","299","326","37","14","137","201","88063","1548","0","false","520194","218","368","962","33207","36036","20697"
"9","0.1","1","false","false","false","true","false","false","false","1","1","1","0.25","1","0","0","0","100","0","25","0.2","10","2.5","2","60","1.6","0.4","20.5","6.7","16","8.21","365","14","1","0","0","299","299","327","35","10","131","184","88092","1548","0","false","520194","218","368","962","33210","36039","20698"
"9","0.1","1","false","false","false","true","false","false","false","1","1","1","0.25","1","0","0","0","100","0","25","0.2","10","2.5","2","60","1.6","0.4","20.5","6.7","16","8.21","365","14","1","0","0","299","299","328","33","6","126","178","88109","1548","0","false","520194","218","368","962","33215","36040","20701"
"9","0.1","1","false","false","false","true","false","false","false","1","1","1","0.25","1","0","0","0","100","0","25","0.2","10","2.5","2","60","1.6","0.4","20.5","6.7","16","8.21","365","14","1","0","0","299","299","329","33","3","120","168","88128","1548","0","false","520194","218","368","962","33216","36042","20702"
"9","0.1","1","false","false","false","true","false","false","false","1","1","1","0.25","1","0","0","0","100","0","25","0.2","10","2.5","2","60","1.6","0.4","20.5","6.7","16","8.21","365","14","1","0","0","299","299","330","33","1","110","157","88150","1549","0","false","520194","218","369","962","33216","36043","20704"
"9","0.1","1","false","false","false","true","false","false","false","1","1","1","0.25","1","0","0","0","100","0","25","0.2","10","2.5","2","60","1.6","0.4","20.5","6.7","16","8.21","365","14","1","0","0","299","299","331","33","1","97","143","88177","1549","0","false","520182","218","369","962","33216","36044","20704"
"9","0.1","1","false","false","false","true","false","false","false","1","1","1","0.25","1","0","0","0","100","0","25","0.2","10","2.5","2","60","1.6","0.4","20.5","6.7","16","8.21","365","14","1","0","0","299","299","332","33","1","94","132","88191","1549","0","false","520182","218","369","962","33216","36045","20704"
"9","0.1","1","false","false","false","true","false","false","false","1","1","1","0.25","1","0","0","0","100","0","25","0.2","10","2.5","2","60","1.6","0.4","20.5","6.7","16","8.21","365","14","1","0","0","299","299","333","33","0","88","118","88212","1549","0","false","520182","218","369","962","33216","36046","20705"
"9","0.1","1","false","false","false","true","false","false","false","1","1","1","0.25","1","0","0","0","100","0","25","0.2","10","2.5","2","60","1.6","0.4","20.5","6.7","16","8.21","365","14","1","0","0","299","299","334","33","0","82","111","88225","1549","0","false","520182","218","369","962","33216","36046","20705"
"9","0.1","1","false","false","false","true","false","false","false","1","1","1","0.25","1","0","0","0","100","0","25","0.2","10","2.5","2","60","1.6","0.4","20.5","6.7","16","8.21","365","14","1","0","0","299","299","335","33","0","76","105","88236","1550","0","false","520182","218","369","963","33216","36046","20705"
"9","0.1","1","false","false","false","true","false","false","false","1","1","1","0.25","1","0","0","0","100","0","25","0.2","10","2.5","2","60","1.6","0.4","20.5","6.7","16","8.21","365","14","1","0","0","299","299","336","32","1","67","95","88255","1550","0","false","520170","218","369","963","33216","36046","20705"
"9","0.1","1","false","false","false","true","false","false","false","1","1","1","0.25","1","0","0","0","100","0","25","0.2","10","2.5","2","60","1.6","0.4","20.5","6.7","16","8.21","365","14","1","0","0","299","299","337","32","1","63","85","88269","1550","0","false","520170","218","369","963","33216","36046","20705"
"9","0.1","1","false","false","false","true","false","false","false","1","1","1","0.25","1","0","0","0","100","0","25","0.2","10","2.5","2","60","1.6","0.4","20.5","6.7","16","8.21","365","14","1","0","0","299","299","338","32","0","55","78","88285","1550","0","false","520170","218","369","963","33216","36046","20705"
"9","0.1","1","false","false","false","true","false","false","false","1","1","1","0.25","1","0","0","0","100","0","25","0.2","10","2.5","2","60","1.6","0.4","20.5","6.7","16","8.21","365","14","1","0","0","299","299","339","32","0","48","67","88302","1551","0","false","520170","219","369","963","33216","36046","20705"
"9","0.1","1","false","false","false","true","false","false","false","1","1","1","0.25","1","0","0","0","100","0","25","0.2","10","2.5","2","60","1.6","0.4","20.5","6.7","16","8.21","365","14","1","0","0","299","299","340","32","0","43","61","88313","1551","0","false","520159","219","369","963","33216","36046","20705"
"9","0.1","1","false","false","false","true","false","false","false","1","1","1","0.25","1","0","0","0","100","0","25","0.2","10","2.5","2","60","1.6","0.4","20.5","6.7","16","8.21","365","14","1","0","0","299","299","341","32","0","42","53","88322","1551","0","false","520159","219","369","963","33217","36046","20705"
"9","0.1","1","false","false","false","true","false","false","false","1","1","1","0.25","1","0","0","0","100","0","25","0.2","10","2.5","2","60","1.6","0.4","20.5","6.7","16","8.21","365","14","1","0","0","299","299","342","32","0","39","47","88331","1551","0","false","520159","219","369","963","33217","36046","20705"
"9","0.1","1","false","false","false","true","false","false","false","1","1","1","0.25","1","0","0","0","100","0","25","0.2","10","2.5","2","60","1.6","0.4","20.5","6.7","16","8.21","365","14","1","0","0","299","299","343","32","0","33","41","88342","1552","0","false","520159","220","369","963","33217","36046","20705"
"9","0.1","1","false","false","false","true","false","false","false","1","1","1","0.25","1","0","0","0","100","0","25","0.2","10","2.5","2","60","1.6","0.4","20.5","6.7","16","8.21","365","14","1","0","0","299","299","344","32","0","30","37","88349","1552","0","false","520148","220","369","963","33217","36046","20705"
"9","0.1","1","false","false","false","true","false","false","false","1","1","1","0.25","1","0","0","0","100","0","25","0.2","10","2.5","2","60","1.6","0.4","20.5","6.7","16","8.21","365","14","1","0","0","299","299","345","32","0","28","31","88357","1552","0","false","520148","220","369","963","33217","36046","20705"
"9","0.1","1","false","false","false","true","false","false","false","1","1","1","0.25","1","0","0","0","100","0","25","0.2","10","2.5","2","60","1.6","0.4","20.5","6.7","16","8.21","365","14","1","0","0","299","299","346","32","0","22","27","88367","1552","0","false","520148","220","369","963","33217","36046","20705"
"9","0.1","1","false","false","false","true","false","false","false","1","1","1","0.25","1","0","0","0","100","0","25","0.2","10","2.5","2","60","1.6","0.4","20.5","6.7","16","8.21","365","14","1","0","0","299","299","347","32","0","20","20","88376","1552","0","false","520148","220","369","963","33217","36046","20705"
"9","0.1","1","false","false","false","true","false","false","false","1","1","1","0.25","1","0","0","0","100","0","25","0.2","10","2.5","2","60","1.6","0.4","20.5","6.7","16","8.21","365","14","1","0","0","299","299","348","32","0","15","17","88384","1552","0","false","520148","220","369","963","33217","36046","20705"
"9","0.1","1","false","false","false","true","false","false","false","1","1","1","0.25","1","0","0","0","100","0","25","0.2","10","2.5","2","60","1.6","0.4","20.5","6.7","16","8.21","365","14","1","0","0","299","299","349","32","0","14","13","88389","1552","0","false","520148","220","369","963","33217","36046","20705"
"9","0.1","1","false","false","false","true","false","false","false","1","1","1","0.25","1","0","0","0","100","0","25","0.2","10","2.5","2","60","1.6","0.4","20.5","6.7","16","8.21","365","14","1","0","0","299","299","350","32","0","13","8","88395","1552","0","false","520148","220","369","963","33217","36046","20705"
"9","0.1","1","false","false","false","true","false","false","false","1","1","1","0.25","1","0","0","0","100","0","25","0.2","10","2.5","2","60","1.6","0.4","20.5","6.7","16","8.21","365","14","1","0","0","299","299","351","32","0","13","7","88396","1552","0","false","520148","220","369","963","33217","36046","20705"
"9","0.1","1","false","false","false","true","false","false","false","1","1","1","0.25","1","0","0","0","100","0","25","0.2","10","2.5","2","60","1.6","0.4","20.5","6.7","16","8.21","365","14","1","0","0","299","299","352","32","0","10","3","88403","1552","0","false","520148","220","369","963","33217","36046","20705"
"9","0.1","1","false","false","false","true","false","false","false","1","1","1","0.25","1","0","0","0","100","0","25","0.2","10","2.5","2","60","1.6","0.4","20.5","6.7","16","8.21","365","14","1","0","0","299","299","353","32","0","9","2","88405","1552","0","false","520148","220","369","963","33217","36046","20705"
"9","0.1","1","false","false","false","true","false","false","false","1","1","1","0.25","1","0","0","0","100","0","25","0.2","10","2.5","2","60","1.6","0.4","20.5","6.7","16","8.21","365","14","1","0","0","299","299","354","32","0","8","1","88407","1552","0","false","520148","220","369","963","33217","36046","20705"
"9","0.1","1","false","false","false","true","false","false","false","1","1","1","0.25","1","0","0","0","100","0","25","0.2","10","2.5","2","60","1.6","0.4","20.5","6.7","16","8.21","365","14","1","0","0","299","299","355","32","0","8","1","88407","1552","0","false","520148","220","369","963","33217","36046","20705"
"9","0.1","1","false","false","false","true","false","false","false","1","1","1","0.25","1","0","0","0","100","0","25","0.2","10","2.5","2","60","1.6","0.4","20.5","6.7","16","8.21","365","14","1","0","0","299","299","356","32","0","8","1","88407","1552","0","false","520148","220","369","963","33217","36046","20705"
"9","0.1","1","false","false","false","true","false","false","false","1","1","1","0.25","1","0","0","0","100","0","25","0.2","10","2.5","2","60","1.6","0.4","20.5","6.7","16","8.21","365","14","1","0","0","299","299","357","32","0","6","1","88409","1552","0","false","520148","220","369","963","33217","36046","20705"
"9","0.1","1","false","false","false","true","false","false","false","1","1","1","0.25","1","0","0","0","100","0","25","0.2","10","2.5","2","60","1.6","0.4","20.5","6.7","16","8.21","365","14","1","0","0","299","299","358","32","0","4","0","88412","1552","0","false","520148","220","369","963","33217","36046","20705"
"9","0.1","1","false","false","false","true","false","false","false","1","1","1","0.25","1","0","0","0","100","0","25","0.2","10","2.5","2","60","1.6","0.4","20.5","6.7","16","8.21","365","14","1","0","0","299","299","359","32","0","4","0","88412","1552","0","false","520148","220","369","963","33217","36046","20705"
"9","0.1","1","false","false","false","true","false","false","false","1","1","1","0.25","1","0","0","0","100","0","25","0.2","10","2.5","2","60","1.6","0.4","20.5","6.7","16","8.21","365","14","1","0","0","299","299","360","32","0","4","0","88412","1552","0","false","520148","220","369","963","33217","36046","20705"
"9","0.1","1","false","false","false","true","false","false","false","1","1","1","0.25","1","0","0","0","100","0","25","0.2","10","2.5","2","60","1.6","0.4","20.5","6.7","16","8.21","365","14","1","0","0","299","299","361","32","0","2","0","88414","1552","0","false","520148","220","369","963","33217","36046","20705"
"9","0.1","1","false","false","false","true","false","false","false","1","1","1","0.25","1","0","0","0","100","0","25","0.2","10","2.5","2","60","1.6","0.4","20.5","6.7","16","8.21","365","14","1","0","0","299","299","362","32","0","1","0","88415","1552","0","false","520148","220","369","963","33217","36046","20705"
"9","0.1","1","false","false","false","true","false","false","false","1","1","1","0.25","1","0","0","0","100","0","25","0.2","10","2.5","2","60","1.6","0.4","20.5","6.7","16","8.21","365","14","1","0","0","299","299","363","32","0","0","0","88416","1552","0","false","520148","220","369","963","33217","36046","20705"
"9","0.1","1","false","false","false","true","false","false","false","1","1","1","0.25","1","0","0","0","100","0","25","0.2","10","2.5","2","60","1.6","0.4","20.5","6.7","16","8.21","365","14","1","0","0","299","299","364","32","0","0","0","88416","1552","0","false","520148","220","369","963","33217","36046","20705"
"9","0.1","1","false","false","false","true","false","false","false","1","1","1","0.25","1","0","0","0","100","0","25","0.2","10","2.5","2","60","1.6","0.4","20.5","6.7","16","8.21","365","14","1","0","0","299","299","365","32","0","0","0","88416","1552","0","false","520148","220","369","963","33217","36046","20705"
"10","0.1","1","false","false","false","true","false","false","false","1","1","1","0.25","1","0","0","0","100","0","25","0.3","10","2.5","2","60","1.6","0.4","20.5","6.7","16","8.21","365","14","1","0","0","299","299","0","89910","90","0","0","0","0","0","false","0","0","0","0","0","0","0"
"10","0.1","1","false","false","false","true","false","false","false","1","1","1","0.25","1","0","0","0","100","0","25","0.3","10","2.5","2","60","1.6","0.4","20.5","6.7","16","8.21","365","14","1","0","0","299","299","1","89910","81","0","9","0","0","0","false","538441","0","0","0","3","2","0"
"10","0.1","1","false","false","false","true","false","false","false","1","1","1","0.25","1","0","0","0","100","0","25","0.3","10","2.5","2","60","1.6","0.4","20.5","6.7","16","8.21","365","14","1","0","0","299","299","2","89900","79","0","21","0","0","0","false","538441","0","0","0","7","3","5"
"10","0.1","1","false","false","false","true","false","false","false","1","1","1","0.25","1","0","0","0","100","0","25","0.3","10","2.5","2","60","1.6","0.4","20.5","6.7","16","8.21","365","14","1","0","0","299","299","3","89876","71","3","50","0","0","0","false","538441","0","0","0","21","12","9"
"10","0.1","1","false","false","false","true","false","false","false","1","1","1","0.25","1","0","0","0","100","0","25","0.3","10","2.5","2","60","1.6","0.4","20.5","6.7","16","8.21","365","14","1","0","0","299","299","4","89821","107","3","69","0","0","0","false","538441","0","0","0","24","18","12"
"10","0.1","1","false","false","false","true","false","false","false","1","1","1","0.25","1","0","0","0","100","0","25","0.3","10","2.5","2","60","1.6","0.4","20.5","6.7","16","8.21","365","14","1","0","0","299","299","5","89751","159","7","83","0","0","0","false","538441","0","0","0","29","24","13"
"10","0.1","1","false","false","false","true","false","false","false","1","1","1","0.25","1","0","0","0","100","0","25","0.3","10","2.5","2","60","1.6","0.4","20.5","6.7","16","8.21","365","14","1","0","0","299","299","6","89674","216","11","99","0","0","0","false","538441","0","0","0","32","31","18"
"10","0.1","1","false","false","false","true","false","false","false","1","1","1","0.25","1","0","0","0","100","0","25","0.3","10","2.5","2","60","1.6","0.4","20.5","6.7","16","8.21","365","14","1","0","0","299","299","7","89585","270","21","124","0","0","0","false","538441","0","0","0","43","44","24"
"10","0.1","1","false","false","false","true","false","false","false","1","1","1","0.25","1","0","0","0","100","0","25","0.3","10","2.5","2","60","1.6","0.4","20.5","6.7","16","8.21","365","14","1","0","0","299","299","8","89489","320","32","159","0","0","0","false","538441","0","0","0","53","59","33"
"10","0.1","1","false","false","false","true","false","false","false","1","1","1","0.25","1","0","0","0","100","0","25","0.3","10","2.5","2","60","1.6","0.4","20.5","6.7","16","8.21","365","14","1","0","0","299","299","9","89380","356","42","222","0","0","0","false","538441","0","0","0","79","80","45"
"10","0.1","1","false","false","false","true","false","false","false","1","1","1","0.25","1","0","0","0","100","0","25","0.3","10","2.5","2","60","1.6","0.4","20.5","6.7","16","8.21","365","14","1","0","0","299","299","10","89244","404","60","292","0","0","0","false","538441","0","0","0","105","107","61"
"10","0.1","1","false","false","false","true","false","false","false","1","1","1","0.25","1","0","0","0","100","0","25","0.3","10","2.5","2","60","1.6","0.4","20.5","6.7","16","8.21","365","14","1","0","0","299","299","11","89073","501","80","346","0","0","0","false","538441","0","0","0","131","131","74"
"10","0.1","1","false","false","false","true","false","false","false","1","1","1","0.25","1","0","0","0","100","0","25","0.3","10","2.5","2","60","1.6","0.4","20.5","6.7","16","8.21","365","14","1","0","0","299","299","12","88894","574","108","424","0","0","0","false","538441","0","0","0","165","170","91"
"10","0.1","1","false","false","false","true","false","false","false","1","1","1","0.25","1","0","0","0","100","0","25","0.3","10","2.5","2","60","1.6","0.4","20.5","6.7","16","8.21","365","14","1","0","0","299","299","13","88669","676","142","513","0","0","0","false","538441","0","0","0","206","211","117"
"10","0.1","1","false","false","false","true","false","false","false","1","1","1","0.25","1","0","0","0","100","0","25","0.3","10","2.5","2","60","1.6","0.4","20.5","6.7","16","8.21","365","14","1","0","0","299","299","14","88441","765","172","622","0","0","0","false","538441","0","0","0","253","257","149"
"10","0.1","1","false","false","false","true","false","false","false","1","1","1","0.25","1","0","0","0","100","0","25","0.3","10","2.5","2","60","1.6","0.4","20.5","6.7","16","8.21","365","14","1","0","0","299","299","15","88193","854","205","748","0","0","0","false","538441","0","0","0","300","312","179"
"10","0.1","1","false","false","false","true","false","false","false","1","1","1","0.25","1","0","0","0","100","0","25","0.3","10","2.5","2","60","1.6","0.4","20.5","6.7","16","8.21","365","14","1","0","0","299","299","16","87926","948","267","858","1","0","80","false","538441","0","0","0","370","389","208"
"10","0.1","1","false","false","false","true","false","false","false","1","1","1","0.25","1","0","0","0","100","0","25","0.3","10","2.5","2","60","1.6","0.4","20.5","6.7","16","8.21","365","14","1","0","0","299","299","17","87592","1088","313","1004","3","0","371","false","537498","0","0","0","424","466","253"
"10","0.1","1","false","false","false","true","false","false","false","1","1","1","0.25","1","0","0","0","100","0","25","0.3","10","2.5","2","60","1.6","0.4","20.5","6.7","16","8.21","365","14","1","0","0","299","299","18","87345","1112","367","1166","10","0","723","false","534603","0","0","0","488","551","290"
"10","0.1","1","false","false","false","true","false","false","false","1","1","1","0.25","1","0","0","0","100","0","25","0.3","10","2.5","2","60","1.6","0.4","20.5","6.7","16","8.21","365","14","1","0","0","299","299","19","87068","1141","432","1347","11","1","991","false","531147","0","0","1","568","639","342"
"10","0.1","1","false","false","false","true","false","false","false","1","1","1","0.25","1","0","0","0","100","0","25","0.3","10","2.5","2","60","1.6","0.4","20.5","6.7","16","8.21","365","14","1","0","0","299","299","20","86812","1133","500","1540","14","1","1298","false","528642","0","0","1","651","731","388"
"10","0.1","1","false","false","false","true","false","false","false","1","1","1","0.25","1","0","0","0","100","0","25","0.3","10","2.5","2","60","1.6","0.4","20.5","6.7","16","8.21","365","14","1","0","0","299","299","21","86514","1182","579","1707","17","1","1753","false","525855","0","0","1","742","813","439"
"10","0.1","1","false","false","false","true","false","false","false","1","1","1","0.25","1","0","0","0","100","0","25","0.3","10","2.5","2","60","1.6","0.4","20.5","6.7","16","8.21","365","14","1","0","0","299","299","22","86244","1191","667","1867","27","4","2158","false","521878","0","0","4","837","912","492"
"10","0.1","1","false","false","false","true","false","false","false","1","1","1","0.25","1","0","0","0","100","0","25","0.3","10","2.5","2","60","1.6","0.4","20.5","6.7","16","8.21","365","14","1","0","0","299","299","23","85971","1173","788","2026","38","4","2573","false","518471","0","0","4","951","1022","571"
"10","0.1","1","false","false","false","true","false","false","false","1","1","1","0.25","1","0","0","0","100","0","25","0.3","10","2.5","2","60","1.6","0.4","20.5","6.7","16","8.21","365","14","1","0","0","299","299","24","85688","1176","888","2186","58","4","3037","false","515026","0","0","4","1059","1116","639"
"10","0.1","1","false","false","false","true","false","false","false","1","1","1","0.25","1","0","0","0","100","0","25","0.3","10","2.5","2","60","1.6","0.4","20.5","6.7","16","8.21","365","14","1","0","0","299","299","25","85416","1180","979","2341","79","5","3491","false","511279","0","0","5","1147","1224","701"
"10","0.1","1","false","false","false","true","false","false","false","1","1","1","0.25","1","0","0","0","100","0","25","0.3","10","2.5","2","60","1.6","0.4","20.5","6.7","16","8.21","365","14","1","0","0","299","299","26","85166","1166","1083","2481","99","5","3994","false","507626","0","0","5","1251","1326","766"
"10","0.1","1","false","false","false","true","false","false","false","1","1","1","0.25","1","0","0","0","100","0","25","0.3","10","2.5","2","60","1.6","0.4","20.5","6.7","16","8.21","365","14","1","0","0","299","299","27","84919","1139","1183","2614","138","7","4443","false","503630","0","0","7","1348","1440","832"
"10","0.1","1","false","false","false","true","false","false","false","1","1","1","0.25","1","0","0","0","100","0","25","0.3","10","2.5","2","60","1.6","0.4","20.5","6.7","16","8.21","365","14","1","0","0","299","299","28","84662","1114","1294","2749","173","8","4819","false","500147","0","0","8","1461","1555","893"
"10","0.1","1","false","false","false","true","false","false","false","1","1","1","0.25","1","0","0","0","100","0","25","0.3","10","2.5","2","60","1.6","0.4","20.5","6.7","16","8.21","365","14","1","0","0","299","299","29","84434","1090","1383","2872","212","9","5121","false","497163","0","0","9","1563","1651","943"
"10","0.1","1","false","false","false","true","false","false","false","1","1","1","0.25","1","0","0","0","100","0","25","0.3","10","2.5","2","60","1.6","0.4","20.5","6.7","16","8.21","365","14","1","0","0","299","299","30","84197","1037","1468","3005","279","14","5351","false","494519","0","1","13","1666","1758","995"
"10","0.1","1","false","false","false","true","false","false","false","1","1","1","0.25","1","0","0","0","100","0","25","0.3","10","2.5","2","60","1.6","0.4","20.5","6.7","16","8.21","365","14","1","0","0","299","299","31","83947","1037","1547","3109","346","14","5475","false","492346","0","1","13","1760","1858","1053"
"10","0.1","1","false","false","false","true","false","false","false","1","1","1","0.25","1","0","0","0","100","0","25","0.3","10","2.5","2","60","1.6","0.4","20.5","6.7","16","8.21","365","14","1","0","0","299","299","32","83618","1133","1635","3174","421","19","5770","false","491051","1","2","16","1860","1952","1107"
"10","0.1","1","false","false","false","true","false","false","false","1","1","1","0.25","1","0","0","0","100","0","25","0.3","10","2.5","2","60","1.6","0.4","20.5","6.7","16","8.21","365","14","1","0","0","299","299","33","83313","1191","1738","3237","499","22","5959","false","488288","2","4","16","1955","2072","1173"
"10","0.1","1","false","false","false","true","false","false","false","1","1","1","0.25","1","0","0","0","100","0","25","0.3","10","2.5","2","60","1.6","0.4","20.5","6.7","16","8.21","365","14","1","0","0","299","299","34","82987","1280","1808","3270","631","24","6135","false","486318","2","6","16","2053","2167","1229"
"10","0.1","1","false","false","false","true","false","false","false","1","1","1","0.25","1","0","0","0","100","0","25","0.3","10","2.5","2","60","1.6","0.4","20.5","6.7","16","8.21","365","14","1","0","0","299","299","35","82651","1308","1851","3389","774","27","6146","false","484643","2","6","19","2152","2279","1288"
"10","0.1","1","false","false","false","true","false","false","false","1","1","1","0.25","1","0","0","0","100","0","25","0.3","10","2.5","2","60","1.6","0.4","20.5","6.7","16","8.21","365","14","1","0","0","299","299","36","82328","1324","1901","3513","905","29","6276","false","484100","2","6","21","2264","2390","1360"
"10","0.1","1","false","false","false","true","false","false","false","1","1","1","0.25","1","0","0","0","100","0","25","0.3","10","2.5","2","60","1.6","0.4","20.5","6.7","16","8.21","365","14","1","0","0","299","299","37","81959","1386","1965","3628","1026","36","6368","false","482557","3","6","27","2378","2507","1430"
"10","0.1","1","false","false","false","true","false","false","false","1","1","1","0.25","1","0","0","0","100","0","25","0.3","10","2.5","2","60","1.6","0.4","20.5","6.7","16","8.21","365","14","1","0","0","299","299","38","81584","1446","2020","3736","1175","39","6484","false","481479","3","6","30","2490","2621","1497"
"10","0.1","1","false","false","false","true","false","false","false","1","1","1","0.25","1","0","0","0","100","0","25","0.3","10","2.5","2","60","1.6","0.4","20.5","6.7","16","8.21","365","14","1","0","0","299","299","39","81204","1508","2089","3815","1345","39","6602","false","480100","3","6","30","2594","2766","1575"
"10","0.1","1","false","false","false","true","false","false","false","1","1","1","0.25","1","0","0","0","100","0","25","0.3","10","2.5","2","60","1.6","0.4","20.5","6.7","16","8.21","365","14","1","0","0","299","299","40","80786","1569","2158","3896","1548","43","6723","false","479001","4","7","32","2715","2899","1657"
"10","0.1","1","false","false","false","true","false","false","false","1","1","1","0.25","1","0","0","0","100","0","25","0.3","10","2.5","2","60","1.6","0.4","20.5","6.7","16","8.21","365","14","1","0","0","299","299","41","80368","1626","2177","4028","1755","46","6757","false","477577","4","8","34","2841","3036","1714"
"10","0.1","1","false","false","false","true","false","false","false","1","1","1","0.25","1","0","0","0","100","0","25","0.3","10","2.5","2","60","1.6","0.4","20.5","6.7","16","8.21","365","14","1","0","0","299","299","42","79963","1678","2244","4125","1935","55","6878","false","477005","4","9","42","2962","3176","1793"
"10","0.1","1","false","false","false","true","false","false","false","1","1","1","0.25","1","0","0","0","100","0","25","0.3","10","2.5","2","60","1.6","0.4","20.5","6.7","16","8.21","365","14","1","0","0","299","299","43","79541","1719","2314","4232","2136","58","6974","false","475615","5","9","44","3107","3329","1873"
"10","0.1","1","false","false","false","true","false","false","false","1","1","1","0.25","1","0","0","0","100","0","25","0.3","10","2.5","2","60","1.6","0.4","20.5","6.7","16","8.21","365","14","1","0","0","299","299","44","79084","1769","2379","4359","2349","60","7011","false","474445","5","9","46","3246","3477","1962"
"10","0.1","1","false","false","false","true","false","false","false","1","1","1","0.25","1","0","0","0","100","0","25","0.3","10","2.5","2","60","1.6","0.4","20.5","6.7","16","8.21","365","14","1","0","0","299","299","45","78628","1827","2415","4472","2592","66","7027","false","473727","6","10","50","3379","3638","2034"
"10","0.1","1","false","false","false","true","false","false","false","1","1","1","0.25","1","0","0","0","100","0","25","0.3","10","2.5","2","60","1.6","0.4","20.5","6.7","16","8.21","365","14","1","0","0","299","299","46","78123","1921","2481","4571","2836","68","7081","false","473206","6","10","52","3518","3802","2116"
"10","0.1","1","false","false","false","true","false","false","false","1","1","1","0.25","1","0","0","0","100","0","25","0.3","10","2.5","2","60","1.6","0.4","20.5","6.7","16","8.21","365","14","1","0","0","299","299","47","77599","1980","2550","4726","3072","73","7231","false","472427","6","14","53","3673","3976","2207"
"10","0.1","1","false","false","false","true","false","false","false","1","1","1","0.25","1","0","0","0","100","0","25","0.3","10","2.5","2","60","1.6","0.4","20.5","6.7","16","8.21","365","14","1","0","0","299","299","48","77102","2046","2627","4859","3288","78","7469","false","471057","6","14","58","3827","4157","2315"
"10","0.1","1","false","false","false","true","false","false","false","1","1","1","0.25","1","0","0","0","100","0","25","0.3","10","2.5","2","60","1.6","0.4","20.5","6.7","16","8.21","365","14","1","0","0","299","299","49","76607","2046","2731","5005","3530","81","7659","false","468917","6","15","60","4017","4331","2442"
"10","0.1","1","false","false","false","true","false","false","false","1","1","1","0.25","1","0","0","0","100","0","25","0.3","10","2.5","2","60","1.6","0.4","20.5","6.7","16","8.21","365","14","1","0","0","299","299","50","76101","2076","2828","5119","3785","91","7726","false","467060","6","16","69","4195","4535","2537"
"10","0.1","1","false","false","false","true","false","false","false","1","1","1","0.25","1","0","0","0","100","0","25","0.3","10","2.5","2","60","1.6","0.4","20.5","6.7","16","8.21","365","14","1","0","0","299","299","51","75633","2057","2903","5284","4025","98","7801","false","466341","6","18","74","4377","4735","2642"
"10","0.1","1","false","false","false","true","false","false","false","1","1","1","0.25","1","0","0","0","100","0","25","0.3","10","2.5","2","60","1.6","0.4","20.5","6.7","16","8.21","365","14","1","0","0","299","299","52","75115","2069","2978","5447","4286","105","7969","false","465520","7","20","78","4545","4930","2755"
"10","0.1","1","false","false","false","true","false","false","false","1","1","1","0.25","1","0","0","0","100","0","25","0.3","10","2.5","2","60","1.6","0.4","20.5","6.7","16","8.21","365","14","1","0","0","299","299","53","74577","2173","3071","5518","4553","108","8080","false","464062","7","20","81","4725","5112","2855"
"10","0.1","1","false","false","false","true","false","false","false","1","1","1","0.25","1","0","0","0","100","0","25","0.3","10","2.5","2","60","1.6","0.4","20.5","6.7","16","8.21","365","14","1","0","0","299","299","54","74075","2135","3140","5684","4853","113","8163","false","463038","7","23","83","4910","5338","2940"
"10","0.1","1","false","false","false","true","false","false","false","1","1","1","0.25","1","0","0","0","100","0","25","0.3","10","2.5","2","60","1.6","0.4","20.5","6.7","16","8.21","365","14","1","0","0","299","299","55","73586","2147","3210","5787","5151","119","8283","false","462258","7","24","88","5087","5518","3054"
"10","0.1","1","false","false","false","true","false","false","false","1","1","1","0.25","1","0","0","0","100","0","25","0.3","10","2.5","2","60","1.6","0.4","20.5","6.7","16","8.21","365","14","1","0","0","299","299","56","73066","2154","3316","5903","5437","124","8492","false","461322","7","26","91","5284","5729","3158"
"10","0.1","1","false","false","false","true","false","false","false","1","1","1","0.25","1","0","0","0","100","0","25","0.3","10","2.5","2","60","1.6","0.4","20.5","6.7","16","8.21","365","14","1","0","0","299","299","57","72564","2156","3402","6030","5713","135","8592","false","459402","8","29","98","5459","5935","3261"
"10","0.1","1","false","false","false","true","false","false","false","1","1","1","0.25","1","0","0","0","100","0","25","0.3","10","2.5","2","60","1.6","0.4","20.5","6.7","16","8.21","365","14","1","0","0","299","299","58","72011","2221","3477","6143","6011","137","8646","false","458301","8","30","99","5628","6124","3367"
"10","0.1","1","false","false","false","true","false","false","false","1","1","1","0.25","1","0","0","0","100","0","25","0.3","10","2.5","2","60","1.6","0.4","20.5","6.7","16","8.21","365","14","1","0","0","299","299","59","71482","2212","3556","6308","6299","143","8771","false","457413","9","31","103","5830","6337","3490"
"10","0.1","1","false","false","false","true","false","false","false","1","1","1","0.25","1","0","0","0","100","0","25","0.3","10","2.5","2","60","1.6","0.4","20.5","6.7","16","8.21","365","14","1","0","0","299","299","60","70957","2221","3657","6409","6607","149","8895","false","456286","10","32","107","6010","6541","3620"
"10","0.1","1","false","false","false","true","false","false","false","1","1","1","0.25","1","0","0","0","100","0","25","0.3","10","2.5","2","60","1.6","0.4","20.5","6.7","16","8.21","365","14","1","0","0","299","299","61","70463","2202","3755","6526","6900","154","8921","false","454970","11","34","109","6189","6756","3752"
"10","0.1","1","false","false","false","true","false","false","false","1","1","1","0.25","1","0","0","0","100","0","25","0.3","10","2.5","2","60","1.6","0.4","20.5","6.7","16","8.21","365","14","1","0","0","299","299","62","69885","2254","3847","6605","7247","162","8885","false","454593","12","36","114","6397","6971","3867"
"10","0.1","1","false","false","false","true","false","false","false","1","1","1","0.25","1","0","0","0","100","0","25","0.3","10","2.5","2","60","1.6","0.4","20.5","6.7","16","8.21","365","14","1","0","0","299","299","63","69359","2282","3930","6678","7582","169","9001","false","454930","13","39","117","6581","7171","3978"
"10","0.1","1","false","false","false","true","false","false","false","1","1","1","0.25","1","0","0","0","100","0","25","0.3","10","2.5","2","60","1.6","0.4","20.5","6.7","16","8.21","365","14","1","0","0","299","299","64","68780","2331","3998","6758","7956","177","9137","false","453879","17","39","121","6772","7375","4109"
"10","0.1","1","false","false","false","true","false","false","false","1","1","1","0.25","1","0","0","0","100","0","25","0.3","10","2.5","2","60","1.6","0.4","20.5","6.7","16","8.21","365","14","1","0","0","299","299","65","68223","2317","4043","6885","8341","191","9198","false","452445","19","41","131","6965","7592","4250"
"10","0.1","1","false","false","false","true","false","false","false","1","1","1","0.25","1","0","0","0","100","0","25","0.3","10","2.5","2","60","1.6","0.4","20.5","6.7","16","8.21","365","14","1","0","0","299","299","66","67652","2349","4120","6940","8746","193","9387","false","451643","19","42","132","7180","7795","4378"
"10","0.1","1","false","false","false","true","false","false","false","1","1","1","0.25","1","0","0","0","100","0","25","0.3","10","2.5","2","60","1.6","0.4","20.5","6.7","16","8.21","365","14","1","0","0","299","299","67","67082","2386","4219","7010","9104","199","9447","false","450035","21","42","136","7390","8019","4504"
"10","0.1","1","false","false","false","true","false","false","false","1","1","1","0.25","1","0","0","0","100","0","25","0.3","10","2.5","2","60","1.6","0.4","20.5","6.7","16","8.21","365","14","1","0","0","299","299","68","66487","2435","4275","7115","9483","205","9717","false","449494","21","43","141","7588","8227","4620"
"10","0.1","1","false","false","false","true","false","false","false","1","1","1","0.25","1","0","0","0","100","0","25","0.3","10","2.5","2","60","1.6","0.4","20.5","6.7","16","8.21","365","14","1","0","0","299","299","69","65942","2420","4314","7210","9903","211","9656","false","447188","23","46","142","7782","8457","4753"
"10","0.1","1","false","false","false","true","false","false","false","1","1","1","0.25","1","0","0","0","100","0","25","0.3","10","2.5","2","60","1.6","0.4","20.5","6.7","16","8.21","365","14","1","0","0","299","299","70","65410","2403","4364","7305","10302","216","9720","false","447573","23","48","145","7991","8673","4872"
"10","0.1","1","false","false","false","true","false","false","false","1","1","1","0.25","1","0","0","0","100","0","25","0.3","10","2.5","2","60","1.6","0.4","20.5","6.7","16","8.21","365","14","1","0","0","299","299","71","64854","2384","4443","7338","10758","223","9779","false","446716","25","50","148","8217","8902","5005"
"10","0.1","1","false","false","false","true","false","false","false","1","1","1","0.25","1","0","0","0","100","0","25","0.3","10","2.5","2","60","1.6","0.4","20.5","6.7","16","8.21","365","14","1","0","0","299","299","72","64302","2396","4459","7413","11196","234","9839","false","446306","27","52","155","8388","9105","5119"
"10","0.1","1","false","false","false","true","false","false","false","1","1","1","0.25","1","0","0","0","100","0","25","0.3","10","2.5","2","60","1.6","0.4","20.5","6.7","16","8.21","365","14","1","0","0","299","299","73","63689","2455","4512","7460","11642","242","9962","false","445610","29","54","159","8609","9322","5243"
"10","0.1","1","false","false","false","true","false","false","false","1","1","1","0.25","1","0","0","0","100","0","25","0.3","10","2.5","2","60","1.6","0.4","20.5","6.7","16","8.21","365","14","1","0","0","299","299","74","63087","2496","4574","7515","12076","252","10040","false","444418","29","58","165","8804","9554","5374"
"10","0.1","1","false","false","false","true","false","false","false","1","1","1","0.25","1","0","0","0","100","0","25","0.3","10","2.5","2","60","1.6","0.4","20.5","6.7","16","8.21","365","14","1","0","0","299","299","75","62532","2483","4595","7576","12555","259","10027","false","443658","29","59","171","8971","9792","5499"
"10","0.1","1","false","false","false","true","false","false","false","1","1","1","0.25","1","0","0","0","100","0","25","0.3","10","2.5","2","60","1.6","0.4","20.5","6.7","16","8.21","365","14","1","0","0","299","299","76","61999","2454","4650","7590","13034","273","10007","false","443522","31","60","182","9177","10028","5650"
"10","0.1","1","false","false","false","true","false","false","false","1","1","1","0.25","1","0","0","0","100","0","25","0.3","10","2.5","2","60","1.6","0.4","20.5","6.7","16","8.21","365","14","1","0","0","299","299","77","61399","2484","4700","7635","13501","281","10026","false","443273","33","61","187","9393","10264","5782"
"10","0.1","1","false","false","false","true","false","false","false","1","1","1","0.25","1","0","0","0","100","0","25","0.3","10","2.5","2","60","1.6","0.4","20.5","6.7","16","8.21","365","14","1","0","0","299","299","78","60827","2513","4719","7696","13956","289","9927","false","443002","34","63","192","9610","10487","5892"
"10","0.1","1","false","false","false","true","false","false","false","1","1","1","0.25","1","0","0","0","100","0","25","0.3","10","2.5","2","60","1.6","0.4","20.5","6.7","16","8.21","365","14","1","0","0","299","299","79","60226","2512","4761","7793","14412","296","9907","false","443422","35","68","193","9845","10723","6014"
"10","0.1","1","false","false","false","true","false","false","false","1","1","1","0.25","1","0","0","0","100","0","25","0.3","10","2.5","2","60","1.6","0.4","20.5","6.7","16","8.21","365","14","1","0","0","299","299","80","59643","2520","4786","7849","14895","307","9901","false","443400","36","69","202","10040","10949","6169"
"10","0.1","1","false","false","false","true","false","false","false","1","1","1","0.25","1","0","0","0","100","0","25","0.3","10","2.5","2","60","1.6","0.4","20.5","6.7","16","8.21","365","14","1","0","0","299","299","81","59031","2564","4817","7872","15403","313","9847","false","443405","37","70","206","10252","11177","6311"
"10","0.1","1","false","false","false","true","false","false","false","1","1","1","0.25","1","0","0","0","100","0","25","0.3","10","2.5","2","60","1.6","0.4","20.5","6.7","16","8.21","365","14","1","0","0","299","299","82","58407","2595","4817","7950","15913","318","9906","false","443635","37","71","210","10458","11420","6426"
"10","0.1","1","false","false","false","true","false","false","false","1","1","1","0.25","1","0","0","0","100","0","25","0.3","10","2.5","2","60","1.6","0.4","20.5","6.7","16","8.21","365","14","1","0","0","299","299","83","57827","2544","4850","8072","16380","327","10024","false","442953","39","76","212","10692","11648","6574"
"10","0.1","1","false","false","false","true","false","false","false","1","1","1","0.25","1","0","0","0","100","0","25","0.3","10","2.5","2","60","1.6","0.4","20.5","6.7","16","8.21","365","14","1","0","0","299","299","84","57176","2616","4873","8075","16926","334","10060","false","441967","39","76","219","10909","11893","6722"
"10","0.1","1","false","false","false","true","false","false","false","1","1","1","0.25","1","0","0","0","100","0","25","0.3","10","2.5","2","60","1.6","0.4","20.5","6.7","16","8.21","365","14","1","0","0","299","299","85","56559","2640","4877","8106","17477","341","10099","false","441529","41","79","221","11104","12137","6859"
"10","0.1","1","false","false","false","true","false","false","false","1","1","1","0.25","1","0","0","0","100","0","25","0.3","10","2.5","2","60","1.6","0.4","20.5","6.7","16","8.21","365","14","1","0","0","299","299","86","55982","2616","4882","8174","17996","350","10044","false","441148","42","82","226","11316","12375","7013"
"10","0.1","1","false","false","false","true","false","false","false","1","1","1","0.25","1","0","0","0","100","0","25","0.3","10","2.5","2","60","1.6","0.4","20.5","6.7","16","8.21","365","14","1","0","0","299","299","87","55424","2571","4909","8242","18496","358","10003","false","441425","42","85","231","11538","12616","7158"
"10","0.1","1","false","false","false","true","false","false","false","1","1","1","0.25","1","0","0","0","100","0","25","0.3","10","2.5","2","60","1.6","0.4","20.5","6.7","16","8.21","365","14","1","0","0","299","299","88","54758","2555","4869","8385","19056","377","9990","false","441693","47","88","242","11759","12868","7307"
"10","0.1","1","false","false","false","true","false","false","false","1","1","1","0.25","1","0","0","0","100","0","25","0.3","10","2.5","2","60","1.6","0.4","20.5","6.7","16","8.21","365","14","1","0","0","299","299","89","54144","2579","4886","8419","19583","389","9968","false","441572","47","91","251","11984","13103","7446"
"10","0.1","1","false","false","false","true","false","false","false","1","1","1","0.25","1","0","0","0","100","0","25","0.3","10","2.5","2","60","1.6","0.4","20.5","6.7","16","8.21","365","14","1","0","0","299","299","90","53546","2583","4933","8462","20084","392","10033","false","441470","47","92","253","12201","13359","7572"
"10","0.1","1","false","false","false","true","false","false","false","1","1","1","0.25","1","0","0","0","100","0","25","0.3","10","2.5","2","60","1.6","0.4","20.5","6.7","16","8.21","365","14","1","0","0","299","299","91","52919","2573","4980","8538","20588","402","10130","false","440985","48","92","262","12441","13607","7716"
"10","0.1","1","false","false","false","true","false","false","false","1","1","1","0.25","1","0","0","0","100","0","25","0.3","10","2.5","2","60","1.6","0.4","20.5","6.7","16","8.21","365","14","1","0","0","299","299","92","52293","2607","5003","8558","21127","412","10188","false","440150","50","95","267","12670","13839","7834"
"10","0.1","1","false","false","false","true","false","false","false","1","1","1","0.25","1","0","0","0","100","0","25","0.3","10","2.5","2","60","1.6","0.4","20.5","6.7","16","8.21","365","14","1","0","0","299","299","93","51687","2581","5013","8626","21670","423","10194","false","439574","52","98","273","12911","14099","7963"
"10","0.1","1","false","false","false","true","false","false","false","1","1","1","0.25","1","0","0","0","100","0","25","0.3","10","2.5","2","60","1.6","0.4","20.5","6.7","16","8.21","365","14","1","0","0","299","299","94","51101","2576","5052","8629","22214","428","10286","false","439150","53","98","277","13153","14349","8095"
"10","0.1","1","false","false","false","true","false","false","false","1","1","1","0.25","1","0","0","0","100","0","25","0.3","10","2.5","2","60","1.6","0.4","20.5","6.7","16","8.21","365","14","1","0","0","299","299","95","50496","2555","5097","8650","22762","440","10444","false","438450","54","101","285","13393","14595","8252"
"10","0.1","1","false","false","false","true","false","false","false","1","1","1","0.25","1","0","0","0","100","0","25","0.3","10","2.5","2","60","1.6","0.4","20.5","6.7","16","8.21","365","14","1","0","0","299","299","96","49845","2606","5097","8690","23312","450","10399","false","437167","55","104","291","13612","14809","8392"
"10","0.1","1","false","false","false","true","false","false","false","1","1","1","0.25","1","0","0","0","100","0","25","0.3","10","2.5","2","60","1.6","0.4","20.5","6.7","16","8.21","365","14","1","0","0","299","299","97","49206","2609","5138","8688","23898","461","10465","false","437246","55","108","298","13845","15080","8529"
"10","0.1","1","false","false","false","true","false","false","false","1","1","1","0.25","1","0","0","0","100","0","25","0.3","10","2.5","2","60","1.6","0.4","20.5","6.7","16","8.21","365","14","1","0","0","299","299","98","48596","2572","5160","8738","24465","469","10591","false","436674","57","110","302","14063","15312","8684"
"10","0.1","1","false","false","false","true","false","false","false","1","1","1","0.25","1","0","0","0","100","0","25","0.3","10","2.5","2","60","1.6","0.4","20.5","6.7","16","8.21","365","14","1","0","0","299","299","99","47940","2645","5189","8734","25013","479","10640","false","435486","59","114","306","14277","15556","8819"
"10","0.1","1","false","false","false","true","false","false","false","1","1","1","0.25","1","0","0","0","100","0","25","0.3","10","2.5","2","60","1.6","0.4","20.5","6.7","16","8.21","365","14","1","0","0","299","299","100","47346","2634","5228","8714","25591","487","10686","false","435129","60","115","312","14493","15835","8952"
"10","0.1","1","false","false","false","true","false","false","false","1","1","1","0.25","1","0","0","0","100","0","25","0.3","10","2.5","2","60","1.6","0.4","20.5","6.7","16","8.21","365","14","1","0","0","299","299","101","46804","2561","5239","8743","26160","493","10741","false","434757","61","119","313","14713","16089","9083"
"10","0.1","1","false","false","false","true","false","false","false","1","1","1","0.25","1","0","0","0","100","0","25","0.3","10","2.5","2","60","1.6","0.4","20.5","6.7","16","8.21","365","14","1","0","0","299","299","102","46199","2538","5241","8774","26745","503","10692","false","434617","63","122","318","14968","16335","9212"
"10","0.1","1","false","false","false","true","false","false","false","1","1","1","0.25","1","0","0","0","100","0","25","0.3","10","2.5","2","60","1.6","0.4","20.5","6.7","16","8.21","365","14","1","0","0","299","299","103","45618","2536","5253","8764","27316","513","10735","false","434713","63","123","327","15184","16585","9329"
"10","0.1","1","false","false","false","true","false","false","false","1","1","1","0.25","1","0","0","0","100","0","25","0.3","10","2.5","2","60","1.6","0.4","20.5","6.7","16","8.21","365","14","1","0","0","299","299","104","45079","2465","5267","8756","27913","520","10679","false","434198","67","123","330","15414","16837","9471"
"10","0.1","1","false","false","false","true","false","false","false","1","1","1","0.25","1","0","0","0","100","0","25","0.3","10","2.5","2","60","1.6","0.4","20.5","6.7","16","8.21","365","14","1","0","0","299","299","105","44514","2483","5316","8664","28497","526","10561","false","434530","67","124","335","15622","17084","9610"
"10","0.1","1","false","false","false","true","false","false","false","1","1","1","0.25","1","0","0","0","100","0","25","0.3","10","2.5","2","60","1.6","0.4","20.5","6.7","16","8.21","365","14","1","0","0","299","299","106","43975","2425","5347","8683","29040","530","10608","false","435466","67","126","337","15849","17322","9745"
"10","0.1","1","false","false","false","true","false","false","false","1","1","1","0.25","1","0","0","0","100","0","25","0.3","10","2.5","2","60","1.6","0.4","20.5","6.7","16","8.21","365","14","1","0","0","299","299","107","43404","2421","5363","8614","29656","542","10557","false","434738","70","128","344","16057","17548","9875"
"10","0.1","1","false","false","false","true","false","false","false","1","1","1","0.25","1","0","0","0","100","0","25","0.3","10","2.5","2","60","1.6","0.4","20.5","6.7","16","8.21","365","14","1","0","0","299","299","108","42814","2412","5320","8640","30263","551","10422","false","435086","71","130","350","16265","17796","9987"
"10","0.1","1","false","false","false","true","false","false","false","1","1","1","0.25","1","0","0","0","100","0","25","0.3","10","2.5","2","60","1.6","0.4","20.5","6.7","16","8.21","365","14","1","0","0","299","299","109","42238","2436","5294","8599","30868","565","10288","false","436092","72","131","362","16458","18012","10127"
"10","0.1","1","false","false","false","true","false","false","false","1","1","1","0.25","1","0","0","0","100","0","25","0.3","10","2.5","2","60","1.6","0.4","20.5","6.7","16","8.21","365","14","1","0","0","299","299","110","41653","2464","5315","8539","31458","571","10187","false","437031","72","135","364","16684","18246","10267"
"10","0.1","1","false","false","false","true","false","false","false","1","1","1","0.25","1","0","0","0","100","0","25","0.3","10","2.5","2","60","1.6","0.4","20.5","6.7","16","8.21","365","14","1","0","0","299","299","111","41090","2502","5361","8439","32030","578","10026","false","437657","75","136","367","16916","18467","10379"
"10","0.1","1","false","false","false","true","false","false","false","1","1","1","0.25","1","0","0","0","100","0","25","0.3","10","2.5","2","60","1.6","0.4","20.5","6.7","16","8.21","365","14","1","0","0","299","299","112","40527","2491","5372","8437","32589","584","10060","false","438743","76","138","370","17129","18681","10504"
"10","0.1","1","false","false","false","true","false","false","false","1","1","1","0.25","1","0","0","0","100","0","25","0.3","10","2.5","2","60","1.6","0.4","20.5","6.7","16","8.21","365","14","1","0","0","299","299","113","39891","2519","5344","8466","33190","590","9991","false","438470","76","141","373","17328","18929","10644"
"10","0.1","1","false","false","false","true","false","false","false","1","1","1","0.25","1","0","0","0","100","0","25","0.3","10","2.5","2","60","1.6","0.4","20.5","6.7","16","8.21","365","14","1","0","0","299","299","114","39305","2538","5343","8464","33752","598","9979","false","438990","77","141","380","17532","19174","10782"
"10","0.1","1","false","false","false","true","false","false","false","1","1","1","0.25","1","0","0","0","100","0","25","0.3","10","2.5","2","60","1.6","0.4","20.5","6.7","16","8.21","365","14","1","0","0","299","299","115","38763","2507","5306","8472","34347","605","9913","false","439052","77","141","387","17733","19409","10925"
"10","0.1","1","false","false","false","true","false","false","false","1","1","1","0.25","1","0","0","0","100","0","25","0.3","10","2.5","2","60","1.6","0.4","20.5","6.7","16","8.21","365","14","1","0","0","299","299","116","38233","2437","5323","8516","34873","618","9896","false","439663","78","145","395","17943","19652","11057"
"10","0.1","1","false","false","false","true","false","false","false","1","1","1","0.25","1","0","0","0","100","0","25","0.3","10","2.5","2","60","1.6","0.4","20.5","6.7","16","8.21","365","14","1","0","0","299","299","117","37675","2412","5312","8455","35519","627","9813","false","439698","79","147","401","18157","19884","11199"
"10","0.1","1","false","false","false","true","false","false","false","1","1","1","0.25","1","0","0","0","100","0","25","0.3","10","2.5","2","60","1.6","0.4","20.5","6.7","16","8.21","365","14","1","0","0","299","299","118","37117","2396","5288","8462","36099","638","9692","false","440144","80","149","409","18367","20103","11331"
"10","0.1","1","false","false","false","true","false","false","false","1","1","1","0.25","1","0","0","0","100","0","25","0.3","10","2.5","2","60","1.6","0.4","20.5","6.7","16","8.21","365","14","1","0","0","299","299","119","36560","2407","5255","8412","36723","643","9663","false","440842","81","149","413","18586","20313","11457"
"10","0.1","1","false","false","false","true","false","false","false","1","1","1","0.25","1","0","0","0","100","0","25","0.3","10","2.5","2","60","1.6","0.4","20.5","6.7","16","8.21","365","14","1","0","0","299","299","120","35999","2392","5225","8367","37361","656","9504","false","440992","83","152","421","18796","20562","11590"
"10","0.1","1","false","false","false","true","false","false","false","1","1","1","0.25","1","0","0","0","100","0","25","0.3","10","2.5","2","60","1.6","0.4","20.5","6.7","16","8.21","365","14","1","0","0","299","299","121","35449","2366","5189","8363","37964","669","9427","false","442276","85","155","429","19006","20781","11716"
"10","0.1","1","false","false","false","true","false","false","false","1","1","1","0.25","1","0","0","0","100","0","25","0.3","10","2.5","2","60","1.6","0.4","20.5","6.7","16","8.21","365","14","1","0","0","299","299","122","34960","2314","5154","8305","38586","681","9300","false","442784","85","159","437","19197","21005","11840"
"10","0.1","1","false","false","false","true","false","false","false","1","1","1","0.25","1","0","0","0","100","0","25","0.3","10","2.5","2","60","1.6","0.4","20.5","6.7","16","8.21","365","14","1","0","0","299","299","123","34395","2309","5121","8346","39137","692","9281","false","443551","86","162","444","19419","21218","11986"
"10","0.1","1","false","false","false","true","false","false","false","1","1","1","0.25","1","0","0","0","100","0","25","0.3","10","2.5","2","60","1.6","0.4","20.5","6.7","16","8.21","365","14","1","0","0","299","299","124","33881","2282","5142","8304","39689","702","9272","false","443566","88","163","451","19641","21439","12116"
"10","0.1","1","false","false","false","true","false","false","false","1","1","1","0.25","1","0","0","0","100","0","25","0.3","10","2.5","2","60","1.6","0.4","20.5","6.7","16","8.21","365","14","1","0","0","299","299","125","33336","2289","5094","8301","40269","711","9130","false","443694","89","166","456","19841","21633","12244"
"10","0.1","1","false","false","false","true","false","false","false","1","1","1","0.25","1","0","0","0","100","0","25","0.3","10","2.5","2","60","1.6","0.4","20.5","6.7","16","8.21","365","14","1","0","0","299","299","126","32827","2267","5045","8258","40878","725","9076","false","444894","90","173","462","20039","21835","12381"
"10","0.1","1","false","false","false","true","false","false","false","1","1","1","0.25","1","0","0","0","100","0","25","0.3","10","2.5","2","60","1.6","0.4","20.5","6.7","16","8.21","365","14","1","0","0","299","299","127","32329","2229","5062","8195","41453","732","8968","false","445363","92","174","466","20238","22065","12504"
"10","0.1","1","false","false","false","true","false","false","false","1","1","1","0.25","1","0","0","0","100","0","25","0.3","10","2.5","2","60","1.6","0.4","20.5","6.7","16","8.21","365","14","1","0","0","299","299","128","31831","2184","5019","8175","42049","742","8788","false","446067","93","177","472","20415","22291","12641"
"10","0.1","1","false","false","false","true","false","false","false","1","1","1","0.25","1","0","0","0","100","0","25","0.3","10","2.5","2","60","1.6","0.4","20.5","6.7","16","8.21","365","14","1","0","0","299","299","129","31296","2202","4964","8140","42641","757","8648","false","447631","96","182","479","20606","22508","12755"
"10","0.1","1","false","false","false","true","false","false","false","1","1","1","0.25","1","0","0","0","100","0","25","0.3","10","2.5","2","60","1.6","0.4","20.5","6.7","16","8.21","365","14","1","0","0","299","299","130","30782","2189","4949","8094","43217","769","8614","false","448770","96","187","486","20806","22696","12884"
"10","0.1","1","false","false","false","true","false","false","false","1","1","1","0.25","1","0","0","0","100","0","25","0.3","10","2.5","2","60","1.6","0.4","20.5","6.7","16","8.21","365","14","1","0","0","299","299","131","30282","2183","4920","8053","43778","784","8432","false","448955","98","193","493","20994","22941","12979"
"10","0.1","1","false","false","false","true","false","false","false","1","1","1","0.25","1","0","0","0","100","0","25","0.3","10","2.5","2","60","1.6","0.4","20.5","6.7","16","8.21","365","14","1","0","0","299","299","132","29817","2154","4885","8025","44330","789","8336","false","450454","99","195","495","21181","23135","13096"
"10","0.1","1","false","false","false","true","false","false","false","1","1","1","0.25","1","0","0","0","100","0","25","0.3","10","2.5","2","60","1.6","0.4","20.5","6.7","16","8.21","365","14","1","0","0","299","299","133","29350","2079","4857","8010","44901","803","8270","false","451212","100","198","505","21374","23338","13230"
"10","0.1","1","false","false","false","true","false","false","false","1","1","1","0.25","1","0","0","0","100","0","25","0.3","10","2.5","2","60","1.6","0.4","20.5","6.7","16","8.21","365","14","1","0","0","299","299","134","28845","2086","4831","7948","45475","815","8243","false","451777","100","201","514","21548","23548","13344"
"10","0.1","1","false","false","false","true","false","false","false","1","1","1","0.25","1","0","0","0","100","0","25","0.3","10","2.5","2","60","1.6","0.4","20.5","6.7","16","8.21","365","14","1","0","0","299","299","135","28365","2081","4809","7883","46037","825","8276","false","452058","101","203","521","21726","23733","13487"
"10","0.1","1","false","false","false","true","false","false","false","1","1","1","0.25","1","0","0","0","100","0","25","0.3","10","2.5","2","60","1.6","0.4","20.5","6.7","16","8.21","365","14","1","0","0","299","299","136","27889","2080","4767","7819","46608","837","8207","false","451771","102","205","530","21904","23922","13591"
"10","0.1","1","false","false","false","true","false","false","false","1","1","1","0.25","1","0","0","0","100","0","25","0.3","10","2.5","2","60","1.6","0.4","20.5","6.7","16","8.21","365","14","1","0","0","299","299","137","27425","2065","4748","7729","47187","846","8181","false","452229","104","206","536","22085","24117","13705"
"10","0.1","1","false","false","false","true","false","false","false","1","1","1","0.25","1","0","0","0","100","0","25","0.3","10","2.5","2","60","1.6","0.4","20.5","6.7","16","8.21","365","14","1","0","0","299","299","138","26976","2035","4739","7652","47741","857","8145","false","452392","107","207","543","22244","24335","13820"
"10","0.1","1","false","false","false","true","false","false","false","1","1","1","0.25","1","0","0","0","100","0","25","0.3","10","2.5","2","60","1.6","0.4","20.5","6.7","16","8.21","365","14","1","0","0","299","299","139","26554","1975","4722","7567","48315","867","8048","false","452748","107","210","550","22422","24535","13942"
"10","0.1","1","false","false","false","true","false","false","false","1","1","1","0.25","1","0","0","0","100","0","25","0.3","10","2.5","2","60","1.6","0.4","20.5","6.7","16","8.21","365","14","1","0","0","299","299","140","26079","1957","4699","7498","48890","877","8022","false","453356","109","210","558","22602","24751","14053"
"10","0.1","1","false","false","false","true","false","false","false","1","1","1","0.25","1","0","0","0","100","0","25","0.3","10","2.5","2","60","1.6","0.4","20.5","6.7","16","8.21","365","14","1","0","0","299","299","141","25658","1909","4655","7466","49426","886","7991","false","453694","110","215","561","22776","24922","14167"
"10","0.1","1","false","false","false","true","false","false","false","1","1","1","0.25","1","0","0","0","100","0","25","0.3","10","2.5","2","60","1.6","0.4","20.5","6.7","16","8.21","365","14","1","0","0","299","299","142","25195","1960","4613","7349","49987","896","7942","false","454119","111","217","568","22943","25092","14262"
"10","0.1","1","false","false","false","true","false","false","false","1","1","1","0.25","1","0","0","0","100","0","25","0.3","10","2.5","2","60","1.6","0.4","20.5","6.7","16","8.21","365","14","1","0","0","299","299","143","24748","1928","4553","7315","50547","909","7830","false","454550","113","219","577","23112","25286","14384"
"10","0.1","1","false","false","false","true","false","false","false","1","1","1","0.25","1","0","0","0","100","0","25","0.3","10","2.5","2","60","1.6","0.4","20.5","6.7","16","8.21","365","14","1","0","0","299","299","144","24297","1896","4529","7289","51072","917","7832","false","455397","115","220","582","23282","25483","14492"
"10","0.1","1","false","false","false","true","false","false","false","1","1","1","0.25","1","0","0","0","100","0","25","0.3","10","2.5","2","60","1.6","0.4","20.5","6.7","16","8.21","365","14","1","0","0","299","299","145","23882","1888","4468","7208","51624","930","7789","false","455383","118","222","590","23441","25643","14617"
"10","0.1","1","false","false","false","true","false","false","false","1","1","1","0.25","1","0","0","0","100","0","25","0.3","10","2.5","2","60","1.6","0.4","20.5","6.7","16","8.21","365","14","1","0","0","299","299","146","23463","1839","4414","7163","52172","949","7728","false","455632","120","226","603","23631","25818","14730"
"10","0.1","1","false","false","false","true","false","false","false","1","1","1","0.25","1","0","0","0","100","0","25","0.3","10","2.5","2","60","1.6","0.4","20.5","6.7","16","8.21","365","14","1","0","0","299","299","147","23026","1821","4368","7103","52728","954","7760","false","456011","121","228","605","23819","25989","14841"
"10","0.1","1","false","false","false","true","false","false","false","1","1","1","0.25","1","0","0","0","100","0","25","0.3","10","2.5","2","60","1.6","0.4","20.5","6.7","16","8.21","365","14","1","0","0","299","299","148","22628","1802","4336","7017","53255","962","7607","false","455734","123","229","610","23945","26185","14933"
"10","0.1","1","false","false","false","true","false","false","false","1","1","1","0.25","1","0","0","0","100","0","25","0.3","10","2.5","2","60","1.6","0.4","20.5","6.7","16","8.21","365","14","1","0","0","299","299","149","22233","1794","4275","6914","53808","976","7408","false","456752","125","235","616","24096","26344","15030"
"10","0.1","1","false","false","false","true","false","false","false","1","1","1","0.25","1","0","0","0","100","0","25","0.3","10","2.5","2","60","1.6","0.4","20.5","6.7","16","8.21","365","14","1","0","0","299","299","150","21792","1807","4236","6863","54317","985","7451","false","458134","127","237","621","24258","26523","15117"
"10","0.1","1","false","false","false","true","false","false","false","1","1","1","0.25","1","0","0","0","100","0","25","0.3","10","2.5","2","60","1.6","0.4","20.5","6.7","16","8.21","365","14","1","0","0","299","299","151","21366","1814","4204","6796","54825","995","7350","false","458036","130","240","625","24390","26706","15212"
"10","0.1","1","false","false","false","true","false","false","false","1","1","1","0.25","1","0","0","0","100","0","25","0.3","10","2.5","2","60","1.6","0.4","20.5","6.7","16","8.21","365","14","1","0","0","299","299","152","20993","1752","4150","6775","55329","1001","7218","false","458858","130","243","628","24557","26880","15328"
"10","0.1","1","false","false","false","true","false","false","false","1","1","1","0.25","1","0","0","0","100","0","25","0.3","10","2.5","2","60","1.6","0.4","20.5","6.7","16","8.21","365","14","1","0","0","299","299","153","20581","1761","4122","6683","55845","1008","7149","false","459824","131","243","634","24710","27040","15424"
"10","0.1","1","false","false","false","true","false","false","false","1","1","1","0.25","1","0","0","0","100","0","25","0.3","10","2.5","2","60","1.6","0.4","20.5","6.7","16","8.21","365","14","1","0","0","299","299","154","20166","1765","4073","6604","56374","1018","7078","false","460338","131","249","638","24846","27214","15506"
"10","0.1","1","false","false","false","true","false","false","false","1","1","1","0.25","1","0","0","0","100","0","25","0.3","10","2.5","2","60","1.6","0.4","20.5","6.7","16","8.21","365","14","1","0","0","299","299","155","19729","1771","4035","6559","56879","1027","7032","false","460900","132","253","642","25023","27379","15600"
"10","0.1","1","false","false","false","true","false","false","false","1","1","1","0.25","1","0","0","0","100","0","25","0.3","10","2.5","2","60","1.6","0.4","20.5","6.7","16","8.21","365","14","1","0","0","299","299","156","19324","1755","4004","6503","57380","1034","7001","false","461138","133","253","648","25174","27535","15703"
"10","0.1","1","false","false","false","true","false","false","false","1","1","1","0.25","1","0","0","0","100","0","25","0.3","10","2.5","2","60","1.6","0.4","20.5","6.7","16","8.21","365","14","1","0","0","299","299","157","18946","1699","3984","6466","57867","1038","6889","false","461365","134","255","649","25358","27707","15804"
"10","0.1","1","false","false","false","true","false","false","false","1","1","1","0.25","1","0","0","0","100","0","25","0.3","10","2.5","2","60","1.6","0.4","20.5","6.7","16","8.21","365","14","1","0","0","299","299","158","18552","1715","3939","6400","58349","1045","6838","false","462175","135","257","653","25494","27850","15892"
"10","0.1","1","false","false","false","true","false","false","false","1","1","1","0.25","1","0","0","0","100","0","25","0.3","10","2.5","2","60","1.6","0.4","20.5","6.7","16","8.21","365","14","1","0","0","299","299","159","18190","1666","3922","6341","58830","1051","6674","false","462606","136","260","655","25645","28012","16000"
"10","0.1","1","false","false","false","true","false","false","false","1","1","1","0.25","1","0","0","0","100","0","25","0.3","10","2.5","2","60","1.6","0.4","20.5","6.7","16","8.21","365","14","1","0","0","299","299","160","17833","1664","3911","6242","59289","1061","6675","false","463819","137","261","663","25783","28183","16073"
"10","0.1","1","false","false","false","true","false","false","false","1","1","1","0.25","1","0","0","0","100","0","25","0.3","10","2.5","2","60","1.6","0.4","20.5","6.7","16","8.21","365","14","1","0","0","299","299","161","17452","1635","3881","6201","59766","1065","6623","false","463751","138","261","666","25925","28350","16169"
"10","0.1","1","false","false","false","true","false","false","false","1","1","1","0.25","1","0","0","0","100","0","25","0.3","10","2.5","2","60","1.6","0.4","20.5","6.7","16","8.21","365","14","1","0","0","299","299","162","17066","1629","3809","6165","60260","1071","6567","false","464207","139","263","669","26052","28522","16260"
"10","0.1","1","false","false","false","true","false","false","false","1","1","1","0.25","1","0","0","0","100","0","25","0.3","10","2.5","2","60","1.6","0.4","20.5","6.7","16","8.21","365","14","1","0","0","299","299","163","16731","1547","3761","6151","60730","1080","6473","false","464719","141","264","675","26213","28678","16342"
"10","0.1","1","false","false","false","true","false","false","false","1","1","1","0.25","1","0","0","0","100","0","25","0.3","10","2.5","2","60","1.6","0.4","20.5","6.7","16","8.21","365","14","1","0","0","299","299","164","16351","1557","3737","6082","61186","1087","6347","false","465404","141","267","679","26357","28826","16432"
"10","0.1","1","false","false","false","true","false","false","false","1","1","1","0.25","1","0","0","0","100","0","25","0.3","10","2.5","2","60","1.6","0.4","20.5","6.7","16","8.21","365","14","1","0","0","299","299","165","15991","1567","3694","5994","61655","1099","6288","false","466545","142","273","684","26486","28988","16518"
"10","0.1","1","false","false","false","true","false","false","false","1","1","1","0.25","1","0","0","0","100","0","25","0.3","10","2.5","2","60","1.6","0.4","20.5","6.7","16","8.21","365","14","1","0","0","299","299","166","15619","1576","3675","5930","62100","1100","6292","false","466975","142","274","684","26631","29124","16604"
"10","0.1","1","false","false","false","true","false","false","false","1","1","1","0.25","1","0","0","0","100","0","25","0.3","10","2.5","2","60","1.6","0.4","20.5","6.7","16","8.21","365","14","1","0","0","299","299","167","15289","1507","3654","5911","62532","1107","6167","false","466942","143","276","688","26771","29287","16696"
"10","0.1","1","false","false","false","true","false","false","false","1","1","1","0.25","1","0","0","0","100","0","25","0.3","10","2.5","2","60","1.6","0.4","20.5","6.7","16","8.21","365","14","1","0","0","299","299","168","14968","1494","3624","5827","62974","1113","6040","false","468109","143","280","690","26905","29405","16788"
"10","0.1","1","false","false","false","true","false","false","false","1","1","1","0.25","1","0","0","0","100","0","25","0.3","10","2.5","2","60","1.6","0.4","20.5","6.7","16","8.21","365","14","1","0","0","299","299","169","14645","1447","3600","5788","63400","1120","5990","false","469244","144","284","692","27060","29546","16879"
"10","0.1","1","false","false","false","true","false","false","false","1","1","1","0.25","1","0","0","0","100","0","25","0.3","10","2.5","2","60","1.6","0.4","20.5","6.7","16","8.21","365","14","1","0","0","299","299","170","14326","1429","3552","5739","63822","1132","5940","false","469769","147","287","698","27190","29673","16974"
"10","0.1","1","false","false","false","true","false","false","false","1","1","1","0.25","1","0","0","0","100","0","25","0.3","10","2.5","2","60","1.6","0.4","20.5","6.7","16","8.21","365","14","1","0","0","299","299","171","14015","1397","3552","5651","64246","1139","5926","false","470106","149","288","702","27335","29806","17054"
"10","0.1","1","false","false","false","true","false","false","false","1","1","1","0.25","1","0","0","0","100","0","25","0.3","10","2.5","2","60","1.6","0.4","20.5","6.7","16","8.21","365","14","1","0","0","299","299","172","13719","1374","3527","5567","64669","1144","5778","false","470333","149","289","706","27455","29938","17138"
"10","0.1","1","false","false","false","true","false","false","false","1","1","1","0.25","1","0","0","0","100","0","25","0.3","10","2.5","2","60","1.6","0.4","20.5","6.7","16","8.21","365","14","1","0","0","299","299","173","13397","1384","3480","5480","65106","1153","5696","false","471478","150","292","711","27574","30054","17217"
"10","0.1","1","false","false","false","true","false","false","false","1","1","1","0.25","1","0","0","0","100","0","25","0.3","10","2.5","2","60","1.6","0.4","20.5","6.7","16","8.21","365","14","1","0","0","299","299","174","13079","1381","3405","5424","65551","1160","5555","false","472017","150","294","716","27699","30177","17286"
"10","0.1","1","false","false","false","true","false","false","false","1","1","1","0.25","1","0","0","0","100","0","25","0.3","10","2.5","2","60","1.6","0.4","20.5","6.7","16","8.21","365","14","1","0","0","299","299","175","12773","1362","3378","5386","65937","1164","5498","false","473160","152","294","718","27818","30303","17357"
"10","0.1","1","false","false","false","true","false","false","false","1","1","1","0.25","1","0","0","0","100","0","25","0.3","10","2.5","2","60","1.6","0.4","20.5","6.7","16","8.21","365","14","1","0","0","299","299","176","12468","1323","3332","5383","66323","1171","5454","false","473698","153","296","722","27928","30419","17453"
"10","0.1","1","false","false","false","true","false","false","false","1","1","1","0.25","1","0","0","0","100","0","25","0.3","10","2.5","2","60","1.6","0.4","20.5","6.7","16","8.21","365","14","1","0","0","299","299","177","12137","1351","3302","5288","66742","1180","5404","false","474099","153","300","727","28033","30538","17537"
"10","0.1","1","false","false","false","true","false","false","false","1","1","1","0.25","1","0","0","0","100","0","25","0.3","10","2.5","2","60","1.6","0.4","20.5","6.7","16","8.21","365","14","1","0","0","299","299","178","11843","1332","3249","5243","67147","1186","5295","false","474341","154","302","730","28152","30670","17597"
"10","0.1","1","false","false","false","true","false","false","false","1","1","1","0.25","1","0","0","0","100","0","25","0.3","10","2.5","2","60","1.6","0.4","20.5","6.7","16","8.21","365","14","1","0","0","299","299","179","11528","1308","3231","5204","67538","1191","5229","false","475218","156","302","733","28295","30806","17682"
"10","0.1","1","false","false","false","true","false","false","false","1","1","1","0.25","1","0","0","0","100","0","25","0.3","10","2.5","2","60","1.6","0.4","20.5","6.7","16","8.21","365","14","1","0","0","299","299","180","11248","1294","3205","5107","67947","1199","5105","false","475727","157","304","738","28406","30932","17760"
"10","0.1","1","false","false","false","true","false","false","false","1","1","1","0.25","1","0","0","0","100","0","25","0.3","10","2.5","2","60","1.6","0.4","20.5","6.7","16","8.21","365","14","1","0","0","299","299","181","10968","1273","3172","5015","68367","1205","5165","false","476679","158","305","742","28523","31059","17822"
"10","0.1","1","false","false","false","true","false","false","false","1","1","1","0.25","1","0","0","0","100","0","25","0.3","10","2.5","2","60","1.6","0.4","20.5","6.7","16","8.21","365","14","1","0","0","299","299","182","10705","1235","3121","4945","68782","1212","5108","false","476300","158","307","747","28630","31174","17882"
"10","0.1","1","false","false","false","true","false","false","false","1","1","1","0.25","1","0","0","0","100","0","25","0.3","10","2.5","2","60","1.6","0.4","20.5","6.7","16","8.21","365","14","1","0","0","299","299","183","10449","1166","3097","4898","69172","1218","5052","false","476666","160","308","750","28755","31306","17945"
"10","0.1","1","false","false","false","true","false","false","false","1","1","1","0.25","1","0","0","0","100","0","25","0.3","10","2.5","2","60","1.6","0.4","20.5","6.7","16","8.21","365","14","1","0","0","299","299","184","10166","1152","3074","4833","69552","1223","4977","false","477201","160","309","754","28863","31443","17998"
"10","0.1","1","false","false","false","true","false","false","false","1","1","1","0.25","1","0","0","0","100","0","25","0.3","10","2.5","2","60","1.6","0.4","20.5","6.7","16","8.21","365","14","1","0","0","299","299","185","9863","1184","3036","4753","69937","1227","4909","false","477813","161","310","756","28956","31568","18071"
"10","0.1","1","false","false","false","true","false","false","false","1","1","1","0.25","1","0","0","0","100","0","25","0.3","10","2.5","2","60","1.6","0.4","20.5","6.7","16","8.21","365","14","1","0","0","299","299","186","9582","1205","2995","4663","70319","1236","4886","false","478380","162","311","763","29073","31669","18130"
"10","0.1","1","false","false","false","true","false","false","false","1","1","1","0.25","1","0","0","0","100","0","25","0.3","10","2.5","2","60","1.6","0.4","20.5","6.7","16","8.21","365","14","1","0","0","299","299","187","9367","1165","2952","4565","70706","1245","4839","false","478590","164","312","769","29184","31774","18202"
"10","0.1","1","false","false","false","true","false","false","false","1","1","1","0.25","1","0","0","0","100","0","25","0.3","10","2.5","2","60","1.6","0.4","20.5","6.7","16","8.21","365","14","1","0","0","299","299","188","9129","1099","2889","4538","71090","1255","4722","false","479045","165","315","775","29284","31877","18280"
"10","0.1","1","false","false","false","true","false","false","false","1","1","1","0.25","1","0","0","0","100","0","25","0.3","10","2.5","2","60","1.6","0.4","20.5","6.7","16","8.21","365","14","1","0","0","299","299","189","8881","1068","2835","4495","71461","1260","4603","false","479973","165","315","780","29386","31980","18351"
"10","0.1","1","false","false","false","true","false","false","false","1","1","1","0.25","1","0","0","0","100","0","25","0.3","10","2.5","2","60","1.6","0.4","20.5","6.7","16","8.21","365","14","1","0","0","299","299","190","8612","1079","2798","4419","71822","1270","4532","false","480986","166","315","789","29486","32081","18415"
"10","0.1","1","false","false","false","true","false","false","false","1","1","1","0.25","1","0","0","0","100","0","25","0.3","10","2.5","2","60","1.6","0.4","20.5","6.7","16","8.21","365","14","1","0","0","299","299","191","8373","1067","2751","4367","72169","1273","4488","false","481583","166","315","792","29589","32172","18467"
"10","0.1","1","false","false","false","true","false","false","false","1","1","1","0.25","1","0","0","0","100","0","25","0.3","10","2.5","2","60","1.6","0.4","20.5","6.7","16","8.21","365","14","1","0","0","299","299","192","8173","1010","2721","4299","72514","1283","4451","false","482004","167","316","800","29690","32303","18523"
"10","0.1","1","false","false","false","true","false","false","false","1","1","1","0.25","1","0","0","0","100","0","25","0.3","10","2.5","2","60","1.6","0.4","20.5","6.7","16","8.21","365","14","1","0","0","299","299","193","7928","990","2712","4266","72820","1284","4324","false","482218","167","316","801","29788","32434","18579"
"10","0.1","1","false","false","false","true","false","false","false","1","1","1","0.25","1","0","0","0","100","0","25","0.3","10","2.5","2","60","1.6","0.4","20.5","6.7","16","8.21","365","14","1","0","0","299","299","194","7707","998","2652","4186","73167","1290","4208","false","483258","170","317","803","29867","32518","18632"
"10","0.1","1","false","false","false","true","false","false","false","1","1","1","0.25","1","0","0","0","100","0","25","0.3","10","2.5","2","60","1.6","0.4","20.5","6.7","16","8.21","365","14","1","0","0","299","299","195","7457","1026","2623","4108","73494","1292","4054","false","484093","171","318","803","29958","32615","18692"
"10","0.1","1","false","false","false","true","false","false","false","1","1","1","0.25","1","0","0","0","100","0","25","0.3","10","2.5","2","60","1.6","0.4","20.5","6.7","16","8.21","365","14","1","0","0","299","299","196","7226","1008","2575","4064","73827","1300","3957","false","485420","171","319","810","30047","32716","18736"
"10","0.1","1","false","false","false","true","false","false","false","1","1","1","0.25","1","0","0","0","100","0","25","0.3","10","2.5","2","60","1.6","0.4","20.5","6.7","16","8.21","365","14","1","0","0","299","299","197","7032","988","2536","4017","74124","1303","3895","false","486152","171","320","812","30124","32804","18780"
"10","0.1","1","false","false","false","true","false","false","false","1","1","1","0.25","1","0","0","0","100","0","25","0.3","10","2.5","2","60","1.6","0.4","20.5","6.7","16","8.21","365","14","1","0","0","299","299","198","6823","957","2509","3963","74439","1309","3813","false","486747","172","321","816","30199","32904","18844"
"10","0.1","1","false","false","false","true","false","false","false","1","1","1","0.25","1","0","0","0","100","0","25","0.3","10","2.5","2","60","1.6","0.4","20.5","6.7","16","8.21","365","14","1","0","0","299","299","199","6590","966","2448","3906","74777","1313","3747","false","487357","172","322","819","30293","32975","18913"
"10","0.1","1","false","false","false","true","false","false","false","1","1","1","0.25","1","0","0","0","100","0","25","0.3","10","2.5","2","60","1.6","0.4","20.5","6.7","16","8.21","365","14","1","0","0","299","299","200","6389","929","2404","3879","75076","1323","3654","false","487997","173","323","827","30387","33049","18986"
"10","0.1","1","false","false","false","true","false","false","false","1","1","1","0.25","1","0","0","0","100","0","25","0.3","10","2.5","2","60","1.6","0.4","20.5","6.7","16","8.21","365","14","1","0","0","299","299","201","6194","894","2369","3847","75366","1330","3590","false","488654","174","323","833","30460","33147","19035"
"10","0.1","1","false","false","false","true","false","false","false","1","1","1","0.25","1","0","0","0","100","0","25","0.3","10","2.5","2","60","1.6","0.4","20.5","6.7","16","8.21","365","14","1","0","0","299","299","202","5973","909","2321","3774","75685","1338","3572","false","489360","174","326","838","30526","33242","19087"
"10","0.1","1","false","false","false","true","false","false","false","1","1","1","0.25","1","0","0","0","100","0","25","0.3","10","2.5","2","60","1.6","0.4","20.5","6.7","16","8.21","365","14","1","0","0","299","299","203","5777","892","2292","3697","75997","1345","3481","false","489534","176","327","842","30618","33339","19128"
"10","0.1","1","false","false","false","true","false","false","false","1","1","1","0.25","1","0","0","0","100","0","25","0.3","10","2.5","2","60","1.6","0.4","20.5","6.7","16","8.21","365","14","1","0","0","299","299","204","5610","871","2251","3611","76305","1352","3464","false","490187","178","327","847","30693","33412","19179"
"10","0.1","1","false","false","false","true","false","false","false","1","1","1","0.25","1","0","0","0","100","0","25","0.3","10","2.5","2","60","1.6","0.4","20.5","6.7","16","8.21","365","14","1","0","0","299","299","205","5430","831","2213","3585","76584","1357","3387","false","490245","178","327","852","30781","33497","19217"
"10","0.1","1","false","false","false","true","false","false","false","1","1","1","0.25","1","0","0","0","100","0","25","0.3","10","2.5","2","60","1.6","0.4","20.5","6.7","16","8.21","365","14","1","0","0","299","299","206","5277","778","2196","3546","76845","1358","3256","false","490803","178","328","852","30852","33587","19265"
"10","0.1","1","false","false","false","true","false","false","false","1","1","1","0.25","1","0","0","0","100","0","25","0.3","10","2.5","2","60","1.6","0.4","20.5","6.7","16","8.21","365","14","1","0","0","299","299","207","5122","724","2156","3490","77148","1360","3173","false","491839","178","329","853","30931","33674","19308"
"10","0.1","1","false","false","false","true","false","false","false","1","1","1","0.25","1","0","0","0","100","0","25","0.3","10","2.5","2","60","1.6","0.4","20.5","6.7","16","8.21","365","14","1","0","0","299","299","208","4943","739","2124","3392","77438","1364","3175","false","492578","178","329","857","30993","33741","19357"
"10","0.1","1","false","false","false","true","false","false","false","1","1","1","0.25","1","0","0","0","100","0","25","0.3","10","2.5","2","60","1.6","0.4","20.5","6.7","16","8.21","365","14","1","0","0","299","299","209","4802","702","2114","3310","77705","1367","3086","false","492748","178","330","859","31067","33806","19400"
"10","0.1","1","false","false","false","true","false","false","false","1","1","1","0.25","1","0","0","0","100","0","25","0.3","10","2.5","2","60","1.6","0.4","20.5","6.7","16","8.21","365","14","1","0","0","299","299","210","4639","698","2072","3240","77978","1373","3035","false","493512","179","333","861","31133","33881","19432"
"10","0.1","1","false","false","false","true","false","false","false","1","1","1","0.25","1","0","0","0","100","0","25","0.3","10","2.5","2","60","1.6","0.4","20.5","6.7","16","8.21","365","14","1","0","0","299","299","211","4476","689","2021","3192","78244","1378","2968","false","494071","181","334","863","31205","33956","19469"
"10","0.1","1","false","false","false","true","false","false","false","1","1","1","0.25","1","0","0","0","100","0","25","0.3","10","2.5","2","60","1.6","0.4","20.5","6.7","16","8.21","365","14","1","0","0","299","299","212","4309","688","1979","3150","78491","1383","2870","false","494641","183","336","864","31273","34015","19498"
"10","0.1","1","false","false","false","true","false","false","false","1","1","1","0.25","1","0","0","0","100","0","25","0.3","10","2.5","2","60","1.6","0.4","20.5","6.7","16","8.21","365","14","1","0","0","299","299","213","4165","665","1963","3081","78740","1386","2801","false","495430","183","338","865","31345","34075","19549"
"10","0.1","1","false","false","false","true","false","false","false","1","1","1","0.25","1","0","0","0","100","0","25","0.3","10","2.5","2","60","1.6","0.4","20.5","6.7","16","8.21","365","14","1","0","0","299","299","214","4033","635","1908","3015","79019","1390","2718","false","496110","184","340","866","31401","34140","19583"
"10","0.1","1","false","false","false","true","false","false","false","1","1","1","0.25","1","0","0","0","100","0","25","0.3","10","2.5","2","60","1.6","0.4","20.5","6.7","16","8.21","365","14","1","0","0","299","299","215","3896","629","1893","2909","79281","1392","2696","false","496783","184","340","868","31469","34209","19616"
"10","0.1","1","false","false","false","true","false","false","false","1","1","1","0.25","1","0","0","0","100","0","25","0.3","10","2.5","2","60","1.6","0.4","20.5","6.7","16","8.21","365","14","1","0","0","299","299","216","3763","613","1858","2836","79530","1400","2631","false","496946","185","343","872","31521","34283","19652"
"10","0.1","1","false","false","false","true","false","false","false","1","1","1","0.25","1","0","0","0","100","0","25","0.3","10","2.5","2","60","1.6","0.4","20.5","6.7","16","8.21","365","14","1","0","0","299","299","217","3633","589","1817","2789","79769","1403","2553","false","497462","185","343","875","31572","34357","19672"
"10","0.1","1","false","false","false","true","false","false","false","1","1","1","0.25","1","0","0","0","100","0","25","0.3","10","2.5","2","60","1.6","0.4","20.5","6.7","16","8.21","365","14","1","0","0","299","299","218","3527","533","1757","2752","80024","1407","2489","false","498145","185","343","879","31637","34412","19704"
"10","0.1","1","false","false","false","true","false","false","false","1","1","1","0.25","1","0","0","0","100","0","25","0.3","10","2.5","2","60","1.6","0.4","20.5","6.7","16","8.21","365","14","1","0","0","299","299","219","3382","551","1731","2679","80248","1409","2502","false","498665","185","343","881","31687","34469","19733"
"10","0.1","1","false","false","false","true","false","false","false","1","1","1","0.25","1","0","0","0","100","0","25","0.3","10","2.5","2","60","1.6","0.4","20.5","6.7","16","8.21","365","14","1","0","0","299","299","220","3261","538","1699","2605","80485","1412","2476","false","498622","186","344","882","31747","34526","19758"
"10","0.1","1","false","false","false","true","false","false","false","1","1","1","0.25","1","0","0","0","100","0","25","0.3","10","2.5","2","60","1.6","0.4","20.5","6.7","16","8.21","365","14","1","0","0","299","299","221","3138","528","1657","2538","80721","1418","2393","false","498931","186","347","885","31803","34579","19784"
"10","0.1","1","false","false","false","true","false","false","false","1","1","1","0.25","1","0","0","0","100","0","25","0.3","10","2.5","2","60","1.6","0.4","20.5","6.7","16","8.21","365","14","1","0","0","299","299","222","3002","543","1634","2460","80941","1420","2377","false","499615","186","349","885","31855","34630","19815"
"10","0.1","1","false","false","false","true","false","false","false","1","1","1","0.25","1","0","0","0","100","0","25","0.3","10","2.5","2","60","1.6","0.4","20.5","6.7","16","8.21","365","14","1","0","0","299","299","223","2893","520","1601","2411","81151","1424","2333","false","499752","188","349","887","31902","34686","19841"
"10","0.1","1","false","false","false","true","false","false","false","1","1","1","0.25","1","0","0","0","100","0","25","0.3","10","2.5","2","60","1.6","0.4","20.5","6.7","16","8.21","365","14","1","0","0","299","299","224","2775","519","1549","2353","81374","1430","2233","false","500113","188","352","890","31944","34730","19869"
"10","0.1","1","false","false","false","true","false","false","false","1","1","1","0.25","1","0","0","0","100","0","25","0.3","10","2.5","2","60","1.6","0.4","20.5","6.7","16","8.21","365","14","1","0","0","299","299","225","2662","513","1529","2296","81566","1434","2213","false","500910","188","353","893","31993","34777","19902"
"10","0.1","1","false","false","false","true","false","false","false","1","1","1","0.25","1","0","0","0","100","0","25","0.3","10","2.5","2","60","1.6","0.4","20.5","6.7","16","8.21","365","14","1","0","0","299","299","226","2548","515","1485","2229","81784","1439","2159","false","501112","188","354","897","32038","34823","19934"
"10","0.1","1","false","false","false","true","false","false","false","1","1","1","0.25","1","0","0","0","100","0","25","0.3","10","2.5","2","60","1.6","0.4","20.5","6.7","16","8.21","365","14","1","0","0","299","299","227","2438","500","1450","2160","82012","1440","2142","false","501546","189","354","897","32090","34870","19957"
"10","0.1","1","false","false","false","true","false","false","false","1","1","1","0.25","1","0","0","0","100","0","25","0.3","10","2.5","2","60","1.6","0.4","20.5","6.7","16","8.21","365","14","1","0","0","299","299","228","2351","460","1417","2119","82212","1441","2062","false","501800","189","355","897","32140","34924","19985"
"10","0.1","1","false","false","false","true","false","false","false","1","1","1","0.25","1","0","0","0","100","0","25","0.3","10","2.5","2","60","1.6","0.4","20.5","6.7","16","8.21","365","14","1","0","0","299","299","229","2269","429","1376","2088","82393","1445","1984","false","502525","190","357","898","32180","34964","20010"
"10","0.1","1","false","false","false","true","false","false","false","1","1","1","0.25","1","0","0","0","100","0","25","0.3","10","2.5","2","60","1.6","0.4","20.5","6.7","16","8.21","365","14","1","0","0","299","299","230","2173","426","1344","2027","82579","1451","1945","false","503212","191","358","902","32224","35009","20033"
"10","0.1","1","false","false","false","true","false","false","false","1","1","1","0.25","1","0","0","0","100","0","25","0.3","10","2.5","2","60","1.6","0.4","20.5","6.7","16","8.21","365","14","1","0","0","299","299","231","2092","389","1336","1977","82753","1453","1890","false","503469","191","359","903","32275","35064","20063"
"10","0.1","1","false","false","false","true","false","false","false","1","1","1","0.25","1","0","0","0","100","0","25","0.3","10","2.5","2","60","1.6","0.4","20.5","6.7","16","8.21","365","14","1","0","0","299","299","232","2016","361","1297","1943","82927","1456","1778","false","503865","191","359","906","32306","35109","20092"
"10","0.1","1","false","false","false","true","false","false","false","1","1","1","0.25","1","0","0","0","100","0","25","0.3","10","2.5","2","60","1.6","0.4","20.5","6.7","16","8.21","365","14","1","0","0","299","299","233","1946","349","1270","1883","83093","1459","1690","false","504789","192","360","907","32350","35151","20105"
"10","0.1","1","false","false","false","true","false","false","false","1","1","1","0.25","1","0","0","0","100","0","25","0.3","10","2.5","2","60","1.6","0.4","20.5","6.7","16","8.21","365","14","1","0","0","299","299","234","1870","338","1240","1837","83254","1461","1598","false","505458","192","361","908","32382","35185","20130"
"10","0.1","1","false","false","false","true","false","false","false","1","1","1","0.25","1","0","0","0","100","0","25","0.3","10","2.5","2","60","1.6","0.4","20.5","6.7","16","8.21","365","14","1","0","0","299","299","235","1796","328","1210","1774","83429","1463","1561","false","506222","192","361","910","32419","35216","20147"
"10","0.1","1","false","false","false","true","false","false","false","1","1","1","0.25","1","0","0","0","100","0","25","0.3","10","2.5","2","60","1.6","0.4","20.5","6.7","16","8.21","365","14","1","0","0","299","299","236","1727","328","1161","1731","83585","1468","1491","false","506574","193","363","912","32443","35240","20161"
"10","0.1","1","false","false","false","true","false","false","false","1","1","1","0.25","1","0","0","0","100","0","25","0.3","10","2.5","2","60","1.6","0.4","20.5","6.7","16","8.21","365","14","1","0","0","299","299","237","1659","320","1115","1694","83741","1471","1426","false","507123","194","364","913","32471","35274","20181"
"10","0.1","1","false","false","false","true","false","false","false","1","1","1","0.25","1","0","0","0","100","0","25","0.3","10","2.5","2","60","1.6","0.4","20.5","6.7","16","8.21","365","14","1","0","0","299","299","238","1599","300","1090","1655","83883","1473","1377","false","507640","195","365","913","32515","35305","20197"
"10","0.1","1","false","false","false","true","false","false","false","1","1","1","0.25","1","0","0","0","100","0","25","0.3","10","2.5","2","60","1.6","0.4","20.5","6.7","16","8.21","365","14","1","0","0","299","299","239","1523","316","1066","1599","84022","1474","1318","false","508173","195","366","913","32543","35334","20210"
"10","0.1","1","false","false","false","true","false","false","false","1","1","1","0.25","1","0","0","0","100","0","25","0.3","10","2.5","2","60","1.6","0.4","20.5","6.7","16","8.21","365","14","1","0","0","299","299","240","1454","307","1042","1540","84183","1474","1235","false","508661","195","366","913","32575","35359","20232"
"10","0.1","1","false","false","false","true","false","false","false","1","1","1","0.25","1","0","0","0","100","0","25","0.3","10","2.5","2","60","1.6","0.4","20.5","6.7","16","8.21","365","14","1","0","0","299","299","241","1385","307","993","1509","84330","1476","1179","false","509368","195","366","915","32597","35376","20246"
"10","0.1","1","false","false","false","true","false","false","false","1","1","1","0.25","1","0","0","0","100","0","25","0.3","10","2.5","2","60","1.6","0.4","20.5","6.7","16","8.21","365","14","1","0","0","299","299","242","1320","299","952","1472","84481","1476","1136","false","509864","195","366","915","32623","35398","20260"
"10","0.1","1","false","false","false","true","false","false","false","1","1","1","0.25","1","0","0","0","100","0","25","0.3","10","2.5","2","60","1.6","0.4","20.5","6.7","16","8.21","365","14","1","0","0","299","299","243","1260","286","913","1429","84631","1481","1058","false","510286","195","367","919","32655","35424","20274"
"10","0.1","1","false","false","false","true","false","false","false","1","1","1","0.25","1","0","0","0","100","0","25","0.3","10","2.5","2","60","1.6","0.4","20.5","6.7","16","8.21","365","14","1","0","0","299","299","244","1204","271","903","1378","84761","1483","1014","false","510832","195","367","921","32683","35464","20291"
"10","0.1","1","false","false","false","true","false","false","false","1","1","1","0.25","1","0","0","0","100","0","25","0.3","10","2.5","2","60","1.6","0.4","20.5","6.7","16","8.21","365","14","1","0","0","299","299","245","1147","261","886","1343","84878","1485","988","false","511207","195","368","922","32713","35498","20305"
"10","0.1","1","false","false","false","true","false","false","false","1","1","1","0.25","1","0","0","0","100","0","25","0.3","10","2.5","2","60","1.6","0.4","20.5","6.7","16","8.21","365","14","1","0","0","299","299","246","1094","245","859","1311","85004","1487","942","false","511425","195","368","924","32729","35529","20324"
"10","0.1","1","false","false","false","true","false","false","false","1","1","1","0.25","1","0","0","0","100","0","25","0.3","10","2.5","2","60","1.6","0.4","20.5","6.7","16","8.21","365","14","1","0","0","299","299","247","1046","237","836","1268","85126","1487","911","false","511815","195","368","924","32750","35553","20333"
"10","0.1","1","false","false","false","true","false","false","false","1","1","1","0.25","1","0","0","0","100","0","25","0.3","10","2.5","2","60","1.6","0.4","20.5","6.7","16","8.21","365","14","1","0","0","299","299","248","1001","223","830","1232","85227","1487","874","false","512091","195","368","924","32784","35576","20342"
"10","0.1","1","false","false","false","true","false","false","false","1","1","1","0.25","1","0","0","0","100","0","25","0.3","10","2.5","2","60","1.6","0.4","20.5","6.7","16","8.21","365","14","1","0","0","299","299","249","968","207","814","1164","85358","1489","836","false","512415","195","368","926","32810","35599","20354"
"10","0.1","1","false","false","false","true","false","false","false","1","1","1","0.25","1","0","0","0","100","0","25","0.3","10","2.5","2","60","1.6","0.4","20.5","6.7","16","8.21","365","14","1","0","0","299","299","250","932","188","781","1155","85453","1491","804","false","512799","195","369","927","32825","35623","20364"
"10","0.1","1","false","false","false","true","false","false","false","1","1","1","0.25","1","0","0","0","100","0","25","0.3","10","2.5","2","60","1.6","0.4","20.5","6.7","16","8.21","365","14","1","0","0","299","299","251","885","173","770","1141","85539","1492","798","false","513119","196","369","927","32851","35650","20372"
"10","0.1","1","false","false","false","true","false","false","false","1","1","1","0.25","1","0","0","0","100","0","25","0.3","10","2.5","2","60","1.6","0.4","20.5","6.7","16","8.21","365","14","1","0","0","299","299","252","848","176","749","1077","85655","1495","770","false","513187","197","369","929","32868","35667","20380"
"10","0.1","1","false","false","false","true","false","false","false","1","1","1","0.25","1","0","0","0","100","0","25","0.3","10","2.5","2","60","1.6","0.4","20.5","6.7","16","8.21","365","14","1","0","0","299","299","253","819","164","726","1034","85760","1497","720","false","513393","197","369","931","32884","35690","20396"
"10","0.1","1","false","false","false","true","false","false","false","1","1","1","0.25","1","0","0","0","100","0","25","0.3","10","2.5","2","60","1.6","0.4","20.5","6.7","16","8.21","365","14","1","0","0","299","299","254","795","150","683","983","85888","1501","683","false","513832","198","370","933","32907","35707","20403"
"10","0.1","1","false","false","false","true","false","false","false","1","1","1","0.25","1","0","0","0","100","0","25","0.3","10","2.5","2","60","1.6","0.4","20.5","6.7","16","8.21","365","14","1","0","0","299","299","255","773","135","658","946","85985","1503","631","false","514111","198","370","935","32922","35720","20413"
"10","0.1","1","false","false","false","true","false","false","false","1","1","1","0.25","1","0","0","0","100","0","25","0.3","10","2.5","2","60","1.6","0.4","20.5","6.7","16","8.21","365","14","1","0","0","299","299","256","753","118","628","911","86085","1505","604","false","514562","198","370","937","32929","35739","20422"
"10","0.1","1","false","false","false","true","false","false","false","1","1","1","0.25","1","0","0","0","100","0","25","0.3","10","2.5","2","60","1.6","0.4","20.5","6.7","16","8.21","365","14","1","0","0","299","299","257","725","113","613","880","86162","1507","578","false","514824","200","370","937","32946","35749","20435"
"10","0.1","1","false","false","false","true","false","false","false","1","1","1","0.25","1","0","0","0","100","0","25","0.3","10","2.5","2","60","1.6","0.4","20.5","6.7","16","8.21","365","14","1","0","0","299","299","258","705","99","590","850","86247","1509","547","false","515074","200","370","939","32958","35767","20444"
"10","0.1","1","false","false","false","true","false","false","false","1","1","1","0.25","1","0","0","0","100","0","25","0.3","10","2.5","2","60","1.6","0.4","20.5","6.7","16","8.21","365","14","1","0","0","299","299","259","684","91","571","815","86328","1511","531","false","515375","200","371","940","32965","35777","20456"
"10","0.1","1","false","false","false","true","false","false","false","1","1","1","0.25","1","0","0","0","100","0","25","0.3","10","2.5","2","60","1.6","0.4","20.5","6.7","16","8.21","365","14","1","0","0","299","299","260","669","79","542","792","86404","1514","490","false","515538","200","372","942","32973","35786","20464"
"10","0.1","1","false","false","false","true","false","false","false","1","1","1","0.25","1","0","0","0","100","0","25","0.3","10","2.5","2","60","1.6","0.4","20.5","6.7","16","8.21","365","14","1","0","0","299","299","261","653","76","516","758","86482","1515","456","false","515841","200","372","943","32979","35799","20465"
"10","0.1","1","false","false","false","true","false","false","false","1","1","1","0.25","1","0","0","0","100","0","25","0.3","10","2.5","2","60","1.6","0.4","20.5","6.7","16","8.21","365","14","1","0","0","299","299","262","627","81","496","728","86552","1516","425","false","516112","200","372","944","32990","35806","20466"
"10","0.1","1","false","false","false","true","false","false","false","1","1","1","0.25","1","0","0","0","100","0","25","0.3","10","2.5","2","60","1.6","0.4","20.5","6.7","16","8.21","365","14","1","0","0","299","299","263","599","94","463","690","86635","1519","394","false","516395","200","373","946","32998","35810","20471"
"10","0.1","1","false","false","false","true","false","false","false","1","1","1","0.25","1","0","0","0","100","0","25","0.3","10","2.5","2","60","1.6","0.4","20.5","6.7","16","8.21","365","14","1","0","0","299","299","264","577","102","449","650","86702","1520","377","false","516683","200","373","947","33005","35816","20476"
"10","0.1","1","false","false","false","true","false","false","false","1","1","1","0.25","1","0","0","0","100","0","25","0.3","10","2.5","2","60","1.6","0.4","20.5","6.7","16","8.21","365","14","1","0","0","299","299","265","562","95","432","619","86772","1520","346","false","516835","200","373","947","33010","35825","20481"
"10","0.1","1","false","false","false","true","false","false","false","1","1","1","0.25","1","0","0","0","100","0","25","0.3","10","2.5","2","60","1.6","0.4","20.5","6.7","16","8.21","365","14","1","0","0","299","299","266","535","97","409","588","86850","1521","322","false","517112","200","374","947","33024","35830","20487"
"10","0.1","1","false","false","false","true","false","false","false","1","1","1","0.25","1","0","0","0","100","0","25","0.3","10","2.5","2","60","1.6","0.4","20.5","6.7","16","8.21","365","14","1","0","0","299","299","267","508","103","386","567","86914","1522","320","false","517301","200","375","947","33028","35837","20492"
"10","0.1","1","false","false","false","true","false","false","false","1","1","1","0.25","1","0","0","0","100","0","25","0.3","10","2.5","2","60","1.6","0.4","20.5","6.7","16","8.21","365","14","1","0","0","299","299","268","489","97","367","546","86977","1524","307","false","517326","201","375","948","33034","35850","20500"
"10","0.1","1","false","false","false","true","false","false","false","1","1","1","0.25","1","0","0","0","100","0","25","0.3","10","2.5","2","60","1.6","0.4","20.5","6.7","16","8.21","365","14","1","0","0","299","299","269","474","94","347","503","87057","1525","286","false","517455","201","375","949","33041","35857","20505"
"10","0.1","1","false","false","false","true","false","false","false","1","1","1","0.25","1","0","0","0","100","0","25","0.3","10","2.5","2","60","1.6","0.4","20.5","6.7","16","8.21","365","14","1","0","0","299","299","270","459","86","315","482","87131","1527","291","false","517632","201","376","950","33045","35868","20509"
"10","0.1","1","false","false","false","true","false","false","false","1","1","1","0.25","1","0","0","0","100","0","25","0.3","10","2.5","2","60","1.6","0.4","20.5","6.7","16","8.21","365","14","1","0","0","299","299","271","433","94","296","451","87197","1529","271","false","517597","202","376","951","33051","35880","20514"
"10","0.1","1","false","false","false","true","false","false","false","1","1","1","0.25","1","0","0","0","100","0","25","0.3","10","2.5","2","60","1.6","0.4","20.5","6.7","16","8.21","365","14","1","0","0","299","299","272","414","84","285","431","87256","1530","275","false","517753","202","376","952","33060","35896","20520"
"10","0.1","1","false","false","false","true","false","false","false","1","1","1","0.25","1","0","0","0","100","0","25","0.3","10","2.5","2","60","1.6","0.4","20.5","6.7","16","8.21","365","14","1","0","0","299","299","273","395","81","267","405","87322","1530","274","false","517759","202","376","952","33067","35905","20526"
"10","0.1","1","false","false","false","true","false","false","false","1","1","1","0.25","1","0","0","0","100","0","25","0.3","10","2.5","2","60","1.6","0.4","20.5","6.7","16","8.21","365","14","1","0","0","299","299","274","382","65","250","399","87373","1531","264","false","517768","202","376","953","33075","35915","20533"
"10","0.1","1","false","false","false","true","false","false","false","1","1","1","0.25","1","0","0","0","100","0","25","0.3","10","2.5","2","60","1.6","0.4","20.5","6.7","16","8.21","365","14","1","0","0","299","299","275","363","72","247","380","87407","1531","281","false","517867","202","376","953","33082","35920","20539"
"10","0.1","1","false","false","false","true","false","false","false","1","1","1","0.25","1","0","0","0","100","0","25","0.3","10","2.5","2","60","1.6","0.4","20.5","6.7","16","8.21","365","14","1","0","0","299","299","276","347","66","240","360","87455","1532","281","false","517749","202","377","953","33094","35933","20544"
"10","0.1","1","false","false","false","true","false","false","false","1","1","1","0.25","1","0","0","0","100","0","25","0.3","10","2.5","2","60","1.6","0.4","20.5","6.7","16","8.21","365","14","1","0","0","299","299","277","337","59","231","342","87498","1533","258","false","517772","202","377","954","33097","35940","20550"
"10","0.1","1","false","false","false","true","false","false","false","1","1","1","0.25","1","0","0","0","100","0","25","0.3","10","2.5","2","60","1.6","0.4","20.5","6.7","16","8.21","365","14","1","0","0","299","299","278","322","61","229","331","87524","1533","262","false","517945","202","377","954","33103","35944","20550"
"10","0.1","1","false","false","false","true","false","false","false","1","1","1","0.25","1","0","0","0","100","0","25","0.3","10","2.5","2","60","1.6","0.4","20.5","6.7","16","8.21","365","14","1","0","0","299","299","279","317","47","210","325","87568","1533","229","false","517936","202","377","954","33107","35955","20555"
"10","0.1","1","false","false","false","true","false","false","false","1","1","1","0.25","1","0","0","0","100","0","25","0.3","10","2.5","2","60","1.6","0.4","20.5","6.7","16","8.21","365","14","1","0","0","299","299","280","302","57","206","308","87593","1534","221","false","518225","202","377","955","33108","35959","20557"
"10","0.1","1","false","false","false","true","false","false","false","1","1","1","0.25","1","0","0","0","100","0","25","0.3","10","2.5","2","60","1.6","0.4","20.5","6.7","16","8.21","365","14","1","0","0","299","299","281","296","48","202","295","87624","1535","206","false","518275","202","377","956","33118","35961","20561"
"10","0.1","1","false","false","false","true","false","false","false","1","1","1","0.25","1","0","0","0","100","0","25","0.3","10","2.5","2","60","1.6","0.4","20.5","6.7","16","8.21","365","14","1","0","0","299","299","282","283","51","191","280","87659","1536","191","false","518393","202","378","956","33121","35968","20563"
"10","0.1","1","false","false","false","true","false","false","false","1","1","1","0.25","1","0","0","0","100","0","25","0.3","10","2.5","2","60","1.6","0.4","20.5","6.7","16","8.21","365","14","1","0","0","299","299","283","270","51","186","275","87682","1536","173","false","518497","202","378","956","33126","35971","20566"
"10","0.1","1","false","false","false","true","false","false","false","1","1","1","0.25","1","0","0","0","100","0","25","0.3","10","2.5","2","60","1.6","0.4","20.5","6.7","16","8.21","365","14","1","0","0","299","299","284","257","51","184","270","87700","1538","146","false","518635","203","378","957","33131","35976","20572"
"10","0.1","1","false","false","false","true","false","false","false","1","1","1","0.25","1","0","0","0","100","0","25","0.3","10","2.5","2","60","1.6","0.4","20.5","6.7","16","8.21","365","14","1","0","0","299","299","285","246","49","179","264","87724","1538","128","false","518827","203","378","957","33132","35981","20575"
"10","0.1","1","false","false","false","true","false","false","false","1","1","1","0.25","1","0","0","0","100","0","25","0.3","10","2.5","2","60","1.6","0.4","20.5","6.7","16","8.21","365","14","1","0","0","299","299","286","235","50","172","263","87742","1538","109","false","518981","203","378","957","33136","35984","20577"
"10","0.1","1","false","false","false","true","false","false","false","1","1","1","0.25","1","0","0","0","100","0","25","0.3","10","2.5","2","60","1.6","0.4","20.5","6.7","16","8.21","365","14","1","0","0","299","299","287","224","46","171","250","87771","1538","85","false","519152","203","378","957","33140","35992","20581"
"10","0.1","1","false","false","false","true","false","false","false","1","1","1","0.25","1","0","0","0","100","0","25","0.3","10","2.5","2","60","1.6","0.4","20.5","6.7","16","8.21","365","14","1","0","0","299","299","288","212","45","168","242","87794","1539","62","false","519368","203","379","957","33146","36000","20581"
"10","0.1","1","false","false","false","true","false","false","false","1","1","1","0.25","1","0","0","0","100","0","25","0.3","10","2.5","2","60","1.6","0.4","20.5","6.7","16","8.21","365","14","1","0","0","299","299","289","199","50","167","232","87813","1539","44","false","519569","203","379","957","33149","36006","20582"
"10","0.1","1","false","false","false","true","false","false","false","1","1","1","0.25","1","0","0","0","100","0","25","0.3","10","2.5","2","60","1.6","0.4","20.5","6.7","16","8.21","365","14","1","0","0","299","299","290","182","53","163","232","87831","1539","23","false","519759","203","379","957","33153","36010","20587"
"10","0.1","1","false","false","false","true","false","false","false","1","1","1","0.25","1","0","0","0","100","0","25","0.3","10","2.5","2","60","1.6","0.4","20.5","6.7","16","8.21","365","14","1","0","0","299","299","291","166","56","158","228","87853","1539","7","false","519979","203","379","957","33158","36013","20589"
"10","0.1","1","false","false","false","true","false","false","false","1","1","1","0.25","1","0","0","0","100","0","25","0.3","10","2.5","2","60","1.6","0.4","20.5","6.7","16","8.21","365","14","1","0","0","299","299","292","145","65","150","227","87874","1539","0","false","520149","203","379","957","33162","36019","20591"
"10","0.1","1","false","false","false","true","false","false","false","1","1","1","0.25","1","0","0","0","100","0","25","0.3","10","2.5","2","60","1.6","0.4","20.5","6.7","16","8.21","365","14","1","0","0","299","299","293","129","67","148","214","87903","1539","0","false","520230","203","379","957","33169","36024","20598"
"10","0.1","1","false","false","false","true","false","false","false","1","1","1","0.25","1","0","0","0","100","0","25","0.3","10","2.5","2","60","1.6","0.4","20.5","6.7","16","8.21","365","14","1","0","0","299","299","294","121","64","145","206","87925","1539","0","false","520230","203","379","957","33172","36027","20600"
"10","0.1","1","false","false","false","true","false","false","false","1","1","1","0.25","1","0","0","0","100","0","25","0.3","10","2.5","2","60","1.6","0.4","20.5","6.7","16","8.21","365","14","1","0","0","299","299","295","110","56","143","213","87939","1539","0","false","520230","203","379","957","33180","36035","20603"
"10","0.1","1","false","false","false","true","false","false","false","1","1","1","0.25","1","0","0","0","100","0","25","0.3","10","2.5","2","60","1.6","0.4","20.5","6.7","16","8.21","365","14","1","0","0","299","299","296","101","53","132","204","87969","1541","0","false","520230","203","380","958","33184","36037","20606"
"10","0.1","1","false","false","false","true","false","false","false","1","1","1","0.25","1","0","0","0","100","0","25","0.3","10","2.5","2","60","1.6","0.4","20.5","6.7","16","8.21","365","14","1","0","0","299","299","297","91","51","131","201","87985","1541","0","false","520206","203","380","958","33190","36042","20607"
"10","0.1","1","false","false","false","true","false","false","false","1","1","1","0.25","1","0","0","0","100","0","25","0.3","10","2.5","2","60","1.6","0.4","20.5","6.7","16","8.21","365","14","1","0","0","299","299","298","89","43","126","192","88009","1541","0","false","520206","203","380","958","33195","36048","20609"
"10","0.1","1","false","false","false","true","false","false","false","1","1","1","0.25","1","0","0","0","100","0","25","0.3","10","2.5","2","60","1.6","0.4","20.5","6.7","16","8.21","365","14","1","0","0","299","299","299","84","38","128","183","88026","1541","0","false","520206","203","380","958","33200","36054","20610"
"10","0.1","1","false","false","false","true","false","false","false","1","1","1","0.25","1","0","0","0","100","0","25","0.3","10","2.5","2","60","1.6","0.4","20.5","6.7","16","8.21","365","14","1","0","0","299","299","300","75","38","125","179","88042","1541","0","false","520206","203","380","958","33203","36060","20612"
"10","0.1","1","false","false","false","true","false","false","false","1","1","1","0.25","1","0","0","0","100","0","25","0.3","10","2.5","2","60","1.6","0.4","20.5","6.7","16","8.21","365","14","1","0","0","299","299","301","73","32","126","172","88056","1541","0","false","520206","203","380","958","33208","36064","20616"
"10","0.1","1","false","false","false","true","false","false","false","1","1","1","0.25","1","0","0","0","100","0","25","0.3","10","2.5","2","60","1.6","0.4","20.5","6.7","16","8.21","365","14","1","0","0","299","299","302","70","25","121","171","88071","1542","0","false","520206","203","381","958","33210","36066","20617"
"10","0.1","1","false","false","false","true","false","false","false","1","1","1","0.25","1","0","0","0","100","0","25","0.3","10","2.5","2","60","1.6","0.4","20.5","6.7","16","8.21","365","14","1","0","0","299","299","303","64","20","114","169","88091","1542","0","false","520194","203","381","958","33213","36072","20620"
"10","0.1","1","false","false","false","true","false","false","false","1","1","1","0.25","1","0","0","0","100","0","25","0.3","10","2.5","2","60","1.6","0.4","20.5","6.7","16","8.21","365","14","1","0","0","299","299","304","62","15","109","161","88110","1543","0","false","520194","203","381","959","33217","36075","20622"
"10","0.1","1","false","false","false","true","false","false","false","1","1","1","0.25","1","0","0","0","100","0","25","0.3","10","2.5","2","60","1.6","0.4","20.5","6.7","16","8.21","365","14","1","0","0","299","299","305","60","15","107","149","88126","1543","0","false","520186","203","381","959","33219","36077","20624"
"10","0.1","1","false","false","false","true","false","false","false","1","1","1","0.25","1","0","0","0","100","0","25","0.3","10","2.5","2","60","1.6","0.4","20.5","6.7","16","8.21","365","14","1","0","0","299","299","306","54","19","104","140","88140","1543","0","false","520186","203","381","959","33219","36078","20626"
"10","0.1","1","false","false","false","true","false","false","false","1","1","1","0.25","1","0","0","0","100","0","25","0.3","10","2.5","2","60","1.6","0.4","20.5","6.7","16","8.21","365","14","1","0","0","299","299","307","50","18","101","136","88152","1543","0","false","520186","203","381","959","33220","36081","20627"
"10","0.1","1","false","false","false","true","false","false","false","1","1","1","0.25","1","0","0","0","100","0","25","0.3","10","2.5","2","60","1.6","0.4","20.5","6.7","16","8.21","365","14","1","0","0","299","299","308","48","15","95","132","88167","1543","0","false","520186","203","381","959","33224","36081","20628"
"10","0.1","1","false","false","false","true","false","false","false","1","1","1","0.25","1","0","0","0","100","0","25","0.3","10","2.5","2","60","1.6","0.4","20.5","6.7","16","8.21","365","14","1","0","0","299","299","309","45","15","90","129","88178","1543","0","false","520186","203","381","959","33224","36084","20628"
"10","0.1","1","false","false","false","true","false","false","false","1","1","1","0.25","1","0","0","0","100","0","25","0.3","10","2.5","2","60","1.6","0.4","20.5","6.7","16","8.21","365","14","1","0","0","299","299","310","42","14","88","125","88188","1543","0","false","520186","203","381","959","33224","36087","20629"
"10","0.1","1","false","false","false","true","false","false","false","1","1","1","0.25","1","0","0","0","100","0","25","0.3","10","2.5","2","60","1.6","0.4","20.5","6.7","16","8.21","365","14","1","0","0","299","299","311","39","12","86","119","88201","1543","0","false","520186","203","381","959","33225","36090","20629"
"10","0.1","1","false","false","false","true","false","false","false","1","1","1","0.25","1","0","0","0","100","0","25","0.3","10","2.5","2","60","1.6","0.4","20.5","6.7","16","8.21","365","14","1","0","0","299","299","312","38","12","77","117","88213","1543","0","false","520186","203","381","959","33226","36090","20629"
"10","0.1","1","false","false","false","true","false","false","false","1","1","1","0.25","1","0","0","0","100","0","25","0.3","10","2.5","2","60","1.6","0.4","20.5","6.7","16","8.21","365","14","1","0","0","299","299","313","38","10","76","111","88222","1543","0","false","520186","203","381","959","33228","36090","20630"
"10","0.1","1","false","false","false","true","false","false","false","1","1","1","0.25","1","0","0","0","100","0","25","0.3","10","2.5","2","60","1.6","0.4","20.5","6.7","16","8.21","365","14","1","0","0","299","299","314","37","9","72","103","88236","1543","0","false","520186","203","381","959","33228","36090","20631"
"10","0.1","1","false","false","false","true","false","false","false","1","1","1","0.25","1","0","0","0","100","0","25","0.3","10","2.5","2","60","1.6","0.4","20.5","6.7","16","8.21","365","14","1","0","0","299","299","315","34","8","70","93","88252","1543","0","false","520186","203","381","959","33229","36091","20633"
"10","0.1","1","false","false","false","true","false","false","false","1","1","1","0.25","1","0","0","0","100","0","25","0.3","10","2.5","2","60","1.6","0.4","20.5","6.7","16","8.21","365","14","1","0","0","299","299","316","30","10","66","90","88261","1543","0","false","520186","203","381","959","33231","36092","20634"
"10","0.1","1","false","false","false","true","false","false","false","1","1","1","0.25","1","0","0","0","100","0","25","0.3","10","2.5","2","60","1.6","0.4","20.5","6.7","16","8.21","365","14","1","0","0","299","299","317","30","7","62","85","88273","1543","0","false","520186","203","381","959","33231","36092","20636"
"10","0.1","1","false","false","false","true","false","false","false","1","1","1","0.25","1","0","0","0","100","0","25","0.3","10","2.5","2","60","1.6","0.4","20.5","6.7","16","8.21","365","14","1","0","0","299","299","318","30","5","62","78","88282","1543","0","false","520186","203","381","959","33231","36093","20638"
"10","0.1","1","false","false","false","true","false","false","false","1","1","1","0.25","1","0","0","0","100","0","25","0.3","10","2.5","2","60","1.6","0.4","20.5","6.7","16","8.21","365","14","1","0","0","299","299","319","30","5","61","68","88293","1543","0","false","520186","203","381","959","33232","36093","20638"
"10","0.1","1","false","false","false","true","false","false","false","1","1","1","0.25","1","0","0","0","100","0","25","0.3","10","2.5","2","60","1.6","0.4","20.5","6.7","16","8.21","365","14","1","0","0","299","299","320","30","3","56","63","88305","1543","0","false","520186","203","381","959","33233","36094","20638"
"10","0.1","1","false","false","false","true","false","false","false","1","1","1","0.25","1","0","0","0","100","0","25","0.3","10","2.5","2","60","1.6","0.4","20.5","6.7","16","8.21","365","14","1","0","0","299","299","321","30","2","51","57","88317","1543","0","false","520186","203","381","959","33234","36094","20638"
"10","0.1","1","false","false","false","true","false","false","false","1","1","1","0.25","1","0","0","0","100","0","25","0.3","10","2.5","2","60","1.6","0.4","20.5","6.7","16","8.21","365","14","1","0","0","299","299","322","29","3","49","51","88325","1543","0","false","520186","203","381","959","33234","36095","20638"
"10","0.1","1","false","false","false","true","false","false","false","1","1","1","0.25","1","0","0","0","100","0","25","0.3","10","2.5","2","60","1.6","0.4","20.5","6.7","16","8.21","365","14","1","0","0","299","299","323","29","2","47","48","88331","1543","0","false","520186","203","381","959","33236","36095","20638"
"10","0.1","1","false","false","false","true","false","false","false","1","1","1","0.25","1","0","0","0","100","0","25","0.3","10","2.5","2","60","1.6","0.4","20.5","6.7","16","8.21","365","14","1","0","0","299","299","324","29","2","45","44","88337","1543","0","false","520186","203","381","959","33236","36095","20638"
"10","0.1","1","false","false","false","true","false","false","false","1","1","1","0.25","1","0","0","0","100","0","25","0.3","10","2.5","2","60","1.6","0.4","20.5","6.7","16","8.21","365","14","1","0","0","299","299","325","29","0","41","36","88350","1544","0","false","520186","203","382","959","33236","36096","20639"
"10","0.1","1","false","false","false","true","false","false","false","1","1","1","0.25","1","0","0","0","100","0","25","0.3","10","2.5","2","60","1.6","0.4","20.5","6.7","16","8.21","365","14","1","0","0","299","299","326","29","0","36","36","88355","1544","0","false","520174","203","382","959","33236","36096","20639"
"10","0.1","1","false","false","false","true","false","false","false","1","1","1","0.25","1","0","0","0","100","0","25","0.3","10","2.5","2","60","1.6","0.4","20.5","6.7","16","8.21","365","14","1","0","0","299","299","327","29","0","33","34","88360","1544","0","false","520174","203","382","959","33236","36096","20639"
"10","0.1","1","false","false","false","true","false","false","false","1","1","1","0.25","1","0","0","0","100","0","25","0.3","10","2.5","2","60","1.6","0.4","20.5","6.7","16","8.21","365","14","1","0","0","299","299","328","29","0","30","29","88368","1544","0","false","520174","203","382","959","33236","36096","20639"
"10","0.1","1","false","false","false","true","false","false","false","1","1","1","0.25","1","0","0","0","100","0","25","0.3","10","2.5","2","60","1.6","0.4","20.5","6.7","16","8.21","365","14","1","0","0","299","299","329","29","0","26","27","88374","1544","0","false","520174","203","382","959","33236","36096","20639"
"10","0.1","1","false","false","false","true","false","false","false","1","1","1","0.25","1","0","0","0","100","0","25","0.3","10","2.5","2","60","1.6","0.4","20.5","6.7","16","8.21","365","14","1","0","0","299","299","330","29","0","25","22","88380","1544","0","false","520174","203","382","959","33236","36096","20639"
"10","0.1","1","false","false","false","true","false","false","false","1","1","1","0.25","1","0","0","0","100","0","25","0.3","10","2.5","2","60","1.6","0.4","20.5","6.7","16","8.21","365","14","1","0","0","299","299","331","28","1","24","19","88384","1544","0","false","520174","203","382","959","33236","36096","20639"
"10","0.1","1","false","false","false","true","false","false","false","1","1","1","0.25","1","0","0","0","100","0","25","0.3","10","2.5","2","60","1.6","0.4","20.5","6.7","16","8.21","365","14","1","0","0","299","299","332","28","1","22","18","88387","1544","0","false","520174","203","382","959","33236","36096","20639"
"10","0.1","1","false","false","false","true","false","false","false","1","1","1","0.25","1","0","0","0","100","0","25","0.3","10","2.5","2","60","1.6","0.4","20.5","6.7","16","8.21","365","14","1","0","0","299","299","333","28","1","20","16","88391","1544","0","false","520174","203","382","959","33236","36096","20639"
"10","0.1","1","false","false","false","true","false","false","false","1","1","1","0.25","1","0","0","0","100","0","25","0.3","10","2.5","2","60","1.6","0.4","20.5","6.7","16","8.21","365","14","1","0","0","299","299","334","28","1","16","16","88395","1544","0","false","520174","203","382","959","33236","36096","20639"
"10","0.1","1","false","false","false","true","false","false","false","1","1","1","0.25","1","0","0","0","100","0","25","0.3","10","2.5","2","60","1.6","0.4","20.5","6.7","16","8.21","365","14","1","0","0","299","299","335","28","0","13","15","88400","1544","0","false","520174","203","382","959","33236","36097","20639"
"10","0.1","1","false","false","false","true","false","false","false","1","1","1","0.25","1","0","0","0","100","0","25","0.3","10","2.5","2","60","1.6","0.4","20.5","6.7","16","8.21","365","14","1","0","0","299","299","336","28","0","12","15","88401","1544","0","false","520174","203","382","959","33236","36097","20639"
"10","0.1","1","false","false","false","true","false","false","false","1","1","1","0.25","1","0","0","0","100","0","25","0.3","10","2.5","2","60","1.6","0.4","20.5","6.7","16","8.21","365","14","1","0","0","299","299","337","28","0","12","14","88402","1544","0","false","520174","203","382","959","33236","36097","20639"
"10","0.1","1","false","false","false","true","false","false","false","1","1","1","0.25","1","0","0","0","100","0","25","0.3","10","2.5","2","60","1.6","0.4","20.5","6.7","16","8.21","365","14","1","0","0","299","299","338","28","0","8","12","88407","1545","0","false","520174","203","382","960","33236","36097","20639"
"10","0.1","1","false","false","false","true","false","false","false","1","1","1","0.25","1","0","0","0","100","0","25","0.3","10","2.5","2","60","1.6","0.4","20.5","6.7","16","8.21","365","14","1","0","0","299","299","339","28","0","7","11","88409","1545","0","false","520162","203","382","960","33236","36097","20639"
"10","0.1","1","false","false","false","true","false","false","false","1","1","1","0.25","1","0","0","0","100","0","25","0.3","10","2.5","2","60","1.6","0.4","20.5","6.7","16","8.21","365","14","1","0","0","299","299","340","28","0","6","8","88413","1545","0","false","520162","203","382","960","33236","36097","20639"
"10","0.1","1","false","false","false","true","false","false","false","1","1","1","0.25","1","0","0","0","100","0","25","0.3","10","2.5","2","60","1.6","0.4","20.5","6.7","16","8.21","365","14","1","0","0","299","299","341","28","0","5","7","88415","1545","0","false","520162","203","382","960","33236","36097","20639"
"10","0.1","1","false","false","false","true","false","false","false","1","1","1","0.25","1","0","0","0","100","0","25","0.3","10","2.5","2","60","1.6","0.4","20.5","6.7","16","8.21","365","14","1","0","0","299","299","342","28","0","3","6","88418","1545","0","false","520162","203","382","960","33236","36097","20639"
"10","0.1","1","false","false","false","true","false","false","false","1","1","1","0.25","1","0","0","0","100","0","25","0.3","10","2.5","2","60","1.6","0.4","20.5","6.7","16","8.21","365","14","1","0","0","299","299","343","28","0","3","6","88418","1545","0","false","520162","203","382","960","33236","36097","20639"
"10","0.1","1","false","false","false","true","false","false","false","1","1","1","0.25","1","0","0","0","100","0","25","0.3","10","2.5","2","60","1.6","0.4","20.5","6.7","16","8.21","365","14","1","0","0","299","299","344","28","0","3","5","88419","1545","0","false","520162","203","382","960","33236","36097","20639"
"10","0.1","1","false","false","false","true","false","false","false","1","1","1","0.25","1","0","0","0","100","0","25","0.3","10","2.5","2","60","1.6","0.4","20.5","6.7","16","8.21","365","14","1","0","0","299","299","345","28","0","2","5","88420","1545","0","false","520162","203","382","960","33236","36097","20639"
"10","0.1","1","false","false","false","true","false","false","false","1","1","1","0.25","1","0","0","0","100","0","25","0.3","10","2.5","2","60","1.6","0.4","20.5","6.7","16","8.21","365","14","1","0","0","299","299","346","28","0","2","5","88420","1545","0","false","520162","203","382","960","33236","36097","20639"
"10","0.1","1","false","false","false","true","false","false","false","1","1","1","0.25","1","0","0","0","100","0","25","0.3","10","2.5","2","60","1.6","0.4","20.5","6.7","16","8.21","365","14","1","0","0","299","299","347","28","0","1","4","88422","1545","0","false","520162","203","382","960","33236","36097","20639"
"10","0.1","1","false","false","false","true","false","false","false","1","1","1","0.25","1","0","0","0","100","0","25","0.3","10","2.5","2","60","1.6","0.4","20.5","6.7","16","8.21","365","14","1","0","0","299","299","348","28","0","1","4","88422","1545","0","false","520162","203","382","960","33236","36097","20639"
"10","0.1","1","false","false","false","true","false","false","false","1","1","1","0.25","1","0","0","0","100","0","25","0.3","10","2.5","2","60","1.6","0.4","20.5","6.7","16","8.21","365","14","1","0","0","299","299","349","28","0","1","3","88423","1545","0","false","520162","203","382","960","33236","36097","20639"
"10","0.1","1","false","false","false","true","false","false","false","1","1","1","0.25","1","0","0","0","100","0","25","0.3","10","2.5","2","60","1.6","0.4","20.5","6.7","16","8.21","365","14","1","0","0","299","299","350","28","0","1","3","88423","1545","0","false","520162","203","382","960","33236","36097","20639"
"10","0.1","1","false","false","false","true","false","false","false","1","1","1","0.25","1","0","0","0","100","0","25","0.3","10","2.5","2","60","1.6","0.4","20.5","6.7","16","8.21","365","14","1","0","0","299","299","351","28","0","1","3","88423","1545","0","false","520162","203","382","960","33236","36097","20639"
"10","0.1","1","false","false","false","true","false","false","false","1","1","1","0.25","1","0","0","0","100","0","25","0.3","10","2.5","2","60","1.6","0.4","20.5","6.7","16","8.21","365","14","1","0","0","299","299","352","28","0","1","3","88423","1545","0","false","520162","203","382","960","33236","36097","20639"
"10","0.1","1","false","false","false","true","false","false","false","1","1","1","0.25","1","0","0","0","100","0","25","0.3","10","2.5","2","60","1.6","0.4","20.5","6.7","16","8.21","365","14","1","0","0","299","299","353","28","0","1","3","88423","1545","0","false","520162","203","382","960","33236","36097","20639"
"10","0.1","1","false","false","false","true","false","false","false","1","1","1","0.25","1","0","0","0","100","0","25","0.3","10","2.5","2","60","1.6","0.4","20.5","6.7","16","8.21","365","14","1","0","0","299","299","354","28","0","1","2","88424","1545","0","false","520162","203","382","960","33236","36097","20639"
"10","0.1","1","false","false","false","true","false","false","false","1","1","1","0.25","1","0","0","0","100","0","25","0.3","10","2.5","2","60","1.6","0.4","20.5","6.7","16","8.21","365","14","1","0","0","299","299","355","28","0","0","2","88425","1545","0","false","520162","203","382","960","33236","36097","20639"
"10","0.1","1","false","false","false","true","false","false","false","1","1","1","0.25","1","0","0","0","100","0","25","0.3","10","2.5","2","60","1.6","0.4","20.5","6.7","16","8.21","365","14","1","0","0","299","299","356","28","0","0","2","88425","1545","0","false","520162","203","382","960","33236","36097","20639"
"10","0.1","1","false","false","false","true","false","false","false","1","1","1","0.25","1","0","0","0","100","0","25","0.3","10","2.5","2","60","1.6","0.4","20.5","6.7","16","8.21","365","14","1","0","0","299","299","357","28","0","0","2","88425","1545","0","false","520162","203","382","960","33236","36097","20639"
"10","0.1","1","false","false","false","true","false","false","false","1","1","1","0.25","1","0","0","0","100","0","25","0.3","10","2.5","2","60","1.6","0.4","20.5","6.7","16","8.21","365","14","1","0","0","299","299","358","28","0","0","1","88426","1545","0","false","520162","203","382","960","33236","36097","20639"
"10","0.1","1","false","false","false","true","false","false","false","1","1","1","0.25","1","0","0","0","100","0","25","0.3","10","2.5","2","60","1.6","0.4","20.5","6.7","16","8.21","365","14","1","0","0","299","299","359","28","0","0","1","88426","1545","0","false","520162","203","382","960","33236","36097","20639"
"10","0.1","1","false","false","false","true","false","false","false","1","1","1","0.25","1","0","0","0","100","0","25","0.3","10","2.5","2","60","1.6","0.4","20.5","6.7","16","8.21","365","14","1","0","0","299","299","360","28","0","0","1","88426","1545","0","false","520162","203","382","960","33236","36097","20639"
"10","0.1","1","false","false","false","true","false","false","false","1","1","1","0.25","1","0","0","0","100","0","25","0.3","10","2.5","2","60","1.6","0.4","20.5","6.7","16","8.21","365","14","1","0","0","299","299","361","28","0","0","1","88426","1545","0","false","520162","203","382","960","33236","36097","20639"
"10","0.1","1","false","false","false","true","false","false","false","1","1","1","0.25","1","0","0","0","100","0","25","0.3","10","2.5","2","60","1.6","0.4","20.5","6.7","16","8.21","365","14","1","0","0","299","299","362","28","0","0","1","88426","1545","0","false","520162","203","382","960","33236","36097","20639"
"10","0.1","1","false","false","false","true","false","false","false","1","1","1","0.25","1","0","0","0","100","0","25","0.3","10","2.5","2","60","1.6","0.4","20.5","6.7","16","8.21","365","14","1","0","0","299","299","363","28","0","0","1","88426","1545","0","false","520162","203","382","960","33236","36097","20639"
"10","0.1","1","false","false","false","true","false","false","false","1","1","1","0.25","1","0","0","0","100","0","25","0.3","10","2.5","2","60","1.6","0.4","20.5","6.7","16","8.21","365","14","1","0","0","299","299","364","28","0","0","1","88426","1545","0","false","520162","203","382","960","33236","36097","20639"
"10","0.1","1","false","false","false","true","false","false","false","1","1","1","0.25","1","0","0","0","100","0","25","0.3","10","2.5","2","60","1.6","0.4","20.5","6.7","16","8.21","365","14","1","0","0","299","299","365","28","0","0","1","88426","1545","0","false","520162","203","382","960","33236","36097","20639"
"11","0.1","1","false","false","false","true","false","false","false","1","1","1","0.25","1","0","0","0","100","0","25","0.4","10","2.5","2","60","1.6","0.4","20.5","6.7","16","8.21","365","14","1","0","0","299","299","0","89910","90","0","0","0","0","0","false","0","0","0","0","0","0","0"
"11","0.1","1","false","false","false","true","false","false","false","1","1","1","0.25","1","0","0","0","100","0","25","0.4","10","2.5","2","60","1.6","0.4","20.5","6.7","16","8.21","365","14","1","0","0","299","299","1","89910","84","0","6","0","0","0","false","538623","0","0","0","1","0","1"
"11","0.1","1","false","false","false","true","false","false","false","1","1","1","0.25","1","0","0","0","100","0","25","0.4","10","2.5","2","60","1.6","0.4","20.5","6.7","16","8.21","365","14","1","0","0","299","299","2","89900","75","0","25","0","0","0","false","538623","0","0","0","3","3","5"
"11","0.1","1","false","false","false","true","false","false","false","1","1","1","0.25","1","0","0","0","100","0","25","0.4","10","2.5","2","60","1.6","0.4","20.5","6.7","16","8.21","365","14","1","0","0","299","299","3","89866","91","1","42","0","0","0","false","538623","0","0","0","11","11","5"
"11","0.1","1","false","false","false","true","false","false","false","1","1","1","0.25","1","0","0","0","100","0","25","0.4","10","2.5","2","60","1.6","0.4","20.5","6.7","16","8.21","365","14","1","0","0","299","299","4","89819","114","2","65","0","0","0","false","538623","0","0","0","14","19","10"
"11","0.1","1","false","false","false","true","false","false","false","1","1","1","0.25","1","0","0","0","100","0","25","0.4","10","2.5","2","60","1.6","0.4","20.5","6.7","16","8.21","365","14","1","0","0","299","299","5","89767","141","9","83","0","0","0","false","538623","0","0","0","17","26","15"
"11","0.1","1","false","false","false","true","false","false","false","1","1","1","0.25","1","0","0","0","100","0","25","0.4","10","2.5","2","60","1.6","0.4","20.5","6.7","16","8.21","365","14","1","0","0","299","299","6","89697","185","18","100","0","0","0","false","538623","0","0","0","25","37","23"
"11","0.1","1","false","false","false","true","false","false","false","1","1","1","0.25","1","0","0","0","100","0","25","0.4","10","2.5","2","60","1.6","0.4","20.5","6.7","16","8.21","365","14","1","0","0","299","299","7","89599","250","29","122","0","0","0","false","538623","0","0","0","43","47","31"
"11","0.1","1","false","false","false","true","false","false","false","1","1","1","0.25","1","0","0","0","100","0","25","0.4","10","2.5","2","60","1.6","0.4","20.5","6.7","16","8.21","365","14","1","0","0","299","299","8","89498","298","38","166","0","0","0","false","538623","0","0","0","59","61","39"
"11","0.1","1","false","false","false","true","false","false","false","1","1","1","0.25","1","0","0","0","100","0","25","0.4","10","2.5","2","60","1.6","0.4","20.5","6.7","16","8.21","365","14","1","0","0","299","299","9","89388","358","48","206","0","0","0","false","538623","0","0","0","70","78","52"
"11","0.1","1","false","false","false","true","false","false","false","1","1","1","0.25","1","0","0","0","100","0","25","0.4","10","2.5","2","60","1.6","0.4","20.5","6.7","16","8.21","365","14","1","0","0","299","299","10","89256","432","61","251","0","0","0","false","538623","0","0","0","90","93","66"
"11","0.1","1","false","false","false","true","false","false","false","1","1","1","0.25","1","0","0","0","100","0","25","0.4","10","2.5","2","60","1.6","0.4","20.5","6.7","16","8.21","365","14","1","0","0","299","299","11","89096","505","78","321","0","0","0","false","538623","0","0","0","116","114","88"
"11","0.1","1","false","false","false","true","false","false","false","1","1","1","0.25","1","0","0","0","100","0","25","0.4","10","2.5","2","60","1.6","0.4","20.5","6.7","16","8.21","365","14","1","0","0","299","299","12","88922","569","98","411","0","0","0","false","538623","0","0","0","151","145","108"
"11","0.1","1","false","false","false","true","false","false","false","1","1","1","0.25","1","0","0","0","100","0","25","0.4","10","2.5","2","60","1.6","0.4","20.5","6.7","16","8.21","365","14","1","0","0","299","299","13","88697","674","131","498","0","0","0","false","538623","0","0","0","191","182","133"
"11","0.1","1","false","false","false","true","false","false","false","1","1","1","0.25","1","0","0","0","100","0","25","0.4","10","2.5","2","60","1.6","0.4","20.5","6.7","16","8.21","365","14","1","0","0","299","299","14","88451","785","167","597","0","0","0","false","538623","0","0","0","233","227","159"
"11","0.1","1","false","false","false","true","false","false","false","1","1","1","0.25","1","0","0","0","100","0","25","0.4","10","2.5","2","60","1.6","0.4","20.5","6.7","16","8.21","365","14","1","0","0","299","299","15","88208","864","204","724","0","0","0","false","538623","0","0","0","287","291","186"
"11","0.1","1","false","false","false","true","false","false","false","1","1","1","0.25","1","0","0","0","100","0","25","0.4","10","2.5","2","60","1.6","0.4","20.5","6.7","16","8.21","365","14","1","0","0","299","299","16","87948","928","245","879","0","0","72","false","538623","0","0","0","347","351","230"
"11","0.1","1","false","false","false","true","false","false","false","1","1","1","0.25","1","0","0","0","100","0","25","0.4","10","2.5","2","60","1.6","0.4","20.5","6.7","16","8.21","365","14","1","0","0","299","299","17","87657","1042","303","997","1","0","419","false","537784","0","0","0","393","418","273"
"11","0.1","1","false","false","false","true","false","false","false","1","1","1","0.25","1","0","0","0","100","0","25","0.4","10","2.5","2","60","1.6","0.4","20.5","6.7","16","8.21","365","14","1","0","0","299","299","18","87365","1088","375","1167","5","0","721","false","534314","0","0","0","484","508","316"
"11","0.1","1","false","false","false","true","false","false","false","1","1","1","0.25","1","0","0","0","100","0","25","0.4","10","2.5","2","60","1.6","0.4","20.5","6.7","16","8.21","365","14","1","0","0","299","299","19","87060","1122","446","1362","10","0","1041","false","531390","0","0","0","562","605","376"
"11","0.1","1","false","false","false","true","false","false","false","1","1","1","0.25","1","0","0","0","100","0","25","0.4","10","2.5","2","60","1.6","0.4","20.5","6.7","16","8.21","365","14","1","0","0","299","299","20","86755","1190","516","1524","15","0","1463","false","528396","0","0","0","641","702","418"
"11","0.1","1","false","false","false","true","false","false","false","1","1","1","0.25","1","0","0","0","100","0","25","0.4","10","2.5","2","60","1.6","0.4","20.5","6.7","16","8.21","365","14","1","0","0","299","299","21","86457","1213","624","1688","18","0","1913","false","524480","0","0","0","737","819","480"
"11","0.1","1","false","false","false","true","false","false","false","1","1","1","0.25","1","0","0","0","100","0","25","0.4","10","2.5","2","60","1.6","0.4","20.5","6.7","16","8.21","365","14","1","0","0","299","299","22","86180","1232","700","1858","29","1","2341","false","520570","0","1","0","820","921","538"
"11","0.1","1","false","false","false","true","false","false","false","1","1","1","0.25","1","0","0","0","100","0","25","0.4","10","2.5","2","60","1.6","0.4","20.5","6.7","16","8.21","365","14","1","0","0","299","299","23","85922","1204","813","2019","39","3","2716","false","516978","0","1","2","910","1035","616"
"11","0.1","1","false","false","false","true","false","false","false","1","1","1","0.25","1","0","0","0","100","0","25","0.4","10","2.5","2","60","1.6","0.4","20.5","6.7","16","8.21","365","14","1","0","0","299","299","24","85662","1171","901","2210","53","3","3233","false","513889","0","1","2","1015","1152","666"
"11","0.1","1","false","false","false","true","false","false","false","1","1","1","0.25","1","0","0","0","100","0","25","0.4","10","2.5","2","60","1.6","0.4","20.5","6.7","16","8.21","365","14","1","0","0","299","299","25","85406","1145","997","2380","69","3","3665","false","509698","0","1","2","1112","1258","732"
"11","0.1","1","false","false","false","true","false","false","false","1","1","1","0.25","1","0","0","0","100","0","25","0.4","10","2.5","2","60","1.6","0.4","20.5","6.7","16","8.21","365","14","1","0","0","299","299","26","85151","1129","1109","2513","95","3","4121","false","506271","0","1","2","1229","1358","791"
"11","0.1","1","false","false","false","true","false","false","false","1","1","1","0.25","1","0","0","0","100","0","25","0.4","10","2.5","2","60","1.6","0.4","20.5","6.7","16","8.21","365","14","1","0","0","299","299","27","84881","1156","1221","2612","126","4","4538","false","502734","0","1","3","1316","1476","859"
"11","0.1","1","false","false","false","true","false","false","false","1","1","1","0.25","1","0","0","0","100","0","25","0.4","10","2.5","2","60","1.6","0.4","20.5","6.7","16","8.21","365","14","1","0","0","299","299","28","84640","1138","1317","2730","168","7","4983","false","499525","1","1","5","1412","1588","914"
"11","0.1","1","false","false","false","true","false","false","false","1","1","1","0.25","1","0","0","0","100","0","25","0.4","10","2.5","2","60","1.6","0.4","20.5","6.7","16","8.21","365","14","1","0","0","299","299","29","84412","1074","1412","2882","213","7","5329","false","495861","1","1","5","1525","1700","975"
"11","0.1","1","false","false","false","true","false","false","false","1","1","1","0.25","1","0","0","0","100","0","25","0.4","10","2.5","2","60","1.6","0.4","20.5","6.7","16","8.21","365","14","1","0","0","299","299","30","84163","1074","1493","2984","275","11","5611","false","492832","1","3","7","1619","1793","1032"
"11","0.1","1","false","false","false","true","false","false","false","1","1","1","0.25","1","0","0","0","100","0","25","0.4","10","2.5","2","60","1.6","0.4","20.5","6.7","16","8.21","365","14","1","0","0","299","299","31","83901","1075","1566","3105","340","13","5703","false","490207","2","4","7","1706","1895","1094"
"11","0.1","1","false","false","false","true","false","false","false","1","1","1","0.25","1","0","0","0","100","0","25","0.4","10","2.5","2","60","1.6","0.4","20.5","6.7","16","8.21","365","14","1","0","0","299","299","32","83583","1141","1661","3183","419","13","5891","false","489025","2","4","7","1796","2014","1155"
"11","0.1","1","false","false","false","true","false","false","false","1","1","1","0.25","1","0","0","0","100","0","25","0.4","10","2.5","2","60","1.6","0.4","20.5","6.7","16","8.21","365","14","1","0","0","299","299","33","83276","1172","1734","3284","519","15","5949","false","487104","2","5","8","1893","2123","1223"
"11","0.1","1","false","false","false","true","false","false","false","1","1","1","0.25","1","0","0","0","100","0","25","0.4","10","2.5","2","60","1.6","0.4","20.5","6.7","16","8.21","365","14","1","0","0","299","299","34","82922","1280","1799","3355","628","16","6217","false","486248","2","5","9","1994","2225","1263"
"11","0.1","1","false","false","false","true","false","false","false","1","1","1","0.25","1","0","0","0","100","0","25","0.4","10","2.5","2","60","1.6","0.4","20.5","6.7","16","8.21","365","14","1","0","0","299","299","35","82565","1370","1865","3433","747","20","6320","false","483891","4","5","11","2112","2318","1319"
"11","0.1","1","false","false","false","true","false","false","false","1","1","1","0.25","1","0","0","0","100","0","25","0.4","10","2.5","2","60","1.6","0.4","20.5","6.7","16","8.21","365","14","1","0","0","299","299","36","82203","1420","1921","3562","874","20","6330","false","482687","4","5","11","2225","2444","1382"
"11","0.1","1","false","false","false","true","false","false","false","1","1","1","0.25","1","0","0","0","100","0","25","0.4","10","2.5","2","60","1.6","0.4","20.5","6.7","16","8.21","365","14","1","0","0","299","299","37","81807","1505","1983","3681","1003","21","6500","false","482143","4","6","11","2331","2559","1457"
"11","0.1","1","false","false","false","true","false","false","false","1","1","1","0.25","1","0","0","0","100","0","25","0.4","10","2.5","2","60","1.6","0.4","20.5","6.7","16","8.21","365","14","1","0","0","299","299","38","81398","1591","2040","3794","1152","25","6558","false","480496","4","7","14","2460","2666","1531"
"11","0.1","1","false","false","false","true","false","false","false","1","1","1","0.25","1","0","0","0","100","0","25","0.4","10","2.5","2","60","1.6","0.4","20.5","6.7","16","8.21","365","14","1","0","0","299","299","39","80986","1657","2098","3895","1337","27","6802","false","479802","4","7","16","2579","2801","1596"
"11","0.1","1","false","false","false","true","false","false","false","1","1","1","0.25","1","0","0","0","100","0","25","0.4","10","2.5","2","60","1.6","0.4","20.5","6.7","16","8.21","365","14","1","0","0","299","299","40","80595","1680","2149","4040","1506","30","6844","false","477475","4","8","18","2688","2938","1667"
"11","0.1","1","false","false","false","true","false","false","false","1","1","1","0.25","1","0","0","0","100","0","25","0.4","10","2.5","2","60","1.6","0.4","20.5","6.7","16","8.21","365","14","1","0","0","299","299","41","80157","1712","2226","4194","1676","35","6993","false","476766","5","11","19","2827","3100","1762"
"11","0.1","1","false","false","false","true","false","false","false","1","1","1","0.25","1","0","0","0","100","0","25","0.4","10","2.5","2","60","1.6","0.4","20.5","6.7","16","8.21","365","14","1","0","0","299","299","42","79722","1783","2291","4282","1886","36","7070","false","475111","5","11","20","2958","3247","1846"
"11","0.1","1","false","false","false","true","false","false","false","1","1","1","0.25","1","0","0","0","100","0","25","0.4","10","2.5","2","60","1.6","0.4","20.5","6.7","16","8.21","365","14","1","0","0","299","299","43","79281","1844","2376","4366","2091","42","7228","false","474179","6","11","25","3092","3403","1939"
"11","0.1","1","false","false","false","true","false","false","false","1","1","1","0.25","1","0","0","0","100","0","25","0.4","10","2.5","2","60","1.6","0.4","20.5","6.7","16","8.21","365","14","1","0","0","299","299","44","78811","1901","2431","4485","2326","46","7378","false","472540","7","12","27","3255","3567","2023"
"11","0.1","1","false","false","false","true","false","false","false","1","1","1","0.25","1","0","0","0","100","0","25","0.4","10","2.5","2","60","1.6","0.4","20.5","6.7","16","8.21","365","14","1","0","0","299","299","45","78339","1928","2481","4633","2570","49","7589","false","471077","7","13","29","3405","3739","2102"
"11","0.1","1","false","false","false","true","false","false","false","1","1","1","0.25","1","0","0","0","100","0","25","0.4","10","2.5","2","60","1.6","0.4","20.5","6.7","16","8.21","365","14","1","0","0","299","299","46","77895","1933","2529","4758","2832","53","7618","false","469072","8","13","32","3567","3898","2193"
"11","0.1","1","false","false","false","true","false","false","false","1","1","1","0.25","1","0","0","0","100","0","25","0.4","10","2.5","2","60","1.6","0.4","20.5","6.7","16","8.21","365","14","1","0","0","299","299","47","77395","1977","2607","4886","3079","56","7713","false","468502","8","14","34","3724","4093","2296"
"11","0.1","1","false","false","false","true","false","false","false","1","1","1","0.25","1","0","0","0","100","0","25","0.4","10","2.5","2","60","1.6","0.4","20.5","6.7","16","8.21","365","14","1","0","0","299","299","48","76943","1979","2660","5017","3340","61","7774","false","467324","8","15","38","3873","4271","2407"
"11","0.1","1","false","false","false","true","false","false","false","1","1","1","0.25","1","0","0","0","100","0","25","0.4","10","2.5","2","60","1.6","0.4","20.5","6.7","16","8.21","365","14","1","0","0","299","299","49","76423","2061","2730","5121","3599","66","7897","false","466602","8","16","42","4027","4457","2516"
"11","0.1","1","false","false","false","true","false","false","false","1","1","1","0.25","1","0","0","0","100","0","25","0.4","10","2.5","2","60","1.6","0.4","20.5","6.7","16","8.21","365","14","1","0","0","299","299","50","75931","2056","2803","5279","3860","71","8051","false","465455","8","18","45","4208","4630","2610"
"11","0.1","1","false","false","false","true","false","false","false","1","1","1","0.25","1","0","0","0","100","0","25","0.4","10","2.5","2","60","1.6","0.4","20.5","6.7","16","8.21","365","14","1","0","0","299","299","51","75474","2047","2869","5404","4132","74","8094","false","463887","8","18","48","4378","4824","2715"
"11","0.1","1","false","false","false","true","false","false","false","1","1","1","0.25","1","0","0","0","100","0","25","0.4","10","2.5","2","60","1.6","0.4","20.5","6.7","16","8.21","365","14","1","0","0","299","299","52","74982","2073","2946","5517","4403","79","8016","false","463430","8","20","51","4539","5020","2816"
"11","0.1","1","false","false","false","true","false","false","false","1","1","1","0.25","1","0","0","0","100","0","25","0.4","10","2.5","2","60","1.6","0.4","20.5","6.7","16","8.21","365","14","1","0","0","299","299","53","74476","2121","3014","5645","4662","82","8166","false","463769","8","20","54","4717","5198","2899"
"11","0.1","1","false","false","false","true","false","false","false","1","1","1","0.25","1","0","0","0","100","0","25","0.4","10","2.5","2","60","1.6","0.4","20.5","6.7","16","8.21","365","14","1","0","0","299","299","54","73916","2205","3139","5742","4908","90","8314","false","462468","10","23","57","4892","5412","3016"
"11","0.1","1","false","false","false","true","false","false","false","1","1","1","0.25","1","0","0","0","100","0","25","0.4","10","2.5","2","60","1.6","0.4","20.5","6.7","16","8.21","365","14","1","0","0","299","299","55","73417","2195","3223","5880","5189","96","8379","false","461036","10","24","62","5081","5603","3127"
"11","0.1","1","false","false","false","true","false","false","false","1","1","1","0.25","1","0","0","0","100","0","25","0.4","10","2.5","2","60","1.6","0.4","20.5","6.7","16","8.21","365","14","1","0","0","299","299","56","72875","2198","3297","6041","5484","105","8422","false","460302","11","24","70","5262","5814","3250"
"11","0.1","1","false","false","false","true","false","false","false","1","1","1","0.25","1","0","0","0","100","0","25","0.4","10","2.5","2","60","1.6","0.4","20.5","6.7","16","8.21","365","14","1","0","0","299","299","57","72292","2277","3386","6163","5770","112","8528","false","459699","11","24","77","5431","6016","3368"
"11","0.1","1","false","false","false","true","false","false","false","1","1","1","0.25","1","0","0","0","100","0","25","0.4","10","2.5","2","60","1.6","0.4","20.5","6.7","16","8.21","365","14","1","0","0","299","299","58","71724","2308","3454","6315","6078","121","8619","false","458642","12","27","82","5608","6224","3496"
"11","0.1","1","false","false","false","true","false","false","false","1","1","1","0.25","1","0","0","0","100","0","25","0.4","10","2.5","2","60","1.6","0.4","20.5","6.7","16","8.21","365","14","1","0","0","299","299","59","71123","2401","3529","6443","6380","124","8718","false","457664","12","29","83","5785","6424","3617"
"11","0.1","1","false","false","false","true","false","false","false","1","1","1","0.25","1","0","0","0","100","0","25","0.4","10","2.5","2","60","1.6","0.4","20.5","6.7","16","8.21","365","14","1","0","0","299","299","60","70581","2411","3615","6553","6712","128","8852","false","456662","12","31","85","5984","6618","3728"
"11","0.1","1","false","false","false","true","false","false","false","1","1","1","0.25","1","0","0","0","100","0","25","0.4","10","2.5","2","60","1.6","0.4","20.5","6.7","16","8.21","365","14","1","0","0","299","299","61","70027","2377","3740","6666","7059","131","8898","false","455437","12","32","87","6240","6822","3863"
"11","0.1","1","false","false","false","true","false","false","false","1","1","1","0.25","1","0","0","0","100","0","25","0.4","10","2.5","2","60","1.6","0.4","20.5","6.7","16","8.21","365","14","1","0","0","299","299","62","69447","2427","3821","6796","7375","134","9077","false","454934","12","32","90","6425","7030","3985"
"11","0.1","1","false","false","false","true","false","false","false","1","1","1","0.25","1","0","0","0","100","0","25","0.4","10","2.5","2","60","1.6","0.4","20.5","6.7","16","8.21","365","14","1","0","0","299","299","63","68856","2482","3944","6868","7712","138","9181","false","453239","13","34","91","6629","7266","4111"
"11","0.1","1","false","false","false","true","false","false","false","1","1","1","0.25","1","0","0","0","100","0","25","0.4","10","2.5","2","60","1.6","0.4","20.5","6.7","16","8.21","365","14","1","0","0","299","299","64","68298","2460","4002","6996","8098","146","9280","false","452432","14","36","96","6831","7483","4254"
"11","0.1","1","false","false","false","true","false","false","false","1","1","1","0.25","1","0","0","0","100","0","25","0.4","10","2.5","2","60","1.6","0.4","20.5","6.7","16","8.21","365","14","1","0","0","299","299","65","67661","2497","4081","7124","8486","151","9480","false","451606","14","37","100","7015","7728","4394"
"11","0.1","1","false","false","false","true","false","false","false","1","1","1","0.25","1","0","0","0","100","0","25","0.4","10","2.5","2","60","1.6","0.4","20.5","6.7","16","8.21","365","14","1","0","0","299","299","66","67104","2472","4172","7242","8853","157","9710","false","450043","14","38","105","7221","7984","4525"
"11","0.1","1","false","false","false","true","false","false","false","1","1","1","0.25","1","0","0","0","100","0","25","0.4","10","2.5","2","60","1.6","0.4","20.5","6.7","16","8.21","365","14","1","0","0","299","299","67","66469","2543","4209","7337","9276","166","9867","false","447969","15","42","109","7432","8190","4657"
"11","0.1","1","false","false","false","true","false","false","false","1","1","1","0.25","1","0","0","0","100","0","25","0.4","10","2.5","2","60","1.6","0.4","20.5","6.7","16","8.21","365","14","1","0","0","299","299","68","65889","2521","4273","7458","9682","177","9960","false","446472","15","44","118","7646","8433","4806"
"11","0.1","1","false","false","false","true","false","false","false","1","1","1","0.25","1","0","0","0","100","0","25","0.4","10","2.5","2","60","1.6","0.4","20.5","6.7","16","8.21","365","14","1","0","0","299","299","69","65290","2544","4352","7549","10082","183","10131","false","445498","17","46","120","7868","8661","4935"
"11","0.1","1","false","false","false","true","false","false","false","1","1","1","0.25","1","0","0","0","100","0","25","0.4","10","2.5","2","60","1.6","0.4","20.5","6.7","16","8.21","365","14","1","0","0","299","299","70","64688","2552","4430","7636","10504","190","10207","false","444070","18","46","126","8068","8907","5086"
"11","0.1","1","false","false","false","true","false","false","false","1","1","1","0.25","1","0","0","0","100","0","25","0.4","10","2.5","2","60","1.6","0.4","20.5","6.7","16","8.21","365","14","1","0","0","299","299","71","64078","2571","4469","7718","10962","202","10338","false","443123","20","49","133","8261","9139","5238"
"11","0.1","1","false","false","false","true","false","false","false","1","1","1","0.25","1","0","0","0","100","0","25","0.4","10","2.5","2","60","1.6","0.4","20.5","6.7","16","8.21","365","14","1","0","0","299","299","72","63466","2567","4554","7826","11380","207","10364","false","441882","22","49","136","8487","9385","5375"
"11","0.1","1","false","false","false","true","false","false","false","1","1","1","0.25","1","0","0","0","100","0","25","0.4","10","2.5","2","60","1.6","0.4","20.5","6.7","16","8.21","365","14","1","0","0","299","299","73","62814","2599","4594","7932","11843","218","10344","false","441478","22","53","143","8678","9620","5520"
"11","0.1","1","false","false","false","true","false","false","false","1","1","1","0.25","1","0","0","0","100","0","25","0.4","10","2.5","2","60","1.6","0.4","20.5","6.7","16","8.21","365","14","1","0","0","299","299","74","62155","2652","4678","7995","12299","221","10503","false","441173","23","53","145","8916","9852","5668"
"11","0.1","1","false","false","false","true","false","false","false","1","1","1","0.25","1","0","0","0","100","0","25","0.4","10","2.5","2","60","1.6","0.4","20.5","6.7","16","8.21","365","14","1","0","0","299","299","75","61519","2697","4769","7972","12809","234","10647","false","439716","23","60","151","9146","10130","5799"
"11","0.1","1","false","false","false","true","false","false","false","1","1","1","0.25","1","0","0","0","100","0","25","0.4","10","2.5","2","60","1.6","0.4","20.5","6.7","16","8.21","365","14","1","0","0","299","299","76","60854","2744","4826","8069","13260","247","10810","false","438213","25","63","159","9358","10391","5962"
"11","0.1","1","false","false","false","true","false","false","false","1","1","1","0.25","1","0","0","0","100","0","25","0.4","10","2.5","2","60","1.6","0.4","20.5","6.7","16","8.21","365","14","1","0","0","299","299","77","60235","2721","4873","8188","13728","255","11034","false","436758","26","65","164","9577","10625","6105"
"11","0.1","1","false","false","false","true","false","false","false","1","1","1","0.25","1","0","0","0","100","0","25","0.4","10","2.5","2","60","1.6","0.4","20.5","6.7","16","8.21","365","14","1","0","0","299","299","78","59597","2752","4920","8253","14217","261","11162","false","434749","28","66","167","9781","10878","6264"
"11","0.1","1","false","false","false","true","false","false","false","1","1","1","0.25","1","0","0","0","100","0","25","0.4","10","2.5","2","60","1.6","0.4","20.5","6.7","16","8.21","365","14","1","0","0","299","299","79","59006","2726","4963","8310","14724","271","11241","false","433571","30","66","175","10023","11110","6415"
"11","0.1","1","false","false","false","true","false","false","false","1","1","1","0.25","1","0","0","0","100","0","25","0.4","10","2.5","2","60","1.6","0.4","20.5","6.7","16","8.21","365","14","1","0","0","299","299","80","58423","2698","5019","8397","15189","274","11212","false","432636","30","68","176","10245","11350","6543"
"11","0.1","1","false","false","false","true","false","false","false","1","1","1","0.25","1","0","0","0","100","0","25","0.4","10","2.5","2","60","1.6","0.4","20.5","6.7","16","8.21","365","14","1","0","0","299","299","81","57800","2681","5092","8452","15699","276","11285","false","432675","30","68","178","10482","11610","6678"
"11","0.1","1","false","false","false","true","false","false","false","1","1","1","0.25","1","0","0","0","100","0","25","0.4","10","2.5","2","60","1.6","0.4","20.5","6.7","16","8.21","365","14","1","0","0","299","299","82","57193","2647","5147","8505","16226","282","11256","false","431897","32","68","182","10696","11875","6819"
"11","0.1","1","false","false","false","true","false","false","false","1","1","1","0.25","1","0","0","0","100","0","25","0.4","10","2.5","2","60","1.6","0.4","20.5","6.7","16","8.21","365","14","1","0","0","299","299","83","56566","2658","5136","8587","16761","292","11191","false","431993","35","70","187","10895","12125","6957"
"11","0.1","1","false","false","false","true","false","false","false","1","1","1","0.25","1","0","0","0","100","0","25","0.4","10","2.5","2","60","1.6","0.4","20.5","6.7","16","8.21","365","14","1","0","0","299","299","84","55959","2670","5193","8587","17292","299","11196","false","432386","36","72","191","11113","12397","7106"
"11","0.1","1","false","false","false","true","false","false","false","1","1","1","0.25","1","0","0","0","100","0","25","0.4","10","2.5","2","60","1.6","0.4","20.5","6.7","16","8.21","365","14","1","0","0","299","299","85","55267","2759","5250","8600","17815","309","11507","false","432214","37","75","197","11335","12650","7262"
"11","0.1","1","false","false","false","true","false","false","false","1","1","1","0.25","1","0","0","0","100","0","25","0.4","10","2.5","2","60","1.6","0.4","20.5","6.7","16","8.21","365","14","1","0","0","299","299","86","54672","2745","5255","8607","18398","323","11413","false","429795","40","80","203","11553","12895","7399"
"11","0.1","1","false","false","false","true","false","false","false","1","1","1","0.25","1","0","0","0","100","0","25","0.4","10","2.5","2","60","1.6","0.4","20.5","6.7","16","8.21","365","14","1","0","0","299","299","87","54079","2684","5286","8674","18948","329","11425","false","430194","40","83","206","11814","13141","7538"
"11","0.1","1","false","false","false","true","false","false","false","1","1","1","0.25","1","0","0","0","100","0","25","0.4","10","2.5","2","60","1.6","0.4","20.5","6.7","16","8.21","365","14","1","0","0","299","299","88","53467","2625","5292","8770","19509","337","11334","false","429732","41","85","211","12044","13402","7668"
"11","0.1","1","false","false","false","true","false","false","false","1","1","1","0.25","1","0","0","0","100","0","25","0.4","10","2.5","2","60","1.6","0.4","20.5","6.7","16","8.21","365","14","1","0","0","299","299","89","52812","2640","5296","8851","20049","352","11158","false","430342","43","90","219","12286","13613","7827"
"11","0.1","1","false","false","false","true","false","false","false","1","1","1","0.25","1","0","0","0","100","0","25","0.4","10","2.5","2","60","1.6","0.4","20.5","6.7","16","8.21","365","14","1","0","0","299","299","90","52167","2682","5346","8832","20614","359","11155","false","431419","44","92","223","12534","13877","7965"
"11","0.1","1","false","false","false","true","false","false","false","1","1","1","0.25","1","0","0","0","100","0","25","0.4","10","2.5","2","60","1.6","0.4","20.5","6.7","16","8.21","365","14","1","0","0","299","299","91","51525","2690","5374","8840","21205","366","11139","false","431325","45","96","225","12806","14095","8116"
"11","0.1","1","false","false","false","true","false","false","false","1","1","1","0.25","1","0","0","0","100","0","25","0.4","10","2.5","2","60","1.6","0.4","20.5","6.7","16","8.21","365","14","1","0","0","299","299","92","50906","2679","5397","8848","21791","379","11050","false","431328","46","98","235","13027","14351","8259"
"11","0.1","1","false","false","false","true","false","false","false","1","1","1","0.25","1","0","0","0","100","0","25","0.4","10","2.5","2","60","1.6","0.4","20.5","6.7","16","8.21","365","14","1","0","0","299","299","93","50277","2703","5398","8862","22372","388","10979","false","431969","47","102","239","13249","14582","8407"
"11","0.1","1","false","false","false","true","false","false","false","1","1","1","0.25","1","0","0","0","100","0","25","0.4","10","2.5","2","60","1.6","0.4","20.5","6.7","16","8.21","365","14","1","0","0","299","299","94","49646","2702","5421","8890","22942","399","10947","false","432349","52","102","245","13485","14822","8544"
"11","0.1","1","false","false","false","true","false","false","false","1","1","1","0.25","1","0","0","0","100","0","25","0.4","10","2.5","2","60","1.6","0.4","20.5","6.7","16","8.21","365","14","1","0","0","299","299","95","48983","2739","5451","8918","23500","409","10980","false","432447","52","102","255","13721","15077","8677"
"11","0.1","1","false","false","false","true","false","false","false","1","1","1","0.25","1","0","0","0","100","0","25","0.4","10","2.5","2","60","1.6","0.4","20.5","6.7","16","8.21","365","14","1","0","0","299","299","96","48360","2745","5501","8932","24042","420","10912","false","432158","54","106","260","13960","15338","8830"
"11","0.1","1","false","false","false","true","false","false","false","1","1","1","0.25","1","0","0","0","100","0","25","0.4","10","2.5","2","60","1.6","0.4","20.5","6.7","16","8.21","365","14","1","0","0","299","299","97","47670","2783","5531","8945","24639","432","10880","false","432403","55","109","268","14211","15625","8967"
"11","0.1","1","false","false","false","true","false","false","false","1","1","1","0.25","1","0","0","0","100","0","25","0.4","10","2.5","2","60","1.6","0.4","20.5","6.7","16","8.21","365","14","1","0","0","299","299","98","46999","2789","5552","8964","25252","444","10794","false","432582","57","115","272","14474","15881","9107"
"11","0.1","1","false","false","false","true","false","false","false","1","1","1","0.25","1","0","0","0","100","0","25","0.4","10","2.5","2","60","1.6","0.4","20.5","6.7","16","8.21","365","14","1","0","0","299","299","99","46356","2782","5538","9012","25855","457","10892","false","433316","57","119","281","14707","16141","9236"
"11","0.1","1","false","false","false","true","false","false","false","1","1","1","0.25","1","0","0","0","100","0","25","0.4","10","2.5","2","60","1.6","0.4","20.5","6.7","16","8.21","365","14","1","0","0","299","299","100","45706","2787","5521","9029","26492","465","10896","false","432318","58","120","287","14924","16403","9385"
"11","0.1","1","false","false","false","true","false","false","false","1","1","1","0.25","1","0","0","0","100","0","25","0.4","10","2.5","2","60","1.6","0.4","20.5","6.7","16","8.21","365","14","1","0","0","299","299","101","45033","2795","5528","9050","27118","476","10963","false","432290","60","123","293","15160","16674","9553"
"11","0.1","1","false","false","false","true","false","false","false","1","1","1","0.25","1","0","0","0","100","0","25","0.4","10","2.5","2","60","1.6","0.4","20.5","6.7","16","8.21","365","14","1","0","0","299","299","102","44427","2764","5518","9081","27718","492","10883","false","431741","64","127","301","15406","16904","9701"
"11","0.1","1","false","false","false","true","false","false","false","1","1","1","0.25","1","0","0","0","100","0","25","0.4","10","2.5","2","60","1.6","0.4","20.5","6.7","16","8.21","365","14","1","0","0","299","299","103","43798","2760","5534","9076","28330","502","10852","false","432206","66","130","306","15659","17168","9846"
"11","0.1","1","false","false","false","true","false","false","false","1","1","1","0.25","1","0","0","0","100","0","25","0.4","10","2.5","2","60","1.6","0.4","20.5","6.7","16","8.21","365","14","1","0","0","299","299","104","43192","2690","5568","9107","28926","517","10853","false","432460","68","132","317","15906","17436","10010"
"11","0.1","1","false","false","false","true","false","false","false","1","1","1","0.25","1","0","0","0","100","0","25","0.4","10","2.5","2","60","1.6","0.4","20.5","6.7","16","8.21","365","14","1","0","0","299","299","105","42617","2619","5562","9144","29535","523","10808","false","432428","69","134","320","16153","17655","10174"
"11","0.1","1","false","false","false","true","false","false","false","1","1","1","0.25","1","0","0","0","100","0","25","0.4","10","2.5","2","60","1.6","0.4","20.5","6.7","16","8.21","365","14","1","0","0","299","299","106","42023","2563","5563","9168","30145","538","10870","false","432719","72","139","327","16406","17906","10314"
"11","0.1","1","false","false","false","true","false","false","false","1","1","1","0.25","1","0","0","0","100","0","25","0.4","10","2.5","2","60","1.6","0.4","20.5","6.7","16","8.21","365","14","1","0","0","299","299","107","41414","2575","5594","9114","30761","542","10821","false","432232","72","140","330","16636","18151","10466"
"11","0.1","1","false","false","false","true","false","false","false","1","1","1","0.25","1","0","0","0","100","0","25","0.4","10","2.5","2","60","1.6","0.4","20.5","6.7","16","8.21","365","14","1","0","0","299","299","108","40834","2539","5623","9098","31351","555","10700","false","432584","74","142","339","16872","18423","10610"
"11","0.1","1","false","false","false","true","false","false","false","1","1","1","0.25","1","0","0","0","100","0","25","0.4","10","2.5","2","60","1.6","0.4","20.5","6.7","16","8.21","365","14","1","0","0","299","299","109","40237","2521","5611","9089","31974","568","10630","false","433408","76","148","344","17084","18676","10770"
"11","0.1","1","false","false","false","true","false","false","false","1","1","1","0.25","1","0","0","0","100","0","25","0.4","10","2.5","2","60","1.6","0.4","20.5","6.7","16","8.21","365","14","1","0","0","299","299","110","39646","2516","5615","9094","32552","577","10642","false","433588","78","152","347","17304","18933","10903"
"11","0.1","1","false","false","false","true","false","false","false","1","1","1","0.25","1","0","0","0","100","0","25","0.4","10","2.5","2","60","1.6","0.4","20.5","6.7","16","8.21","365","14","1","0","0","299","299","111","39073","2502","5611","9053","33170","591","10530","false","433637","82","155","354","17541","19180","11015"
"11","0.1","1","false","false","false","true","false","false","false","1","1","1","0.25","1","0","0","0","100","0","25","0.4","10","2.5","2","60","1.6","0.4","20.5","6.7","16","8.21","365","14","1","0","0","299","299","112","38503","2455","5587","9076","33777","602","10399","false","434504","83","158","361","17787","19411","11134"
"11","0.1","1","false","false","false","true","false","false","false","1","1","1","0.25","1","0","0","0","100","0","25","0.4","10","2.5","2","60","1.6","0.4","20.5","6.7","16","8.21","365","14","1","0","0","299","299","113","37907","2476","5541","9006","34455","615","10268","false","435376","84","160","371","18004","19633","11253"
"11","0.1","1","false","false","false","true","false","false","false","1","1","1","0.25","1","0","0","0","100","0","25","0.4","10","2.5","2","60","1.6","0.4","20.5","6.7","16","8.21","365","14","1","0","0","299","299","114","37319","2496","5502","8957","35101","625","10177","false","436239","85","162","378","18222","19875","11383"
"11","0.1","1","false","false","false","true","false","false","false","1","1","1","0.25","1","0","0","0","100","0","25","0.4","10","2.5","2","60","1.6","0.4","20.5","6.7","16","8.21","365","14","1","0","0","299","299","115","36739","2531","5503","8882","35715","630","10084","false","436911","85","162","383","18439","20110","11501"
"11","0.1","1","false","false","false","true","false","false","false","1","1","1","0.25","1","0","0","0","100","0","25","0.4","10","2.5","2","60","1.6","0.4","20.5","6.7","16","8.21","365","14","1","0","0","299","299","116","36179","2496","5517","8837","36328","643","10149","false","437765","87","168","388","18657","20357","11651"
"11","0.1","1","false","false","false","true","false","false","false","1","1","1","0.25","1","0","0","0","100","0","25","0.4","10","2.5","2","60","1.6","0.4","20.5","6.7","16","8.21","365","14","1","0","0","299","299","117","35556","2512","5475","8851","36953","653","10115","false","437180","90","168","395","18860","20588","11783"
"11","0.1","1","false","false","false","true","false","false","false","1","1","1","0.25","1","0","0","0","100","0","25","0.4","10","2.5","2","60","1.6","0.4","20.5","6.7","16","8.21","365","14","1","0","0","299","299","118","35001","2477","5443","8867","37548","664","10028","false","437472","91","174","399","19072","20815","11916"
"11","0.1","1","false","false","false","true","false","false","false","1","1","1","0.25","1","0","0","0","100","0","25","0.4","10","2.5","2","60","1.6","0.4","20.5","6.7","16","8.21","365","14","1","0","0","299","299","119","34377","2513","5390","8864","38181","675","10022","false","438149","92","176","407","19292","21043","12057"
"11","0.1","1","false","false","false","true","false","false","false","1","1","1","0.25","1","0","0","0","100","0","25","0.4","10","2.5","2","60","1.6","0.4","20.5","6.7","16","8.21","365","14","1","0","0","299","299","120","33797","2511","5401","8812","38789","690","10087","false","438153","96","178","416","19512","21288","12184"
"11","0.1","1","false","false","false","true","false","false","false","1","1","1","0.25","1","0","0","0","100","0","25","0.4","10","2.5","2","60","1.6","0.4","20.5","6.7","16","8.21","365","14","1","0","0","299","299","121","33253","2485","5360","8784","39416","702","9925","false","437537","96","182","424","19743","21527","12315"
"11","0.1","1","false","false","false","true","false","false","false","1","1","1","0.25","1","0","0","0","100","0","25","0.4","10","2.5","2","60","1.6","0.4","20.5","6.7","16","8.21","365","14","1","0","0","299","299","122","32700","2450","5328","8779","40024","719","9827","false","438568","96","184","439","19969","21770","12446"
"11","0.1","1","false","false","false","true","false","false","false","1","1","1","0.25","1","0","0","0","100","0","25","0.4","10","2.5","2","60","1.6","0.4","20.5","6.7","16","8.21","365","14","1","0","0","299","299","123","32147","2411","5333","8773","40611","725","9794","false","439233","97","186","442","20189","22005","12599"
"11","0.1","1","false","false","false","true","false","false","false","1","1","1","0.25","1","0","0","0","100","0","25","0.4","10","2.5","2","60","1.6","0.4","20.5","6.7","16","8.21","365","14","1","0","0","299","299","124","31573","2416","5287","8747","41243","734","9777","false","439634","99","189","446","20408","22239","12700"
"11","0.1","1","false","false","false","true","false","false","false","1","1","1","0.25","1","0","0","0","100","0","25","0.4","10","2.5","2","60","1.6","0.4","20.5","6.7","16","8.21","365","14","1","0","0","299","299","125","31073","2375","5279","8675","41855","743","9756","false","439724","99","195","449","20593","22483","12823"
"11","0.1","1","false","false","false","true","false","false","false","1","1","1","0.25","1","0","0","0","100","0","25","0.4","10","2.5","2","60","1.6","0.4","20.5","6.7","16","8.21","365","14","1","0","0","299","299","126","30552","2307","5238","8723","42428","752","9635","false","439823","100","196","456","20780","22698","12956"
"11","0.1","1","false","false","false","true","false","false","false","1","1","1","0.25","1","0","0","0","100","0","25","0.4","10","2.5","2","60","1.6","0.4","20.5","6.7","16","8.21","365","14","1","0","0","299","299","127","30040","2246","5206","8709","43041","758","9472","false","440537","102","197","459","20984","22954","13067"
"11","0.1","1","false","false","false","true","false","false","false","1","1","1","0.25","1","0","0","0","100","0","25","0.4","10","2.5","2","60","1.6","0.4","20.5","6.7","16","8.21","365","14","1","0","0","299","299","128","29525","2240","5208","8623","43638","766","9438","false","441878","105","199","462","21202","23169","13198"
"11","0.1","1","false","false","false","true","false","false","false","1","1","1","0.25","1","0","0","0","100","0","25","0.4","10","2.5","2","60","1.6","0.4","20.5","6.7","16","8.21","365","14","1","0","0","299","299","129","28998","2227","5173","8532","44289","781","9340","false","442371","109","206","466","21391","23401","13325"
"11","0.1","1","false","false","false","true","false","false","false","1","1","1","0.25","1","0","0","0","100","0","25","0.4","10","2.5","2","60","1.6","0.4","20.5","6.7","16","8.21","365","14","1","0","0","299","299","130","28484","2203","5120","8472","44931","790","9179","false","442971","111","208","471","21605","23602","13451"
"11","0.1","1","false","false","false","true","false","false","false","1","1","1","0.25","1","0","0","0","100","0","25","0.4","10","2.5","2","60","1.6","0.4","20.5","6.7","16","8.21","365","14","1","0","0","299","299","131","27938","2246","5090","8393","45538","795","9121","false","444139","111","208","476","21802","23808","13560"
"11","0.1","1","false","false","false","true","false","false","false","1","1","1","0.25","1","0","0","0","100","0","25","0.4","10","2.5","2","60","1.6","0.4","20.5","6.7","16","8.21","365","14","1","0","0","299","299","132","27421","2248","5055","8309","46157","810","9060","false","444523","114","209","487","21983","24027","13686"
"11","0.1","1","false","false","false","true","false","false","false","1","1","1","0.25","1","0","0","0","100","0","25","0.4","10","2.5","2","60","1.6","0.4","20.5","6.7","16","8.21","365","14","1","0","0","299","299","133","26939","2228","5046","8226","46744","817","8946","false","444989","116","212","489","22193","24221","13811"
"11","0.1","1","false","false","false","true","false","false","false","1","1","1","0.25","1","0","0","0","100","0","25","0.4","10","2.5","2","60","1.6","0.4","20.5","6.7","16","8.21","365","14","1","0","0","299","299","134","26392","2233","5030","8155","47369","821","8911","false","445989","117","212","492","22380","24440","13950"
"11","0.1","1","false","false","false","true","false","false","false","1","1","1","0.25","1","0","0","0","100","0","25","0.4","10","2.5","2","60","1.6","0.4","20.5","6.7","16","8.21","365","14","1","0","0","299","299","135","25885","2210","4987","8131","47953","834","8870","false","446516","118","213","503","22578","24639","14065"
"11","0.1","1","false","false","false","true","false","false","false","1","1","1","0.25","1","0","0","0","100","0","25","0.4","10","2.5","2","60","1.6","0.4","20.5","6.7","16","8.21","365","14","1","0","0","299","299","136","25401","2188","4976","8062","48533","840","8872","false","446757","118","216","506","22781","24848","14180"
"11","0.1","1","false","false","false","true","false","false","false","1","1","1","0.25","1","0","0","0","100","0","25","0.4","10","2.5","2","60","1.6","0.4","20.5","6.7","16","8.21","365","14","1","0","0","299","299","137","24877","2205","4908","8010","49147","853","8847","false","446729","118","223","512","22959","25056","14290"
"11","0.1","1","false","false","false","true","false","false","false","1","1","1","0.25","1","0","0","0","100","0","25","0.4","10","2.5","2","60","1.6","0.4","20.5","6.7","16","8.21","365","14","1","0","0","299","299","138","24384","2188","4890","7923","49754","861","8842","false","446952","119","225","517","23148","25259","14405"
"11","0.1","1","false","false","false","true","false","false","false","1","1","1","0.25","1","0","0","0","100","0","25","0.4","10","2.5","2","60","1.6","0.4","20.5","6.7","16","8.21","365","14","1","0","0","299","299","139","23968","2094","4854","7853","50363","868","8775","false","447131","120","227","521","23343","25429","14532"
"11","0.1","1","false","false","false","true","false","false","false","1","1","1","0.25","1","0","0","0","100","0","25","0.4","10","2.5","2","60","1.6","0.4","20.5","6.7","16","8.21","365","14","1","0","0","299","299","140","23507","2034","4802","7836","50948","873","8734","false","447501","120","227","526","23536","25629","14652"
"11","0.1","1","false","false","false","true","false","false","false","1","1","1","0.25","1","0","0","0","100","0","25","0.4","10","2.5","2","60","1.6","0.4","20.5","6.7","16","8.21","365","14","1","0","0","299","299","141","23055","2003","4795","7715","51548","884","8625","false","447741","122","230","532","23722","25835","14777"
"11","0.1","1","false","false","false","true","false","false","false","1","1","1","0.25","1","0","0","0","100","0","25","0.4","10","2.5","2","60","1.6","0.4","20.5","6.7","16","8.21","365","14","1","0","0","299","299","142","22609","1938","4791","7645","52124","893","8493","false","448691","123","233","537","23903","26036","14926"
"11","0.1","1","false","false","false","true","false","false","false","1","1","1","0.25","1","0","0","0","100","0","25","0.4","10","2.5","2","60","1.6","0.4","20.5","6.7","16","8.21","365","14","1","0","0","299","299","143","22177","1916","4737","7574","52689","907","8443","false","449834","126","234","547","24078","26231","15027"
"11","0.1","1","false","false","false","true","false","false","false","1","1","1","0.25","1","0","0","0","100","0","25","0.4","10","2.5","2","60","1.6","0.4","20.5","6.7","16","8.21","365","14","1","0","0","299","299","144","21728","1863","4692","7559","53238","920","8264","false","450086","130","237","553","24275","26418","15111"
"11","0.1","1","false","false","false","true","false","false","false","1","1","1","0.25","1","0","0","0","100","0","25","0.4","10","2.5","2","60","1.6","0.4","20.5","6.7","16","8.21","365","14","1","0","0","299","299","145","21252","1928","4682","7422","53790","926","8168","false","451496","132","239","555","24468","26597","15200"
"11","0.1","1","false","false","false","true","false","false","false","1","1","1","0.25","1","0","0","0","100","0","25","0.4","10","2.5","2","60","1.6","0.4","20.5","6.7","16","8.21","365","14","1","0","0","299","299","146","20818","1895","4613","7369","54374","931","8020","false","452236","133","239","559","24637","26772","15298"
"11","0.1","1","false","false","false","true","false","false","false","1","1","1","0.25","1","0","0","0","100","0","25","0.4","10","2.5","2","60","1.6","0.4","20.5","6.7","16","8.21","365","14","1","0","0","299","299","147","20392","1880","4597","7316","54872","943","7991","false","453367","134","244","565","24814","26954","15422"
"11","0.1","1","false","false","false","true","false","false","false","1","1","1","0.25","1","0","0","0","100","0","25","0.4","10","2.5","2","60","1.6","0.4","20.5","6.7","16","8.21","365","14","1","0","0","299","299","148","19969","1867","4552","7211","55453","948","7934","false","453579","135","245","568","24978","27139","15519"
"11","0.1","1","false","false","false","true","false","false","false","1","1","1","0.25","1","0","0","0","100","0","25","0.4","10","2.5","2","60","1.6","0.4","20.5","6.7","16","8.21","365","14","1","0","0","299","299","149","19561","1841","4546","7102","55991","959","7757","false","454022","138","245","576","25138","27327","15617"
"11","0.1","1","false","false","false","true","false","false","false","1","1","1","0.25","1","0","0","0","100","0","25","0.4","10","2.5","2","60","1.6","0.4","20.5","6.7","16","8.21","365","14","1","0","0","299","299","150","19136","1820","4495","7043","56539","967","7650","false","455294","139","248","580","25290","27519","15723"
"11","0.1","1","false","false","false","true","false","false","false","1","1","1","0.25","1","0","0","0","100","0","25","0.4","10","2.5","2","60","1.6","0.4","20.5","6.7","16","8.21","365","14","1","0","0","299","299","151","18730","1802","4445","6984","57066","973","7563","false","456150","139","251","583","25435","27689","15807"
"11","0.1","1","false","false","false","true","false","false","false","1","1","1","0.25","1","0","0","0","100","0","25","0.4","10","2.5","2","60","1.6","0.4","20.5","6.7","16","8.21","365","14","1","0","0","299","299","152","18345","1754","4408","6907","57602","984","7375","false","456868","141","253","590","25584","27865","15912"
"11","0.1","1","false","false","false","true","false","false","false","1","1","1","0.25","1","0","0","0","100","0","25","0.4","10","2.5","2","60","1.6","0.4","20.5","6.7","16","8.21","365","14","1","0","0","299","299","153","17956","1709","4331","6859","58145","1000","7247","false","458303","142","255","603","25734","28032","16022"
"11","0.1","1","false","false","false","true","false","false","false","1","1","1","0.25","1","0","0","0","100","0","25","0.4","10","2.5","2","60","1.6","0.4","20.5","6.7","16","8.21","365","14","1","0","0","299","299","154","17543","1706","4310","6803","58632","1006","7209","false","459256","143","256","607","25897","28209","16109"
"11","0.1","1","false","false","false","true","false","false","false","1","1","1","0.25","1","0","0","0","100","0","25","0.4","10","2.5","2","60","1.6","0.4","20.5","6.7","16","8.21","365","14","1","0","0","299","299","155","17116","1752","4303","6684","59129","1016","7140","false","459526","144","258","614","26059","28383","16199"
"11","0.1","1","false","false","false","true","false","false","false","1","1","1","0.25","1","0","0","0","100","0","25","0.4","10","2.5","2","60","1.6","0.4","20.5","6.7","16","8.21","365","14","1","0","0","299","299","156","16737","1748","4267","6600","59622","1026","7124","false","460021","146","260","620","26191","28543","16308"
"11","0.1","1","false","false","false","true","false","false","false","1","1","1","0.25","1","0","0","0","100","0","25","0.4","10","2.5","2","60","1.6","0.4","20.5","6.7","16","8.21","365","14","1","0","0","299","299","157","16337","1744","4201","6531","60154","1033","7023","false","460334","146","263","624","26336","28708","16412"
"11","0.1","1","false","false","false","true","false","false","false","1","1","1","0.25","1","0","0","0","100","0","25","0.4","10","2.5","2","60","1.6","0.4","20.5","6.7","16","8.21","365","14","1","0","0","299","299","158","15948","1710","4124","6497","60678","1043","6894","false","461194","149","267","627","26466","28896","16498"
"11","0.1","1","false","false","false","true","false","false","false","1","1","1","0.25","1","0","0","0","100","0","25","0.4","10","2.5","2","60","1.6","0.4","20.5","6.7","16","8.21","365","14","1","0","0","299","299","159","15604","1632","4077","6442","61192","1053","6822","false","462114","152","268","633","26611","29053","16593"
"11","0.1","1","false","false","false","true","false","false","false","1","1","1","0.25","1","0","0","0","100","0","25","0.4","10","2.5","2","60","1.6","0.4","20.5","6.7","16","8.21","365","14","1","0","0","299","299","160","15240","1650","4012","6352","61684","1062","6682","false","462572","154","269","639","26751","29178","16676"
"11","0.1","1","false","false","false","true","false","false","false","1","1","1","0.25","1","0","0","0","100","0","25","0.4","10","2.5","2","60","1.6","0.4","20.5","6.7","16","8.21","365","14","1","0","0","299","299","161","14903","1592","4012","6279","62139","1075","6529","false","463695","154","272","649","26923","29337","16778"
"11","0.1","1","false","false","false","true","false","false","false","1","1","1","0.25","1","0","0","0","100","0","25","0.4","10","2.5","2","60","1.6","0.4","20.5","6.7","16","8.21","365","14","1","0","0","299","299","162","14554","1553","3955","6197","62660","1081","6521","false","464821","154","275","652","27062","29486","16859"
"11","0.1","1","false","false","false","true","false","false","false","1","1","1","0.25","1","0","0","0","100","0","25","0.4","10","2.5","2","60","1.6","0.4","20.5","6.7","16","8.21","365","14","1","0","0","299","299","163","14227","1514","3921","6107","63143","1088","6457","false","464926","155","276","657","27220","29629","16951"
"11","0.1","1","false","false","false","true","false","false","false","1","1","1","0.25","1","0","0","0","100","0","25","0.4","10","2.5","2","60","1.6","0.4","20.5","6.7","16","8.21","365","14","1","0","0","299","299","164","13880","1510","3885","6005","63626","1094","6482","false","465508","156","277","661","27355","29772","17033"
"11","0.1","1","false","false","false","true","false","false","false","1","1","1","0.25","1","0","0","0","100","0","25","0.4","10","2.5","2","60","1.6","0.4","20.5","6.7","16","8.21","365","14","1","0","0","299","299","165","13544","1480","3845","5938","64091","1102","6390","false","465373","157","279","666","27490","29931","17119"
"11","0.1","1","false","false","false","true","false","false","false","1","1","1","0.25","1","0","0","0","100","0","25","0.4","10","2.5","2","60","1.6","0.4","20.5","6.7","16","8.21","365","14","1","0","0","299","299","166","13245","1414","3828","5868","64537","1108","6255","false","466105","158","279","671","27629","30091","17206"
"11","0.1","1","false","false","false","true","false","false","false","1","1","1","0.25","1","0","0","0","100","0","25","0.4","10","2.5","2","60","1.6","0.4","20.5","6.7","16","8.21","365","14","1","0","0","299","299","167","12935","1398","3748","5756","65047","1116","6204","false","467189","159","283","674","27752","30223","17286"
"11","0.1","1","false","false","false","true","false","false","false","1","1","1","0.25","1","0","0","0","100","0","25","0.4","10","2.5","2","60","1.6","0.4","20.5","6.7","16","8.21","365","14","1","0","0","299","299","168","12630","1349","3686","5672","65538","1125","5997","false","467697","161","285","679","27883","30347","17368"
"11","0.1","1","false","false","false","true","false","false","false","1","1","1","0.25","1","0","0","0","100","0","25","0.4","10","2.5","2","60","1.6","0.4","20.5","6.7","16","8.21","365","14","1","0","0","299","299","169","12346","1328","3620","5587","65983","1136","5844","false","469391","161","288","687","28008","30468","17432"
"11","0.1","1","false","false","false","true","false","false","false","1","1","1","0.25","1","0","0","0","100","0","25","0.4","10","2.5","2","60","1.6","0.4","20.5","6.7","16","8.21","365","14","1","0","0","299","299","170","12029","1321","3570","5531","66410","1139","5751","false","470620","161","288","690","28139","30619","17502"
"11","0.1","1","false","false","false","true","false","false","false","1","1","1","0.25","1","0","0","0","100","0","25","0.4","10","2.5","2","60","1.6","0.4","20.5","6.7","16","8.21","365","14","1","0","0","299","299","171","11748","1281","3511","5475","66841","1144","5628","false","471735","161","289","694","28254","30759","17571"
"11","0.1","1","false","false","false","true","false","false","false","1","1","1","0.25","1","0","0","0","100","0","25","0.4","10","2.5","2","60","1.6","0.4","20.5","6.7","16","8.21","365","14","1","0","0","299","299","172","11473","1255","3481","5360","67282","1149","5551","false","472715","161","290","698","28378","30892","17643"
"11","0.1","1","false","false","false","true","false","false","false","1","1","1","0.25","1","0","0","0","100","0","25","0.4","10","2.5","2","60","1.6","0.4","20.5","6.7","16","8.21","365","14","1","0","0","299","299","173","11214","1200","3425","5287","67723","1151","5427","false","473429","161","290","700","28498","31008","17715"
"11","0.1","1","false","false","false","true","false","false","false","1","1","1","0.25","1","0","0","0","100","0","25","0.4","10","2.5","2","60","1.6","0.4","20.5","6.7","16","8.21","365","14","1","0","0","299","299","174","10929","1214","3346","5198","68156","1157","5274","false","474500","161","291","705","28608","31123","17766"
"11","0.1","1","false","false","false","true","false","false","false","1","1","1","0.25","1","0","0","0","100","0","25","0.4","10","2.5","2","60","1.6","0.4","20.5","6.7","16","8.21","365","14","1","0","0","299","299","175","10669","1170","3315","5120","68561","1165","5121","false","475733","163","292","710","28736","31239","17836"
"11","0.1","1","false","false","false","true","false","false","false","1","1","1","0.25","1","0","0","0","100","0","25","0.4","10","2.5","2","60","1.6","0.4","20.5","6.7","16","8.21","365","14","1","0","0","299","299","176","10380","1191","3263","5027","68964","1175","5010","false","476798","164","294","717","28840","31344","17906"
"11","0.1","1","false","false","false","true","false","false","false","1","1","1","0.25","1","0","0","0","100","0","25","0.4","10","2.5","2","60","1.6","0.4","20.5","6.7","16","8.21","365","14","1","0","0","299","299","177","10062","1212","3216","4969","69360","1181","4926","false","477799","165","294","722","28937","31464","17978"
"11","0.1","1","false","false","false","true","false","false","false","1","1","1","0.25","1","0","0","0","100","0","25","0.4","10","2.5","2","60","1.6","0.4","20.5","6.7","16","8.21","365","14","1","0","0","299","299","178","9785","1216","3160","4915","69738","1186","4841","false","478564","166","294","726","29024","31573","18052"
"11","0.1","1","false","false","false","true","false","false","false","1","1","1","0.25","1","0","0","0","100","0","25","0.4","10","2.5","2","60","1.6","0.4","20.5","6.7","16","8.21","365","14","1","0","0","299","299","179","9533","1199","3113","4803","70161","1191","4664","false","479305","167","296","728","29124","31684","18120"
"11","0.1","1","false","false","false","true","false","false","false","1","1","1","0.25","1","0","0","0","100","0","25","0.4","10","2.5","2","60","1.6","0.4","20.5","6.7","16","8.21","365","14","1","0","0","299","299","180","9266","1183","3082","4744","70524","1201","4560","false","480626","167","299","735","29230","31797","18178"
"11","0.1","1","false","false","false","true","false","false","false","1","1","1","0.25","1","0","0","0","100","0","25","0.4","10","2.5","2","60","1.6","0.4","20.5","6.7","16","8.21","365","14","1","0","0","299","299","181","8986","1166","3008","4688","70940","1212","4510","false","481486","167","300","745","29337","31910","18243"
"11","0.1","1","false","false","false","true","false","false","false","1","1","1","0.25","1","0","0","0","100","0","25","0.4","10","2.5","2","60","1.6","0.4","20.5","6.7","16","8.21","365","14","1","0","0","299","299","182","8710","1156","2941","4645","71328","1220","4474","false","481866","169","301","750","29442","32018","18298"
"11","0.1","1","false","false","false","true","false","false","false","1","1","1","0.25","1","0","0","0","100","0","25","0.4","10","2.5","2","60","1.6","0.4","20.5","6.7","16","8.21","365","14","1","0","0","299","299","183","8452","1131","2922","4567","71703","1225","4433","false","482325","169","302","754","29557","32133","18381"
"11","0.1","1","false","false","false","true","false","false","false","1","1","1","0.25","1","0","0","0","100","0","25","0.4","10","2.5","2","60","1.6","0.4","20.5","6.7","16","8.21","365","14","1","0","0","299","299","184","8185","1125","2888","4455","72115","1232","4364","false","482727","169","304","759","29678","32245","18444"
"11","0.1","1","false","false","false","true","false","false","false","1","1","1","0.25","1","0","0","0","100","0","25","0.4","10","2.5","2","60","1.6","0.4","20.5","6.7","16","8.21","365","14","1","0","0","299","299","185","7931","1108","2869","4395","72460","1237","4355","false","483335","169","305","763","29776","32353","18510"
"11","0.1","1","false","false","false","true","false","false","false","1","1","1","0.25","1","0","0","0","100","0","25","0.4","10","2.5","2","60","1.6","0.4","20.5","6.7","16","8.21","365","14","1","0","0","299","299","186","7716","1065","2839","4315","72826","1239","4258","false","483359","169","305","765","29870","32473","18563"
"11","0.1","1","false","false","false","true","false","false","false","1","1","1","0.25","1","0","0","0","100","0","25","0.4","10","2.5","2","60","1.6","0.4","20.5","6.7","16","8.21","365","14","1","0","0","299","299","187","7480","1056","2784","4249","73184","1247","4254","false","484156","170","305","772","29965","32571","18618"
"11","0.1","1","false","false","false","true","false","false","false","1","1","1","0.25","1","0","0","0","100","0","25","0.4","10","2.5","2","60","1.6","0.4","20.5","6.7","16","8.21","365","14","1","0","0","299","299","188","7247","1022","2737","4231","73511","1252","4192","false","484226","171","306","775","30062","32680","18690"
"11","0.1","1","false","false","false","true","false","false","false","1","1","1","0.25","1","0","0","0","100","0","25","0.4","10","2.5","2","60","1.6","0.4","20.5","6.7","16","8.21","365","14","1","0","0","299","299","189","7022","1003","2722","4164","73829","1260","4150","false","484768","171","308","781","30166","32766","18758"
"11","0.1","1","false","false","false","true","false","false","false","1","1","1","0.25","1","0","0","0","100","0","25","0.4","10","2.5","2","60","1.6","0.4","20.5","6.7","16","8.21","365","14","1","0","0","299","299","190","6818","959","2674","4099","74184","1266","4051","false","485097","172","308","786","30256","32857","18823"
"11","0.1","1","false","false","false","true","false","false","false","1","1","1","0.25","1","0","0","0","100","0","25","0.4","10","2.5","2","60","1.6","0.4","20.5","6.7","16","8.21","365","14","1","0","0","299","299","191","6606","946","2616","4055","74508","1269","3963","false","486001","172","310","787","30336","32951","18871"
"11","0.1","1","false","false","false","true","false","false","false","1","1","1","0.25","1","0","0","0","100","0","25","0.4","10","2.5","2","60","1.6","0.4","20.5","6.7","16","8.21","365","14","1","0","0","299","299","192","6397","927","2555","3997","74842","1282","3922","false","486776","175","315","792","30424","33030","18922"
"11","0.1","1","false","false","false","true","false","false","false","1","1","1","0.25","1","0","0","0","100","0","25","0.4","10","2.5","2","60","1.6","0.4","20.5","6.7","16","8.21","365","14","1","0","0","299","299","193","6205","894","2515","3941","75157","1288","3891","false","486970","176","317","795","30520","33129","18972"
"11","0.1","1","false","false","false","true","false","false","false","1","1","1","0.25","1","0","0","0","100","0","25","0.4","10","2.5","2","60","1.6","0.4","20.5","6.7","16","8.21","365","14","1","0","0","299","299","194","6024","862","2481","3866","75475","1292","3809","false","487274","177","317","798","30597","33228","19021"
"11","0.1","1","false","false","false","true","false","false","false","1","1","1","0.25","1","0","0","0","100","0","25","0.4","10","2.5","2","60","1.6","0.4","20.5","6.7","16","8.21","365","14","1","0","0","299","299","195","5848","817","2466","3814","75757","1298","3765","false","487956","178","319","801","30682","33317","19074"
"11","0.1","1","false","false","false","true","false","false","false","1","1","1","0.25","1","0","0","0","100","0","25","0.4","10","2.5","2","60","1.6","0.4","20.5","6.7","16","8.21","365","14","1","0","0","299","299","196","5660","817","2408","3754","76059","1302","3700","false","488265","180","320","802","30766","33399","19110"
"11","0.1","1","false","false","false","true","false","false","false","1","1","1","0.25","1","0","0","0","100","0","25","0.4","10","2.5","2","60","1.6","0.4","20.5","6.7","16","8.21","365","14","1","0","0","299","299","197","5498","788","2371","3667","76369","1307","3583","false","488884","180","321","806","30837","33479","19156"
"11","0.1","1","false","false","false","true","false","false","false","1","1","1","0.25","1","0","0","0","100","0","25","0.4","10","2.5","2","60","1.6","0.4","20.5","6.7","16","8.21","365","14","1","0","0","299","299","198","5330","771","2317","3604","76669","1309","3455","false","489850","180","321","808","30906","33553","19196"
"11","0.1","1","false","false","false","true","false","false","false","1","1","1","0.25","1","0","0","0","100","0","25","0.4","10","2.5","2","60","1.6","0.4","20.5","6.7","16","8.21","365","14","1","0","0","299","299","199","5168","731","2277","3546","76960","1318","3366","false","490796","182","322","814","30981","33646","19241"
"11","0.1","1","false","false","false","true","false","false","false","1","1","1","0.25","1","0","0","0","100","0","25","0.4","10","2.5","2","60","1.6","0.4","20.5","6.7","16","8.21","365","14","1","0","0","299","299","200","5003","714","2247","3480","77230","1326","3303","false","491510","184","325","817","31046","33728","19276"
"11","0.1","1","false","false","false","true","false","false","false","1","1","1","0.25","1","0","0","0","100","0","25","0.4","10","2.5","2","60","1.6","0.4","20.5","6.7","16","8.21","365","14","1","0","0","299","299","201","4851","706","2205","3387","77521","1330","3231","false","492087","186","326","818","31125","33793","19315"
"11","0.1","1","false","false","false","true","false","false","false","1","1","1","0.25","1","0","0","0","100","0","25","0.4","10","2.5","2","60","1.6","0.4","20.5","6.7","16","8.21","365","14","1","0","0","299","299","202","4719","658","2195","3308","77787","1333","3134","false","492791","186","328","819","31201","33874","19352"
"11","0.1","1","false","false","false","true","false","false","false","1","1","1","0.25","1","0","0","0","100","0","25","0.4","10","2.5","2","60","1.6","0.4","20.5","6.7","16","8.21","365","14","1","0","0","299","299","203","4555","652","2126","3258","78072","1337","3058","false","493561","187","330","820","31260","33930","19383"
"11","0.1","1","false","false","false","true","false","false","false","1","1","1","0.25","1","0","0","0","100","0","25","0.4","10","2.5","2","60","1.6","0.4","20.5","6.7","16","8.21","365","14","1","0","0","299","299","204","4392","665","2075","3174","78355","1339","3019","false","494245","187","330","822","31322","33989","19424"
"11","0.1","1","false","false","false","true","false","false","false","1","1","1","0.25","1","0","0","0","100","0","25","0.4","10","2.5","2","60","1.6","0.4","20.5","6.7","16","8.21","365","14","1","0","0","299","299","205","4264","651","2041","3063","78636","1345","2916","false","494635","188","332","825","31374","34059","19462"
"11","0.1","1","false","false","false","true","false","false","false","1","1","1","0.25","1","0","0","0","100","0","25","0.4","10","2.5","2","60","1.6","0.4","20.5","6.7","16","8.21","365","14","1","0","0","299","299","206","4121","634","1980","2998","78914","1353","2807","false","495438","190","334","829","31435","34130","19496"
"11","0.1","1","false","false","false","true","false","false","false","1","1","1","0.25","1","0","0","0","100","0","25","0.4","10","2.5","2","60","1.6","0.4","20.5","6.7","16","8.21","365","14","1","0","0","299","299","207","3985","625","1911","2927","79190","1362","2730","false","496304","192","336","834","31496","34185","19533"
"11","0.1","1","false","false","false","true","false","false","false","1","1","1","0.25","1","0","0","0","100","0","25","0.4","10","2.5","2","60","1.6","0.4","20.5","6.7","16","8.21","365","14","1","0","0","299","299","208","3854","607","1854","2848","79471","1366","2619","false","496904","192","338","836","31549","34247","19565"
"11","0.1","1","false","false","false","true","false","false","false","1","1","1","0.25","1","0","0","0","100","0","25","0.4","10","2.5","2","60","1.6","0.4","20.5","6.7","16","8.21","365","14","1","0","0","299","299","209","3733","569","1806","2803","79717","1372","2562","false","497786","193","338","841","31604","34312","19606"
"11","0.1","1","false","false","false","true","false","false","false","1","1","1","0.25","1","0","0","0","100","0","25","0.4","10","2.5","2","60","1.6","0.4","20.5","6.7","16","8.21","365","14","1","0","0","299","299","210","3612","550","1756","2728","79977","1377","2491","false","498292","194","338","845","31662","34362","19645"
"11","0.1","1","false","false","false","true","false","false","false","1","1","1","0.25","1","0","0","0","100","0","25","0.4","10","2.5","2","60","1.6","0.4","20.5","6.7","16","8.21","365","14","1","0","0","299","299","211","3485","545","1724","2648","80213","1385","2458","false","498881","197","340","848","31709","34426","19673"
"11","0.1","1","false","false","false","true","false","false","false","1","1","1","0.25","1","0","0","0","100","0","25","0.4","10","2.5","2","60","1.6","0.4","20.5","6.7","16","8.21","365","14","1","0","0","299","299","212","3373","531","1684","2582","80439","1391","2373","false","499141","197","340","854","31758","34471","19707"
"11","0.1","1","false","false","false","true","false","false","false","1","1","1","0.25","1","0","0","0","100","0","25","0.4","10","2.5","2","60","1.6","0.4","20.5","6.7","16","8.21","365","14","1","0","0","299","299","213","3270","494","1651","2527","80661","1397","2278","false","499924","197","342","858","31810","34541","19728"
"11","0.1","1","false","false","false","true","false","false","false","1","1","1","0.25","1","0","0","0","100","0","25","0.4","10","2.5","2","60","1.6","0.4","20.5","6.7","16","8.21","365","14","1","0","0","299","299","214","3123","515","1601","2460","80902","1399","2214","false","500685","197","343","859","31866","34586","19753"
"11","0.1","1","false","false","false","true","false","false","false","1","1","1","0.25","1","0","0","0","100","0","25","0.4","10","2.5","2","60","1.6","0.4","20.5","6.7","16","8.21","365","14","1","0","0","299","299","215","3012","502","1597","2395","81092","1402","2103","false","501185","198","343","861","31908","34633","19792"
"11","0.1","1","false","false","false","true","false","false","false","1","1","1","0.25","1","0","0","0","100","0","25","0.4","10","2.5","2","60","1.6","0.4","20.5","6.7","16","8.21","365","14","1","0","0","299","299","216","2900","513","1545","2318","81319","1405","2040","false","502079","198","344","863","31953","34675","19822"
"11","0.1","1","false","false","false","true","false","false","false","1","1","1","0.25","1","0","0","0","100","0","25","0.4","10","2.5","2","60","1.6","0.4","20.5","6.7","16","8.21","365","14","1","0","0","299","299","217","2775","520","1503","2256","81539","1407","2008","false","502557","198","345","864","32002","34722","19850"
"11","0.1","1","false","false","false","true","false","false","false","1","1","1","0.25","1","0","0","0","100","0","25","0.4","10","2.5","2","60","1.6","0.4","20.5","6.7","16","8.21","365","14","1","0","0","299","299","218","2684","494","1474","2201","81739","1408","1981","false","502877","199","345","864","32043","34766","19878"
"11","0.1","1","false","false","false","true","false","false","false","1","1","1","0.25","1","0","0","0","100","0","25","0.4","10","2.5","2","60","1.6","0.4","20.5","6.7","16","8.21","365","14","1","0","0","299","299","219","2563","498","1441","2167","81921","1410","1958","false","503222","199","345","866","32100","34807","19898"
"11","0.1","1","false","false","false","true","false","false","false","1","1","1","0.25","1","0","0","0","100","0","25","0.4","10","2.5","2","60","1.6","0.4","20.5","6.7","16","8.21","365","14","1","0","0","299","299","220","2482","467","1391","2109","82139","1412","1890","false","503454","200","345","867","32143","34852","19915"
"11","0.1","1","false","false","false","true","false","false","false","1","1","1","0.25","1","0","0","0","100","0","25","0.4","10","2.5","2","60","1.6","0.4","20.5","6.7","16","8.21","365","14","1","0","0","299","299","221","2399","417","1352","2091","82325","1416","1805","false","504103","200","346","870","32188","34908","19952"
"11","0.1","1","false","false","false","true","false","false","false","1","1","1","0.25","1","0","0","0","100","0","25","0.4","10","2.5","2","60","1.6","0.4","20.5","6.7","16","8.21","365","14","1","0","0","299","299","222","2302","404","1324","2027","82525","1418","1781","false","504828","200","348","870","32237","34949","19978"
"11","0.1","1","false","false","false","true","false","false","false","1","1","1","0.25","1","0","0","0","100","0","25","0.4","10","2.5","2","60","1.6","0.4","20.5","6.7","16","8.21","365","14","1","0","0","299","299","223","2212","402","1282","1975","82709","1420","1751","false","505186","200","349","871","32266","34986","20004"
"11","0.1","1","false","false","false","true","false","false","false","1","1","1","0.25","1","0","0","0","100","0","25","0.4","10","2.5","2","60","1.6","0.4","20.5","6.7","16","8.21","365","14","1","0","0","299","299","224","2131","404","1232","1892","82916","1425","1675","false","505510","201","349","875","32307","35019","20026"
"11","0.1","1","false","false","false","true","false","false","false","1","1","1","0.25","1","0","0","0","100","0","25","0.4","10","2.5","2","60","1.6","0.4","20.5","6.7","16","8.21","365","14","1","0","0","299","299","225","2045","409","1209","1805","83104","1428","1636","false","506046","201","349","878","32349","35055","20050"
"11","0.1","1","false","false","false","true","false","false","false","1","1","1","0.25","1","0","0","0","100","0","25","0.4","10","2.5","2","60","1.6","0.4","20.5","6.7","16","8.21","365","14","1","0","0","299","299","226","1961","391","1176","1802","83242","1428","1604","false","506410","201","349","878","32375","35099","20079"
"11","0.1","1","false","false","false","true","false","false","false","1","1","1","0.25","1","0","0","0","100","0","25","0.4","10","2.5","2","60","1.6","0.4","20.5","6.7","16","8.21","365","14","1","0","0","299","299","227","1876","386","1136","1775","83397","1430","1552","false","506718","201","349","880","32399","35139","20094"
"11","0.1","1","false","false","false","true","false","false","false","1","1","1","0.25","1","0","0","0","100","0","25","0.4","10","2.5","2","60","1.6","0.4","20.5","6.7","16","8.21","365","14","1","0","0","299","299","228","1805","373","1084","1744","83558","1436","1519","false","507123","201","350","885","32432","35176","20111"
"11","0.1","1","false","false","false","true","false","false","false","1","1","1","0.25","1","0","0","0","100","0","25","0.4","10","2.5","2","60","1.6","0.4","20.5","6.7","16","8.21","365","14","1","0","0","299","299","229","1732","353","1057","1712","83708","1438","1468","false","507479","201","350","887","32463","35218","20130"
"11","0.1","1","false","false","false","true","false","false","false","1","1","1","0.25","1","0","0","0","100","0","25","0.4","10","2.5","2","60","1.6","0.4","20.5","6.7","16","8.21","365","14","1","0","0","299","299","230","1656","350","1031","1661","83862","1440","1405","false","507873","202","351","887","32493","35257","20142"
"11","0.1","1","false","false","false","true","false","false","false","1","1","1","0.25","1","0","0","0","100","0","25","0.4","10","2.5","2","60","1.6","0.4","20.5","6.7","16","8.21","365","14","1","0","0","299","299","231","1601","317","1008","1610","84021","1443","1362","false","508350","203","352","888","32520","35301","20163"
"11","0.1","1","false","false","false","true","false","false","false","1","1","1","0.25","1","0","0","0","100","0","25","0.4","10","2.5","2","60","1.6","0.4","20.5","6.7","16","8.21","365","14","1","0","0","299","299","232","1536","321","972","1552","84172","1447","1286","false","508748","203","353","891","32545","35325","20176"
"11","0.1","1","false","false","false","true","false","false","false","1","1","1","0.25","1","0","0","0","100","0","25","0.4","10","2.5","2","60","1.6","0.4","20.5","6.7","16","8.21","365","14","1","0","0","299","299","233","1468","306","937","1531","84308","1450","1228","false","509349","203","355","892","32572","35352","20194"
"11","0.1","1","false","false","false","true","false","false","false","1","1","1","0.25","1","0","0","0","100","0","25","0.4","10","2.5","2","60","1.6","0.4","20.5","6.7","16","8.21","365","14","1","0","0","299","299","234","1413","287","926","1469","84454","1451","1188","false","509781","203","355","893","32600","35385","20224"
"11","0.1","1","false","false","false","true","false","false","false","1","1","1","0.25","1","0","0","0","100","0","25","0.4","10","2.5","2","60","1.6","0.4","20.5","6.7","16","8.21","365","14","1","0","0","299","299","235","1353","280","912","1430","84573","1452","1122","false","510102","203","355","894","32627","35412","20244"
"11","0.1","1","false","false","false","true","false","false","false","1","1","1","0.25","1","0","0","0","100","0","25","0.4","10","2.5","2","60","1.6","0.4","20.5","6.7","16","8.21","365","14","1","0","0","299","299","236","1285","278","889","1388","84705","1455","1089","false","510690","205","355","895","32647","35439","20258"
"11","0.1","1","false","false","false","true","false","false","false","1","1","1","0.25","1","0","0","0","100","0","25","0.4","10","2.5","2","60","1.6","0.4","20.5","6.7","16","8.21","365","14","1","0","0","299","299","237","1226","264","880","1337","84836","1457","1101","false","511027","205","356","896","32682","35467","20271"
"11","0.1","1","false","false","false","true","false","false","false","1","1","1","0.25","1","0","0","0","100","0","25","0.4","10","2.5","2","60","1.6","0.4","20.5","6.7","16","8.21","365","14","1","0","0","299","299","238","1177","247","853","1301","84963","1459","1041","false","510953","205","356","898","32708","35494","20284"
"11","0.1","1","false","false","false","true","false","false","false","1","1","1","0.25","1","0","0","0","100","0","25","0.4","10","2.5","2","60","1.6","0.4","20.5","6.7","16","8.21","365","14","1","0","0","299","299","239","1118","248","840","1256","85079","1459","1011","false","511476","205","356","898","32740","35513","20299"
"11","0.1","1","false","false","false","true","false","false","false","1","1","1","0.25","1","0","0","0","100","0","25","0.4","10","2.5","2","60","1.6","0.4","20.5","6.7","16","8.21","365","14","1","0","0","299","299","240","1063","257","821","1214","85184","1461","986","false","511810","205","356","900","32760","35536","20319"
"11","0.1","1","false","false","false","true","false","false","false","1","1","1","0.25","1","0","0","0","100","0","25","0.4","10","2.5","2","60","1.6","0.4","20.5","6.7","16","8.21","365","14","1","0","0","299","299","241","1007","244","800","1188","85300","1461","975","false","512027","205","356","900","32791","35565","20334"
"11","0.1","1","false","false","false","true","false","false","false","1","1","1","0.25","1","0","0","0","100","0","25","0.4","10","2.5","2","60","1.6","0.4","20.5","6.7","16","8.21","365","14","1","0","0","299","299","242","961","227","778","1154","85419","1461","952","false","512156","205","356","900","32806","35596","20343"
"11","0.1","1","false","false","false","true","false","false","false","1","1","1","0.25","1","0","0","0","100","0","25","0.4","10","2.5","2","60","1.6","0.4","20.5","6.7","16","8.21","365","14","1","0","0","299","299","243","915","227","748","1124","85520","1466","936","false","512405","206","357","903","32822","35615","20350"
"11","0.1","1","false","false","false","true","false","false","false","1","1","1","0.25","1","0","0","0","100","0","25","0.4","10","2.5","2","60","1.6","0.4","20.5","6.7","16","8.21","365","14","1","0","0","299","299","244","873","228","732","1058","85642","1467","913","false","512530","206","358","903","32837","35633","20360"
"11","0.1","1","false","false","false","true","false","false","false","1","1","1","0.25","1","0","0","0","100","0","25","0.4","10","2.5","2","60","1.6","0.4","20.5","6.7","16","8.21","365","14","1","0","0","299","299","245","837","199","721","1037","85736","1470","909","false","512751","206","359","905","32862","35657","20376"
"11","0.1","1","false","false","false","true","false","false","false","1","1","1","0.25","1","0","0","0","100","0","25","0.4","10","2.5","2","60","1.6","0.4","20.5","6.7","16","8.21","365","14","1","0","0","299","299","246","793","188","693","1030","85822","1474","888","false","512842","207","361","906","32890","35673","20390"
"11","0.1","1","false","false","false","true","false","false","false","1","1","1","0.25","1","0","0","0","100","0","25","0.4","10","2.5","2","60","1.6","0.4","20.5","6.7","16","8.21","365","14","1","0","0","299","299","247","759","167","668","1009","85919","1478","842","false","513017","208","361","909","32913","35693","20397"
"11","0.1","1","false","false","false","true","false","false","false","1","1","1","0.25","1","0","0","0","100","0","25","0.4","10","2.5","2","60","1.6","0.4","20.5","6.7","16","8.21","365","14","1","0","0","299","299","248","716","171","658","969","86007","1479","828","false","513347","208","362","909","32936","35705","20412"
"11","0.1","1","false","false","false","true","false","false","false","1","1","1","0.25","1","0","0","0","100","0","25","0.4","10","2.5","2","60","1.6","0.4","20.5","6.7","16","8.21","365","14","1","0","0","299","299","249","686","148","647","932","86105","1482","805","false","513454","208","363","911","32953","35731","20429"
"11","0.1","1","false","false","false","true","false","false","false","1","1","1","0.25","1","0","0","0","100","0","25","0.4","10","2.5","2","60","1.6","0.4","20.5","6.7","16","8.21","365","14","1","0","0","299","299","250","660","144","628","889","86196","1483","763","false","513648","208","364","911","32967","35741","20439"
"11","0.1","1","false","false","false","true","false","false","false","1","1","1","0.25","1","0","0","0","100","0","25","0.4","10","2.5","2","60","1.6","0.4","20.5","6.7","16","8.21","365","14","1","0","0","299","299","251","618","146","605","867","86280","1484","740","false","513967","208","364","912","32982","35754","20452"
"11","0.1","1","false","false","false","true","false","false","false","1","1","1","0.25","1","0","0","0","100","0","25","0.4","10","2.5","2","60","1.6","0.4","20.5","6.7","16","8.21","365","14","1","0","0","299","299","252","582","144","580","841","86368","1485","727","false","514186","208","365","912","32999","35769","20461"
"11","0.1","1","false","false","false","true","false","false","false","1","1","1","0.25","1","0","0","0","100","0","25","0.4","10","2.5","2","60","1.6","0.4","20.5","6.7","16","8.21","365","14","1","0","0","299","299","253","548","150","569","801","86446","1486","675","false","514340","208","366","912","33017","35785","20464"
"11","0.1","1","false","false","false","true","false","false","false","1","1","1","0.25","1","0","0","0","100","0","25","0.4","10","2.5","2","60","1.6","0.4","20.5","6.7","16","8.21","365","14","1","0","0","299","299","254","522","140","552","776","86523","1487","638","false","514770","208","366","913","33029","35798","20475"
"11","0.1","1","false","false","false","true","false","false","false","1","1","1","0.25","1","0","0","0","100","0","25","0.4","10","2.5","2","60","1.6","0.4","20.5","6.7","16","8.21","365","14","1","0","0","299","299","255","494","130","529","751","86606","1490","621","false","515111","208","366","916","33042","35815","20480"
"11","0.1","1","false","false","false","true","false","false","false","1","1","1","0.25","1","0","0","0","100","0","25","0.4","10","2.5","2","60","1.6","0.4","20.5","6.7","16","8.21","365","14","1","0","0","299","299","256","455","137","508","723","86687","1490","599","false","515237","208","366","916","33050","35829","20488"
"11","0.1","1","false","false","false","true","false","false","false","1","1","1","0.25","1","0","0","0","100","0","25","0.4","10","2.5","2","60","1.6","0.4","20.5","6.7","16","8.21","365","14","1","0","0","299","299","257","435","127","491","696","86760","1491","572","false","515434","208","366","917","33059","35840","20495"
"11","0.1","1","false","false","false","true","false","false","false","1","1","1","0.25","1","0","0","0","100","0","25","0.4","10","2.5","2","60","1.6","0.4","20.5","6.7","16","8.21","365","14","1","0","0","299","299","258","413","117","476","668","86835","1491","542","false","515643","208","366","917","33066","35863","20505"
"11","0.1","1","false","false","false","true","false","false","false","1","1","1","0.25","1","0","0","0","100","0","25","0.4","10","2.5","2","60","1.6","0.4","20.5","6.7","16","8.21","365","14","1","0","0","299","299","259","378","128","463","644","86894","1493","538","false","515913","208","367","918","33079","35872","20510"
"11","0.1","1","false","false","false","true","false","false","false","1","1","1","0.25","1","0","0","0","100","0","25","0.4","10","2.5","2","60","1.6","0.4","20.5","6.7","16","8.21","365","14","1","0","0","299","299","260","358","123","451","619","86955","1494","519","false","515943","208","367","919","33085","35882","20518"
"11","0.1","1","false","false","false","true","false","false","false","1","1","1","0.25","1","0","0","0","100","0","25","0.4","10","2.5","2","60","1.6","0.4","20.5","6.7","16","8.21","365","14","1","0","0","299","299","261","342","114","441","596","87013","1494","489","false","516066","208","367","919","33098","35892","20522"
"11","0.1","1","false","false","false","true","false","false","false","1","1","1","0.25","1","0","0","0","100","0","25","0.4","10","2.5","2","60","1.6","0.4","20.5","6.7","16","8.21","365","14","1","0","0","299","299","262","322","101","425","580","87076","1496","449","false","516308","208","369","919","33108","35903","20530"
"11","0.1","1","false","false","false","true","false","false","false","1","1","1","0.25","1","0","0","0","100","0","25","0.4","10","2.5","2","60","1.6","0.4","20.5","6.7","16","8.21","365","14","1","0","0","299","299","263","297","98","412","547","87149","1497","425","false","516596","208","370","919","33124","35909","20540"
"11","0.1","1","false","false","false","true","false","false","false","1","1","1","0.25","1","0","0","0","100","0","25","0.4","10","2.5","2","60","1.6","0.4","20.5","6.7","16","8.21","365","14","1","0","0","299","299","264","273","101","395","520","87214","1497","415","false","516789","208","370","919","33136","35919","20545"
"11","0.1","1","false","false","false","true","false","false","false","1","1","1","0.25","1","0","0","0","100","0","25","0.4","10","2.5","2","60","1.6","0.4","20.5","6.7","16","8.21","365","14","1","0","0","299","299","265","254","98","374","499","87276","1499","394","false","516879","209","370","920","33144","35927","20553"
"11","0.1","1","false","false","false","true","false","false","false","1","1","1","0.25","1","0","0","0","100","0","25","0.4","10","2.5","2","60","1.6","0.4","20.5","6.7","16","8.21","365","14","1","0","0","299","299","266","227","98","354","487","87334","1500","394","false","517066","209","371","920","33153","35940","20559"
"11","0.1","1","false","false","false","true","false","false","false","1","1","1","0.25","1","0","0","0","100","0","25","0.4","10","2.5","2","60","1.6","0.4","20.5","6.7","16","8.21","365","14","1","0","0","299","299","267","211","90","344","469","87386","1500","383","false","517084","209","371","920","33165","35945","20564"
"11","0.1","1","false","false","false","true","false","false","false","1","1","1","0.25","1","0","0","0","100","0","25","0.4","10","2.5","2","60","1.6","0.4","20.5","6.7","16","8.21","365","14","1","0","0","299","299","268","193","85","329","458","87434","1501","369","false","517207","209","371","921","33177","35952","20570"
"11","0.1","1","false","false","false","true","false","false","false","1","1","1","0.25","1","0","0","0","100","0","25","0.4","10","2.5","2","60","1.6","0.4","20.5","6.7","16","8.21","365","14","1","0","0","299","299","269","180","76","319","439","87481","1505","350","false","517315","209","371","925","33187","35961","20577"
"11","0.1","1","false","false","false","true","false","false","false","1","1","1","0.25","1","0","0","0","100","0","25","0.4","10","2.5","2","60","1.6","0.4","20.5","6.7","16","8.21","365","14","1","0","0","299","299","270","163","71","310","424","87527","1505","335","false","517444","209","371","925","33194","35971","20585"
"11","0.1","1","false","false","false","true","false","false","false","1","1","1","0.25","1","0","0","0","100","0","25","0.4","10","2.5","2","60","1.6","0.4","20.5","6.7","16","8.21","365","14","1","0","0","299","299","271","155","61","293","410","87574","1507","316","false","517618","211","371","925","33198","35980","20588"
"11","0.1","1","false","false","false","true","false","false","false","1","1","1","0.25","1","0","0","0","100","0","25","0.4","10","2.5","2","60","1.6","0.4","20.5","6.7","16","8.21","365","14","1","0","0","299","299","272","142","55","284","399","87613","1507","296","false","517791","211","371","925","33205","35986","20592"
"11","0.1","1","false","false","false","true","false","false","false","1","1","1","0.25","1","0","0","0","100","0","25","0.4","10","2.5","2","60","1.6","0.4","20.5","6.7","16","8.21","365","14","1","0","0","299","299","273","128","60","268","370","87665","1509","283","false","517968","211","372","926","33208","35988","20598"
"11","0.1","1","false","false","false","true","false","false","false","1","1","1","0.25","1","0","0","0","100","0","25","0.4","10","2.5","2","60","1.6","0.4","20.5","6.7","16","8.21","365","14","1","0","0","299","299","274","116","57","261","357","87698","1511","264","false","518088","212","373","926","33218","35994","20600"
"11","0.1","1","false","false","false","true","false","false","false","1","1","1","0.25","1","0","0","0","100","0","25","0.4","10","2.5","2","60","1.6","0.4","20.5","6.7","16","8.21","365","14","1","0","0","299","299","275","109","56","244","342","87738","1511","247","false","518248","212","373","926","33222","35996","20603"
"11","0.1","1","false","false","false","true","false","false","false","1","1","1","0.25","1","0","0","0","100","0","25","0.4","10","2.5","2","60","1.6","0.4","20.5","6.7","16","8.21","365","14","1","0","0","299","299","276","101","48","233","337","87770","1511","229","false","518388","212","373","926","33226","35998","20608"
"11","0.1","1","false","false","false","true","false","false","false","1","1","1","0.25","1","0","0","0","100","0","25","0.4","10","2.5","2","60","1.6","0.4","20.5","6.7","16","8.21","365","14","1","0","0","299","299","277","92","49","223","329","87796","1511","200","false","518528","212","373","926","33229","36001","20610"
"11","0.1","1","false","false","false","true","false","false","false","1","1","1","0.25","1","0","0","0","100","0","25","0.4","10","2.5","2","60","1.6","0.4","20.5","6.7","16","8.21","365","14","1","0","0","299","299","278","82","47","214","319","87826","1512","183","false","518770","212","373","927","33234","36008","20613"
"11","0.1","1","false","false","false","true","false","false","false","1","1","1","0.25","1","0","0","0","100","0","25","0.4","10","2.5","2","60","1.6","0.4","20.5","6.7","16","8.21","365","14","1","0","0","299","299","279","79","35","202","313","87858","1513","154","false","518912","212","373","928","33239","36016","20617"
"11","0.1","1","false","false","false","true","false","false","false","1","1","1","0.25","1","0","0","0","100","0","25","0.4","10","2.5","2","60","1.6","0.4","20.5","6.7","16","8.21","365","14","1","0","0","299","299","280","72","33","191","298","87893","1513","125","false","519175","212","373","928","33241","36023","20618"
"11","0.1","1","false","false","false","true","false","false","false","1","1","1","0.25","1","0","0","0","100","0","25","0.4","10","2.5","2","60","1.6","0.4","20.5","6.7","16","8.21","365","14","1","0","0","299","299","281","61","34","182","284","87925","1514","107","false","519428","213","373","928","33243","36030","20623"
"11","0.1","1","false","false","false","true","false","false","false","1","1","1","0.25","1","0","0","0","100","0","25","0.4","10","2.5","2","60","1.6","0.4","20.5","6.7","16","8.21","365","14","1","0","0","299","299","282","57","29","171","269","87959","1515","92","false","519579","213","373","929","33247","36031","20625"
"11","0.1","1","false","false","false","true","false","false","false","1","1","1","0.25","1","0","0","0","100","0","25","0.4","10","2.5","2","60","1.6","0.4","20.5","6.7","16","8.21","365","14","1","0","0","299","299","283","48","31","167","259","87980","1515","74","false","519705","213","373","929","33249","36035","20626"
"11","0.1","1","false","false","false","true","false","false","false","1","1","1","0.25","1","0","0","0","100","0","25","0.4","10","2.5","2","60","1.6","0.4","20.5","6.7","16","8.21","365","14","1","0","0","299","299","284","48","24","157","249","88005","1517","58","false","519868","213","373","931","33251","36040","20626"
"11","0.1","1","false","false","false","true","false","false","false","1","1","1","0.25","1","0","0","0","100","0","25","0.4","10","2.5","2","60","1.6","0.4","20.5","6.7","16","8.21","365","14","1","0","0","299","299","285","43","21","142","238","88039","1517","41","false","520008","213","373","931","33253","36047","20626"
"11","0.1","1","false","false","false","true","false","false","false","1","1","1","0.25","1","0","0","0","100","0","25","0.4","10","2.5","2","60","1.6","0.4","20.5","6.7","16","8.21","365","14","1","0","0","299","299","286","40","19","135","221","88068","1517","33","false","520184","213","373","931","33253","36049","20627"
"11","0.1","1","false","false","false","true","false","false","false","1","1","1","0.25","1","0","0","0","100","0","25","0.4","10","2.5","2","60","1.6","0.4","20.5","6.7","16","8.21","365","14","1","0","0","299","299","287","36","20","126","195","88106","1517","18","false","520267","213","373","931","33253","36053","20629"
"11","0.1","1","false","false","false","true","false","false","false","1","1","1","0.25","1","0","0","0","100","0","25","0.4","10","2.5","2","60","1.6","0.4","20.5","6.7","16","8.21","365","14","1","0","0","299","299","288","33","18","126","174","88131","1518","10","false","520427","213","373","932","33256","36058","20629"
"11","0.1","1","false","false","false","true","false","false","false","1","1","1","0.25","1","0","0","0","100","0","25","0.4","10","2.5","2","60","1.6","0.4","20.5","6.7","16","8.21","365","14","1","0","0","299","299","289","33","14","124","165","88146","1518","0","false","520499","213","373","932","33259","36060","20630"
"11","0.1","1","false","false","false","true","false","false","false","1","1","1","0.25","1","0","0","0","100","0","25","0.4","10","2.5","2","60","1.6","0.4","20.5","6.7","16","8.21","365","14","1","0","0","299","299","290","30","16","115","153","88168","1518","0","false","520604","213","373","932","33260","36060","20632"
"11","0.1","1","false","false","false","true","false","false","false","1","1","1","0.25","1","0","0","0","100","0","25","0.4","10","2.5","2","60","1.6","0.4","20.5","6.7","16","8.21","365","14","1","0","0","299","299","291","28","15","105","146","88188","1518","0","false","520604","213","373","932","33262","36060","20632"
"11","0.1","1","false","false","false","true","false","false","false","1","1","1","0.25","1","0","0","0","100","0","25","0.4","10","2.5","2","60","1.6","0.4","20.5","6.7","16","8.21","365","14","1","0","0","299","299","292","25","14","98","133","88212","1518","0","false","520604","213","373","932","33262","36063","20632"
"11","0.1","1","false","false","false","true","false","false","false","1","1","1","0.25","1","0","0","0","100","0","25","0.4","10","2.5","2","60","1.6","0.4","20.5","6.7","16","8.21","365","14","1","0","0","299","299","293","24","11","89","125","88233","1518","0","false","520604","213","373","932","33264","36065","20633"
"11","0.1","1","false","false","false","true","false","false","false","1","1","1","0.25","1","0","0","0","100","0","25","0.4","10","2.5","2","60","1.6","0.4","20.5","6.7","16","8.21","365","14","1","0","0","299","299","294","23","8","83","120","88248","1518","0","false","520604","213","373","932","33266","36067","20633"
"11","0.1","1","false","false","false","true","false","false","false","1","1","1","0.25","1","0","0","0","100","0","25","0.4","10","2.5","2","60","1.6","0.4","20.5","6.7","16","8.21","365","14","1","0","0","299","299","295","23","6","72","115","88266","1518","0","false","520604","213","373","932","33266","36067","20633"
"11","0.1","1","false","false","false","true","false","false","false","1","1","1","0.25","1","0","0","0","100","0","25","0.4","10","2.5","2","60","1.6","0.4","20.5","6.7","16","8.21","365","14","1","0","0","299","299","296","22","6","68","103","88283","1518","0","false","520604","213","373","932","33267","36068","20633"
"11","0.1","1","false","false","false","true","false","false","false","1","1","1","0.25","1","0","0","0","100","0","25","0.4","10","2.5","2","60","1.6","0.4","20.5","6.7","16","8.21","365","14","1","0","0","299","299","297","22","5","70","90","88295","1518","0","false","520604","213","373","932","33267","36069","20634"
"11","0.1","1","false","false","false","true","false","false","false","1","1","1","0.25","1","0","0","0","100","0","25","0.4","10","2.5","2","60","1.6","0.4","20.5","6.7","16","8.21","365","14","1","0","0","299","299","298","22","4","68","78","88310","1518","0","false","520604","213","373","932","33267","36070","20635"
"11","0.1","1","false","false","false","true","false","false","false","1","1","1","0.25","1","0","0","0","100","0","25","0.4","10","2.5","2","60","1.6","0.4","20.5","6.7","16","8.21","365","14","1","0","0","299","299","299","22","2","62","77","88318","1519","0","false","520604","213","373","933","33268","36071","20635"
"11","0.1","1","false","false","false","true","false","false","false","1","1","1","0.25","1","0","0","0","100","0","25","0.4","10","2.5","2","60","1.6","0.4","20.5","6.7","16","8.21","365","14","1","0","0","299","299","300","22","1","60","69","88329","1519","0","false","520592","213","373","933","33269","36072","20636"
"11","0.1","1","false","false","false","true","false","false","false","1","1","1","0.25","1","0","0","0","100","0","25","0.4","10","2.5","2","60","1.6","0.4","20.5","6.7","16","8.21","365","14","1","0","0","299","299","301","22","1","57","64","88337","1519","0","false","520592","213","373","933","33269","36072","20636"
"11","0.1","1","false","false","false","true","false","false","false","1","1","1","0.25","1","0","0","0","100","0","25","0.4","10","2.5","2","60","1.6","0.4","20.5","6.7","16","8.21","365","14","1","0","0","299","299","302","22","1","51","54","88353","1519","0","false","520592","213","373","933","33269","36072","20636"
"11","0.1","1","false","false","false","true","false","false","false","1","1","1","0.25","1","0","0","0","100","0","25","0.4","10","2.5","2","60","1.6","0.4","20.5","6.7","16","8.21","365","14","1","0","0","299","299","303","22","0","48","49","88361","1520","0","false","520592","213","374","933","33270","36072","20636"
"11","0.1","1","false","false","false","true","false","false","false","1","1","1","0.25","1","0","0","0","100","0","25","0.4","10","2.5","2","60","1.6","0.4","20.5","6.7","16","8.21","365","14","1","0","0","299","299","304","22","0","45","46","88367","1520","0","false","520581","213","374","933","33270","36072","20636"
"11","0.1","1","false","false","false","true","false","false","false","1","1","1","0.25","1","0","0","0","100","0","25","0.4","10","2.5","2","60","1.6","0.4","20.5","6.7","16","8.21","365","14","1","0","0","299","299","305","22","0","45","37","88376","1520","0","false","520581","213","374","933","33270","36072","20636"
"11","0.1","1","false","false","false","true","false","false","false","1","1","1","0.25","1","0","0","0","100","0","25","0.4","10","2.5","2","60","1.6","0.4","20.5","6.7","16","8.21","365","14","1","0","0","299","299","306","22","0","41","33","88383","1521","0","false","520581","213","375","933","33270","36072","20636"
"11","0.1","1","false","false","false","true","false","false","false","1","1","1","0.25","1","0","0","0","100","0","25","0.4","10","2.5","2","60","1.6","0.4","20.5","6.7","16","8.21","365","14","1","0","0","299","299","307","22","0","36","32","88389","1521","0","false","520569","213","375","933","33270","36072","20636"
"11","0.1","1","false","false","false","true","false","false","false","1","1","1","0.25","1","0","0","0","100","0","25","0.4","10","2.5","2","60","1.6","0.4","20.5","6.7","16","8.21","365","14","1","0","0","299","299","308","22","0","34","30","88393","1521","0","false","520569","213","375","933","33270","36072","20636"
"11","0.1","1","false","false","false","true","false","false","false","1","1","1","0.25","1","0","0","0","100","0","25","0.4","10","2.5","2","60","1.6","0.4","20.5","6.7","16","8.21","365","14","1","0","0","299","299","309","22","0","27","27","88402","1522","0","false","520569","213","376","933","33270","36072","20636"
"11","0.1","1","false","false","false","true","false","false","false","1","1","1","0.25","1","0","0","0","100","0","25","0.4","10","2.5","2","60","1.6","0.4","20.5","6.7","16","8.21","365","14","1","0","0","299","299","310","22","0","20","25","88410","1523","0","false","520558","213","377","933","33270","36072","20636"
"11","0.1","1","false","false","false","true","false","false","false","1","1","1","0.25","1","0","0","0","100","0","25","0.4","10","2.5","2","60","1.6","0.4","20.5","6.7","16","8.21","365","14","1","0","0","299","299","311","22","0","19","22","88414","1523","0","false","520546","213","377","933","33270","36072","20636"
"11","0.1","1","false","false","false","true","false","false","false","1","1","1","0.25","1","0","0","0","100","0","25","0.4","10","2.5","2","60","1.6","0.4","20.5","6.7","16","8.21","365","14","1","0","0","299","299","312","22","0","15","19","88421","1523","0","false","520546","213","377","933","33270","36072","20636"
"11","0.1","1","false","false","false","true","false","false","false","1","1","1","0.25","1","0","0","0","100","0","25","0.4","10","2.5","2","60","1.6","0.4","20.5","6.7","16","8.21","365","14","1","0","0","299","299","313","22","0","12","18","88425","1523","0","false","520546","213","377","933","33270","36072","20636"
"11","0.1","1","false","false","false","true","false","false","false","1","1","1","0.25","1","0","0","0","100","0","25","0.4","10","2.5","2","60","1.6","0.4","20.5","6.7","16","8.21","365","14","1","0","0","299","299","314","22","0","12","14","88429","1523","0","false","520546","213","377","933","33270","36072","20636"
"11","0.1","1","false","false","false","true","false","false","false","1","1","1","0.25","1","0","0","0","100","0","25","0.4","10","2.5","2","60","1.6","0.4","20.5","6.7","16","8.21","365","14","1","0","0","299","299","315","22","0","9","12","88434","1523","0","false","520546","213","377","933","33270","36072","20636"
"11","0.1","1","false","false","false","true","false","false","false","1","1","1","0.25","1","0","0","0","100","0","25","0.4","10","2.5","2","60","1.6","0.4","20.5","6.7","16","8.21","365","14","1","0","0","299","299","316","22","0","7","12","88436","1523","0","false","520546","213","377","933","33270","36072","20636"
"11","0.1","1","false","false","false","true","false","false","false","1","1","1","0.25","1","0","0","0","100","0","25","0.4","10","2.5","2","60","1.6","0.4","20.5","6.7","16","8.21","365","14","1","0","0","299","299","317","22","0","7","11","88437","1523","0","false","520546","213","377","933","33270","36072","20636"
"11","0.1","1","false","false","false","true","false","false","false","1","1","1","0.25","1","0","0","0","100","0","25","0.4","10","2.5","2","60","1.6","0.4","20.5","6.7","16","8.21","365","14","1","0","0","299","299","318","22","0","6","10","88439","1523","0","false","520546","213","377","933","33270","36072","20636"
"11","0.1","1","false","false","false","true","false","false","false","1","1","1","0.25","1","0","0","0","100","0","25","0.4","10","2.5","2","60","1.6","0.4","20.5","6.7","16","8.21","365","14","1","0","0","299","299","319","22","0","6","9","88440","1523","0","false","520546","213","377","933","33270","36072","20636"
"11","0.1","1","false","false","false","true","false","false","false","1","1","1","0.25","1","0","0","0","100","0","25","0.4","10","2.5","2","60","1.6","0.4","20.5","6.7","16","8.21","365","14","1","0","0","299","299","320","22","0","4","9","88442","1523","0","false","520546","213","377","933","33270","36072","20636"
"11","0.1","1","false","false","false","true","false","false","false","1","1","1","0.25","1","0","0","0","100","0","25","0.4","10","2.5","2","60","1.6","0.4","20.5","6.7","16","8.21","365","14","1","0","0","299","299","321","22","0","3","8","88444","1523","0","false","520546","213","377","933","33270","36072","20636"
"11","0.1","1","false","false","false","true","false","false","false","1","1","1","0.25","1","0","0","0","100","0","25","0.4","10","2.5","2","60","1.6","0.4","20.5","6.7","16","8.21","365","14","1","0","0","299","299","322","22","0","2","8","88445","1523","0","false","520546","213","377","933","33270","36072","20636"
"11","0.1","1","false","false","false","true","false","false","false","1","1","1","0.25","1","0","0","0","100","0","25","0.4","10","2.5","2","60","1.6","0.4","20.5","6.7","16","8.21","365","14","1","0","0","299","299","323","22","0","2","7","88446","1523","0","false","520546","213","377","933","33270","36072","20636"
"11","0.1","1","false","false","false","true","false","false","false","1","1","1","0.25","1","0","0","0","100","0","25","0.4","10","2.5","2","60","1.6","0.4","20.5","6.7","16","8.21","365","14","1","0","0","299","299","324","22","0","2","7","88446","1523","0","false","520546","213","377","933","33270","36072","20636"
"11","0.1","1","false","false","false","true","false","false","false","1","1","1","0.25","1","0","0","0","100","0","25","0.4","10","2.5","2","60","1.6","0.4","20.5","6.7","16","8.21","365","14","1","0","0","299","299","325","22","0","2","5","88448","1523","0","false","520546","213","377","933","33270","36072","20636"
"11","0.1","1","false","false","false","true","false","false","false","1","1","1","0.25","1","0","0","0","100","0","25","0.4","10","2.5","2","60","1.6","0.4","20.5","6.7","16","8.21","365","14","1","0","0","299","299","326","22","0","1","5","88449","1523","0","false","520546","213","377","933","33270","36072","20636"
"11","0.1","1","false","false","false","true","false","false","false","1","1","1","0.25","1","0","0","0","100","0","25","0.4","10","2.5","2","60","1.6","0.4","20.5","6.7","16","8.21","365","14","1","0","0","299","299","327","22","0","1","5","88449","1523","0","false","520546","213","377","933","33270","36072","20636"
"11","0.1","1","false","false","false","true","false","false","false","1","1","1","0.25","1","0","0","0","100","0","25","0.4","10","2.5","2","60","1.6","0.4","20.5","6.7","16","8.21","365","14","1","0","0","299","299","328","22","0","1","3","88451","1523","0","false","520546","213","377","933","33270","36072","20636"
"11","0.1","1","false","false","false","true","false","false","false","1","1","1","0.25","1","0","0","0","100","0","25","0.4","10","2.5","2","60","1.6","0.4","20.5","6.7","16","8.21","365","14","1","0","0","299","299","329","22","0","1","1","88453","1523","0","false","520546","213","377","933","33270","36072","20636"
"11","0.1","1","false","false","false","true","false","false","false","1","1","1","0.25","1","0","0","0","100","0","25","0.4","10","2.5","2","60","1.6","0.4","20.5","6.7","16","8.21","365","14","1","0","0","299","299","330","22","0","1","1","88453","1523","0","false","520546","213","377","933","33270","36072","20636"
"11","0.1","1","false","false","false","true","false","false","false","1","1","1","0.25","1","0","0","0","100","0","25","0.4","10","2.5","2","60","1.6","0.4","20.5","6.7","16","8.21","365","14","1","0","0","299","299","331","22","0","1","1","88453","1523","0","false","520546","213","377","933","33270","36072","20636"
"11","0.1","1","false","false","false","true","false","false","false","1","1","1","0.25","1","0","0","0","100","0","25","0.4","10","2.5","2","60","1.6","0.4","20.5","6.7","16","8.21","365","14","1","0","0","299","299","332","22","0","1","1","88453","1523","0","false","520546","213","377","933","33270","36072","20636"
"11","0.1","1","false","false","false","true","false","false","false","1","1","1","0.25","1","0","0","0","100","0","25","0.4","10","2.5","2","60","1.6","0.4","20.5","6.7","16","8.21","365","14","1","0","0","299","299","333","22","0","1","1","88453","1523","0","false","520546","213","377","933","33270","36072","20636"
"11","0.1","1","false","false","false","true","false","false","false","1","1","1","0.25","1","0","0","0","100","0","25","0.4","10","2.5","2","60","1.6","0.4","20.5","6.7","16","8.21","365","14","1","0","0","299","299","334","22","0","1","1","88453","1523","0","false","520546","213","377","933","33270","36072","20636"
"11","0.1","1","false","false","false","true","false","false","false","1","1","1","0.25","1","0","0","0","100","0","25","0.4","10","2.5","2","60","1.6","0.4","20.5","6.7","16","8.21","365","14","1","0","0","299","299","335","22","0","1","1","88453","1523","0","false","520546","213","377","933","33270","36072","20636"
"11","0.1","1","false","false","false","true","false","false","false","1","1","1","0.25","1","0","0","0","100","0","25","0.4","10","2.5","2","60","1.6","0.4","20.5","6.7","16","8.21","365","14","1","0","0","299","299","336","22","0","0","0","88455","1523","0","false","520546","213","377","933","33270","36072","20636"
"11","0.1","1","false","false","false","true","false","false","false","1","1","1","0.25","1","0","0","0","100","0","25","0.4","10","2.5","2","60","1.6","0.4","20.5","6.7","16","8.21","365","14","1","0","0","299","299","337","22","0","0","0","88455","1523","0","false","520546","213","377","933","33270","36072","20636"
"11","0.1","1","false","false","false","true","false","false","false","1","1","1","0.25","1","0","0","0","100","0","25","0.4","10","2.5","2","60","1.6","0.4","20.5","6.7","16","8.21","365","14","1","0","0","299","299","338","22","0","0","0","88455","1523","0","false","520546","213","377","933","33270","36072","20636"
"11","0.1","1","false","false","false","true","false","false","false","1","1","1","0.25","1","0","0","0","100","0","25","0.4","10","2.5","2","60","1.6","0.4","20.5","6.7","16","8.21","365","14","1","0","0","299","299","339","22","0","0","0","88455","1523","0","false","520546","213","377","933","33270","36072","20636"
"11","0.1","1","false","false","false","true","false","false","false","1","1","1","0.25","1","0","0","0","100","0","25","0.4","10","2.5","2","60","1.6","0.4","20.5","6.7","16","8.21","365","14","1","0","0","299","299","340","22","0","0","0","88455","1523","0","false","520546","213","377","933","33270","36072","20636"
"11","0.1","1","false","false","false","true","false","false","false","1","1","1","0.25","1","0","0","0","100","0","25","0.4","10","2.5","2","60","1.6","0.4","20.5","6.7","16","8.21","365","14","1","0","0","299","299","341","22","0","0","0","88455","1523","0","false","520546","213","377","933","33270","36072","20636"
"11","0.1","1","false","false","false","true","false","false","false","1","1","1","0.25","1","0","0","0","100","0","25","0.4","10","2.5","2","60","1.6","0.4","20.5","6.7","16","8.21","365","14","1","0","0","299","299","342","22","0","0","0","88455","1523","0","false","520546","213","377","933","33270","36072","20636"
"11","0.1","1","false","false","false","true","false","false","false","1","1","1","0.25","1","0","0","0","100","0","25","0.4","10","2.5","2","60","1.6","0.4","20.5","6.7","16","8.21","365","14","1","0","0","299","299","343","22","0","0","0","88455","1523","0","false","520546","213","377","933","33270","36072","20636"
"11","0.1","1","false","false","false","true","false","false","false","1","1","1","0.25","1","0","0","0","100","0","25","0.4","10","2.5","2","60","1.6","0.4","20.5","6.7","16","8.21","365","14","1","0","0","299","299","344","22","0","0","0","88455","1523","0","false","520546","213","377","933","33270","36072","20636"
"11","0.1","1","false","false","false","true","false","false","false","1","1","1","0.25","1","0","0","0","100","0","25","0.4","10","2.5","2","60","1.6","0.4","20.5","6.7","16","8.21","365","14","1","0","0","299","299","345","22","0","0","0","88455","1523","0","false","520546","213","377","933","33270","36072","20636"
"11","0.1","1","false","false","false","true","false","false","false","1","1","1","0.25","1","0","0","0","100","0","25","0.4","10","2.5","2","60","1.6","0.4","20.5","6.7","16","8.21","365","14","1","0","0","299","299","346","22","0","0","0","88455","1523","0","false","520546","213","377","933","33270","36072","20636"
"11","0.1","1","false","false","false","true","false","false","false","1","1","1","0.25","1","0","0","0","100","0","25","0.4","10","2.5","2","60","1.6","0.4","20.5","6.7","16","8.21","365","14","1","0","0","299","299","347","22","0","0","0","88455","1523","0","false","520546","213","377","933","33270","36072","20636"
"11","0.1","1","false","false","false","true","false","false","false","1","1","1","0.25","1","0","0","0","100","0","25","0.4","10","2.5","2","60","1.6","0.4","20.5","6.7","16","8.21","365","14","1","0","0","299","299","348","22","0","0","0","88455","1523","0","false","520546","213","377","933","33270","36072","20636"
"11","0.1","1","false","false","false","true","false","false","false","1","1","1","0.25","1","0","0","0","100","0","25","0.4","10","2.5","2","60","1.6","0.4","20.5","6.7","16","8.21","365","14","1","0","0","299","299","349","22","0","0","0","88455","1523","0","false","520546","213","377","933","33270","36072","20636"
"11","0.1","1","false","false","false","true","false","false","false","1","1","1","0.25","1","0","0","0","100","0","25","0.4","10","2.5","2","60","1.6","0.4","20.5","6.7","16","8.21","365","14","1","0","0","299","299","350","22","0","0","0","88455","1523","0","false","520546","213","377","933","33270","36072","20636"
"11","0.1","1","false","false","false","true","false","false","false","1","1","1","0.25","1","0","0","0","100","0","25","0.4","10","2.5","2","60","1.6","0.4","20.5","6.7","16","8.21","365","14","1","0","0","299","299","351","22","0","0","0","88455","1523","0","false","520546","213","377","933","33270","36072","20636"
"11","0.1","1","false","false","false","true","false","false","false","1","1","1","0.25","1","0","0","0","100","0","25","0.4","10","2.5","2","60","1.6","0.4","20.5","6.7","16","8.21","365","14","1","0","0","299","299","352","22","0","0","0","88455","1523","0","false","520546","213","377","933","33270","36072","20636"
"11","0.1","1","false","false","false","true","false","false","false","1","1","1","0.25","1","0","0","0","100","0","25","0.4","10","2.5","2","60","1.6","0.4","20.5","6.7","16","8.21","365","14","1","0","0","299","299","353","22","0","0","0","88455","1523","0","false","520546","213","377","933","33270","36072","20636"
"11","0.1","1","false","false","false","true","false","false","false","1","1","1","0.25","1","0","0","0","100","0","25","0.4","10","2.5","2","60","1.6","0.4","20.5","6.7","16","8.21","365","14","1","0","0","299","299","354","22","0","0","0","88455","1523","0","false","520546","213","377","933","33270","36072","20636"
"11","0.1","1","false","false","false","true","false","false","false","1","1","1","0.25","1","0","0","0","100","0","25","0.4","10","2.5","2","60","1.6","0.4","20.5","6.7","16","8.21","365","14","1","0","0","299","299","355","22","0","0","0","88455","1523","0","false","520546","213","377","933","33270","36072","20636"
"11","0.1","1","false","false","false","true","false","false","false","1","1","1","0.25","1","0","0","0","100","0","25","0.4","10","2.5","2","60","1.6","0.4","20.5","6.7","16","8.21","365","14","1","0","0","299","299","356","22","0","0","0","88455","1523","0","false","520546","213","377","933","33270","36072","20636"
"11","0.1","1","false","false","false","true","false","false","false","1","1","1","0.25","1","0","0","0","100","0","25","0.4","10","2.5","2","60","1.6","0.4","20.5","6.7","16","8.21","365","14","1","0","0","299","299","357","22","0","0","0","88455","1523","0","false","520546","213","377","933","33270","36072","20636"
"11","0.1","1","false","false","false","true","false","false","false","1","1","1","0.25","1","0","0","0","100","0","25","0.4","10","2.5","2","60","1.6","0.4","20.5","6.7","16","8.21","365","14","1","0","0","299","299","358","22","0","0","0","88455","1523","0","false","520546","213","377","933","33270","36072","20636"
"11","0.1","1","false","false","false","true","false","false","false","1","1","1","0.25","1","0","0","0","100","0","25","0.4","10","2.5","2","60","1.6","0.4","20.5","6.7","16","8.21","365","14","1","0","0","299","299","359","22","0","0","0","88455","1523","0","false","520546","213","377","933","33270","36072","20636"
"11","0.1","1","false","false","false","true","false","false","false","1","1","1","0.25","1","0","0","0","100","0","25","0.4","10","2.5","2","60","1.6","0.4","20.5","6.7","16","8.21","365","14","1","0","0","299","299","360","22","0","0","0","88455","1523","0","false","520546","213","377","933","33270","36072","20636"
"11","0.1","1","false","false","false","true","false","false","false","1","1","1","0.25","1","0","0","0","100","0","25","0.4","10","2.5","2","60","1.6","0.4","20.5","6.7","16","8.21","365","14","1","0","0","299","299","361","22","0","0","0","88455","1523","0","false","520546","213","377","933","33270","36072","20636"
"11","0.1","1","false","false","false","true","false","false","false","1","1","1","0.25","1","0","0","0","100","0","25","0.4","10","2.5","2","60","1.6","0.4","20.5","6.7","16","8.21","365","14","1","0","0","299","299","362","22","0","0","0","88455","1523","0","false","520546","213","377","933","33270","36072","20636"
"11","0.1","1","false","false","false","true","false","false","false","1","1","1","0.25","1","0","0","0","100","0","25","0.4","10","2.5","2","60","1.6","0.4","20.5","6.7","16","8.21","365","14","1","0","0","299","299","363","22","0","0","0","88455","1523","0","false","520546","213","377","933","33270","36072","20636"
"11","0.1","1","false","false","false","true","false","false","false","1","1","1","0.25","1","0","0","0","100","0","25","0.4","10","2.5","2","60","1.6","0.4","20.5","6.7","16","8.21","365","14","1","0","0","299","299","364","22","0","0","0","88455","1523","0","false","520546","213","377","933","33270","36072","20636"
"11","0.1","1","false","false","false","true","false","false","false","1","1","1","0.25","1","0","0","0","100","0","25","0.4","10","2.5","2","60","1.6","0.4","20.5","6.7","16","8.21","365","14","1","0","0","299","299","365","22","0","0","0","88455","1523","0","false","520546","213","377","933","33270","36072","20636"
"12","0.1","1","false","false","false","true","false","false","false","1","1","1","0.25","1","0","0","0","100","0","25","0.5","10","2.5","2","60","1.6","0.4","20.5","6.7","16","8.21","365","14","1","0","0","299","299","0","89910","90","0","0","0","0","0","false","0","0","0","0","0","0","0"
"12","0.1","1","false","false","false","true","false","false","false","1","1","1","0.25","1","0","0","0","100","0","25","0.5","10","2.5","2","60","1.6","0.4","20.5","6.7","16","8.21","365","14","1","0","0","299","299","1","89910","84","0","6","0","0","0","false","538558","0","0","0","2","0","2"
"12","0.1","1","false","false","false","true","false","false","false","1","1","1","0.25","1","0","0","0","100","0","25","0.5","10","2.5","2","60","1.6","0.4","20.5","6.7","16","8.21","365","14","1","0","0","299","299","2","89905","75","0","20","0","0","0","false","538558","0","0","0","3","4","5"
"12","0.1","1","false","false","false","true","false","false","false","1","1","1","0.25","1","0","0","0","100","0","25","0.5","10","2.5","2","60","1.6","0.4","20.5","6.7","16","8.21","365","14","1","0","0","299","299","3","89876","87","0","37","0","0","0","false","538558","0","0","0","6","7","6"
"12","0.1","1","false","false","false","true","false","false","false","1","1","1","0.25","1","0","0","0","100","0","25","0.5","10","2.5","2","60","1.6","0.4","20.5","6.7","16","8.21","365","14","1","0","0","299","299","4","89834","111","3","52","0","0","0","false","538558","0","0","0","14","11","9"
"12","0.1","1","false","false","false","true","false","false","false","1","1","1","0.25","1","0","0","0","100","0","25","0.5","10","2.5","2","60","1.6","0.4","20.5","6.7","16","8.21","365","14","1","0","0","299","299","5","89779","143","8","70","0","0","0","false","538558","0","0","0","21","13","14"
"12","0.1","1","false","false","false","true","false","false","false","1","1","1","0.25","1","0","0","0","100","0","25","0.5","10","2.5","2","60","1.6","0.4","20.5","6.7","16","8.21","365","14","1","0","0","299","299","6","89700","191","15","94","0","0","0","false","538558","0","0","0","33","19","21"
"12","0.1","1","false","false","false","true","false","false","false","1","1","1","0.25","1","0","0","0","100","0","25","0.5","10","2.5","2","60","1.6","0.4","20.5","6.7","16","8.21","365","14","1","0","0","299","299","7","89628","228","25","119","0","0","0","false","538558","0","0","0","42","34","30"
"12","0.1","1","false","false","false","true","false","false","false","1","1","1","0.25","1","0","0","0","100","0","25","0.5","10","2.5","2","60","1.6","0.4","20.5","6.7","16","8.21","365","14","1","0","0","299","299","8","89515","301","36","148","0","0","0","false","538558","0","0","0","54","48","38"
"12","0.1","1","false","false","false","true","false","false","false","1","1","1","0.25","1","0","0","0","100","0","25","0.5","10","2.5","2","60","1.6","0.4","20.5","6.7","16","8.21","365","14","1","0","0","299","299","9","89412","348","49","191","0","0","0","false","538558","0","0","0","77","61","50"
"12","0.1","1","false","false","false","true","false","false","false","1","1","1","0.25","1","0","0","0","100","0","25","0.5","10","2.5","2","60","1.6","0.4","20.5","6.7","16","8.21","365","14","1","0","0","299","299","10","89278","413","62","247","0","0","0","false","538558","0","0","0","96","85","59"
"12","0.1","1","false","false","false","true","false","false","false","1","1","1","0.25","1","0","0","0","100","0","25","0.5","10","2.5","2","60","1.6","0.4","20.5","6.7","16","8.21","365","14","1","0","0","299","299","11","89118","492","79","311","0","0","0","false","538558","0","0","0","119","115","74"
"12","0.1","1","false","false","false","true","false","false","false","1","1","1","0.25","1","0","0","0","100","0","25","0.5","10","2.5","2","60","1.6","0.4","20.5","6.7","16","8.21","365","14","1","0","0","299","299","12","88932","581","109","378","0","0","0","false","538558","0","0","0","157","154","90"
"12","0.1","1","false","false","false","true","false","false","false","1","1","1","0.25","1","0","0","0","100","0","25","0.5","10","2.5","2","60","1.6","0.4","20.5","6.7","16","8.21","365","14","1","0","0","299","299","13","88741","658","131","470","0","0","0","false","538558","0","0","0","197","190","107"
"12","0.1","1","false","false","false","true","false","false","false","1","1","1","0.25","1","0","0","0","100","0","25","0.5","10","2.5","2","60","1.6","0.4","20.5","6.7","16","8.21","365","14","1","0","0","299","299","14","88527","727","162","584","0","0","0","false","538558","0","0","0","250","236","130"
"12","0.1","1","false","false","false","true","false","false","false","1","1","1","0.25","1","0","0","0","100","0","25","0.5","10","2.5","2","60","1.6","0.4","20.5","6.7","16","8.21","365","14","1","0","0","299","299","15","88283","827","194","695","0","1","0","false","538558","0","0","1","297","289","152"
"12","0.1","1","false","false","false","true","false","false","false","1","1","1","0.25","1","0","0","0","100","0","25","0.5","10","2.5","2","60","1.6","0.4","20.5","6.7","16","8.21","365","14","1","0","0","299","299","16","88000","941","245","812","1","1","84","false","538546","0","0","1","353","351","192"
"12","0.1","1","false","false","false","true","false","false","false","1","1","1","0.25","1","0","0","0","100","0","25","0.5","10","2.5","2","60","1.6","0.4","20.5","6.7","16","8.21","365","14","1","0","0","299","299","17","87732","1012","302","950","3","1","432","false","537567","0","0","1","421","416","231"
"12","0.1","1","false","false","false","true","false","false","false","1","1","1","0.25","1","0","0","0","100","0","25","0.5","10","2.5","2","60","1.6","0.4","20.5","6.7","16","8.21","365","14","1","0","0","299","299","18","87472","1038","344","1142","3","1","753","false","534142","0","0","1","503","494","270"
"12","0.1","1","false","false","false","true","false","false","false","1","1","1","0.25","1","0","0","0","100","0","25","0.5","10","2.5","2","60","1.6","0.4","20.5","6.7","16","8.21","365","14","1","0","0","299","299","19","87177","1094","410","1313","4","2","1036","false","531060","0","0","2","585","577","320"
"12","0.1","1","false","false","false","true","false","false","false","1","1","1","0.25","1","0","0","0","100","0","25","0.5","10","2.5","2","60","1.6","0.4","20.5","6.7","16","8.21","365","14","1","0","0","299","299","20","86894","1128","476","1489","10","3","1380","false","528405","1","0","2","665","670","365"
"12","0.1","1","false","false","false","true","false","false","false","1","1","1","0.25","1","0","0","0","100","0","25","0.5","10","2.5","2","60","1.6","0.4","20.5","6.7","16","8.21","365","14","1","0","0","299","299","21","86627","1123","562","1668","17","3","1744","false","525234","1","0","2","757","779","417"
"12","0.1","1","false","false","false","true","false","false","false","1","1","1","0.25","1","0","0","0","100","0","25","0.5","10","2.5","2","60","1.6","0.4","20.5","6.7","16","8.21","365","14","1","0","0","299","299","22","86343","1154","649","1822","29","3","2205","false","522137","1","0","2","869","864","470"
"12","0.1","1","false","false","false","true","false","false","false","1","1","1","0.25","1","0","0","0","100","0","25","0.5","10","2.5","2","60","1.6","0.4","20.5","6.7","16","8.21","365","14","1","0","0","299","299","23","86069","1146","744","1998","40","3","2601","false","518205","1","0","2","965","974","528"
"12","0.1","1","false","false","false","true","false","false","false","1","1","1","0.25","1","0","0","0","100","0","25","0.5","10","2.5","2","60","1.6","0.4","20.5","6.7","16","8.21","365","14","1","0","0","299","299","24","85815","1129","857","2142","52","5","3145","false","514904","1","0","4","1073","1092","584"
"12","0.1","1","false","false","false","true","false","false","false","1","1","1","0.25","1","0","0","0","100","0","25","0.5","10","2.5","2","60","1.6","0.4","20.5","6.7","16","8.21","365","14","1","0","0","299","299","25","85543","1121","946","2313","72","5","3560","false","510462","1","0","4","1171","1195","655"
"12","0.1","1","false","false","false","true","false","false","false","1","1","1","0.25","1","0","0","0","100","0","25","0.5","10","2.5","2","60","1.6","0.4","20.5","6.7","16","8.21","365","14","1","0","0","299","299","26","85274","1145","1044","2439","92","6","4008","false","507241","1","1","4","1268","1294","714"
"12","0.1","1","false","false","false","true","false","false","false","1","1","1","0.25","1","0","0","0","100","0","25","0.5","10","2.5","2","60","1.6","0.4","20.5","6.7","16","8.21","365","14","1","0","0","299","299","27","85016","1146","1149","2560","122","7","4449","false","503754","1","1","5","1370","1405","782"
"12","0.1","1","false","false","false","true","false","false","false","1","1","1","0.25","1","0","0","0","100","0","25","0.5","10","2.5","2","60","1.6","0.4","20.5","6.7","16","8.21","365","14","1","0","0","299","299","28","84769","1094","1242","2725","161","9","4828","false","500335","1","1","7","1476","1505","856"
"12","0.1","1","false","false","false","true","false","false","false","1","1","1","0.25","1","0","0","0","100","0","25","0.5","10","2.5","2","60","1.6","0.4","20.5","6.7","16","8.21","365","14","1","0","0","299","299","29","84505","1105","1323","2834","223","10","5175","false","497318","2","1","7","1560","1608","921"
"12","0.1","1","false","false","false","true","false","false","false","1","1","1","0.25","1","0","0","0","100","0","25","0.5","10","2.5","2","60","1.6","0.4","20.5","6.7","16","8.21","365","14","1","0","0","299","299","30","84262","1090","1411","2947","279","11","5304","false","494325","3","1","7","1658","1720","985"
"12","0.1","1","false","false","false","true","false","false","false","1","1","1","0.25","1","0","0","0","100","0","25","0.5","10","2.5","2","60","1.6","0.4","20.5","6.7","16","8.21","365","14","1","0","0","299","299","31","83987","1083","1479","3090","349","12","5447","false","492807","3","2","7","1753","1834","1041"
"12","0.1","1","false","false","false","true","false","false","false","1","1","1","0.25","1","0","0","0","100","0","25","0.5","10","2.5","2","60","1.6","0.4","20.5","6.7","16","8.21","365","14","1","0","0","299","299","32","83674","1141","1560","3187","424","14","5733","false","491263","4","3","7","1863","1921","1100"
"12","0.1","1","false","false","false","true","false","false","false","1","1","1","0.25","1","0","0","0","100","0","25","0.5","10","2.5","2","60","1.6","0.4","20.5","6.7","16","8.21","365","14","1","0","0","299","299","33","83319","1236","1635","3280","515","15","5920","false","488680","4","4","7","1973","2011","1165"
"12","0.1","1","false","false","false","true","false","false","false","1","1","1","0.25","1","0","0","0","100","0","25","0.5","10","2.5","2","60","1.6","0.4","20.5","6.7","16","8.21","365","14","1","0","0","299","299","34","82971","1313","1691","3403","604","18","6058","false","486890","5","4","9","2054","2115","1227"
"12","0.1","1","false","false","false","true","false","false","false","1","1","1","0.25","1","0","0","0","100","0","25","0.5","10","2.5","2","60","1.6","0.4","20.5","6.7","16","8.21","365","14","1","0","0","299","299","35","82643","1360","1779","3490","709","19","6141","false","485381","5","4","10","2156","2222","1310"
"12","0.1","1","false","false","false","true","false","false","false","1","1","1","0.25","1","0","0","0","100","0","25","0.5","10","2.5","2","60","1.6","0.4","20.5","6.7","16","8.21","365","14","1","0","0","299","299","36","82247","1446","1832","3596","856","23","6308","false","484346","6","6","11","2255","2334","1386"
"12","0.1","1","false","false","false","true","false","false","false","1","1","1","0.25","1","0","0","0","100","0","25","0.5","10","2.5","2","60","1.6","0.4","20.5","6.7","16","8.21","365","14","1","0","0","299","299","37","81866","1531","1884","3698","996","25","6446","false","482555","7","7","11","2328","2449","1461"
"12","0.1","1","false","false","false","true","false","false","false","1","1","1","0.25","1","0","0","0","100","0","25","0.5","10","2.5","2","60","1.6","0.4","20.5","6.7","16","8.21","365","14","1","0","0","299","299","38","81459","1589","1935","3817","1168","32","6582","false","481137","8","9","15","2455","2580","1529"
"12","0.1","1","false","false","false","true","false","false","false","1","1","1","0.25","1","0","0","0","100","0","25","0.5","10","2.5","2","60","1.6","0.4","20.5","6.7","16","8.21","365","14","1","0","0","299","299","39","81044","1622","1966","3983","1348","37","6715","false","479581","10","10","17","2584","2711","1618"
"12","0.1","1","false","false","false","true","false","false","false","1","1","1","0.25","1","0","0","0","100","0","25","0.5","10","2.5","2","60","1.6","0.4","20.5","6.7","16","8.21","365","14","1","0","0","299","299","40","80582","1701","2055","4080","1539","43","6917","false","478219","10","13","20","2720","2873","1713"
"12","0.1","1","false","false","false","true","false","false","false","1","1","1","0.25","1","0","0","0","100","0","25","0.5","10","2.5","2","60","1.6","0.4","20.5","6.7","16","8.21","365","14","1","0","0","299","299","41","80150","1766","2129","4197","1713","45","7106","false","476135","10","13","22","2850","3018","1784"
"12","0.1","1","false","false","false","true","false","false","false","1","1","1","0.25","1","0","0","0","100","0","25","0.5","10","2.5","2","60","1.6","0.4","20.5","6.7","16","8.21","365","14","1","0","0","299","299","42","79693","1789","2182","4364","1923","49","7181","false","474313","10","14","25","2996","3180","1865"
"12","0.1","1","false","false","false","true","false","false","false","1","1","1","0.25","1","0","0","0","100","0","25","0.5","10","2.5","2","60","1.6","0.4","20.5","6.7","16","8.21","365","14","1","0","0","299","299","43","79241","1837","2251","4473","2143","55","7283","false","473319","10","16","29","3158","3317","1959"
"12","0.1","1","false","false","false","true","false","false","false","1","1","1","0.25","1","0","0","0","100","0","25","0.5","10","2.5","2","60","1.6","0.4","20.5","6.7","16","8.21","365","14","1","0","0","299","299","44","78772","1877","2320","4612","2361","58","7550","false","472075","10","17","31","3312","3493","2038"
"12","0.1","1","false","false","false","true","false","false","false","1","1","1","0.25","1","0","0","0","100","0","25","0.5","10","2.5","2","60","1.6","0.4","20.5","6.7","16","8.21","365","14","1","0","0","299","299","45","78311","1909","2419","4702","2600","59","7651","false","469683","10","17","32","3480","3679","2128"
"12","0.1","1","false","false","false","true","false","false","false","1","1","1","0.25","1","0","0","0","100","0","25","0.5","10","2.5","2","60","1.6","0.4","20.5","6.7","16","8.21","365","14","1","0","0","299","299","46","77813","1966","2509","4843","2807","62","7814","false","468640","10","18","34","3640","3861","2223"
"12","0.1","1","false","false","false","true","false","false","false","1","1","1","0.25","1","0","0","0","100","0","25","0.5","10","2.5","2","60","1.6","0.4","20.5","6.7","16","8.21","365","14","1","0","0","299","299","47","77280","2034","2595","4964","3060","67","7912","false","466924","10","20","37","3803","4052","2331"
"12","0.1","1","false","false","false","true","false","false","false","1","1","1","0.25","1","0","0","0","100","0","25","0.5","10","2.5","2","60","1.6","0.4","20.5","6.7","16","8.21","365","14","1","0","0","299","299","48","76797","2077","2665","5083","3311","67","8057","false","465888","10","20","37","3964","4226","2418"
"12","0.1","1","false","false","false","true","false","false","false","1","1","1","0.25","1","0","0","0","100","0","25","0.5","10","2.5","2","60","1.6","0.4","20.5","6.7","16","8.21","365","14","1","0","0","299","299","49","76262","2119","2733","5253","3559","74","8196","false","464416","13","21","40","4130","4407","2506"
"12","0.1","1","false","false","false","true","false","false","false","1","1","1","0.25","1","0","0","0","100","0","25","0.5","10","2.5","2","60","1.6","0.4","20.5","6.7","16","8.21","365","14","1","0","0","299","299","50","75724","2180","2827","5386","3803","80","8224","false","463081","13","21","46","4296","4598","2624"
"12","0.1","1","false","false","false","true","false","false","false","1","1","1","0.25","1","0","0","0","100","0","25","0.5","10","2.5","2","60","1.6","0.4","20.5","6.7","16","8.21","365","14","1","0","0","299","299","51","75173","2254","2940","5505","4044","84","8459","false","462487","13","23","48","4482","4801","2726"
"12","0.1","1","false","false","false","true","false","false","false","1","1","1","0.25","1","0","0","0","100","0","25","0.5","10","2.5","2","60","1.6","0.4","20.5","6.7","16","8.21","365","14","1","0","0","299","299","52","74636","2282","3021","5645","4328","88","8674","false","460263","13","23","52","4675","4993","2837"
"12","0.1","1","false","false","false","true","false","false","false","1","1","1","0.25","1","0","0","0","100","0","25","0.5","10","2.5","2","60","1.6","0.4","20.5","6.7","16","8.21","365","14","1","0","0","299","299","53","74118","2308","3108","5786","4591","89","8730","false","458071","14","23","52","4860","5187","2950"
"12","0.1","1","false","false","false","true","false","false","false","1","1","1","0.25","1","0","0","0","100","0","25","0.5","10","2.5","2","60","1.6","0.4","20.5","6.7","16","8.21","365","14","1","0","0","299","299","54","73579","2313","3171","5961","4882","94","8810","false","457358","15","24","55","5043","5382","3092"
"12","0.1","1","false","false","false","true","false","false","false","1","1","1","0.25","1","0","0","0","100","0","25","0.5","10","2.5","2","60","1.6","0.4","20.5","6.7","16","8.21","365","14","1","0","0","299","299","55","72992","2321","3249","6164","5173","101","8986","false","456568","16","24","61","5255","5593","3220"
"12","0.1","1","false","false","false","true","false","false","false","1","1","1","0.25","1","0","0","0","100","0","25","0.5","10","2.5","2","60","1.6","0.4","20.5","6.7","16","8.21","365","14","1","0","0","299","299","56","72458","2301","3338","6347","5450","106","9126","false","454703","16","25","65","5466","5806","3332"
"12","0.1","1","false","false","false","true","false","false","false","1","1","1","0.25","1","0","0","0","100","0","25","0.5","10","2.5","2","60","1.6","0.4","20.5","6.7","16","8.21","365","14","1","0","0","299","299","57","71900","2296","3428","6507","5757","112","9251","false","453521","17","28","67","5659","6046","3441"
"12","0.1","1","false","false","false","true","false","false","false","1","1","1","0.25","1","0","0","0","100","0","25","0.5","10","2.5","2","60","1.6","0.4","20.5","6.7","16","8.21","365","14","1","0","0","299","299","58","71395","2261","3516","6624","6087","117","9326","false","452195","18","28","71","5861","6254","3574"
"12","0.1","1","false","false","false","true","false","false","false","1","1","1","0.25","1","0","0","0","100","0","25","0.5","10","2.5","2","60","1.6","0.4","20.5","6.7","16","8.21","365","14","1","0","0","299","299","59","70865","2277","3600","6736","6399","123","9483","false","451501","19","29","75","6053","6439","3707"
"12","0.1","1","false","false","false","true","false","false","false","1","1","1","0.25","1","0","0","0","100","0","25","0.5","10","2.5","2","60","1.6","0.4","20.5","6.7","16","8.21","365","14","1","0","0","299","299","60","70304","2266","3713","6853","6733","131","9616","false","450080","19","32","80","6258","6692","3844"
"12","0.1","1","false","false","false","true","false","false","false","1","1","1","0.25","1","0","0","0","100","0","25","0.5","10","2.5","2","60","1.6","0.4","20.5","6.7","16","8.21","365","14","1","0","0","299","299","61","69744","2316","3784","6947","7071","138","9798","false","448789","21","34","83","6440","6908","3956"
"12","0.1","1","false","false","false","true","false","false","false","1","1","1","0.25","1","0","0","0","100","0","25","0.5","10","2.5","2","60","1.6","0.4","20.5","6.7","16","8.21","365","14","1","0","0","299","299","62","69123","2376","3854","7061","7440","146","9934","false","447109","24","34","88","6622","7123","4087"
"12","0.1","1","false","false","false","true","false","false","false","1","1","1","0.25","1","0","0","0","100","0","25","0.5","10","2.5","2","60","1.6","0.4","20.5","6.7","16","8.21","365","14","1","0","0","299","299","63","68513","2476","3925","7118","7820","148","10084","false","445914","24","34","90","6808","7321","4231"
"12","0.1","1","false","false","false","true","false","false","false","1","1","1","0.25","1","0","0","0","100","0","25","0.5","10","2.5","2","60","1.6","0.4","20.5","6.7","16","8.21","365","14","1","0","0","299","299","64","67923","2514","4028","7215","8160","160","10093","false","444669","25","39","96","7018","7550","4354"
"12","0.1","1","false","false","false","true","false","false","false","1","1","1","0.25","1","0","0","0","100","0","25","0.5","10","2.5","2","60","1.6","0.4","20.5","6.7","16","8.21","365","14","1","0","0","299","299","65","67288","2581","4093","7366","8510","162","10087","false","444382","25","39","98","7200","7744","4499"
"12","0.1","1","false","false","false","true","false","false","false","1","1","1","0.25","1","0","0","0","100","0","25","0.5","10","2.5","2","60","1.6","0.4","20.5","6.7","16","8.21","365","14","1","0","0","299","299","66","66646","2648","4151","7477","8912","166","10338","false","444141","25","42","99","7416","7972","4632"
"12","0.1","1","false","false","false","true","false","false","false","1","1","1","0.25","1","0","0","0","100","0","25","0.5","10","2.5","2","60","1.6","0.4","20.5","6.7","16","8.21","365","14","1","0","0","299","299","67","66049","2640","4241","7620","9278","172","10485","false","442320","26","43","103","7630","8201","4778"
"12","0.1","1","false","false","false","true","false","false","false","1","1","1","0.25","1","0","0","0","100","0","25","0.5","10","2.5","2","60","1.6","0.4","20.5","6.7","16","8.21","365","14","1","0","0","299","299","68","65433","2645","4327","7738","9678","179","10449","false","441048","27","43","109","7851","8456","4919"
"12","0.1","1","false","false","false","true","false","false","false","1","1","1","0.25","1","0","0","0","100","0","25","0.5","10","2.5","2","60","1.6","0.4","20.5","6.7","16","8.21","365","14","1","0","0","299","299","69","64836","2621","4405","7844","10105","189","10469","false","440911","29","44","116","8077","8691","5056"
"12","0.1","1","false","false","false","true","false","false","false","1","1","1","0.25","1","0","0","0","100","0","25","0.5","10","2.5","2","60","1.6","0.4","20.5","6.7","16","8.21","365","14","1","0","0","299","299","70","64246","2587","4471","7942","10553","201","10445","false","440370","31","46","124","8298","8923","5206"
"12","0.1","1","false","false","false","true","false","false","false","1","1","1","0.25","1","0","0","0","100","0","25","0.5","10","2.5","2","60","1.6","0.4","20.5","6.7","16","8.21","365","14","1","0","0","299","299","71","63625","2605","4543","8038","10978","211","10535","false","440294","32","48","131","8519","9156","5344"
"12","0.1","1","false","false","false","true","false","false","false","1","1","1","0.25","1","0","0","0","100","0","25","0.5","10","2.5","2","60","1.6","0.4","20.5","6.7","16","8.21","365","14","1","0","0","299","299","72","63008","2602","4610","8133","11431","216","10688","false","439127","33","48","135","8764","9405","5478"
"12","0.1","1","false","false","false","true","false","false","false","1","1","1","0.25","1","0","0","0","100","0","25","0.5","10","2.5","2","60","1.6","0.4","20.5","6.7","16","8.21","365","14","1","0","0","299","299","73","62398","2556","4688","8247","11884","227","10649","false","437835","35","50","142","9010","9684","5622"
"12","0.1","1","false","false","false","true","false","false","false","1","1","1","0.25","1","0","0","0","100","0","25","0.5","10","2.5","2","60","1.6","0.4","20.5","6.7","16","8.21","365","14","1","0","0","299","299","74","61708","2624","4762","8280","12392","234","10726","false","437832","35","52","147","9217","9958","5757"
"12","0.1","1","false","false","false","true","false","false","false","1","1","1","0.25","1","0","0","0","100","0","25","0.5","10","2.5","2","60","1.6","0.4","20.5","6.7","16","8.21","365","14","1","0","0","299","299","75","61086","2655","4804","8299","12914","242","10699","false","437035","35","53","154","9452","10185","5889"
"12","0.1","1","false","false","false","true","false","false","false","1","1","1","0.25","1","0","0","0","100","0","25","0.5","10","2.5","2","60","1.6","0.4","20.5","6.7","16","8.21","365","14","1","0","0","299","299","76","60409","2728","4836","8359","13413","255","10760","false","437207","35","57","163","9686","10425","6019"
"12","0.1","1","false","false","false","true","false","false","false","1","1","1","0.25","1","0","0","0","100","0","25","0.5","10","2.5","2","60","1.6","0.4","20.5","6.7","16","8.21","365","14","1","0","0","299","299","77","59743","2781","4883","8416","13914","263","10862","false","436554","37","60","166","9900","10671","6161"
"12","0.1","1","false","false","false","true","false","false","false","1","1","1","0.25","1","0","0","0","100","0","25","0.5","10","2.5","2","60","1.6","0.4","20.5","6.7","16","8.21","365","14","1","0","0","299","299","78","59107","2789","4923","8499","14413","269","10840","false","435618","39","61","169","10146","10922","6298"
"12","0.1","1","false","false","false","true","false","false","false","1","1","1","0.25","1","0","0","0","100","0","25","0.5","10","2.5","2","60","1.6","0.4","20.5","6.7","16","8.21","365","14","1","0","0","299","299","79","58435","2793","4968","8599","14927","278","11001","false","435645","40","64","174","10410","11179","6425"
"12","0.1","1","false","false","false","true","false","false","false","1","1","1","0.25","1","0","0","0","100","0","25","0.5","10","2.5","2","60","1.6","0.4","20.5","6.7","16","8.21","365","14","1","0","0","299","299","80","57757","2804","5026","8712","15414","287","11004","false","434140","40","66","181","10626","11468","6564"
"12","0.1","1","false","false","false","true","false","false","false","1","1","1","0.25","1","0","0","0","100","0","25","0.5","10","2.5","2","60","1.6","0.4","20.5","6.7","16","8.21","365","14","1","0","0","299","299","81","57084","2806","5077","8781","15955","297","11226","false","433692","41","67","189","10860","11732","6737"
"12","0.1","1","false","false","false","true","false","false","false","1","1","1","0.25","1","0","0","0","100","0","25","0.5","10","2.5","2","60","1.6","0.4","20.5","6.7","16","8.21","365","14","1","0","0","299","299","82","56484","2758","5117","8878","16456","307","11300","false","431926","44","68","195","11125","11970","6892"
"12","0.1","1","false","false","false","true","false","false","false","1","1","1","0.25","1","0","0","0","100","0","25","0.5","10","2.5","2","60","1.6","0.4","20.5","6.7","16","8.21","365","14","1","0","0","299","299","83","55862","2785","5151","8873","17014","315","11262","false","431269","44","71","200","11339","12222","7057"
"12","0.1","1","false","false","false","true","false","false","false","1","1","1","0.25","1","0","0","0","100","0","25","0.5","10","2.5","2","60","1.6","0.4","20.5","6.7","16","8.21","365","14","1","0","0","299","299","84","55215","2794","5213","8886","17570","322","11324","false","431292","45","73","204","11579","12485","7204"
"12","0.1","1","false","false","false","true","false","false","false","1","1","1","0.25","1","0","0","0","100","0","25","0.5","10","2.5","2","60","1.6","0.4","20.5","6.7","16","8.21","365","14","1","0","0","299","299","85","54599","2722","5209","9016","18127","327","11227","false","430448","46","75","206","11831","12720","7356"
"12","0.1","1","false","false","false","true","false","false","false","1","1","1","0.25","1","0","0","0","100","0","25","0.5","10","2.5","2","60","1.6","0.4","20.5","6.7","16","8.21","365","14","1","0","0","299","299","86","54000","2639","5239","9133","18651","338","11143","false","431005","49","76","213","12057","12956","7522"
"12","0.1","1","false","false","false","true","false","false","false","1","1","1","0.25","1","0","0","0","100","0","25","0.5","10","2.5","2","60","1.6","0.4","20.5","6.7","16","8.21","365","14","1","0","0","299","299","87","53363","2655","5257","9152","19226","347","11128","false","431552","50","76","221","12289","13197","7675"
"12","0.1","1","false","false","false","true","false","false","false","1","1","1","0.25","1","0","0","0","100","0","25","0.5","10","2.5","2","60","1.6","0.4","20.5","6.7","16","8.21","365","14","1","0","0","299","299","88","52702","2695","5315","9118","19810","360","11104","false","431356","52","81","227","12506","13473","7816"
"12","0.1","1","false","false","false","true","false","false","false","1","1","1","0.25","1","0","0","0","100","0","25","0.5","10","2.5","2","60","1.6","0.4","20.5","6.7","16","8.21","365","14","1","0","0","299","299","89","52086","2670","5379","9109","20387","369","11142","false","431344","53","84","232","12759","13727","7971"
"12","0.1","1","false","false","false","true","false","false","false","1","1","1","0.25","1","0","0","0","100","0","25","0.5","10","2.5","2","60","1.6","0.4","20.5","6.7","16","8.21","365","14","1","0","0","299","299","90","51391","2738","5438","9072","20984","377","11247","false","431182","53","89","235","13007","13993","8127"
"12","0.1","1","false","false","false","true","false","false","false","1","1","1","0.25","1","0","0","0","100","0","25","0.5","10","2.5","2","60","1.6","0.4","20.5","6.7","16","8.21","365","14","1","0","0","299","299","91","50765","2761","5441","9067","21581","385","11265","false","430114","54","90","241","13230","14215","8245"
"12","0.1","1","false","false","false","true","false","false","false","1","1","1","0.25","1","0","0","0","100","0","25","0.5","10","2.5","2","60","1.6","0.4","20.5","6.7","16","8.21","365","14","1","0","0","299","299","92","50129","2752","5439","9124","22154","402","11195","false","429849","56","95","251","13468","14471","8370"
"12","0.1","1","false","false","false","true","false","false","false","1","1","1","0.25","1","0","0","0","100","0","25","0.5","10","2.5","2","60","1.6","0.4","20.5","6.7","16","8.21","365","14","1","0","0","299","299","93","49451","2773","5458","9154","22748","416","11316","false","430147","57","100","259","13699","14742","8521"
"12","0.1","1","false","false","false","true","false","false","false","1","1","1","0.25","1","0","0","0","100","0","25","0.5","10","2.5","2","60","1.6","0.4","20.5","6.7","16","8.21","365","14","1","0","0","299","299","94","48768","2844","5539","9106","23315","428","11319","false","429205","58","103","267","13945","15000","8675"
"12","0.1","1","false","false","false","true","false","false","false","1","1","1","0.25","1","0","0","0","100","0","25","0.5","10","2.5","2","60","1.6","0.4","20.5","6.7","16","8.21","365","14","1","0","0","299","299","95","48149","2752","5535","9194","23932","438","11451","false","428939","58","104","276","14210","15289","8813"
"12","0.1","1","false","false","false","true","false","false","false","1","1","1","0.25","1","0","0","0","100","0","25","0.5","10","2.5","2","60","1.6","0.4","20.5","6.7","16","8.21","365","14","1","0","0","299","299","96","47481","2758","5573","9249","24492","447","11442","false","427848","58","108","281","14436","15542","8954"
"12","0.1","1","false","false","false","true","false","false","false","1","1","1","0.25","1","0","0","0","100","0","25","0.5","10","2.5","2","60","1.6","0.4","20.5","6.7","16","8.21","365","14","1","0","0","299","299","97","46786","2810","5600","9235","25106","463","11509","false","427869","60","112","291","14677","15826","9097"
"12","0.1","1","false","false","false","true","false","false","false","1","1","1","0.25","1","0","0","0","100","0","25","0.5","10","2.5","2","60","1.6","0.4","20.5","6.7","16","8.21","365","14","1","0","0","299","299","98","46164","2803","5593","9194","25773","473","11510","false","427321","60","117","296","14900","16076","9255"
"12","0.1","1","false","false","false","true","false","false","false","1","1","1","0.25","1","0","0","0","100","0","25","0.5","10","2.5","2","60","1.6","0.4","20.5","6.7","16","8.21","365","14","1","0","0","299","299","99","45505","2799","5615","9184","26417","480","11525","false","426924","60","118","302","15127","16317","9437"
"12","0.1","1","false","false","false","true","false","false","false","1","1","1","0.25","1","0","0","0","100","0","25","0.5","10","2.5","2","60","1.6","0.4","20.5","6.7","16","8.21","365","14","1","0","0","299","299","100","44880","2761","5639","9181","27048","491","11553","false","426671","62","119","310","15357","16592","9582"
"12","0.1","1","false","false","false","true","false","false","false","1","1","1","0.25","1","0","0","0","100","0","25","0.5","10","2.5","2","60","1.6","0.4","20.5","6.7","16","8.21","365","14","1","0","0","299","299","101","44246","2748","5651","9200","27650","505","11594","false","426369","63","122","320","15609","16857","9708"
"12","0.1","1","false","false","false","true","false","false","false","1","1","1","0.25","1","0","0","0","100","0","25","0.5","10","2.5","2","60","1.6","0.4","20.5","6.7","16","8.21","365","14","1","0","0","299","299","102","43648","2688","5702","9220","28232","510","11602","false","425834","64","124","322","15847","17109","9867"
"12","0.1","1","false","false","false","true","false","false","false","1","1","1","0.25","1","0","0","0","100","0","25","0.5","10","2.5","2","60","1.6","0.4","20.5","6.7","16","8.21","365","14","1","0","0","299","299","103","43035","2694","5737","9160","28854","520","11476","false","425750","64","127","329","16093","17354","10027"
"12","0.1","1","false","false","false","true","false","false","false","1","1","1","0.25","1","0","0","0","100","0","25","0.5","10","2.5","2","60","1.6","0.4","20.5","6.7","16","8.21","365","14","1","0","0","299","299","104","42414","2691","5760","9157","29445","533","11465","false","426775","67","130","336","16329","17601","10170"
"12","0.1","1","false","false","false","true","false","false","false","1","1","1","0.25","1","0","0","0","100","0","25","0.5","10","2.5","2","60","1.6","0.4","20.5","6.7","16","8.21","365","14","1","0","0","299","299","105","41821","2683","5775","9097","30083","541","11402","false","426738","70","131","340","16551","17845","10308"
"12","0.1","1","false","false","false","true","false","false","false","1","1","1","0.25","1","0","0","0","100","0","25","0.5","10","2.5","2","60","1.6","0.4","20.5","6.7","16","8.21","365","14","1","0","0","299","299","106","41172","2668","5797","9082","30732","549","11399","false","426991","71","134","344","16800","18109","10469"
"12","0.1","1","false","false","false","true","false","false","false","1","1","1","0.25","1","0","0","0","100","0","25","0.5","10","2.5","2","60","1.6","0.4","20.5","6.7","16","8.21","365","14","1","0","0","299","299","107","40536","2657","5835","9127","31283","562","11362","false","426912","72","137","353","17050","18372","10626"
"12","0.1","1","false","false","false","true","false","false","false","1","1","1","0.25","1","0","0","0","100","0","25","0.5","10","2.5","2","60","1.6","0.4","20.5","6.7","16","8.21","365","14","1","0","0","299","299","108","39907","2642","5806","9174","31896","575","11440","false","426716","76","140","359","17283","18641","10765"
"12","0.1","1","false","false","false","true","false","false","false","1","1","1","0.25","1","0","0","0","100","0","25","0.5","10","2.5","2","60","1.6","0.4","20.5","6.7","16","8.21","365","14","1","0","0","299","299","109","39299","2650","5797","9149","32520","585","11329","false","426142","78","140","367","17495","18895","10912"
"12","0.1","1","false","false","false","true","false","false","false","1","1","1","0.25","1","0","0","0","100","0","25","0.5","10","2.5","2","60","1.6","0.4","20.5","6.7","16","8.21","365","14","1","0","0","299","299","110","38671","2679","5803","9146","33107","594","11170","false","426889","80","142","372","17739","19118","11059"
"12","0.1","1","false","false","false","true","false","false","false","1","1","1","0.25","1","0","0","0","100","0","25","0.5","10","2.5","2","60","1.6","0.4","20.5","6.7","16","8.21","365","14","1","0","0","299","299","111","38057","2672","5833","9154","33680","604","11075","false","428080","83","142","379","17954","19393","11193"
"12","0.1","1","false","false","false","true","false","false","false","1","1","1","0.25","1","0","0","0","100","0","25","0.5","10","2.5","2","60","1.6","0.4","20.5","6.7","16","8.21","365","14","1","0","0","299","299","112","37441","2612","5809","9167","34356","615","11158","false","428896","84","146","385","18172","19662","11368"
"12","0.1","1","false","false","false","true","false","false","false","1","1","1","0.25","1","0","0","0","100","0","25","0.5","10","2.5","2","60","1.6","0.4","20.5","6.7","16","8.21","365","14","1","0","0","299","299","113","36844","2570","5765","9173","35015","633","11036","false","428185","87","149","397","18404","19910","11520"
"12","0.1","1","false","false","false","true","false","false","false","1","1","1","0.25","1","0","0","0","100","0","25","0.5","10","2.5","2","60","1.6","0.4","20.5","6.7","16","8.21","365","14","1","0","0","299","299","114","36248","2555","5759","9161","35638","639","10926","false","428975","87","151","401","18620","20143","11657"
"12","0.1","1","false","false","false","true","false","false","false","1","1","1","0.25","1","0","0","0","100","0","25","0.5","10","2.5","2","60","1.6","0.4","20.5","6.7","16","8.21","365","14","1","0","0","299","299","115","35654","2525","5761","9173","36241","646","10855","false","429737","88","152","406","18848","20411","11795"
"12","0.1","1","false","false","false","true","false","false","false","1","1","1","0.25","1","0","0","0","100","0","25","0.5","10","2.5","2","60","1.6","0.4","20.5","6.7","16","8.21","365","14","1","0","0","299","299","116","35077","2488","5771","9119","36886","659","10746","false","430215","90","156","413","19069","20683","11937"
"12","0.1","1","false","false","false","true","false","false","false","1","1","1","0.25","1","0","0","0","100","0","25","0.5","10","2.5","2","60","1.6","0.4","20.5","6.7","16","8.21","365","14","1","0","0","299","299","117","34491","2503","5770","9052","37510","674","10613","false","430800","90","158","426","19302","20915","12057"
"12","0.1","1","false","false","false","true","false","false","false","1","1","1","0.25","1","0","0","0","100","0","25","0.5","10","2.5","2","60","1.6","0.4","20.5","6.7","16","8.21","365","14","1","0","0","299","299","118","33893","2533","5737","8954","38191","692","10488","false","431879","93","163","436","19560","21135","12185"
"12","0.1","1","false","false","false","true","false","false","false","1","1","1","0.25","1","0","0","0","100","0","25","0.5","10","2.5","2","60","1.6","0.4","20.5","6.7","16","8.21","365","14","1","0","0","299","299","119","33285","2604","5703","8859","38840","709","10395","false","432879","94","166","449","19778","21357","12301"
"12","0.1","1","false","false","false","true","false","false","false","1","1","1","0.25","1","0","0","0","100","0","25","0.5","10","2.5","2","60","1.6","0.4","20.5","6.7","16","8.21","365","14","1","0","0","299","299","120","32691","2559","5678","8917","39433","722","10364","false","433588","97","168","457","20006","21601","12453"
"12","0.1","1","false","false","false","true","false","false","false","1","1","1","0.25","1","0","0","0","100","0","25","0.5","10","2.5","2","60","1.6","0.4","20.5","6.7","16","8.21","365","14","1","0","0","299","299","121","32048","2590","5625","8935","40073","729","10216","false","433667","97","171","461","20227","21838","12596"
"12","0.1","1","false","false","false","true","false","false","false","1","1","1","0.25","1","0","0","0","100","0","25","0.5","10","2.5","2","60","1.6","0.4","20.5","6.7","16","8.21","365","14","1","0","0","299","299","122","31479","2543","5582","8920","40741","735","10110","false","434654","99","173","463","20438","22076","12733"
"12","0.1","1","false","false","false","true","false","false","false","1","1","1","0.25","1","0","0","0","100","0","25","0.5","10","2.5","2","60","1.6","0.4","20.5","6.7","16","8.21","365","14","1","0","0","299","299","123","30897","2543","5559","8864","41397","740","10054","false","435563","100","174","466","20653","22320","12855"
"12","0.1","1","false","false","false","true","false","false","false","1","1","1","0.25","1","0","0","0","100","0","25","0.5","10","2.5","2","60","1.6","0.4","20.5","6.7","16","8.21","365","14","1","0","0","299","299","124","30304","2542","5526","8802","42078","748","10073","false","436271","102","177","469","20878","22563","12991"
"12","0.1","1","false","false","false","true","false","false","false","1","1","1","0.25","1","0","0","0","100","0","25","0.5","10","2.5","2","60","1.6","0.4","20.5","6.7","16","8.21","365","14","1","0","0","299","299","125","29719","2559","5477","8776","42708","761","10004","false","436163","102","178","481","21100","22804","13109"
"12","0.1","1","false","false","false","true","false","false","false","1","1","1","0.25","1","0","0","0","100","0","25","0.5","10","2.5","2","60","1.6","0.4","20.5","6.7","16","8.21","365","14","1","0","0","299","299","126","29143","2530","5456","8732","43373","766","9912","false","436642","103","179","484","21343","23029","13249"
"12","0.1","1","false","false","false","true","false","false","false","1","1","1","0.25","1","0","0","0","100","0","25","0.5","10","2.5","2","60","1.6","0.4","20.5","6.7","16","8.21","365","14","1","0","0","299","299","127","28578","2444","5423","8796","43980","779","9939","false","437278","106","181","492","21549","23293","13392"
"12","0.1","1","false","false","false","true","false","false","false","1","1","1","0.25","1","0","0","0","100","0","25","0.5","10","2.5","2","60","1.6","0.4","20.5","6.7","16","8.21","365","14","1","0","0","299","299","128","28040","2431","5414","8710","44616","789","9877","false","436960","106","182","501","21771","23497","13538"
"12","0.1","1","false","false","false","true","false","false","false","1","1","1","0.25","1","0","0","0","100","0","25","0.5","10","2.5","2","60","1.6","0.4","20.5","6.7","16","8.21","365","14","1","0","0","299","299","129","27540","2357","5376","8685","45242","800","9823","false","437437","108","184","508","22009","23723","13668"
"12","0.1","1","false","false","false","true","false","false","false","1","1","1","0.25","1","0","0","0","100","0","25","0.5","10","2.5","2","60","1.6","0.4","20.5","6.7","16","8.21","365","14","1","0","0","299","299","130","26985","2328","5393","8643","45839","812","9854","false","437845","110","188","514","22231","23978","13824"
"12","0.1","1","false","false","false","true","false","false","false","1","1","1","0.25","1","0","0","0","100","0","25","0.5","10","2.5","2","60","1.6","0.4","20.5","6.7","16","8.21","365","14","1","0","0","299","299","131","26428","2325","5356","8626","46442","823","9811","false","437736","111","191","521","22452","24192","13953"
"12","0.1","1","false","false","false","true","false","false","false","1","1","1","0.25","1","0","0","0","100","0","25","0.5","10","2.5","2","60","1.6","0.4","20.5","6.7","16","8.21","365","14","1","0","0","299","299","132","25923","2296","5330","8595","47027","829","9721","false","438231","112","194","523","22661","24415","14069"
"12","0.1","1","false","false","false","true","false","false","false","1","1","1","0.25","1","0","0","0","100","0","25","0.5","10","2.5","2","60","1.6","0.4","20.5","6.7","16","8.21","365","14","1","0","0","299","299","133","25429","2244","5299","8524","47662","842","9695","false","439096","112","196","534","22872","24633","14215"
"12","0.1","1","false","false","false","true","false","false","false","1","1","1","0.25","1","0","0","0","100","0","25","0.5","10","2.5","2","60","1.6","0.4","20.5","6.7","16","8.21","365","14","1","0","0","299","299","134","24926","2204","5283","8490","48249","848","9554","false","439410","114","196","538","23063","24856","14348"
"12","0.1","1","false","false","false","true","false","false","false","1","1","1","0.25","1","0","0","0","100","0","25","0.5","10","2.5","2","60","1.6","0.4","20.5","6.7","16","8.21","365","14","1","0","0","299","299","135","24447","2144","5218","8474","48858","859","9365","false","440532","115","199","545","23254","25075","14467"
"12","0.1","1","false","false","false","true","false","false","false","1","1","1","0.25","1","0","0","0","100","0","25","0.5","10","2.5","2","60","1.6","0.4","20.5","6.7","16","8.21","365","14","1","0","0","299","299","136","23966","2137","5174","8392","49464","867","9236","false","442100","116","201","550","23459","25280","14573"
"12","0.1","1","false","false","false","true","false","false","false","1","1","1","0.25","1","0","0","0","100","0","25","0.5","10","2.5","2","60","1.6","0.4","20.5","6.7","16","8.21","365","14","1","0","0","299","299","137","23512","2089","5098","8314","50105","882","9157","false","443089","120","207","555","23626","25486","14680"
"12","0.1","1","false","false","false","true","false","false","false","1","1","1","0.25","1","0","0","0","100","0","25","0.5","10","2.5","2","60","1.6","0.4","20.5","6.7","16","8.21","365","14","1","0","0","299","299","138","23041","2080","5045","8257","50686","891","9069","false","443619","121","209","561","23803","25688","14785"
"12","0.1","1","false","false","false","true","false","false","false","1","1","1","0.25","1","0","0","0","100","0","25","0.5","10","2.5","2","60","1.6","0.4","20.5","6.7","16","8.21","365","14","1","0","0","299","299","139","22612","1977","5010","8205","51297","899","9018","false","444342","123","211","565","24005","25882","14917"
"12","0.1","1","false","false","false","true","false","false","false","1","1","1","0.25","1","0","0","0","100","0","25","0.5","10","2.5","2","60","1.6","0.4","20.5","6.7","16","8.21","365","14","1","0","0","299","299","140","22153","1938","4973","8123","51908","905","8951","false","444643","125","211","569","24178","26089","15033"
"12","0.1","1","false","false","false","true","false","false","false","1","1","1","0.25","1","0","0","0","100","0","25","0.5","10","2.5","2","60","1.6","0.4","20.5","6.7","16","8.21","365","14","1","0","0","299","299","141","21709","1901","4933","8063","52479","915","8748","false","445105","126","215","574","24334","26312","15146"
"12","0.1","1","false","false","false","true","false","false","false","1","1","1","0.25","1","0","0","0","100","0","25","0.5","10","2.5","2","60","1.6","0.4","20.5","6.7","16","8.21","365","14","1","0","0","299","299","142","21214","1957","4893","7906","53107","923","8568","false","446517","129","215","579","24523","26500","15219"
"12","0.1","1","false","false","false","true","false","false","false","1","1","1","0.25","1","0","0","0","100","0","25","0.5","10","2.5","2","60","1.6","0.4","20.5","6.7","16","8.21","365","14","1","0","0","299","299","143","20745","1980","4847","7786","53709","933","8418","false","447943","129","216","588","24693","26683","15324"
"12","0.1","1","false","false","false","true","false","false","false","1","1","1","0.25","1","0","0","0","100","0","25","0.5","10","2.5","2","60","1.6","0.4","20.5","6.7","16","8.21","365","14","1","0","0","299","299","144","20314","1970","4788","7678","54303","947","8202","false","449078","131","218","598","24852","26863","15424"
"12","0.1","1","false","false","false","true","false","false","false","1","1","1","0.25","1","0","0","0","100","0","25","0.5","10","2.5","2","60","1.6","0.4","20.5","6.7","16","8.21","365","14","1","0","0","299","299","145","19856","1965","4752","7621","54850","956","8150","false","450885","132","223","601","25011","27077","15518"
"12","0.1","1","false","false","false","true","false","false","false","1","1","1","0.25","1","0","0","0","100","0","25","0.5","10","2.5","2","60","1.6","0.4","20.5","6.7","16","8.21","365","14","1","0","0","299","299","146","19425","1928","4717","7518","55445","967","8043","false","451428","132","226","609","25186","27262","15636"
"12","0.1","1","false","false","false","true","false","false","false","1","1","1","0.25","1","0","0","0","100","0","25","0.5","10","2.5","2","60","1.6","0.4","20.5","6.7","16","8.21","365","14","1","0","0","299","299","147","18993","1885","4662","7461","56020","979","7955","false","452313","132","228","619","25361","27466","15751"
"12","0.1","1","false","false","false","true","false","false","false","1","1","1","0.25","1","0","0","0","100","0","25","0.5","10","2.5","2","60","1.6","0.4","20.5","6.7","16","8.21","365","14","1","0","0","299","299","148","18545","1861","4598","7370","56639","987","7901","false","453073","132","230","625","25524","27663","15871"
"12","0.1","1","false","false","false","true","false","false","false","1","1","1","0.25","1","0","0","0","100","0","25","0.5","10","2.5","2","60","1.6","0.4","20.5","6.7","16","8.21","365","14","1","0","0","299","299","149","18110","1832","4504","7303","57257","994","7907","false","453606","133","233","628","25694","27843","15967"
"12","0.1","1","false","false","false","true","false","false","false","1","1","1","0.25","1","0","0","0","100","0","25","0.5","10","2.5","2","60","1.6","0.4","20.5","6.7","16","8.21","365","14","1","0","0","299","299","150","17733","1789","4479","7180","57811","1008","7714","false","453706","135","234","639","25851","28019","16073"
"12","0.1","1","false","false","false","true","false","false","false","1","1","1","0.25","1","0","0","0","100","0","25","0.5","10","2.5","2","60","1.6","0.4","20.5","6.7","16","8.21","365","14","1","0","0","299","299","151","17337","1771","4402","7060","58412","1018","7539","false","455089","135","238","645","26037","28183","16156"
"12","0.1","1","false","false","false","true","false","false","false","1","1","1","0.25","1","0","0","0","100","0","25","0.5","10","2.5","2","60","1.6","0.4","20.5","6.7","16","8.21","365","14","1","0","0","299","299","152","16985","1694","4349","6972","58967","1033","7353","false","456580","137","242","654","26194","28341","16257"
"12","0.1","1","false","false","false","true","false","false","false","1","1","1","0.25","1","0","0","0","100","0","25","0.5","10","2.5","2","60","1.6","0.4","20.5","6.7","16","8.21","365","14","1","0","0","299","299","153","16573","1707","4276","6877","59525","1042","7180","false","457701","140","247","655","26327","28516","16343"
"12","0.1","1","false","false","false","true","false","false","false","1","1","1","0.25","1","0","0","0","100","0","25","0.5","10","2.5","2","60","1.6","0.4","20.5","6.7","16","8.21","365","14","1","0","0","299","299","154","16146","1741","4228","6741","60096","1048","7176","false","459034","142","248","658","26476","28686","16446"
"12","0.1","1","false","false","false","true","false","false","false","1","1","1","0.25","1","0","0","0","100","0","25","0.5","10","2.5","2","60","1.6","0.4","20.5","6.7","16","8.21","365","14","1","0","0","299","299","155","15778","1718","4195","6636","60619","1054","7019","false","459299","142","249","663","26629","28844","16541"
"12","0.1","1","false","false","false","true","false","false","false","1","1","1","0.25","1","0","0","0","100","0","25","0.5","10","2.5","2","60","1.6","0.4","20.5","6.7","16","8.21","365","14","1","0","0","299","299","156","15409","1661","4176","6596","61096","1062","6940","false","460542","142","250","670","26778","29012","16644"
"12","0.1","1","false","false","false","true","false","false","false","1","1","1","0.25","1","0","0","0","100","0","25","0.5","10","2.5","2","60","1.6","0.4","20.5","6.7","16","8.21","365","14","1","0","0","299","299","157","15046","1612","4101","6554","61613","1074","6768","false","461119","145","253","676","26930","29186","16724"
"12","0.1","1","false","false","false","true","false","false","false","1","1","1","0.25","1","0","0","0","100","0","25","0.5","10","2.5","2","60","1.6","0.4","20.5","6.7","16","8.21","365","14","1","0","0","299","299","158","14704","1581","4049","6464","62124","1078","6700","false","462540","145","257","676","27081","29326","16811"
"12","0.1","1","false","false","false","true","false","false","false","1","1","1","0.25","1","0","0","0","100","0","25","0.5","10","2.5","2","60","1.6","0.4","20.5","6.7","16","8.21","365","14","1","0","0","299","299","159","14346","1576","4019","6331","62645","1083","6560","false","463192","146","258","679","27215","29504","16894"
"12","0.1","1","false","false","false","true","false","false","false","1","1","1","0.25","1","0","0","0","100","0","25","0.5","10","2.5","2","60","1.6","0.4","20.5","6.7","16","8.21","365","14","1","0","0","299","299","160","13980","1568","4005","6170","63186","1091","6495","false","464437","146","261","684","27359","29671","16996"
"12","0.1","1","false","false","false","true","false","false","false","1","1","1","0.25","1","0","0","0","100","0","25","0.5","10","2.5","2","60","1.6","0.4","20.5","6.7","16","8.21","365","14","1","0","0","299","299","161","13651","1519","3953","6120","63658","1099","6431","false","465129","146","263","690","27500","29834","17074"
"12","0.1","1","false","false","false","true","false","false","false","1","1","1","0.25","1","0","0","0","100","0","25","0.5","10","2.5","2","60","1.6","0.4","20.5","6.7","16","8.21","365","14","1","0","0","299","299","162","13344","1474","3875","6066","64129","1112","6263","false","465859","148","266","698","27624","29967","17154"
"12","0.1","1","false","false","false","true","false","false","false","1","1","1","0.25","1","0","0","0","100","0","25","0.5","10","2.5","2","60","1.6","0.4","20.5","6.7","16","8.21","365","14","1","0","0","299","299","163","13052","1444","3826","5959","64595","1124","6128","false","467258","151","271","702","27730","30125","17226"
"12","0.1","1","false","false","false","true","false","false","false","1","1","1","0.25","1","0","0","0","100","0","25","0.5","10","2.5","2","60","1.6","0.4","20.5","6.7","16","8.21","365","14","1","0","0","299","299","164","12728","1388","3775","5916","65057","1136","6042","false","468245","152","274","710","27854","30285","17317"
"12","0.1","1","false","false","false","true","false","false","false","1","1","1","0.25","1","0","0","0","100","0","25","0.5","10","2.5","2","60","1.6","0.4","20.5","6.7","16","8.21","365","14","1","0","0","299","299","165","12419","1374","3746","5818","65501","1142","5920","false","468815","153","275","714","27969","30424","17405"
"12","0.1","1","false","false","false","true","false","false","false","1","1","1","0.25","1","0","0","0","100","0","25","0.5","10","2.5","2","60","1.6","0.4","20.5","6.7","16","8.21","365","14","1","0","0","299","299","166","12125","1351","3700","5736","65939","1149","5811","false","469942","154","276","719","28078","30570","17488"
"12","0.1","1","false","false","false","true","false","false","false","1","1","1","0.25","1","0","0","0","100","0","25","0.5","10","2.5","2","60","1.6","0.4","20.5","6.7","16","8.21","365","14","1","0","0","299","299","167","11811","1359","3675","5603","66394","1158","5723","false","470847","155","277","726","28197","30707","17564"
"12","0.1","1","false","false","false","true","false","false","false","1","1","1","0.25","1","0","0","0","100","0","25","0.5","10","2.5","2","60","1.6","0.4","20.5","6.7","16","8.21","365","14","1","0","0","299","299","168","11534","1305","3612","5536","66850","1163","5610","false","471707","155","279","729","28308","30834","17641"
"12","0.1","1","false","false","false","true","false","false","false","1","1","1","0.25","1","0","0","0","100","0","25","0.5","10","2.5","2","60","1.6","0.4","20.5","6.7","16","8.21","365","14","1","0","0","299","299","169","11274","1268","3566","5453","67271","1168","5542","false","472746","156","281","731","28417","30971","17710"
"12","0.1","1","false","false","false","true","false","false","false","1","1","1","0.25","1","0","0","0","100","0","25","0.5","10","2.5","2","60","1.6","0.4","20.5","6.7","16","8.21","365","14","1","0","0","299","299","170","11010","1230","3502","5376","67705","1177","5384","false","473311","157","285","735","28542","31092","17780"
"12","0.1","1","false","false","false","true","false","false","false","1","1","1","0.25","1","0","0","0","100","0","25","0.5","10","2.5","2","60","1.6","0.4","20.5","6.7","16","8.21","365","14","1","0","0","299","299","171","10737","1216","3436","5256","68166","1189","5272","false","474526","158","288","743","28663","31202","17840"
"12","0.1","1","false","false","false","true","false","false","false","1","1","1","0.25","1","0","0","0","100","0","25","0.5","10","2.5","2","60","1.6","0.4","20.5","6.7","16","8.21","365","14","1","0","0","299","299","172","10475","1179","3361","5201","68591","1193","5106","false","475316","158","288","747","28761","31312","17911"
"12","0.1","1","false","false","false","true","false","false","false","1","1","1","0.25","1","0","0","0","100","0","25","0.5","10","2.5","2","60","1.6","0.4","20.5","6.7","16","8.21","365","14","1","0","0","299","299","173","10198","1189","3291","5106","69019","1197","4981","false","476818","158","288","751","28875","31424","17961"
"12","0.1","1","false","false","false","true","false","false","false","1","1","1","0.25","1","0","0","0","100","0","25","0.5","10","2.5","2","60","1.6","0.4","20.5","6.7","16","8.21","365","14","1","0","0","299","299","174","9947","1173","3225","4996","69456","1203","4827","false","477806","159","290","754","28974","31538","18024"
"12","0.1","1","false","false","false","true","false","false","false","1","1","1","0.25","1","0","0","0","100","0","25","0.5","10","2.5","2","60","1.6","0.4","20.5","6.7","16","8.21","365","14","1","0","0","299","299","175","9670","1168","3182","4882","69886","1212","4773","false","479098","160","293","759","29086","31644","18112"
"12","0.1","1","false","false","false","true","false","false","false","1","1","1","0.25","1","0","0","0","100","0","25","0.5","10","2.5","2","60","1.6","0.4","20.5","6.7","16","8.21","365","14","1","0","0","299","299","176","9444","1115","3122","4811","70291","1217","4631","false","479591","160","295","762","29183","31751","18176"
"12","0.1","1","false","false","false","true","false","false","false","1","1","1","0.25","1","0","0","0","100","0","25","0.5","10","2.5","2","60","1.6","0.4","20.5","6.7","16","8.21","365","14","1","0","0","299","299","177","9236","1055","3065","4744","70671","1229","4467","false","480779","161","296","772","29274","31862","18232"
"12","0.1","1","false","false","false","true","false","false","false","1","1","1","0.25","1","0","0","0","100","0","25","0.5","10","2.5","2","60","1.6","0.4","20.5","6.7","16","8.21","365","14","1","0","0","299","299","178","9006","1027","2997","4670","71065","1235","4373","false","482123","162","299","774","29374","31967","18287"
"12","0.1","1","false","false","false","true","false","false","false","1","1","1","0.25","1","0","0","0","100","0","25","0.5","10","2.5","2","60","1.6","0.4","20.5","6.7","16","8.21","365","14","1","0","0","299","299","179","8762","1020","2963","4557","71460","1238","4266","false","482927","162","300","776","29484","32071","18341"
"12","0.1","1","false","false","false","true","false","false","false","1","1","1","0.25","1","0","0","0","100","0","25","0.5","10","2.5","2","60","1.6","0.4","20.5","6.7","16","8.21","365","14","1","0","0","299","299","180","8545","984","2891","4445","71892","1243","4158","false","483787","162","301","780","29580","32180","18387"
"12","0.1","1","false","false","false","true","false","false","false","1","1","1","0.25","1","0","0","0","100","0","25","0.5","10","2.5","2","60","1.6","0.4","20.5","6.7","16","8.21","365","14","1","0","0","299","299","181","8304","976","2830","4351","72288","1251","4016","false","484662","163","302","786","29674","32286","18442"
"12","0.1","1","false","false","false","true","false","false","false","1","1","1","0.25","1","0","0","0","100","0","25","0.5","10","2.5","2","60","1.6","0.4","20.5","6.7","16","8.21","365","14","1","0","0","299","299","182","8081","968","2790","4256","72651","1254","3979","false","485811","164","303","787","29775","32381","18496"
"12","0.1","1","false","false","false","true","false","false","false","1","1","1","0.25","1","0","0","0","100","0","25","0.5","10","2.5","2","60","1.6","0.4","20.5","6.7","16","8.21","365","14","1","0","0","299","299","183","7886","956","2762","4141","72995","1260","3874","false","486132","166","304","790","29840","32476","18562"
"12","0.1","1","false","false","false","true","false","false","false","1","1","1","0.25","1","0","0","0","100","0","25","0.5","10","2.5","2","60","1.6","0.4","20.5","6.7","16","8.21","365","14","1","0","0","299","299","184","7656","960","2706","4043","73373","1262","3796","false","486978","166","304","792","29932","32571","18606"
"12","0.1","1","false","false","false","true","false","false","false","1","1","1","0.25","1","0","0","0","100","0","25","0.5","10","2.5","2","60","1.6","0.4","20.5","6.7","16","8.21","365","14","1","0","0","299","299","185","7435","980","2633","3967","73720","1265","3697","false","487741","166","304","795","29998","32648","18656"
"12","0.1","1","false","false","false","true","false","false","false","1","1","1","0.25","1","0","0","0","100","0","25","0.5","10","2.5","2","60","1.6","0.4","20.5","6.7","16","8.21","365","14","1","0","0","299","299","186","7251","934","2601","3894","74050","1270","3609","false","488666","166","306","798","30070","32764","18700"
"12","0.1","1","false","false","false","true","false","false","false","1","1","1","0.25","1","0","0","0","100","0","25","0.5","10","2.5","2","60","1.6","0.4","20.5","6.7","16","8.21","365","14","1","0","0","299","299","187","7058","913","2540","3829","74381","1279","3579","false","489447","169","308","802","30136","32846","18752"
"12","0.1","1","false","false","false","true","false","false","false","1","1","1","0.25","1","0","0","0","100","0","25","0.5","10","2.5","2","60","1.6","0.4","20.5","6.7","16","8.21","365","14","1","0","0","299","299","188","6900","861","2514","3720","74723","1282","3493","false","489808","169","310","803","30232","32937","18805"
"12","0.1","1","false","false","false","true","false","false","false","1","1","1","0.25","1","0","0","0","100","0","25","0.5","10","2.5","2","60","1.6","0.4","20.5","6.7","16","8.21","365","14","1","0","0","299","299","189","6746","795","2473","3661","75036","1289","3436","false","490809","169","313","807","30305","33037","18860"
"12","0.1","1","false","false","false","true","false","false","false","1","1","1","0.25","1","0","0","0","100","0","25","0.5","10","2.5","2","60","1.6","0.4","20.5","6.7","16","8.21","365","14","1","0","0","299","299","190","6566","758","2423","3607","75351","1295","3384","false","491333","171","313","811","30376","33129","18917"
"12","0.1","1","false","false","false","true","false","false","false","1","1","1","0.25","1","0","0","0","100","0","25","0.5","10","2.5","2","60","1.6","0.4","20.5","6.7","16","8.21","365","14","1","0","0","299","299","191","6416","728","2379","3494","75683","1300","3308","false","491840","172","314","814","30439","33212","18962"
"12","0.1","1","false","false","false","true","false","false","false","1","1","1","0.25","1","0","0","0","100","0","25","0.5","10","2.5","2","60","1.6","0.4","20.5","6.7","16","8.21","365","14","1","0","0","299","299","192","6263","700","2343","3416","75970","1308","3225","false","492462","173","314","821","30503","33299","19009"
"12","0.1","1","false","false","false","true","false","false","false","1","1","1","0.25","1","0","0","0","100","0","25","0.5","10","2.5","2","60","1.6","0.4","20.5","6.7","16","8.21","365","14","1","0","0","299","299","193","6107","683","2308","3325","76268","1309","3105","false","493194","173","314","822","30561","33382","19055"
"12","0.1","1","false","false","false","true","false","false","false","1","1","1","0.25","1","0","0","0","100","0","25","0.5","10","2.5","2","60","1.6","0.4","20.5","6.7","16","8.21","365","14","1","0","0","299","299","194","5955","652","2255","3285","76538","1315","3055","false","494241","174","315","826","30628","33447","19096"
"12","0.1","1","false","false","false","true","false","false","false","1","1","1","0.25","1","0","0","0","100","0","25","0.5","10","2.5","2","60","1.6","0.4","20.5","6.7","16","8.21","365","14","1","0","0","299","299","195","5811","628","2214","3210","76814","1323","3007","false","494650","174","317","832","30683","33519","19143"
"12","0.1","1","false","false","false","true","false","false","false","1","1","1","0.25","1","0","0","0","100","0","25","0.5","10","2.5","2","60","1.6","0.4","20.5","6.7","16","8.21","365","14","1","0","0","299","299","196","5648","664","2166","3089","77107","1326","2981","false","495039","174","319","833","30739","33594","19165"
"12","0.1","1","false","false","false","true","false","false","false","1","1","1","0.25","1","0","0","0","100","0","25","0.5","10","2.5","2","60","1.6","0.4","20.5","6.7","16","8.21","365","14","1","0","0","299","299","197","5493","676","2119","3017","77362","1333","2958","false","495288","175","319","839","30782","33658","19209"
"12","0.1","1","false","false","false","true","false","false","false","1","1","1","0.25","1","0","0","0","100","0","25","0.5","10","2.5","2","60","1.6","0.4","20.5","6.7","16","8.21","365","14","1","0","0","299","299","198","5359","663","2074","2935","77631","1338","2852","false","495483","176","320","842","30840","33711","19254"
"12","0.1","1","false","false","false","true","false","false","false","1","1","1","0.25","1","0","0","0","100","0","25","0.5","10","2.5","2","60","1.6","0.4","20.5","6.7","16","8.21","365","14","1","0","0","299","299","199","5224","638","2019","2870","77907","1342","2735","false","496317","177","320","845","30904","33764","19300"
"12","0.1","1","false","false","false","true","false","false","false","1","1","1","0.25","1","0","0","0","100","0","25","0.5","10","2.5","2","60","1.6","0.4","20.5","6.7","16","8.21","365","14","1","0","0","299","299","200","5078","634","1961","2810","78174","1343","2672","false","497245","177","320","846","30957","33831","19329"
"12","0.1","1","false","false","false","true","false","false","false","1","1","1","0.25","1","0","0","0","100","0","25","0.5","10","2.5","2","60","1.6","0.4","20.5","6.7","16","8.21","365","14","1","0","0","299","299","201","4962","592","1916","2766","78417","1347","2568","false","497764","177","321","849","31009","33913","19362"
"12","0.1","1","false","false","false","true","false","false","false","1","1","1","0.25","1","0","0","0","100","0","25","0.5","10","2.5","2","60","1.6","0.4","20.5","6.7","16","8.21","365","14","1","0","0","299","299","202","4840","575","1859","2714","78658","1354","2494","false","498566","179","323","852","31046","33977","19391"
"12","0.1","1","false","false","false","true","false","false","false","1","1","1","0.25","1","0","0","0","100","0","25","0.5","10","2.5","2","60","1.6","0.4","20.5","6.7","16","8.21","365","14","1","0","0","299","299","203","4696","573","1799","2657","78918","1357","2437","false","499114","181","323","853","31094","34034","19422"
"12","0.1","1","false","false","false","true","false","false","false","1","1","1","0.25","1","0","0","0","100","0","25","0.5","10","2.5","2","60","1.6","0.4","20.5","6.7","16","8.21","365","14","1","0","0","299","299","204","4569","571","1765","2589","79144","1362","2386","false","499687","182","326","854","31140","34089","19455"
"12","0.1","1","false","false","false","true","false","false","false","1","1","1","0.25","1","0","0","0","100","0","25","0.5","10","2.5","2","60","1.6","0.4","20.5","6.7","16","8.21","365","14","1","0","0","299","299","205","4434","583","1708","2503","79406","1366","2363","false","500031","182","327","857","31188","34144","19482"
"12","0.1","1","false","false","false","true","false","false","false","1","1","1","0.25","1","0","0","0","100","0","25","0.5","10","2.5","2","60","1.6","0.4","20.5","6.7","16","8.21","365","14","1","0","0","299","299","206","4337","553","1661","2432","79647","1370","2299","false","500262","182","328","860","31233","34203","19508"
"12","0.1","1","false","false","false","true","false","false","false","1","1","1","0.25","1","0","0","0","100","0","25","0.5","10","2.5","2","60","1.6","0.4","20.5","6.7","16","8.21","365","14","1","0","0","299","299","207","4232","518","1607","2399","79870","1374","2211","false","500869","182","330","862","31285","34251","19541"
"12","0.1","1","false","false","false","true","false","false","false","1","1","1","0.25","1","0","0","0","100","0","25","0.5","10","2.5","2","60","1.6","0.4","20.5","6.7","16","8.21","365","14","1","0","0","299","299","208","4139","487","1562","2341","80093","1378","2115","false","501584","183","332","863","31333","34299","19580"
"12","0.1","1","false","false","false","true","false","false","false","1","1","1","0.25","1","0","0","0","100","0","25","0.5","10","2.5","2","60","1.6","0.4","20.5","6.7","16","8.21","365","14","1","0","0","299","299","209","4022","470","1518","2315","80292","1383","2053","false","502351","184","332","867","31389","34346","19608"
"12","0.1","1","false","false","false","true","false","false","false","1","1","1","0.25","1","0","0","0","100","0","25","0.5","10","2.5","2","60","1.6","0.4","20.5","6.7","16","8.21","365","14","1","0","0","299","299","210","3896","483","1497","2254","80483","1387","2006","false","502809","185","334","868","31433","34407","19634"
"12","0.1","1","false","false","false","true","false","false","false","1","1","1","0.25","1","0","0","0","100","0","25","0.5","10","2.5","2","60","1.6","0.4","20.5","6.7","16","8.21","365","14","1","0","0","299","299","211","3799","468","1476","2191","80677","1389","1925","false","503184","185","334","870","31485","34456","19661"
"12","0.1","1","false","false","false","true","false","false","false","1","1","1","0.25","1","0","0","0","100","0","25","0.5","10","2.5","2","60","1.6","0.4","20.5","6.7","16","8.21","365","14","1","0","0","299","299","212","3715","463","1419","2116","80895","1392","1851","false","503910","185","334","873","31525","34488","19681"
"12","0.1","1","false","false","false","true","false","false","false","1","1","1","0.25","1","0","0","0","100","0","25","0.5","10","2.5","2","60","1.6","0.4","20.5","6.7","16","8.21","365","14","1","0","0","299","299","213","3622","429","1388","2087","81079","1395","1843","false","504617","185","335","875","31573","34532","19716"
"12","0.1","1","false","false","false","true","false","false","false","1","1","1","0.25","1","0","0","0","100","0","25","0.5","10","2.5","2","60","1.6","0.4","20.5","6.7","16","8.21","365","14","1","0","0","299","299","214","3517","438","1349","2030","81266","1400","1799","false","504743","185","338","877","31610","34576","19736"
"12","0.1","1","false","false","false","true","false","false","false","1","1","1","0.25","1","0","0","0","100","0","25","0.5","10","2.5","2","60","1.6","0.4","20.5","6.7","16","8.21","365","14","1","0","0","299","299","215","3429","424","1304","1978","81463","1402","1760","false","505069","186","338","878","31643","34619","19763"
"12","0.1","1","false","false","false","true","false","false","false","1","1","1","0.25","1","0","0","0","100","0","25","0.5","10","2.5","2","60","1.6","0.4","20.5","6.7","16","8.21","365","14","1","0","0","299","299","216","3312","430","1285","1941","81628","1404","1740","false","505451","187","338","879","31676","34674","19788"
"12","0.1","1","false","false","false","true","false","false","false","1","1","1","0.25","1","0","0","0","100","0","25","0.5","10","2.5","2","60","1.6","0.4","20.5","6.7","16","8.21","365","14","1","0","0","299","299","217","3213","436","1258","1867","81817","1409","1716","false","505679","188","338","883","31712","34717","19809"
"12","0.1","1","false","false","false","true","false","false","false","1","1","1","0.25","1","0","0","0","100","0","25","0.5","10","2.5","2","60","1.6","0.4","20.5","6.7","16","8.21","365","14","1","0","0","299","299","218","3140","410","1217","1850","81972","1411","1634","false","505827","188","339","884","31744","34754","19841"
"12","0.1","1","false","false","false","true","false","false","false","1","1","1","0.25","1","0","0","0","100","0","25","0.5","10","2.5","2","60","1.6","0.4","20.5","6.7","16","8.21","365","14","1","0","0","299","299","219","3040","410","1183","1819","82133","1415","1629","false","506481","189","339","887","31770","34793","19866"
"12","0.1","1","false","false","false","true","false","false","false","1","1","1","0.25","1","0","0","0","100","0","25","0.5","10","2.5","2","60","1.6","0.4","20.5","6.7","16","8.21","365","14","1","0","0","299","299","220","2944","411","1149","1783","82298","1415","1575","false","506579","189","339","887","31810","34834","19887"
"12","0.1","1","false","false","false","true","false","false","false","1","1","1","0.25","1","0","0","0","100","0","25","0.5","10","2.5","2","60","1.6","0.4","20.5","6.7","16","8.21","365","14","1","0","0","299","299","221","2868","392","1109","1756","82458","1417","1570","false","507082","190","339","888","31847","34869","19906"
"12","0.1","1","false","false","false","true","false","false","false","1","1","1","0.25","1","0","0","0","100","0","25","0.5","10","2.5","2","60","1.6","0.4","20.5","6.7","16","8.21","365","14","1","0","0","299","299","222","2791","373","1083","1719","82614","1420","1540","false","507210","191","339","890","31887","34904","19929"
"12","0.1","1","false","false","false","true","false","false","false","1","1","1","0.25","1","0","0","0","100","0","25","0.5","10","2.5","2","60","1.6","0.4","20.5","6.7","16","8.21","365","14","1","0","0","299","299","223","2699","354","1061","1702","82760","1424","1514","false","507445","191","342","891","31923","34942","19960"
"12","0.1","1","false","false","false","true","false","false","false","1","1","1","0.25","1","0","0","0","100","0","25","0.5","10","2.5","2","60","1.6","0.4","20.5","6.7","16","8.21","365","14","1","0","0","299","299","224","2635","341","1042","1666","82888","1428","1476","false","507632","192","342","894","31954","34969","19982"
"12","0.1","1","false","false","false","true","false","false","false","1","1","1","0.25","1","0","0","0","100","0","25","0.5","10","2.5","2","60","1.6","0.4","20.5","6.7","16","8.21","365","14","1","0","0","299","299","225","2577","304","1011","1643","83035","1430","1457","false","507949","194","342","894","31983","35013","20004"
"12","0.1","1","false","false","false","true","false","false","false","1","1","1","0.25","1","0","0","0","100","0","25","0.5","10","2.5","2","60","1.6","0.4","20.5","6.7","16","8.21","365","14","1","0","0","299","299","226","2512","298","1001","1591","83165","1433","1456","false","508111","195","342","896","32003","35061","20021"
"12","0.1","1","false","false","false","true","false","false","false","1","1","1","0.25","1","0","0","0","100","0","25","0.5","10","2.5","2","60","1.6","0.4","20.5","6.7","16","8.21","365","14","1","0","0","299","299","227","2449","293","990","1520","83313","1435","1412","false","508221","195","342","898","32027","35094","20037"
"12","0.1","1","false","false","false","true","false","false","false","1","1","1","0.25","1","0","0","0","100","0","25","0.5","10","2.5","2","60","1.6","0.4","20.5","6.7","16","8.21","365","14","1","0","0","299","299","228","2393","275","980","1481","83432","1439","1365","false","508625","196","344","899","32056","35131","20058"
"12","0.1","1","false","false","false","true","false","false","false","1","1","1","0.25","1","0","0","0","100","0","25","0.5","10","2.5","2","60","1.6","0.4","20.5","6.7","16","8.21","365","14","1","0","0","299","299","229","2321","289","943","1440","83567","1440","1299","false","508969","196","344","900","32078","35158","20073"
"12","0.1","1","false","false","false","true","false","false","false","1","1","1","0.25","1","0","0","0","100","0","25","0.5","10","2.5","2","60","1.6","0.4","20.5","6.7","16","8.21","365","14","1","0","0","299","299","230","2263","280","918","1403","83695","1441","1267","false","509505","196","344","901","32096","35187","20087"
"12","0.1","1","false","false","false","true","false","false","false","1","1","1","0.25","1","0","0","0","100","0","25","0.5","10","2.5","2","60","1.6","0.4","20.5","6.7","16","8.21","365","14","1","0","0","299","299","231","2211","277","899","1350","83820","1443","1214","false","509839","196","345","902","32122","35208","20098"
"12","0.1","1","false","false","false","true","false","false","false","1","1","1","0.25","1","0","0","0","100","0","25","0.5","10","2.5","2","60","1.6","0.4","20.5","6.7","16","8.21","365","14","1","0","0","299","299","232","2157","248","883","1340","83928","1444","1188","false","510203","197","345","902","32148","35242","20116"
"12","0.1","1","false","false","false","true","false","false","false","1","1","1","0.25","1","0","0","0","100","0","25","0.5","10","2.5","2","60","1.6","0.4","20.5","6.7","16","8.21","365","14","1","0","0","299","299","233","2094","249","868","1290","84052","1447","1170","false","510442","198","345","904","32177","35268","20135"
"12","0.1","1","false","false","false","true","false","false","false","1","1","1","0.25","1","0","0","0","100","0","25","0.5","10","2.5","2","60","1.6","0.4","20.5","6.7","16","8.21","365","14","1","0","0","299","299","234","2032","265","852","1220","84184","1447","1129","false","510591","198","345","904","32202","35287","20148"
"12","0.1","1","false","false","false","true","false","false","false","1","1","1","0.25","1","0","0","0","100","0","25","0.5","10","2.5","2","60","1.6","0.4","20.5","6.7","16","8.21","365","14","1","0","0","299","299","235","1981","249","830","1195","84295","1450","1093","false","510906","198","346","906","32231","35310","20157"
"12","0.1","1","false","false","false","true","false","false","false","1","1","1","0.25","1","0","0","0","100","0","25","0.5","10","2.5","2","60","1.6","0.4","20.5","6.7","16","8.21","365","14","1","0","0","299","299","236","1928","257","802","1141","84421","1451","1040","false","511191","198","346","907","32252","35326","20168"
"12","0.1","1","false","false","false","true","false","false","false","1","1","1","0.25","1","0","0","0","100","0","25","0.5","10","2.5","2","60","1.6","0.4","20.5","6.7","16","8.21","365","14","1","0","0","299","299","237","1879","248","773","1101","84545","1454","1018","false","511650","198","346","910","32273","35352","20181"
"12","0.1","1","false","false","false","true","false","false","false","1","1","1","0.25","1","0","0","0","100","0","25","0.5","10","2.5","2","60","1.6","0.4","20.5","6.7","16","8.21","365","14","1","0","0","299","299","238","1831","231","758","1072","84653","1455","960","false","511794","198","347","910","32297","35376","20197"
"12","0.1","1","false","false","false","true","false","false","false","1","1","1","0.25","1","0","0","0","100","0","25","0.5","10","2.5","2","60","1.6","0.4","20.5","6.7","16","8.21","365","14","1","0","0","299","299","239","1777","222","737","1048","84760","1456","898","false","512250","198","347","911","32317","35399","20212"
"12","0.1","1","false","false","false","true","false","false","false","1","1","1","0.25","1","0","0","0","100","0","25","0.5","10","2.5","2","60","1.6","0.4","20.5","6.7","16","8.21","365","14","1","0","0","299","299","240","1721","224","720","1021","84856","1458","877","false","512741","198","347","913","32331","35424","20228"
"12","0.1","1","false","false","false","true","false","false","false","1","1","1","0.25","1","0","0","0","100","0","25","0.5","10","2.5","2","60","1.6","0.4","20.5","6.7","16","8.21","365","14","1","0","0","299","299","241","1664","229","698","992","84958","1459","868","false","512934","198","348","913","32352","35448","20240"
"12","0.1","1","false","false","false","true","false","false","false","1","1","1","0.25","1","0","0","0","100","0","25","0.5","10","2.5","2","60","1.6","0.4","20.5","6.7","16","8.21","365","14","1","0","0","299","299","242","1618","212","676","995","85039","1460","885","false","513061","198","349","913","32370","35469","20252"
"12","0.1","1","false","false","false","true","false","false","false","1","1","1","0.25","1","0","0","0","100","0","25","0.5","10","2.5","2","60","1.6","0.4","20.5","6.7","16","8.21","365","14","1","0","0","299","299","243","1561","211","666","970","85129","1463","863","false","512948","199","351","913","32395","35496","20265"
"12","0.1","1","false","false","false","true","false","false","false","1","1","1","0.25","1","0","0","0","100","0","25","0.5","10","2.5","2","60","1.6","0.4","20.5","6.7","16","8.21","365","14","1","0","0","299","299","244","1514","206","647","962","85205","1466","839","false","513140","199","353","914","32409","35517","20277"
"12","0.1","1","false","false","false","true","false","false","false","1","1","1","0.25","1","0","0","0","100","0","25","0.5","10","2.5","2","60","1.6","0.4","20.5","6.7","16","8.21","365","14","1","0","0","299","299","245","1481","190","640","938","85284","1467","794","false","513291","199","353","915","32432","35535","20285"
"12","0.1","1","false","false","false","true","false","false","false","1","1","1","0.25","1","0","0","0","100","0","25","0.5","10","2.5","2","60","1.6","0.4","20.5","6.7","16","8.21","365","14","1","0","0","299","299","246","1433","196","640","916","85346","1469","744","false","513625","200","354","915","32447","35562","20298"
"12","0.1","1","false","false","false","true","false","false","false","1","1","1","0.25","1","0","0","0","100","0","25","0.5","10","2.5","2","60","1.6","0.4","20.5","6.7","16","8.21","365","14","1","0","0","299","299","247","1385","209","633","871","85431","1471","739","false","514033","200","356","915","32457","35580","20305"
"12","0.1","1","false","false","false","true","false","false","false","1","1","1","0.25","1","0","0","0","100","0","25","0.5","10","2.5","2","60","1.6","0.4","20.5","6.7","16","8.21","365","14","1","0","0","299","299","248","1351","189","608","851","85527","1474","727","false","514085","200","357","917","32475","35604","20316"
"12","0.1","1","false","false","false","true","false","false","false","1","1","1","0.25","1","0","0","0","100","0","25","0.5","10","2.5","2","60","1.6","0.4","20.5","6.7","16","8.21","365","14","1","0","0","299","299","249","1317","178","592","812","85625","1476","692","false","514164","200","358","918","32493","35628","20325"
"12","0.1","1","false","false","false","true","false","false","false","1","1","1","0.25","1","0","0","0","100","0","25","0.5","10","2.5","2","60","1.6","0.4","20.5","6.7","16","8.21","365","14","1","0","0","299","299","250","1271","176","580","796","85699","1478","680","false","514477","200","358","920","32511","35646","20339"
"12","0.1","1","false","false","false","true","false","false","false","1","1","1","0.25","1","0","0","0","100","0","25","0.5","10","2.5","2","60","1.6","0.4","20.5","6.7","16","8.21","365","14","1","0","0","299","299","251","1240","159","572","783","85766","1480","658","false","514584","202","358","920","32532","35664","20348"
"12","0.1","1","false","false","false","true","false","false","false","1","1","1","0.25","1","0","0","0","100","0","25","0.5","10","2.5","2","60","1.6","0.4","20.5","6.7","16","8.21","365","14","1","0","0","299","299","252","1207","154","554","750","85854","1481","654","false","514792","202","359","920","32549","35677","20359"
"12","0.1","1","false","false","false","true","false","false","false","1","1","1","0.25","1","0","0","0","100","0","25","0.5","10","2.5","2","60","1.6","0.4","20.5","6.7","16","8.21","365","14","1","0","0","299","299","253","1180","141","529","730","85936","1484","654","false","514809","202","362","920","32567","35689","20364"
"12","0.1","1","false","false","false","true","false","false","false","1","1","1","0.25","1","0","0","0","100","0","25","0.5","10","2.5","2","60","1.6","0.4","20.5","6.7","16","8.21","365","14","1","0","0","299","299","254","1151","132","520","711","86001","1485","628","false","514807","202","362","921","32581","35705","20377"
"12","0.1","1","false","false","false","true","false","false","false","1","1","1","0.25","1","0","0","0","100","0","25","0.5","10","2.5","2","60","1.6","0.4","20.5","6.7","16","8.21","365","14","1","0","0","299","299","255","1126","130","524","679","86055","1486","624","false","515032","202","362","922","32594","35721","20383"
"12","0.1","1","false","false","false","true","false","false","false","1","1","1","0.25","1","0","0","0","100","0","25","0.5","10","2.5","2","60","1.6","0.4","20.5","6.7","16","8.21","365","14","1","0","0","299","299","256","1097","125","505","660","86126","1487","607","false","515109","202","362","923","32612","35731","20396"
"12","0.1","1","false","false","false","true","false","false","false","1","1","1","0.25","1","0","0","0","100","0","25","0.5","10","2.5","2","60","1.6","0.4","20.5","6.7","16","8.21","365","14","1","0","0","299","299","257","1070","122","483","633","86204","1488","616","false","515243","202","362","924","32627","35744","20404"
"12","0.1","1","false","false","false","true","false","false","false","1","1","1","0.25","1","0","0","0","100","0","25","0.5","10","2.5","2","60","1.6","0.4","20.5","6.7","16","8.21","365","14","1","0","0","299","299","258","1037","123","462","612","86277","1489","596","false","515235","202","362","925","32639","35755","20411"
"12","0.1","1","false","false","false","true","false","false","false","1","1","1","0.25","1","0","0","0","100","0","25","0.5","10","2.5","2","60","1.6","0.4","20.5","6.7","16","8.21","365","14","1","0","0","299","299","259","1006","128","448","590","86338","1490","580","false","515373","202","363","925","32648","35762","20420"
"12","0.1","1","false","false","false","true","false","false","false","1","1","1","0.25","1","0","0","0","100","0","25","0.5","10","2.5","2","60","1.6","0.4","20.5","6.7","16","8.21","365","14","1","0","0","299","299","260","982","123","437","575","86393","1490","557","false","515519","202","363","925","32663","35768","20432"
"12","0.1","1","false","false","false","true","false","false","false","1","1","1","0.25","1","0","0","0","100","0","25","0.5","10","2.5","2","60","1.6","0.4","20.5","6.7","16","8.21","365","14","1","0","0","299","299","261","945","133","428","558","86446","1490","546","false","515717","202","363","925","32673","35780","20443"
"12","0.1","1","false","false","false","true","false","false","false","1","1","1","0.25","1","0","0","0","100","0","25","0.5","10","2.5","2","60","1.6","0.4","20.5","6.7","16","8.21","365","14","1","0","0","299","299","262","916","128","414","557","86493","1492","538","false","515821","203","364","925","32685","35796","20450"
"12","0.1","1","false","false","false","true","false","false","false","1","1","1","0.25","1","0","0","0","100","0","25","0.5","10","2.5","2","60","1.6","0.4","20.5","6.7","16","8.21","365","14","1","0","0","299","299","263","892","125","398","550","86541","1494","509","false","515908","203","365","926","32695","35805","20452"
"12","0.1","1","false","false","false","true","false","false","false","1","1","1","0.25","1","0","0","0","100","0","25","0.5","10","2.5","2","60","1.6","0.4","20.5","6.7","16","8.21","365","14","1","0","0","299","299","264","862","120","376","552","86595","1495","500","false","516139","203","365","927","32707","35814","20459"
"12","0.1","1","false","false","false","true","false","false","false","1","1","1","0.25","1","0","0","0","100","0","25","0.5","10","2.5","2","60","1.6","0.4","20.5","6.7","16","8.21","365","14","1","0","0","299","299","265","841","115","363","531","86655","1495","476","false","516199","203","365","927","32721","35827","20464"
"12","0.1","1","false","false","false","true","false","false","false","1","1","1","0.25","1","0","0","0","100","0","25","0.5","10","2.5","2","60","1.6","0.4","20.5","6.7","16","8.21","365","14","1","0","0","299","299","266","814","116","363","507","86704","1496","459","false","516417","204","365","927","32732","35842","20470"
"12","0.1","1","false","false","false","true","false","false","false","1","1","1","0.25","1","0","0","0","100","0","25","0.5","10","2.5","2","60","1.6","0.4","20.5","6.7","16","8.21","365","14","1","0","0","299","299","267","789","115","351","501","86747","1497","445","false","516554","204","365","928","32743","35851","20473"
"12","0.1","1","false","false","false","true","false","false","false","1","1","1","0.25","1","0","0","0","100","0","25","0.5","10","2.5","2","60","1.6","0.4","20.5","6.7","16","8.21","365","14","1","0","0","299","299","268","769","108","337","493","86796","1497","427","false","516666","204","365","928","32746","35869","20476"
"12","0.1","1","false","false","false","true","false","false","false","1","1","1","0.25","1","0","0","0","100","0","25","0.5","10","2.5","2","60","1.6","0.4","20.5","6.7","16","8.21","365","14","1","0","0","299","299","269","751","97","317","488","86849","1498","421","false","516818","204","365","929","32754","35883","20480"
"12","0.1","1","false","false","false","true","false","false","false","1","1","1","0.25","1","0","0","0","100","0","25","0.5","10","2.5","2","60","1.6","0.4","20.5","6.7","16","8.21","365","14","1","0","0","299","299","270","734","95","304","470","86899","1498","397","false","516854","204","365","929","32761","35891","20485"
"12","0.1","1","false","false","false","true","false","false","false","1","1","1","0.25","1","0","0","0","100","0","25","0.5","10","2.5","2","60","1.6","0.4","20.5","6.7","16","8.21","365","14","1","0","0","299","299","271","711","86","295","461","86947","1500","385","false","517075","204","366","930","32772","35908","20492"
"12","0.1","1","false","false","false","true","false","false","false","1","1","1","0.25","1","0","0","0","100","0","25","0.5","10","2.5","2","60","1.6","0.4","20.5","6.7","16","8.21","365","14","1","0","0","299","299","272","685","94","296","441","86984","1500","380","false","517183","204","366","930","32778","35916","20498"
"12","0.1","1","false","false","false","true","false","false","false","1","1","1","0.25","1","0","0","0","100","0","25","0.5","10","2.5","2","60","1.6","0.4","20.5","6.7","16","8.21","365","14","1","0","0","299","299","273","661","96","291","419","87032","1501","386","false","517244","204","366","931","32787","35926","20501"
"12","0.1","1","false","false","false","true","false","false","false","1","1","1","0.25","1","0","0","0","100","0","25","0.5","10","2.5","2","60","1.6","0.4","20.5","6.7","16","8.21","365","14","1","0","0","299","299","274","642","97","282","408","87068","1503","397","false","517227","204","366","933","32794","35934","20507"
"12","0.1","1","false","false","false","true","false","false","false","1","1","1","0.25","1","0","0","0","100","0","25","0.5","10","2.5","2","60","1.6","0.4","20.5","6.7","16","8.21","365","14","1","0","0","299","299","275","629","87","273","394","87113","1504","387","false","517169","204","366","934","32806","35942","20512"
"12","0.1","1","false","false","false","true","false","false","false","1","1","1","0.25","1","0","0","0","100","0","25","0.5","10","2.5","2","60","1.6","0.4","20.5","6.7","16","8.21","365","14","1","0","0","299","299","276","613","79","265","390","87147","1506","381","false","517266","204","367","935","32813","35956","20513"
"12","0.1","1","false","false","false","true","false","false","false","1","1","1","0.25","1","0","0","0","100","0","25","0.5","10","2.5","2","60","1.6","0.4","20.5","6.7","16","8.21","365","14","1","0","0","299","299","277","599","80","251","379","87184","1507","361","false","517334","204","367","936","32817","35962","20518"
"12","0.1","1","false","false","false","true","false","false","false","1","1","1","0.25","1","0","0","0","100","0","25","0.5","10","2.5","2","60","1.6","0.4","20.5","6.7","16","8.21","365","14","1","0","0","299","299","278","587","75","256","367","87208","1507","361","false","517459","204","367","936","32825","35970","20523"
"12","0.1","1","false","false","false","true","false","false","false","1","1","1","0.25","1","0","0","0","100","0","25","0.5","10","2.5","2","60","1.6","0.4","20.5","6.7","16","8.21","365","14","1","0","0","299","299","279","579","71","243","359","87240","1508","327","false","517457","204","367","937","32828","35975","20525"
"12","0.1","1","false","false","false","true","false","false","false","1","1","1","0.25","1","0","0","0","100","0","25","0.5","10","2.5","2","60","1.6","0.4","20.5","6.7","16","8.21","365","14","1","0","0","299","299","280","566","65","237","351","87273","1508","310","false","517683","204","367","937","32835","35983","20529"
"12","0.1","1","false","false","false","true","false","false","false","1","1","1","0.25","1","0","0","0","100","0","25","0.5","10","2.5","2","60","1.6","0.4","20.5","6.7","16","8.21","365","14","1","0","0","299","299","281","545","69","224","347","87306","1509","273","false","517829","204","368","937","32841","35988","20535"
"12","0.1","1","false","false","false","true","false","false","false","1","1","1","0.25","1","0","0","0","100","0","25","0.5","10","2.5","2","60","1.6","0.4","20.5","6.7","16","8.21","365","14","1","0","0","299","299","282","533","58","219","341","87339","1510","241","false","518115","204","368","938","32850","35997","20539"
"12","0.1","1","false","false","false","true","false","false","false","1","1","1","0.25","1","0","0","0","100","0","25","0.5","10","2.5","2","60","1.6","0.4","20.5","6.7","16","8.21","365","14","1","0","0","299","299","283","516","60","211","336","87366","1511","213","false","518350","204","368","939","32854","36004","20546"
"12","0.1","1","false","false","false","true","false","false","false","1","1","1","0.25","1","0","0","0","100","0","25","0.5","10","2.5","2","60","1.6","0.4","20.5","6.7","16","8.21","365","14","1","0","0","299","299","284","504","61","209","323","87391","1512","187","false","518595","204","368","940","32860","36006","20551"
"12","0.1","1","false","false","false","true","false","false","false","1","1","1","0.25","1","0","0","0","100","0","25","0.5","10","2.5","2","60","1.6","0.4","20.5","6.7","16","8.21","365","14","1","0","0","299","299","285","482","67","203","311","87424","1513","169","false","518796","204","368","941","32868","36015","20553"
"12","0.1","1","false","false","false","true","false","false","false","1","1","1","0.25","1","0","0","0","100","0","25","0.5","10","2.5","2","60","1.6","0.4","20.5","6.7","16","8.21","365","14","1","0","0","299","299","286","470","62","191","308","87456","1513","148","false","518945","204","368","941","32875","36017","20556"
"12","0.1","1","false","false","false","true","false","false","false","1","1","1","0.25","1","0","0","0","100","0","25","0.5","10","2.5","2","60","1.6","0.4","20.5","6.7","16","8.21","365","14","1","0","0","299","299","287","440","83","181","300","87481","1515","112","false","519124","204","369","942","32880","36020","20558"
"12","0.1","1","false","false","false","true","false","false","false","1","1","1","0.25","1","0","0","0","100","0","25","0.5","10","2.5","2","60","1.6","0.4","20.5","6.7","16","8.21","365","14","1","0","0","299","299","288","421","80","176","296","87512","1515","87","false","519461","204","369","942","32889","36028","20562"
"12","0.1","1","false","false","false","true","false","false","false","1","1","1","0.25","1","0","0","0","100","0","25","0.5","10","2.5","2","60","1.6","0.4","20.5","6.7","16","8.21","365","14","1","0","0","299","299","289","399","91","174","278","87543","1515","66","false","519714","204","369","942","32896","36030","20566"
"12","0.1","1","false","false","false","true","false","false","false","1","1","1","0.25","1","0","0","0","100","0","25","0.5","10","2.5","2","60","1.6","0.4","20.5","6.7","16","8.21","365","14","1","0","0","299","299","290","384","84","170","277","87569","1516","47","false","519912","204","369","943","32903","36037","20568"
"12","0.1","1","false","false","false","true","false","false","false","1","1","1","0.25","1","0","0","0","100","0","25","0.5","10","2.5","2","60","1.6","0.4","20.5","6.7","16","8.21","365","14","1","0","0","299","299","291","367","94","165","259","87599","1516","34","false","520083","204","369","943","32906","36044","20571"
"12","0.1","1","false","false","false","true","false","false","false","1","1","1","0.25","1","0","0","0","100","0","25","0.5","10","2.5","2","60","1.6","0.4","20.5","6.7","16","8.21","365","14","1","0","0","299","299","292","350","79","167","267","87619","1518","19","false","520211","205","369","944","32917","36059","20577"
"12","0.1","1","false","false","false","true","false","false","false","1","1","1","0.25","1","0","0","0","100","0","25","0.5","10","2.5","2","60","1.6","0.4","20.5","6.7","16","8.21","365","14","1","0","0","299","299","293","328","81","161","266","87646","1518","6","false","520340","205","369","944","32925","36066","20580"
"12","0.1","1","false","false","false","true","false","false","false","1","1","1","0.25","1","0","0","0","100","0","25","0.5","10","2.5","2","60","1.6","0.4","20.5","6.7","16","8.21","365","14","1","0","0","299","299","294","304","85","155","265","87672","1519","0","false","520472","205","369","945","32932","36075","20585"
"12","0.1","1","false","false","false","true","false","false","false","1","1","1","0.25","1","0","0","0","100","0","25","0.5","10","2.5","2","60","1.6","0.4","20.5","6.7","16","8.21","365","14","1","0","0","299","299","295","276","92","155","268","87690","1519","0","false","520530","205","369","945","32943","36080","20589"
"12","0.1","1","false","false","false","true","false","false","false","1","1","1","0.25","1","0","0","0","100","0","25","0.5","10","2.5","2","60","1.6","0.4","20.5","6.7","16","8.21","365","14","1","0","0","299","299","296","252","88","145","281","87715","1519","0","false","520530","205","369","945","32949","36086","20595"
"12","0.1","1","false","false","false","true","false","false","false","1","1","1","0.25","1","0","0","0","100","0","25","0.5","10","2.5","2","60","1.6","0.4","20.5","6.7","16","8.21","365","14","1","0","0","299","299","297","238","81","144","279","87739","1519","0","false","520530","205","369","945","32954","36092","20601"
"12","0.1","1","false","false","false","true","false","false","false","1","1","1","0.25","1","0","0","0","100","0","25","0.5","10","2.5","2","60","1.6","0.4","20.5","6.7","16","8.21","365","14","1","0","0","299","299","298","222","77","155","276","87751","1519","0","false","520530","205","369","945","32964","36101","20606"
"12","0.1","1","false","false","false","true","false","false","false","1","1","1","0.25","1","0","0","0","100","0","25","0.5","10","2.5","2","60","1.6","0.4","20.5","6.7","16","8.21","365","14","1","0","0","299","299","299","206","67","155","282","87771","1519","0","false","520530","205","369","945","32971","36113","20610"
"12","0.1","1","false","false","false","true","false","false","false","1","1","1","0.25","1","0","0","0","100","0","25","0.5","10","2.5","2","60","1.6","0.4","20.5","6.7","16","8.21","365","14","1","0","0","299","299","300","184","77","162","275","87783","1519","0","false","520530","205","369","945","32977","36121","20616"
"12","0.1","1","false","false","false","true","false","false","false","1","1","1","0.25","1","0","0","0","100","0","25","0.5","10","2.5","2","60","1.6","0.4","20.5","6.7","16","8.21","365","14","1","0","0","299","299","301","173","70","161","275","87802","1519","0","false","520530","205","369","945","32984","36129","20619"
"12","0.1","1","false","false","false","true","false","false","false","1","1","1","0.25","1","0","0","0","100","0","25","0.5","10","2.5","2","60","1.6","0.4","20.5","6.7","16","8.21","365","14","1","0","0","299","299","302","163","61","170","270","87817","1519","0","false","520530","205","369","945","32992","36140","20623"
"12","0.1","1","false","false","false","true","false","false","false","1","1","1","0.25","1","0","0","0","100","0","25","0.5","10","2.5","2","60","1.6","0.4","20.5","6.7","16","8.21","365","14","1","0","0","299","299","303","149","55","167","273","87836","1520","0","false","520530","205","369","946","33000","36146","20628"
"12","0.1","1","false","false","false","true","false","false","false","1","1","1","0.25","1","0","0","0","100","0","25","0.5","10","2.5","2","60","1.6","0.4","20.5","6.7","16","8.21","365","14","1","0","0","299","299","304","136","53","166","272","87851","1522","0","false","520518","205","369","948","33008","36151","20631"
"12","0.1","1","false","false","false","true","false","false","false","1","1","1","0.25","1","0","0","0","100","0","25","0.5","10","2.5","2","60","1.6","0.4","20.5","6.7","16","8.21","365","14","1","0","0","299","299","305","129","43","168","273","87865","1522","0","false","520495","205","369","948","33018","36154","20632"
"12","0.1","1","false","false","false","true","false","false","false","1","1","1","0.25","1","0","0","0","100","0","25","0.5","10","2.5","2","60","1.6","0.4","20.5","6.7","16","8.21","365","14","1","0","0","299","299","306","119","43","164","271","87881","1522","0","false","520495","205","369","948","33020","36156","20635"
"12","0.1","1","false","false","false","true","false","false","false","1","1","1","0.25","1","0","0","0","100","0","25","0.5","10","2.5","2","60","1.6","0.4","20.5","6.7","16","8.21","365","14","1","0","0","299","299","307","112","40","169","268","87889","1522","0","false","520495","205","369","948","33024","36162","20638"
"12","0.1","1","false","false","false","true","false","false","false","1","1","1","0.25","1","0","0","0","100","0","25","0.5","10","2.5","2","60","1.6","0.4","20.5","6.7","16","8.21","365","14","1","0","0","299","299","308","100","41","174","249","87913","1523","0","false","520495","205","369","949","33029","36171","20641"
"12","0.1","1","false","false","false","true","false","false","false","1","1","1","0.25","1","0","0","0","100","0","25","0.5","10","2.5","2","60","1.6","0.4","20.5","6.7","16","8.21","365","14","1","0","0","299","299","309","85","45","175","243","87929","1523","0","false","520483","205","369","949","33033","36177","20646"
"12","0.1","1","false","false","false","true","false","false","false","1","1","1","0.25","1","0","0","0","100","0","25","0.5","10","2.5","2","60","1.6","0.4","20.5","6.7","16","8.21","365","14","1","0","0","299","299","310","78","39","173","228","87959","1523","0","false","520483","205","369","949","33040","36181","20651"
"12","0.1","1","false","false","false","true","false","false","false","1","1","1","0.25","1","0","0","0","100","0","25","0.5","10","2.5","2","60","1.6","0.4","20.5","6.7","16","8.21","365","14","1","0","0","299","299","311","74","34","172","210","87987","1523","0","false","520483","205","369","949","33045","36183","20654"
"12","0.1","1","false","false","false","true","false","false","false","1","1","1","0.25","1","0","0","0","100","0","25","0.5","10","2.5","2","60","1.6","0.4","20.5","6.7","16","8.21","365","14","1","0","0","299","299","312","68","29","170","210","88000","1523","0","false","520483","205","369","949","33049","36187","20660"
"12","0.1","1","false","false","false","true","false","false","false","1","1","1","0.25","1","0","0","0","100","0","25","0.5","10","2.5","2","60","1.6","0.4","20.5","6.7","16","8.21","365","14","1","0","0","299","299","313","63","28","157","202","88027","1523","0","false","520483","205","369","949","33050","36188","20662"
"12","0.1","1","false","false","false","true","false","false","false","1","1","1","0.25","1","0","0","0","100","0","25","0.5","10","2.5","2","60","1.6","0.4","20.5","6.7","16","8.21","365","14","1","0","0","299","299","314","58","26","147","194","88052","1523","0","false","520483","205","369","949","33053","36193","20663"
"12","0.1","1","false","false","false","true","false","false","false","1","1","1","0.25","1","0","0","0","100","0","25","0.5","10","2.5","2","60","1.6","0.4","20.5","6.7","16","8.21","365","14","1","0","0","299","299","315","52","26","142","189","88068","1523","0","false","520483","205","369","949","33055","36195","20665"
"12","0.1","1","false","false","false","true","false","false","false","1","1","1","0.25","1","0","0","0","100","0","25","0.5","10","2.5","2","60","1.6","0.4","20.5","6.7","16","8.21","365","14","1","0","0","299","299","316","49","24","139","182","88083","1523","0","false","520483","205","369","949","33060","36196","20665"
"12","0.1","1","false","false","false","true","false","false","false","1","1","1","0.25","1","0","0","0","100","0","25","0.5","10","2.5","2","60","1.6","0.4","20.5","6.7","16","8.21","365","14","1","0","0","299","299","317","46","22","132","170","88107","1523","0","false","520483","205","369","949","33062","36197","20666"
"12","0.1","1","false","false","false","true","false","false","false","1","1","1","0.25","1","0","0","0","100","0","25","0.5","10","2.5","2","60","1.6","0.4","20.5","6.7","16","8.21","365","14","1","0","0","299","299","318","44","21","127","162","88123","1523","0","false","520483","205","369","949","33064","36197","20667"
"12","0.1","1","false","false","false","true","false","false","false","1","1","1","0.25","1","0","0","0","100","0","25","0.5","10","2.5","2","60","1.6","0.4","20.5","6.7","16","8.21","365","14","1","0","0","299","299","319","41","21","121","150","88144","1523","0","false","520483","205","369","949","33065","36197","20668"
"12","0.1","1","false","false","false","true","false","false","false","1","1","1","0.25","1","0","0","0","100","0","25","0.5","10","2.5","2","60","1.6","0.4","20.5","6.7","16","8.21","365","14","1","0","0","299","299","320","38","19","114","143","88162","1524","0","false","520483","205","370","949","33066","36199","20671"
"12","0.1","1","false","false","false","true","false","false","false","1","1","1","0.25","1","0","0","0","100","0","25","0.5","10","2.5","2","60","1.6","0.4","20.5","6.7","16","8.21","365","14","1","0","0","299","299","321","36","18","113","132","88176","1525","0","false","520475","205","370","950","33068","36202","20672"
"12","0.1","1","false","false","false","true","false","false","false","1","1","1","0.25","1","0","0","0","100","0","25","0.5","10","2.5","2","60","1.6","0.4","20.5","6.7","16","8.21","365","14","1","0","0","299","299","322","34","10","107","128","88196","1525","0","false","520463","205","370","950","33072","36205","20673"
"12","0.1","1","false","false","false","true","false","false","false","1","1","1","0.25","1","0","0","0","100","0","25","0.5","10","2.5","2","60","1.6","0.4","20.5","6.7","16","8.21","365","14","1","0","0","299","299","323","30","10","98","122","88213","1527","0","false","520463","205","371","951","33073","36205","20676"
"12","0.1","1","false","false","false","true","false","false","false","1","1","1","0.25","1","0","0","0","100","0","25","0.5","10","2.5","2","60","1.6","0.4","20.5","6.7","16","8.21","365","14","1","0","0","299","299","324","29","8","91","113","88232","1527","0","false","520443","205","371","951","33076","36207","20677"
"12","0.1","1","false","false","false","true","false","false","false","1","1","1","0.25","1","0","0","0","100","0","25","0.5","10","2.5","2","60","1.6","0.4","20.5","6.7","16","8.21","365","14","1","0","0","299","299","325","28","9","89","105","88242","1527","0","false","520443","205","371","951","33076","36208","20677"
"12","0.1","1","false","false","false","true","false","false","false","1","1","1","0.25","1","0","0","0","100","0","25","0.5","10","2.5","2","60","1.6","0.4","20.5","6.7","16","8.21","365","14","1","0","0","299","299","326","28","7","85","97","88256","1527","0","false","520443","205","371","951","33077","36210","20678"
"12","0.1","1","false","false","false","true","false","false","false","1","1","1","0.25","1","0","0","0","100","0","25","0.5","10","2.5","2","60","1.6","0.4","20.5","6.7","16","8.21","365","14","1","0","0","299","299","327","27","7","77","94","88268","1527","0","false","520443","205","371","951","33078","36210","20678"
"12","0.1","1","false","false","false","true","false","false","false","1","1","1","0.25","1","0","0","0","100","0","25","0.5","10","2.5","2","60","1.6","0.4","20.5","6.7","16","8.21","365","14","1","0","0","299","299","328","27","4","72","91","88279","1527","0","false","520443","205","371","951","33080","36211","20678"
"12","0.1","1","false","false","false","true","false","false","false","1","1","1","0.25","1","0","0","0","100","0","25","0.5","10","2.5","2","60","1.6","0.4","20.5","6.7","16","8.21","365","14","1","0","0","299","299","329","27","2","68","86","88290","1527","0","false","520443","205","371","951","33081","36211","20678"
"12","0.1","1","false","false","false","true","false","false","false","1","1","1","0.25","1","0","0","0","100","0","25","0.5","10","2.5","2","60","1.6","0.4","20.5","6.7","16","8.21","365","14","1","0","0","299","299","330","27","2","60","81","88303","1527","0","false","520443","205","371","951","33081","36211","20678"
"12","0.1","1","false","false","false","true","false","false","false","1","1","1","0.25","1","0","0","0","100","0","25","0.5","10","2.5","2","60","1.6","0.4","20.5","6.7","16","8.21","365","14","1","0","0","299","299","331","27","1","54","74","88317","1527","0","false","520443","205","371","951","33082","36211","20678"
"12","0.1","1","false","false","false","true","false","false","false","1","1","1","0.25","1","0","0","0","100","0","25","0.5","10","2.5","2","60","1.6","0.4","20.5","6.7","16","8.21","365","14","1","0","0","299","299","332","26","2","49","68","88327","1528","0","false","520443","206","371","951","33082","36211","20679"
"12","0.1","1","false","false","false","true","false","false","false","1","1","1","0.25","1","0","0","0","100","0","25","0.5","10","2.5","2","60","1.6","0.4","20.5","6.7","16","8.21","365","14","1","0","0","299","299","333","26","1","44","65","88336","1528","0","false","520432","206","371","951","33082","36212","20679"
"12","0.1","1","false","false","false","true","false","false","false","1","1","1","0.25","1","0","0","0","100","0","25","0.5","10","2.5","2","60","1.6","0.4","20.5","6.7","16","8.21","365","14","1","0","0","299","299","334","26","1","37","59","88349","1528","0","false","520432","206","371","951","33082","36212","20679"
"12","0.1","1","false","false","false","true","false","false","false","1","1","1","0.25","1","0","0","0","100","0","25","0.5","10","2.5","2","60","1.6","0.4","20.5","6.7","16","8.21","365","14","1","0","0","299","299","335","26","0","33","54","88359","1528","0","false","520432","206","371","951","33082","36212","20680"
"12","0.1","1","false","false","false","true","false","false","false","1","1","1","0.25","1","0","0","0","100","0","25","0.5","10","2.5","2","60","1.6","0.4","20.5","6.7","16","8.21","365","14","1","0","0","299","299","336","26","0","28","51","88367","1528","0","false","520432","206","371","951","33082","36212","20680"
"12","0.1","1","false","false","false","true","false","false","false","1","1","1","0.25","1","0","0","0","100","0","25","0.5","10","2.5","2","60","1.6","0.4","20.5","6.7","16","8.21","365","14","1","0","0","299","299","337","26","0","26","50","88370","1528","0","false","520432","206","371","951","33082","36212","20680"
"12","0.1","1","false","false","false","true","false","false","false","1","1","1","0.25","1","0","0","0","100","0","25","0.5","10","2.5","2","60","1.6","0.4","20.5","6.7","16","8.21","365","14","1","0","0","299","299","338","26","0","21","47","88378","1528","0","false","520432","206","371","951","33082","36212","20680"
"12","0.1","1","false","false","false","true","false","false","false","1","1","1","0.25","1","0","0","0","100","0","25","0.5","10","2.5","2","60","1.6","0.4","20.5","6.7","16","8.21","365","14","1","0","0","299","299","339","26","0","19","36","88391","1528","0","false","520432","206","371","951","33082","36212","20680"
"12","0.1","1","false","false","false","true","false","false","false","1","1","1","0.25","1","0","0","0","100","0","25","0.5","10","2.5","2","60","1.6","0.4","20.5","6.7","16","8.21","365","14","1","0","0","299","299","340","26","0","18","31","88397","1528","0","false","520432","206","371","951","33082","36212","20680"
"12","0.1","1","false","false","false","true","false","false","false","1","1","1","0.25","1","0","0","0","100","0","25","0.5","10","2.5","2","60","1.6","0.4","20.5","6.7","16","8.21","365","14","1","0","0","299","299","341","26","0","16","25","88405","1528","0","false","520432","206","371","951","33082","36212","20680"
"12","0.1","1","false","false","false","true","false","false","false","1","1","1","0.25","1","0","0","0","100","0","25","0.5","10","2.5","2","60","1.6","0.4","20.5","6.7","16","8.21","365","14","1","0","0","299","299","342","26","0","11","23","88412","1528","0","false","520432","206","371","951","33082","36212","20680"
"12","0.1","1","false","false","false","true","false","false","false","1","1","1","0.25","1","0","0","0","100","0","25","0.5","10","2.5","2","60","1.6","0.4","20.5","6.7","16","8.21","365","14","1","0","0","299","299","343","26","0","10","20","88416","1528","0","false","520432","206","371","951","33082","36212","20680"
"12","0.1","1","false","false","false","true","false","false","false","1","1","1","0.25","1","0","0","0","100","0","25","0.5","10","2.5","2","60","1.6","0.4","20.5","6.7","16","8.21","365","14","1","0","0","299","299","344","26","0","10","18","88418","1528","0","false","520432","206","371","951","33082","36212","20680"
"12","0.1","1","false","false","false","true","false","false","false","1","1","1","0.25","1","0","0","0","100","0","25","0.5","10","2.5","2","60","1.6","0.4","20.5","6.7","16","8.21","365","14","1","0","0","299","299","345","26","0","8","16","88422","1528","0","false","520432","206","371","951","33082","36212","20680"
"12","0.1","1","false","false","false","true","false","false","false","1","1","1","0.25","1","0","0","0","100","0","25","0.5","10","2.5","2","60","1.6","0.4","20.5","6.7","16","8.21","365","14","1","0","0","299","299","346","26","0","7","14","88425","1528","0","false","520432","206","371","951","33082","36212","20680"
"12","0.1","1","false","false","false","true","false","false","false","1","1","1","0.25","1","0","0","0","100","0","25","0.5","10","2.5","2","60","1.6","0.4","20.5","6.7","16","8.21","365","14","1","0","0","299","299","347","26","0","7","12","88427","1528","0","false","520432","206","371","951","33082","36212","20680"
"12","0.1","1","false","false","false","true","false","false","false","1","1","1","0.25","1","0","0","0","100","0","25","0.5","10","2.5","2","60","1.6","0.4","20.5","6.7","16","8.21","365","14","1","0","0","299","299","348","26","0","5","10","88431","1528","0","false","520432","206","371","951","33082","36212","20680"
"12","0.1","1","false","false","false","true","false","false","false","1","1","1","0.25","1","0","0","0","100","0","25","0.5","10","2.5","2","60","1.6","0.4","20.5","6.7","16","8.21","365","14","1","0","0","299","299","349","26","0","5","9","88432","1528","0","false","520432","206","371","951","33082","36212","20680"
"12","0.1","1","false","false","false","true","false","false","false","1","1","1","0.25","1","0","0","0","100","0","25","0.5","10","2.5","2","60","1.6","0.4","20.5","6.7","16","8.21","365","14","1","0","0","299","299","350","26","0","3","7","88436","1528","0","false","520432","206","371","951","33082","36212","20680"
"12","0.1","1","false","false","false","true","false","false","false","1","1","1","0.25","1","0","0","0","100","0","25","0.5","10","2.5","2","60","1.6","0.4","20.5","6.7","16","8.21","365","14","1","0","0","299","299","351","26","0","2","7","88437","1528","0","false","520432","206","371","951","33082","36212","20680"
"12","0.1","1","false","false","false","true","false","false","false","1","1","1","0.25","1","0","0","0","100","0","25","0.5","10","2.5","2","60","1.6","0.4","20.5","6.7","16","8.21","365","14","1","0","0","299","299","352","26","0","2","5","88439","1528","0","false","520432","206","371","951","33082","36212","20680"
"12","0.1","1","false","false","false","true","false","false","false","1","1","1","0.25","1","0","0","0","100","0","25","0.5","10","2.5","2","60","1.6","0.4","20.5","6.7","16","8.21","365","14","1","0","0","299","299","353","26","0","2","5","88439","1528","0","false","520432","206","371","951","33082","36212","20680"
"12","0.1","1","false","false","false","true","false","false","false","1","1","1","0.25","1","0","0","0","100","0","25","0.5","10","2.5","2","60","1.6","0.4","20.5","6.7","16","8.21","365","14","1","0","0","299","299","354","26","0","2","4","88440","1528","0","false","520432","206","371","951","33082","36212","20680"
"12","0.1","1","false","false","false","true","false","false","false","1","1","1","0.25","1","0","0","0","100","0","25","0.5","10","2.5","2","60","1.6","0.4","20.5","6.7","16","8.21","365","14","1","0","0","299","299","355","26","0","2","3","88441","1528","0","false","520432","206","371","951","33082","36212","20680"
"12","0.1","1","false","false","false","true","false","false","false","1","1","1","0.25","1","0","0","0","100","0","25","0.5","10","2.5","2","60","1.6","0.4","20.5","6.7","16","8.21","365","14","1","0","0","299","299","356","26","0","1","3","88442","1528","0","false","520432","206","371","951","33082","36212","20680"
"12","0.1","1","false","false","false","true","false","false","false","1","1","1","0.25","1","0","0","0","100","0","25","0.5","10","2.5","2","60","1.6","0.4","20.5","6.7","16","8.21","365","14","1","0","0","299","299","357","26","0","0","3","88443","1528","0","false","520432","206","371","951","33082","36212","20680"
"12","0.1","1","false","false","false","true","false","false","false","1","1","1","0.25","1","0","0","0","100","0","25","0.5","10","2.5","2","60","1.6","0.4","20.5","6.7","16","8.21","365","14","1","0","0","299","299","358","26","0","0","2","88444","1528","0","false","520432","206","371","951","33082","36212","20680"
"12","0.1","1","false","false","false","true","false","false","false","1","1","1","0.25","1","0","0","0","100","0","25","0.5","10","2.5","2","60","1.6","0.4","20.5","6.7","16","8.21","365","14","1","0","0","299","299","359","26","0","0","2","88444","1528","0","false","520432","206","371","951","33082","36212","20680"
"12","0.1","1","false","false","false","true","false","false","false","1","1","1","0.25","1","0","0","0","100","0","25","0.5","10","2.5","2","60","1.6","0.4","20.5","6.7","16","8.21","365","14","1","0","0","299","299","360","26","0","0","2","88444","1528","0","false","520432","206","371","951","33082","36212","20680"
"12","0.1","1","false","false","false","true","false","false","false","1","1","1","0.25","1","0","0","0","100","0","25","0.5","10","2.5","2","60","1.6","0.4","20.5","6.7","16","8.21","365","14","1","0","0","299","299","361","26","0","0","2","88444","1528","0","false","520432","206","371","951","33082","36212","20680"
"12","0.1","1","false","false","false","true","false","false","false","1","1","1","0.25","1","0","0","0","100","0","25","0.5","10","2.5","2","60","1.6","0.4","20.5","6.7","16","8.21","365","14","1","0","0","299","299","362","26","0","0","2","88444","1528","0","false","520432","206","371","951","33082","36212","20680"
"12","0.1","1","false","false","false","true","false","false","false","1","1","1","0.25","1","0","0","0","100","0","25","0.5","10","2.5","2","60","1.6","0.4","20.5","6.7","16","8.21","365","14","1","0","0","299","299","363","26","0","0","2","88444","1528","0","false","520432","206","371","951","33082","36212","20680"
"12","0.1","1","false","false","false","true","false","false","false","1","1","1","0.25","1","0","0","0","100","0","25","0.5","10","2.5","2","60","1.6","0.4","20.5","6.7","16","8.21","365","14","1","0","0","299","299","364","26","0","0","2","88444","1528","0","false","520432","206","371","951","33082","36212","20680"
"12","0.1","1","false","false","false","true","false","false","false","1","1","1","0.25","1","0","0","0","100","0","25","0.5","10","2.5","2","60","1.6","0.4","20.5","6.7","16","8.21","365","14","1","0","0","299","299","365","26","0","0","2","88444","1528","0","false","520432","206","371","951","33082","36212","20680"
"13","0.1","1","false","false","false","true","false","false","false","1","1","1","0.25","1","0","0","0","100","0","50","0","10","2.5","2","60","1.6","0.4","20.5","6.7","16","8.21","365","14","1","0","0","299","299","0","89910","90","0","0","0","0","0","false","0","0","0","0","0","0","0"
"13","0.1","1","false","false","false","true","false","false","false","1","1","1","0.25","1","0","0","0","100","0","50","0","10","2.5","2","60","1.6","0.4","20.5","6.7","16","8.21","365","14","1","0","0","299","299","1","89910","79","0","11","0","0","0","false","538527","0","0","0","2","2","2"
"13","0.1","1","false","false","false","true","false","false","false","1","1","1","0.25","1","0","0","0","100","0","50","0","10","2.5","2","60","1.6","0.4","20.5","6.7","16","8.21","365","14","1","0","0","299","299","2","89897","85","0","18","0","0","0","false","538527","0","0","0","4","5","3"
"13","0.1","1","false","false","false","true","false","false","false","1","1","1","0.25","1","0","0","0","100","0","50","0","10","2.5","2","60","1.6","0.4","20.5","6.7","16","8.21","365","14","1","0","0","299","299","3","89882","84","2","32","0","0","0","false","538527","0","0","0","7","8","5"
"13","0.1","1","false","false","false","true","false","false","false","1","1","1","0.25","1","0","0","0","100","0","50","0","10","2.5","2","60","1.6","0.4","20.5","6.7","16","8.21","365","14","1","0","0","299","299","4","89838","107","5","50","0","0","0","false","538527","0","0","0","18","15","6"
"13","0.1","1","false","false","false","true","false","false","false","1","1","1","0.25","1","0","0","0","100","0","50","0","10","2.5","2","60","1.6","0.4","20.5","6.7","16","8.21","365","14","1","0","0","299","299","5","89788","131","11","70","0","0","0","false","538527","0","0","0","26","24","12"
"13","0.1","1","false","false","false","true","false","false","false","1","1","1","0.25","1","0","0","0","100","0","50","0","10","2.5","2","60","1.6","0.4","20.5","6.7","16","8.21","365","14","1","0","0","299","299","6","89698","198","18","86","0","0","0","false","538527","0","0","0","34","29","18"
"13","0.1","1","false","false","false","true","false","false","false","1","1","1","0.25","1","0","0","0","100","0","50","0","10","2.5","2","60","1.6","0.4","20.5","6.7","16","8.21","365","14","1","0","0","299","299","7","89624","239","22","115","0","0","0","false","538527","0","0","0","43","37","24"
"13","0.1","1","false","false","false","true","false","false","false","1","1","1","0.25","1","0","0","0","100","0","50","0","10","2.5","2","60","1.6","0.4","20.5","6.7","16","8.21","365","14","1","0","0","299","299","8","89512","308","30","150","0","0","0","false","538527","0","0","0","56","50","30"
"13","0.1","1","false","false","false","true","false","false","false","1","1","1","0.25","1","0","0","0","100","0","50","0","10","2.5","2","60","1.6","0.4","20.5","6.7","16","8.21","365","14","1","0","0","299","299","9","89394","362","43","201","0","0","0","false","538527","0","0","0","70","65","47"
"13","0.1","1","false","false","false","true","false","false","false","1","1","1","0.25","1","0","0","0","100","0","50","0","10","2.5","2","60","1.6","0.4","20.5","6.7","16","8.21","365","14","1","0","0","299","299","10","89253","436","58","253","0","0","0","false","538527","0","0","0","92","85","62"
"13","0.1","1","false","false","false","true","false","false","false","1","1","1","0.25","1","0","0","0","100","0","50","0","10","2.5","2","60","1.6","0.4","20.5","6.7","16","8.21","365","14","1","0","0","299","299","11","89090","511","74","325","0","0","0","false","538527","0","0","0","117","111","75"
"13","0.1","1","false","false","false","true","false","false","false","1","1","1","0.25","1","0","0","0","100","0","50","0","10","2.5","2","60","1.6","0.4","20.5","6.7","16","8.21","365","14","1","0","0","299","299","12","88902","598","98","402","0","0","0","false","538527","0","0","0","148","141","96"
"13","0.1","1","false","false","false","true","false","false","false","1","1","1","0.25","1","0","0","0","100","0","50","0","10","2.5","2","60","1.6","0.4","20.5","6.7","16","8.21","365","14","1","0","0","299","299","13","88699","671","132","498","0","0","0","false","538527","0","0","0","193","175","122"
"13","0.1","1","false","false","false","true","false","false","false","1","1","1","0.25","1","0","0","0","100","0","50","0","10","2.5","2","60","1.6","0.4","20.5","6.7","16","8.21","365","14","1","0","0","299","299","14","88477","764","171","588","0","0","0","false","538527","0","0","0","234","218","150"
"13","0.1","1","false","false","false","true","false","false","false","1","1","1","0.25","1","0","0","0","100","0","50","0","10","2.5","2","60","1.6","0.4","20.5","6.7","16","8.21","365","14","1","0","0","299","299","15","88228","857","224","691","0","0","0","false","538527","0","0","0","283","278","195"
"13","0.1","1","false","false","false","true","false","false","false","1","1","1","0.25","1","0","0","0","100","0","50","0","10","2.5","2","60","1.6","0.4","20.5","6.7","16","8.21","365","14","1","0","0","299","299","16","87926","990","275","808","1","0","135","false","538527","0","0","0","344","332","218"
"13","0.1","1","false","false","false","true","false","false","false","1","1","1","0.25","1","0","0","0","100","0","50","0","10","2.5","2","60","1.6","0.4","20.5","6.7","16","8.21","365","14","1","0","0","299","299","17","87679","1048","328","944","1","0","555","false","536957","0","0","0","402","396","266"
"13","0.1","1","false","false","false","true","false","false","false","1","1","1","0.25","1","0","0","0","100","0","50","0","10","2.5","2","60","1.6","0.4","20.5","6.7","16","8.21","365","14","1","0","0","299","299","18","87448","1059","394","1095","3","1","981","false","532823","0","1","0","478","471","304"
"13","0.1","1","false","false","false","true","false","false","false","1","1","1","0.25","1","0","0","0","100","0","50","0","10","2.5","2","60","1.6","0.4","20.5","6.7","16","8.21","365","14","1","0","0","299","299","19","87237","1016","466","1274","5","2","1407","false","528755","0","2","0","573","546","356"
"13","0.1","1","false","false","false","true","false","false","false","1","1","1","0.25","1","0","0","0","100","0","50","0","10","2.5","2","60","1.6","0.4","20.5","6.7","16","8.21","365","14","1","0","0","299","299","20","86977","1040","555","1418","8","2","1793","false","524994","0","2","0","656","634","402"
"13","0.1","1","false","false","false","true","false","false","false","1","1","1","0.25","1","0","0","0","100","0","50","0","10","2.5","2","60","1.6","0.4","20.5","6.7","16","8.21","365","14","1","0","0","299","299","21","86743","1039","626","1570","18","4","2199","false","521541","0","2","2","743","705","447"
"13","0.1","1","false","false","false","true","false","false","false","1","1","1","0.25","1","0","0","0","100","0","50","0","10","2.5","2","60","1.6","0.4","20.5","6.7","16","8.21","365","14","1","0","0","299","299","22","86509","1036","731","1695","25","4","2632","false","518195","0","2","2","840","791","510"
"13","0.1","1","false","false","false","true","false","false","false","1","1","1","0.25","1","0","0","0","100","0","50","0","10","2.5","2","60","1.6","0.4","20.5","6.7","16","8.21","365","14","1","0","0","299","299","23","86263","1040","840","1817","36","4","3110","false","514640","0","2","2","935","898","560"
"13","0.1","1","false","false","false","true","false","false","false","1","1","1","0.25","1","0","0","0","100","0","50","0","10","2.5","2","60","1.6","0.4","20.5","6.7","16","8.21","365","14","1","0","0","299","299","24","86041","1026","929","1946","53","5","3575","false","510837","1","2","2","1010","993","619"
"13","0.1","1","false","false","false","true","false","false","false","1","1","1","0.25","1","0","0","0","100","0","50","0","10","2.5","2","60","1.6","0.4","20.5","6.7","16","8.21","365","14","1","0","0","299","299","25","85840","984","1042","2048","81","5","4090","false","507297","1","2","2","1125","1084","676"
"13","0.1","1","false","false","false","true","false","false","false","1","1","1","0.25","1","0","0","0","100","0","50","0","10","2.5","2","60","1.6","0.4","20.5","6.7","16","8.21","365","14","1","0","0","299","299","26","85636","952","1135","2166","105","6","4452","false","503372","1","2","3","1207","1185","738"
"13","0.1","1","false","false","false","true","false","false","false","1","1","1","0.25","1","0","0","0","100","0","50","0","10","2.5","2","60","1.6","0.4","20.5","6.7","16","8.21","365","14","1","0","0","299","299","27","85448","930","1215","2270","131","6","4907","false","500577","1","2","3","1288","1270","788"
"13","0.1","1","false","false","false","true","false","false","false","1","1","1","0.25","1","0","0","0","100","0","50","0","10","2.5","2","60","1.6","0.4","20.5","6.7","16","8.21","365","14","1","0","0","299","299","28","85259","890","1301","2367","176","7","5156","false","496999","1","2","4","1373","1359","842"
"13","0.1","1","false","false","false","true","false","false","false","1","1","1","0.25","1","0","0","0","100","0","50","0","10","2.5","2","60","1.6","0.4","20.5","6.7","16","8.21","365","14","1","0","0","299","299","29","85087","851","1387","2463","204","8","5389","false","494919","2","2","4","1442","1447","897"
"13","0.1","1","false","false","false","true","false","false","false","1","1","1","0.25","1","0","0","0","100","0","50","0","10","2.5","2","60","1.6","0.4","20.5","6.7","16","8.21","365","14","1","0","0","299","299","30","84904","823","1453","2543","266","11","5350","false","492777","2","3","6","1521","1530","945"
"13","0.1","1","false","false","false","true","false","false","false","1","1","1","0.25","1","0","0","0","100","0","50","0","10","2.5","2","60","1.6","0.4","20.5","6.7","16","8.21","365","14","1","0","0","299","299","31","84703","819","1508","2604","351","15","5346","false","492335","3","3","9","1595","1611","1000"
"13","0.1","1","false","false","false","true","false","false","false","1","1","1","0.25","1","0","0","0","100","0","50","0","10","2.5","2","60","1.6","0.4","20.5","6.7","16","8.21","365","14","1","0","0","299","299","32","84450","889","1584","2626","435","16","5460","false","491855","3","3","10","1670","1700","1042"
"13","0.1","1","false","false","false","true","false","false","false","1","1","1","0.25","1","0","0","0","100","0","50","0","10","2.5","2","60","1.6","0.4","20.5","6.7","16","8.21","365","14","1","0","0","299","299","33","84153","992","1646","2667","521","21","5617","false","490548","3","3","15","1750","1789","1090"
"13","0.1","1","false","false","false","true","false","false","false","1","1","1","0.25","1","0","0","0","100","0","50","0","10","2.5","2","60","1.6","0.4","20.5","6.7","16","8.21","365","14","1","0","0","299","299","34","83827","1103","1694","2741","614","21","5681","false","488816","3","3","15","1823","1877","1145"
"13","0.1","1","false","false","false","true","false","false","false","1","1","1","0.25","1","0","0","0","100","0","50","0","10","2.5","2","60","1.6","0.4","20.5","6.7","16","8.21","365","14","1","0","0","299","299","35","83490","1211","1720","2810","745","24","5789","false","487969","4","3","17","1894","1975","1202"
"13","0.1","1","false","false","false","true","false","false","false","1","1","1","0.25","1","0","0","0","100","0","50","0","10","2.5","2","60","1.6","0.4","20.5","6.7","16","8.21","365","14","1","0","0","299","299","36","83133","1278","1755","2947","858","29","5848","false","486728","5","5","19","1984","2072","1253"
"13","0.1","1","false","false","false","true","false","false","false","1","1","1","0.25","1","0","0","0","100","0","50","0","10","2.5","2","60","1.6","0.4","20.5","6.7","16","8.21","365","14","1","0","0","299","299","37","82761","1356","1772","3074","1007","30","5850","false","485764","6","5","19","2086","2164","1321"
"13","0.1","1","false","false","false","true","false","false","false","1","1","1","0.25","1","0","0","0","100","0","50","0","10","2.5","2","60","1.6","0.4","20.5","6.7","16","8.21","365","14","1","0","0","299","299","38","82389","1453","1819","3169","1137","33","5879","false","485344","7","7","19","2202","2278","1377"
"13","0.1","1","false","false","false","true","false","false","false","1","1","1","0.25","1","0","0","0","100","0","50","0","10","2.5","2","60","1.6","0.4","20.5","6.7","16","8.21","365","14","1","0","0","299","299","39","81999","1543","1869","3264","1289","36","5989","false","484777","7","9","20","2306","2408","1434"
"13","0.1","1","false","false","false","true","false","false","false","1","1","1","0.25","1","0","0","0","100","0","50","0","10","2.5","2","60","1.6","0.4","20.5","6.7","16","8.21","365","14","1","0","0","299","299","40","81542","1634","1897","3443","1445","39","6019","false","483616","7","11","21","2417","2548","1500"
"13","0.1","1","false","false","false","true","false","false","false","1","1","1","0.25","1","0","0","0","100","0","50","0","10","2.5","2","60","1.6","0.4","20.5","6.7","16","8.21","365","14","1","0","0","299","299","41","81158","1655","1949","3587","1608","43","6057","false","483133","8","12","23","2557","2673","1578"
"13","0.1","1","false","false","false","true","false","false","false","1","1","1","0.25","1","0","0","0","100","0","50","0","10","2.5","2","60","1.6","0.4","20.5","6.7","16","8.21","365","14","1","0","0","299","299","42","80717","1718","1995","3743","1782","45","6133","false","482492","8","13","24","2683","2805","1664"
"13","0.1","1","false","false","false","true","false","false","false","1","1","1","0.25","1","0","0","0","100","0","50","0","10","2.5","2","60","1.6","0.4","20.5","6.7","16","8.21","365","14","1","0","0","299","299","43","80291","1774","2044","3881","1961","49","6234","false","481494","8","14","27","2818","2955","1741"
"13","0.1","1","false","false","false","true","false","false","false","1","1","1","0.25","1","0","0","0","100","0","50","0","10","2.5","2","60","1.6","0.4","20.5","6.7","16","8.21","365","14","1","0","0","299","299","44","79861","1787","2093","4036","2172","51","6413","false","480260","8","16","27","2968","3117","1833"
"13","0.1","1","false","false","false","true","false","false","false","1","1","1","0.25","1","0","0","0","100","0","50","0","10","2.5","2","60","1.6","0.4","20.5","6.7","16","8.21","365","14","1","0","0","299","299","45","79433","1812","2165","4146","2388","56","6509","false","478674","8","18","30","3115","3263","1937"
"13","0.1","1","false","false","false","true","false","false","false","1","1","1","0.25","1","0","0","0","100","0","50","0","10","2.5","2","60","1.6","0.4","20.5","6.7","16","8.21","365","14","1","0","0","299","299","46","78965","1877","2240","4246","2614","58","6525","false","477746","8","19","31","3266","3409","2035"
"13","0.1","1","false","false","false","true","false","false","false","1","1","1","0.25","1","0","0","0","100","0","50","0","10","2.5","2","60","1.6","0.4","20.5","6.7","16","8.21","365","14","1","0","0","299","299","47","78472","1950","2288","4386","2841","63","6722","false","477390","8","20","35","3420","3573","2121"
"13","0.1","1","false","false","false","true","false","false","false","1","1","1","0.25","1","0","0","0","100","0","50","0","10","2.5","2","60","1.6","0.4","20.5","6.7","16","8.21","365","14","1","0","0","299","299","48","78024","1957","2350","4553","3049","67","6816","false","475441","10","20","37","3561","3746","2223"
"13","0.1","1","false","false","false","true","false","false","false","1","1","1","0.25","1","0","0","0","100","0","50","0","10","2.5","2","60","1.6","0.4","20.5","6.7","16","8.21","365","14","1","0","0","299","299","49","77512","2014","2388","4750","3267","69","6963","false","474554","11","20","38","3718","3899","2325"
"13","0.1","1","false","false","false","true","false","false","false","1","1","1","0.25","1","0","0","0","100","0","50","0","10","2.5","2","60","1.6","0.4","20.5","6.7","16","8.21","365","14","1","0","0","299","299","50","77066","2019","2474","4917","3451","73","7022","false","473311","11","21","41","3878","4096","2427"
"13","0.1","1","false","false","false","true","false","false","false","1","1","1","0.25","1","0","0","0","100","0","50","0","10","2.5","2","60","1.6","0.4","20.5","6.7","16","8.21","365","14","1","0","0","299","299","51","76582","2033","2569","5076","3663","77","7125","false","472657","11","22","44","4041","4285","2538"
"13","0.1","1","false","false","false","true","false","false","false","1","1","1","0.25","1","0","0","0","100","0","50","0","10","2.5","2","60","1.6","0.4","20.5","6.7","16","8.21","365","14","1","0","0","299","299","52","76122","1982","2619","5292","3901","84","7213","false","471678","11","23","50","4198","4481","2645"
"13","0.1","1","false","false","false","true","false","false","false","1","1","1","0.25","1","0","0","0","100","0","50","0","10","2.5","2","60","1.6","0.4","20.5","6.7","16","8.21","365","14","1","0","0","299","299","53","75644","2013","2704","5442","4102","95","7403","false","470807","13","28","54","4356","4652","2758"
"13","0.1","1","false","false","false","true","false","false","false","1","1","1","0.25","1","0","0","0","100","0","50","0","10","2.5","2","60","1.6","0.4","20.5","6.7","16","8.21","365","14","1","0","0","299","299","54","75160","2066","2818","5509","4348","99","7663","false","469034","14","30","55","4508","4850","2864"
"13","0.1","1","false","false","false","true","false","false","false","1","1","1","0.25","1","0","0","0","100","0","50","0","10","2.5","2","60","1.6","0.4","20.5","6.7","16","8.21","365","14","1","0","0","299","299","55","74660","2081","2917","5663","4576","103","7807","false","466782","15","30","58","4685","5042","2982"
"13","0.1","1","false","false","false","true","false","false","false","1","1","1","0.25","1","0","0","0","100","0","50","0","10","2.5","2","60","1.6","0.4","20.5","6.7","16","8.21","365","14","1","0","0","299","299","56","74129","2129","2997","5770","4866","109","8048","false","465300","16","30","63","4852","5231","3095"
"13","0.1","1","false","false","false","true","false","false","false","1","1","1","0.25","1","0","0","0","100","0","50","0","10","2.5","2","60","1.6","0.4","20.5","6.7","16","8.21","365","14","1","0","0","299","299","57","73690","2086","3091","5891","5125","117","8172","false","463066","16","32","69","5015","5435","3210"
"13","0.1","1","false","false","false","true","false","false","false","1","1","1","0.25","1","0","0","0","100","0","50","0","10","2.5","2","60","1.6","0.4","20.5","6.7","16","8.21","365","14","1","0","0","299","299","58","73203","2073","3183","6029","5392","120","8239","false","461968","17","34","69","5173","5644","3321"
"13","0.1","1","false","false","false","true","false","false","false","1","1","1","0.25","1","0","0","0","100","0","50","0","10","2.5","2","60","1.6","0.4","20.5","6.7","16","8.21","365","14","1","0","0","299","299","59","72728","2075","3270","6101","5698","128","8394","false","461390","17","38","73","5355","5826","3421"
"13","0.1","1","false","false","false","true","false","false","false","1","1","1","0.25","1","0","0","0","100","0","50","0","10","2.5","2","60","1.6","0.4","20.5","6.7","16","8.21","365","14","1","0","0","299","299","60","72245","2043","3337","6257","5982","136","8411","false","460083","18","38","80","5544","6026","3518"
"13","0.1","1","false","false","false","true","false","false","false","1","1","1","0.25","1","0","0","0","100","0","50","0","10","2.5","2","60","1.6","0.4","20.5","6.7","16","8.21","365","14","1","0","0","299","299","61","71753","2068","3437","6326","6276","140","8609","false","459651","18","38","84","5713","6208","3654"
"13","0.1","1","false","false","false","true","false","false","false","1","1","1","0.25","1","0","0","0","100","0","50","0","10","2.5","2","60","1.6","0.4","20.5","6.7","16","8.21","365","14","1","0","0","299","299","62","71264","2082","3548","6400","6556","150","8718","false","457888","18","39","93","5884","6409","3790"
"13","0.1","1","false","false","false","true","false","false","false","1","1","1","0.25","1","0","0","0","100","0","50","0","10","2.5","2","60","1.6","0.4","20.5","6.7","16","8.21","365","14","1","0","0","299","299","63","70745","2102","3619","6486","6894","154","8842","false","456920","18","40","96","6069","6590","3901"
"13","0.1","1","false","false","false","true","false","false","false","1","1","1","0.25","1","0","0","0","100","0","50","0","10","2.5","2","60","1.6","0.4","20.5","6.7","16","8.21","365","14","1","0","0","299","299","64","70204","2171","3700","6531","7228","166","8957","false","455935","19","41","106","6260","6788","4008"
"13","0.1","1","false","false","false","true","false","false","false","1","1","1","0.25","1","0","0","0","100","0","50","0","10","2.5","2","60","1.6","0.4","20.5","6.7","16","8.21","365","14","1","0","0","299","299","65","69669","2207","3751","6629","7574","170","8999","false","454835","20","41","109","6433","6968","4141"
"13","0.1","1","false","false","false","true","false","false","false","1","1","1","0.25","1","0","0","0","100","0","50","0","10","2.5","2","60","1.6","0.4","20.5","6.7","16","8.21","365","14","1","0","0","299","299","66","69184","2186","3806","6705","7943","176","9077","false","454374","21","43","112","6612","7164","4256"
"13","0.1","1","false","false","false","true","false","false","false","1","1","1","0.25","1","0","0","0","100","0","50","0","10","2.5","2","60","1.6","0.4","20.5","6.7","16","8.21","365","14","1","0","0","299","299","67","68610","2223","3859","6804","8320","184","9198","false","453492","22","44","118","6805","7374","4373"
"13","0.1","1","false","false","false","true","false","false","false","1","1","1","0.25","1","0","0","0","100","0","50","0","10","2.5","2","60","1.6","0.4","20.5","6.7","16","8.21","365","14","1","0","0","299","299","68","68052","2273","3912","6831","8744","188","9192","false","452221","22","46","120","6990","7588","4478"
"13","0.1","1","false","false","false","true","false","false","false","1","1","1","0.25","1","0","0","0","100","0","50","0","10","2.5","2","60","1.6","0.4","20.5","6.7","16","8.21","365","14","1","0","0","299","299","69","67510","2275","3953","6917","9149","196","9259","false","451908","24","48","124","7186","7801","4588"
"13","0.1","1","false","false","false","true","false","false","false","1","1","1","0.25","1","0","0","0","100","0","50","0","10","2.5","2","60","1.6","0.4","20.5","6.7","16","8.21","365","14","1","0","0","299","299","70","66884","2409","4004","6931","9571","201","9298","false","451025","24","48","129","7373","7994","4706"
"13","0.1","1","false","false","false","true","false","false","false","1","1","1","0.25","1","0","0","0","100","0","50","0","10","2.5","2","60","1.6","0.4","20.5","6.7","16","8.21","365","14","1","0","0","299","299","71","66328","2413","4063","7014","9977","205","9410","false","450411","24","49","132","7580","8217","4821"
"13","0.1","1","false","false","false","true","false","false","false","1","1","1","0.25","1","0","0","0","100","0","50","0","10","2.5","2","60","1.6","0.4","20.5","6.7","16","8.21","365","14","1","0","0","299","299","72","65760","2425","4113","7090","10400","212","9546","false","449365","27","50","135","7779","8446","4942"
"13","0.1","1","false","false","false","true","false","false","false","1","1","1","0.25","1","0","0","0","100","0","50","0","10","2.5","2","60","1.6","0.4","20.5","6.7","16","8.21","365","14","1","0","0","299","299","73","65180","2457","4186","7165","10796","216","9686","false","448227","27","52","137","7993","8642","5069"
"13","0.1","1","false","false","false","true","false","false","false","1","1","1","0.25","1","0","0","0","100","0","50","0","10","2.5","2","60","1.6","0.4","20.5","6.7","16","8.21","365","14","1","0","0","299","299","74","64603","2459","4232","7259","11225","222","9773","false","446986","28","55","139","8204","8853","5198"
"13","0.1","1","false","false","false","true","false","false","false","1","1","1","0.25","1","0","0","0","100","0","50","0","10","2.5","2","60","1.6","0.4","20.5","6.7","16","8.21","365","14","1","0","0","299","299","75","64036","2453","4308","7334","11641","228","9743","false","445965","28","56","144","8423","9082","5329"
"13","0.1","1","false","false","false","true","false","false","false","1","1","1","0.25","1","0","0","0","100","0","50","0","10","2.5","2","60","1.6","0.4","20.5","6.7","16","8.21","365","14","1","0","0","299","299","76","63462","2438","4365","7407","12087","241","9751","false","446020","28","59","154","8648","9326","5460"
"13","0.1","1","false","false","false","true","false","false","false","1","1","1","0.25","1","0","0","0","100","0","50","0","10","2.5","2","60","1.6","0.4","20.5","6.7","16","8.21","365","14","1","0","0","299","299","77","62895","2436","4448","7421","12551","249","9941","false","445827","30","63","156","8861","9560","5611"
"13","0.1","1","false","false","false","true","false","false","false","1","1","1","0.25","1","0","0","0","100","0","50","0","10","2.5","2","60","1.6","0.4","20.5","6.7","16","8.21","365","14","1","0","0","299","299","78","62324","2415","4465","7567","12973","256","10090","false","444045","30","66","160","9063","9806","5741"
"13","0.1","1","false","false","false","true","false","false","false","1","1","1","0.25","1","0","0","0","100","0","50","0","10","2.5","2","60","1.6","0.4","20.5","6.7","16","8.21","365","14","1","0","0","299","299","79","61785","2399","4476","7612","13466","262","10040","false","442752","31","67","164","9261","10033","5858"
"13","0.1","1","false","false","false","true","false","false","false","1","1","1","0.25","1","0","0","0","100","0","50","0","10","2.5","2","60","1.6","0.4","20.5","6.7","16","8.21","365","14","1","0","0","299","299","80","61230","2407","4496","7636","13961","270","10061","false","442821","31","68","171","9466","10268","5968"
"13","0.1","1","false","false","false","true","false","false","false","1","1","1","0.25","1","0","0","0","100","0","50","0","10","2.5","2","60","1.6","0.4","20.5","6.7","16","8.21","365","14","1","0","0","299","299","81","60685","2392","4537","7683","14429","274","9988","false","442422","32","68","174","9665","10487","6094"
"13","0.1","1","false","false","false","true","false","false","false","1","1","1","0.25","1","0","0","0","100","0","50","0","10","2.5","2","60","1.6","0.4","20.5","6.7","16","8.21","365","14","1","0","0","299","299","82","60104","2437","4566","7698","14910","285","9913","false","442684","33","70","182","9864","10702","6215"
"13","0.1","1","false","false","false","true","false","false","false","1","1","1","0.25","1","0","0","0","100","0","50","0","10","2.5","2","60","1.6","0.4","20.5","6.7","16","8.21","365","14","1","0","0","299","299","83","59543","2444","4584","7735","15403","291","9939","false","442936","34","71","186","10068","10929","6349"
"13","0.1","1","false","false","false","true","false","false","false","1","1","1","0.25","1","0","0","0","100","0","50","0","10","2.5","2","60","1.6","0.4","20.5","6.7","16","8.21","365","14","1","0","0","299","299","84","58959","2451","4629","7764","15902","295","9873","false","442864","34","71","190","10276","11172","6485"
"13","0.1","1","false","false","false","true","false","false","false","1","1","1","0.25","1","0","0","0","100","0","50","0","10","2.5","2","60","1.6","0.4","20.5","6.7","16","8.21","365","14","1","0","0","299","299","85","58324","2503","4646","7879","16343","305","9975","false","443250","34","73","198","10455","11425","6603"
"13","0.1","1","false","false","false","true","false","false","false","1","1","1","0.25","1","0","0","0","100","0","50","0","10","2.5","2","60","1.6","0.4","20.5","6.7","16","8.21","365","14","1","0","0","299","299","86","57704","2578","4695","7878","16830","315","9965","false","442339","35","75","205","10661","11643","6733"
"13","0.1","1","false","false","false","true","false","false","false","1","1","1","0.25","1","0","0","0","100","0","50","0","10","2.5","2","60","1.6","0.4","20.5","6.7","16","8.21","365","14","1","0","0","299","299","87","57108","2566","4725","7970","17308","323","10026","false","442383","37","77","209","10888","11872","6879"
"13","0.1","1","false","false","false","true","false","false","false","1","1","1","0.25","1","0","0","0","100","0","50","0","10","2.5","2","60","1.6","0.4","20.5","6.7","16","8.21","365","14","1","0","0","299","299","88","56498","2576","4760","8039","17796","331","10056","false","441795","38","79","214","11105","12095","7031"
"13","0.1","1","false","false","false","true","false","false","false","1","1","1","0.25","1","0","0","0","100","0","50","0","10","2.5","2","60","1.6","0.4","20.5","6.7","16","8.21","365","14","1","0","0","299","299","89","55940","2527","4763","8136","18293","341","10030","false","441337","39","81","221","11312","12347","7162"
"13","0.1","1","false","false","false","true","false","false","false","1","1","1","0.25","1","0","0","0","100","0","50","0","10","2.5","2","60","1.6","0.4","20.5","6.7","16","8.21","365","14","1","0","0","299","299","90","55330","2528","4781","8200","18816","345","10023","false","441492","39","82","224","11547","12594","7289"
"13","0.1","1","false","false","false","true","false","false","false","1","1","1","0.25","1","0","0","0","100","0","50","0","10","2.5","2","60","1.6","0.4","20.5","6.7","16","8.21","365","14","1","0","0","299","299","91","54728","2545","4813","8205","19356","353","10020","false","441513","41","86","226","11763","12855","7407"
"13","0.1","1","false","false","false","true","false","false","false","1","1","1","0.25","1","0","0","0","100","0","50","0","10","2.5","2","60","1.6","0.4","20.5","6.7","16","8.21","365","14","1","0","0","299","299","92","54132","2551","4872","8240","19848","357","10010","false","441404","41","87","229","11991","13095","7528"
"13","0.1","1","false","false","false","true","false","false","false","1","1","1","0.25","1","0","0","0","100","0","50","0","10","2.5","2","60","1.6","0.4","20.5","6.7","16","8.21","365","14","1","0","0","299","299","93","53546","2559","4892","8273","20368","362","10038","false","441377","41","89","232","12190","13327","7654"
"13","0.1","1","false","false","false","true","false","false","false","1","1","1","0.25","1","0","0","0","100","0","50","0","10","2.5","2","60","1.6","0.4","20.5","6.7","16","8.21","365","14","1","0","0","299","299","94","52938","2578","4947","8314","20851","372","10031","false","441135","43","90","239","12409","13558","7787"
"13","0.1","1","false","false","false","true","false","false","false","1","1","1","0.25","1","0","0","0","100","0","50","0","10","2.5","2","60","1.6","0.4","20.5","6.7","16","8.21","365","14","1","0","0","299","299","95","52334","2583","4971","8373","21359","380","10028","false","441138","45","93","242","12630","13800","7925"
"13","0.1","1","false","false","false","true","false","false","false","1","1","1","0.25","1","0","0","0","100","0","50","0","10","2.5","2","60","1.6","0.4","20.5","6.7","16","8.21","365","14","1","0","0","299","299","96","51730","2581","5014","8402","21881","392","10193","false","440943","48","94","250","12850","14041","8054"
"13","0.1","1","false","false","false","true","false","false","false","1","1","1","0.25","1","0","0","0","100","0","50","0","10","2.5","2","60","1.6","0.4","20.5","6.7","16","8.21","365","14","1","0","0","299","299","97","51130","2574","5046","8442","22409","399","10187","false","439498","50","95","254","13087","14277","8186"
"13","0.1","1","false","false","false","true","false","false","false","1","1","1","0.25","1","0","0","0","100","0","50","0","10","2.5","2","60","1.6","0.4","20.5","6.7","16","8.21","365","14","1","0","0","299","299","98","50555","2567","5085","8446","22937","410","10253","false","439413","51","96","263","13302","14517","8319"
"13","0.1","1","false","false","false","true","false","false","false","1","1","1","0.25","1","0","0","0","100","0","50","0","10","2.5","2","60","1.6","0.4","20.5","6.7","16","8.21","365","14","1","0","0","299","299","99","49937","2562","5100","8448","23540","413","10406","false","439009","51","97","265","13516","14775","8468"
"13","0.1","1","false","false","false","true","false","false","false","1","1","1","0.25","1","0","0","0","100","0","50","0","10","2.5","2","60","1.6","0.4","20.5","6.7","16","8.21","365","14","1","0","0","299","299","100","49356","2561","5158","8441","24067","417","10402","false","437649","51","97","269","13742","15009","8617"
"13","0.1","1","false","false","false","true","false","false","false","1","1","1","0.25","1","0","0","0","100","0","50","0","10","2.5","2","60","1.6","0.4","20.5","6.7","16","8.21","365","14","1","0","0","299","299","101","48779","2550","5173","8403","24671","424","10524","false","437623","53","98","273","13985","15243","8767"
"13","0.1","1","false","false","false","true","false","false","false","1","1","1","0.25","1","0","0","0","100","0","50","0","10","2.5","2","60","1.6","0.4","20.5","6.7","16","8.21","365","14","1","0","0","299","299","102","48247","2493","5183","8431","25216","430","10498","false","436605","54","100","276","14211","15481","8909"
"13","0.1","1","false","false","false","true","false","false","false","1","1","1","0.25","1","0","0","0","100","0","50","0","10","2.5","2","60","1.6","0.4","20.5","6.7","16","8.21","365","14","1","0","0","299","299","103","47682","2432","5205","8475","25770","436","10396","false","436736","54","103","279","14429","15732","9054"
"13","0.1","1","false","false","false","true","false","false","false","1","1","1","0.25","1","0","0","0","100","0","50","0","10","2.5","2","60","1.6","0.4","20.5","6.7","16","8.21","365","14","1","0","0","299","299","104","47107","2472","5197","8470","26306","448","10412","false","437403","57","106","285","14631","15942","9178"
"13","0.1","1","false","false","false","true","false","false","false","1","1","1","0.25","1","0","0","0","100","0","50","0","10","2.5","2","60","1.6","0.4","20.5","6.7","16","8.21","365","14","1","0","0","299","299","105","46588","2404","5177","8483","26888","460","10256","false","437171","59","111","290","14819","16169","9332"
"13","0.1","1","false","false","false","true","false","false","false","1","1","1","0.25","1","0","0","0","100","0","50","0","10","2.5","2","60","1.6","0.4","20.5","6.7","16","8.21","365","14","1","0","0","299","299","106","46011","2380","5174","8525","27440","470","10191","false","438215","61","114","295","15026","16415","9448"
"13","0.1","1","false","false","false","true","false","false","false","1","1","1","0.25","1","0","0","0","100","0","50","0","10","2.5","2","60","1.6","0.4","20.5","6.7","16","8.21","365","14","1","0","0","299","299","107","45403","2463","5184","8448","28023","479","10103","false","438578","62","119","298","15249","16628","9566"
"13","0.1","1","false","false","false","true","false","false","false","1","1","1","0.25","1","0","0","0","100","0","50","0","10","2.5","2","60","1.6","0.4","20.5","6.7","16","8.21","365","14","1","0","0","299","299","108","44810","2483","5162","8432","28625","488","10149","false","439071","65","122","301","15477","16831","9710"
"13","0.1","1","false","false","false","true","false","false","false","1","1","1","0.25","1","0","0","0","100","0","50","0","10","2.5","2","60","1.6","0.4","20.5","6.7","16","8.21","365","14","1","0","0","299","299","109","44260","2467","5142","8420","29214","497","10041","false","438584","67","126","304","15681","17053","9840"
"13","0.1","1","false","false","false","true","false","false","false","1","1","1","0.25","1","0","0","0","100","0","50","0","10","2.5","2","60","1.6","0.4","20.5","6.7","16","8.21","365","14","1","0","0","299","299","110","43655","2469","5144","8426","29801","505","10026","false","439097","68","130","307","15894","17283","9967"
"13","0.1","1","false","false","false","true","false","false","false","1","1","1","0.25","1","0","0","0","100","0","50","0","10","2.5","2","60","1.6","0.4","20.5","6.7","16","8.21","365","14","1","0","0","299","299","111","43099","2448","5156","8395","30388","514","9967","false","439182","69","134","311","16140","17519","10087"
"13","0.1","1","false","false","false","true","false","false","false","1","1","1","0.25","1","0","0","0","100","0","50","0","10","2.5","2","60","1.6","0.4","20.5","6.7","16","8.21","365","14","1","0","0","299","299","112","42534","2432","5170","8392","30945","527","9835","false","439665","72","137","318","16347","17775","10216"
"13","0.1","1","false","false","false","true","false","false","false","1","1","1","0.25","1","0","0","0","100","0","50","0","10","2.5","2","60","1.6","0.4","20.5","6.7","16","8.21","365","14","1","0","0","299","299","113","41943","2426","5162","8413","31519","537","9658","false","440483","75","140","322","16565","18025","10363"
"13","0.1","1","false","false","false","true","false","false","false","1","1","1","0.25","1","0","0","0","100","0","50","0","10","2.5","2","60","1.6","0.4","20.5","6.7","16","8.21","365","14","1","0","0","299","299","114","41287","2530","5159","8359","32120","545","9731","false","441684","75","141","329","16794","18241","10496"
"13","0.1","1","false","false","false","true","false","false","false","1","1","1","0.25","1","0","0","0","100","0","50","0","10","2.5","2","60","1.6","0.4","20.5","6.7","16","8.21","365","14","1","0","0","299","299","115","40673","2590","5137","8355","32691","554","9688","false","441153","77","144","333","16997","18465","10631"
"13","0.1","1","false","false","false","true","false","false","false","1","1","1","0.25","1","0","0","0","100","0","50","0","10","2.5","2","60","1.6","0.4","20.5","6.7","16","8.21","365","14","1","0","0","299","299","116","40108","2542","5111","8387","33290","562","9688","false","441403","79","147","336","17222","18721","10764"
"13","0.1","1","false","false","false","true","false","false","false","1","1","1","0.25","1","0","0","0","100","0","50","0","10","2.5","2","60","1.6","0.4","20.5","6.7","16","8.21","365","14","1","0","0","299","299","117","39501","2546","5095","8440","33848","570","9756","false","441443","81","149","340","17435","18952","10914"
"13","0.1","1","false","false","false","true","false","false","false","1","1","1","0.25","1","0","0","0","100","0","50","0","10","2.5","2","60","1.6","0.4","20.5","6.7","16","8.21","365","14","1","0","0","299","299","118","38953","2501","5084","8460","34424","578","9756","false","440926","81","151","346","17672","19166","11033"
"13","0.1","1","false","false","false","true","false","false","false","1","1","1","0.25","1","0","0","0","100","0","50","0","10","2.5","2","60","1.6","0.4","20.5","6.7","16","8.21","365","14","1","0","0","299","299","119","38367","2529","5067","8485","34963","589","9647","false","440950","85","152","352","17869","19383","11165"
"13","0.1","1","false","false","false","true","false","false","false","1","1","1","0.25","1","0","0","0","100","0","50","0","10","2.5","2","60","1.6","0.4","20.5","6.7","16","8.21","365","14","1","0","0","299","299","120","37809","2449","5057","8553","35530","602","9664","false","441690","88","154","360","18106","19612","11323"
"13","0.1","1","false","false","false","true","false","false","false","1","1","1","0.25","1","0","0","0","100","0","50","0","10","2.5","2","60","1.6","0.4","20.5","6.7","16","8.21","365","14","1","0","0","299","299","121","37273","2409","5070","8540","36095","613","9695","false","441543","90","157","366","18307","19852","11454"
"13","0.1","1","false","false","false","true","false","false","false","1","1","1","0.25","1","0","0","0","100","0","50","0","10","2.5","2","60","1.6","0.4","20.5","6.7","16","8.21","365","14","1","0","0","299","299","122","36699","2431","5069","8538","36640","623","9588","false","441247","91","160","372","18517","20066","11595"
"13","0.1","1","false","false","false","true","false","false","false","1","1","1","0.25","1","0","0","0","100","0","50","0","10","2.5","2","60","1.6","0.4","20.5","6.7","16","8.21","365","14","1","0","0","299","299","123","36127","2406","5095","8561","37180","631","9594","false","442038","93","161","377","18720","20305","11733"
"13","0.1","1","false","false","false","true","false","false","false","1","1","1","0.25","1","0","0","0","100","0","50","0","10","2.5","2","60","1.6","0.4","20.5","6.7","16","8.21","365","14","1","0","0","299","299","124","35613","2367","5088","8529","37762","641","9618","false","441986","94","166","381","18918","20535","11883"
"13","0.1","1","false","false","false","true","false","false","false","1","1","1","0.25","1","0","0","0","100","0","50","0","10","2.5","2","60","1.6","0.4","20.5","6.7","16","8.21","365","14","1","0","0","299","299","125","35063","2315","5080","8551","38339","652","9631","false","441806","95","169","388","19132","20782","12030"
"13","0.1","1","false","false","false","true","false","false","false","1","1","1","0.25","1","0","0","0","100","0","50","0","10","2.5","2","60","1.6","0.4","20.5","6.7","16","8.21","365","14","1","0","0","299","299","126","34540","2275","5098","8485","38941","661","9557","false","441570","95","172","394","19367","21028","12144"
"13","0.1","1","false","false","false","true","false","false","false","1","1","1","0.25","1","0","0","0","100","0","50","0","10","2.5","2","60","1.6","0.4","20.5","6.7","16","8.21","365","14","1","0","0","299","299","127","34015","2265","5045","8449","39554","672","9450","false","442291","96","174","402","19557","21227","12262"
"13","0.1","1","false","false","false","true","false","false","false","1","1","1","0.25","1","0","0","0","100","0","50","0","10","2.5","2","60","1.6","0.4","20.5","6.7","16","8.21","365","14","1","0","0","299","299","128","33455","2298","5032","8395","40138","682","9441","false","442859","97","175","410","19750","21440","12394"
"13","0.1","1","false","false","false","true","false","false","false","1","1","1","0.25","1","0","0","0","100","0","50","0","10","2.5","2","60","1.6","0.4","20.5","6.7","16","8.21","365","14","1","0","0","299","299","129","32962","2245","5017","8382","40705","689","9412","false","443046","97","176","416","19973","21650","12515"
"13","0.1","1","false","false","false","true","false","false","false","1","1","1","0.25","1","0","0","0","100","0","50","0","10","2.5","2","60","1.6","0.4","20.5","6.7","16","8.21","365","14","1","0","0","299","299","130","32476","2191","5012","8326","41297","698","9348","false","443264","99","178","421","20174","21862","12638"
"13","0.1","1","false","false","false","true","false","false","false","1","1","1","0.25","1","0","0","0","100","0","50","0","10","2.5","2","60","1.6","0.4","20.5","6.7","16","8.21","365","14","1","0","0","299","299","131","32003","2198","5005","8212","41874","708","9266","false","443593","102","182","424","20354","22079","12761"
"13","0.1","1","false","false","false","true","false","false","false","1","1","1","0.25","1","0","0","0","100","0","50","0","10","2.5","2","60","1.6","0.4","20.5","6.7","16","8.21","365","14","1","0","0","299","299","132","31481","2205","4992","8142","42463","717","9181","false","444350","103","186","428","20560","22280","12892"
"13","0.1","1","false","false","false","true","false","false","false","1","1","1","0.25","1","0","0","0","100","0","50","0","10","2.5","2","60","1.6","0.4","20.5","6.7","16","8.21","365","14","1","0","0","299","299","133","30957","2226","4961","8089","43045","722","9140","false","444970","104","187","431","20755","22449","13025"
"13","0.1","1","false","false","false","true","false","false","false","1","1","1","0.25","1","0","0","0","100","0","50","0","10","2.5","2","60","1.6","0.4","20.5","6.7","16","8.21","365","14","1","0","0","299","299","134","30470","2187","4947","8057","43604","735","9038","false","445315","107","190","438","20940","22668","13144"
"13","0.1","1","false","false","false","true","false","false","false","1","1","1","0.25","1","0","0","0","100","0","50","0","10","2.5","2","60","1.6","0.4","20.5","6.7","16","8.21","365","14","1","0","0","299","299","135","29992","2146","4905","8011","44191","755","8922","false","446021","111","192","452","21138","22858","13254"
"13","0.1","1","false","false","false","true","false","false","false","1","1","1","0.25","1","0","0","0","100","0","50","0","10","2.5","2","60","1.6","0.4","20.5","6.7","16","8.21","365","14","1","0","0","299","299","136","29451","2197","4871","7953","44767","761","9056","false","446578","114","192","455","21323","23053","13368"
"13","0.1","1","false","false","false","true","false","false","false","1","1","1","0.25","1","0","0","0","100","0","50","0","10","2.5","2","60","1.6","0.4","20.5","6.7","16","8.21","365","14","1","0","0","299","299","137","28975","2142","4840","7906","45369","768","8898","false","445649","116","193","459","21532","23258","13485"
"13","0.1","1","false","false","false","true","false","false","false","1","1","1","0.25","1","0","0","0","100","0","50","0","10","2.5","2","60","1.6","0.4","20.5","6.7","16","8.21","365","14","1","0","0","299","299","138","28474","2139","4776","7848","45986","777","8755","false","446972","117","194","466","21717","23451","13580"
"13","0.1","1","false","false","false","true","false","false","false","1","1","1","0.25","1","0","0","0","100","0","50","0","10","2.5","2","60","1.6","0.4","20.5","6.7","16","8.21","365","14","1","0","0","299","299","139","27981","2152","4733","7777","46567","790","8773","false","448024","118","200","472","21887","23653","13702"
"13","0.1","1","false","false","false","true","false","false","false","1","1","1","0.25","1","0","0","0","100","0","50","0","10","2.5","2","60","1.6","0.4","20.5","6.7","16","8.21","365","14","1","0","0","299","299","140","27464","2163","4698","7737","47135","803","8657","false","447833","120","204","479","22087","23850","13816"
"13","0.1","1","false","false","false","true","false","false","false","1","1","1","0.25","1","0","0","0","100","0","50","0","10","2.5","2","60","1.6","0.4","20.5","6.7","16","8.21","365","14","1","0","0","299","299","141","26962","2163","4682","7659","47727","807","8623","false","448742","120","205","482","22285","24045","13913"
"13","0.1","1","false","false","false","true","false","false","false","1","1","1","0.25","1","0","0","0","100","0","50","0","10","2.5","2","60","1.6","0.4","20.5","6.7","16","8.21","365","14","1","0","0","299","299","142","26423","2209","4697","7613","48246","812","8699","false","448976","121","207","484","22466","24284","14011"
"13","0.1","1","false","false","false","true","false","false","false","1","1","1","0.25","1","0","0","0","100","0","50","0","10","2.5","2","60","1.6","0.4","20.5","6.7","16","8.21","365","14","1","0","0","299","299","143","25967","2147","4645","7613","48809","819","8598","false","448498","122","210","487","22647","24493","14123"
"13","0.1","1","false","false","false","true","false","false","false","1","1","1","0.25","1","0","0","0","100","0","50","0","10","2.5","2","60","1.6","0.4","20.5","6.7","16","8.21","365","14","1","0","0","299","299","144","25501","2093","4653","7549","49377","827","8551","false","449146","123","212","492","22822","24736","14252"
"13","0.1","1","false","false","false","true","false","false","false","1","1","1","0.25","1","0","0","0","100","0","50","0","10","2.5","2","60","1.6","0.4","20.5","6.7","16","8.21","365","14","1","0","0","299","299","145","25024","2063","4637","7515","49926","835","8455","false","449571","123","216","496","23018","24954","14369"
"13","0.1","1","false","false","false","true","false","false","false","1","1","1","0.25","1","0","0","0","100","0","50","0","10","2.5","2","60","1.6","0.4","20.5","6.7","16","8.21","365","14","1","0","0","299","299","146","24551","2045","4596","7512","50448","848","8386","false","450468","124","220","504","23208","25139","14466"
"13","0.1","1","false","false","false","true","false","false","false","1","1","1","0.25","1","0","0","0","100","0","50","0","10","2.5","2","60","1.6","0.4","20.5","6.7","16","8.21","365","14","1","0","0","299","299","147","24059","2056","4564","7447","51017","857","8323","false","450850","124","222","511","23399","25329","14583"
"13","0.1","1","false","false","false","true","false","false","false","1","1","1","0.25","1","0","0","0","100","0","50","0","10","2.5","2","60","1.6","0.4","20.5","6.7","16","8.21","365","14","1","0","0","299","299","148","23630","1990","4548","7408","51552","872","8225","false","451295","126","223","523","23564","25551","14693"
"13","0.1","1","false","false","false","true","false","false","false","1","1","1","0.25","1","0","0","0","100","0","50","0","10","2.5","2","60","1.6","0.4","20.5","6.7","16","8.21","365","14","1","0","0","299","299","149","23184","1932","4515","7422","52065","882","8181","false","451886","127","226","529","23753","25738","14801"
"13","0.1","1","false","false","false","true","false","false","false","1","1","1","0.25","1","0","0","0","100","0","50","0","10","2.5","2","60","1.6","0.4","20.5","6.7","16","8.21","365","14","1","0","0","299","299","150","22730","1925","4518","7315","52620","892","8066","false","452255","127","228","537","23938","25920","14932"
"13","0.1","1","false","false","false","true","false","false","false","1","1","1","0.25","1","0","0","0","100","0","50","0","10","2.5","2","60","1.6","0.4","20.5","6.7","16","8.21","365","14","1","0","0","299","299","151","22283","1907","4469","7287","53147","907","7940","false","453154","130","233","544","24116","26103","15034"
"13","0.1","1","false","false","false","true","false","false","false","1","1","1","0.25","1","0","0","0","100","0","50","0","10","2.5","2","60","1.6","0.4","20.5","6.7","16","8.21","365","14","1","0","0","299","299","152","21870","1894","4456","7176","53685","919","7861","false","454025","130","238","551","24304","26283","15133"
"13","0.1","1","false","false","false","true","false","false","false","1","1","1","0.25","1","0","0","0","100","0","50","0","10","2.5","2","60","1.6","0.4","20.5","6.7","16","8.21","365","14","1","0","0","299","299","153","21470","1836","4429","7149","54187","929","7720","false","454697","131","240","558","24477","26458","15214"
"13","0.1","1","false","false","false","true","false","false","false","1","1","1","0.25","1","0","0","0","100","0","50","0","10","2.5","2","60","1.6","0.4","20.5","6.7","16","8.21","365","14","1","0","0","299","299","154","21063","1806","4373","7141","54680","937","7598","false","455920","133","240","564","24623","26617","15310"
"13","0.1","1","false","false","false","true","false","false","false","1","1","1","0.25","1","0","0","0","100","0","50","0","10","2.5","2","60","1.6","0.4","20.5","6.7","16","8.21","365","14","1","0","0","299","299","155","20666","1767","4360","7080","55176","951","7446","false","456781","134","244","573","24798","26811","15408"
"13","0.1","1","false","false","false","true","false","false","false","1","1","1","0.25","1","0","0","0","100","0","50","0","10","2.5","2","60","1.6","0.4","20.5","6.7","16","8.21","365","14","1","0","0","299","299","156","20239","1783","4329","6968","55721","960","7353","false","457997","134","248","578","24950","27009","15487"
"13","0.1","1","false","false","false","true","false","false","false","1","1","1","0.25","1","0","0","0","100","0","50","0","10","2.5","2","60","1.6","0.4","20.5","6.7","16","8.21","365","14","1","0","0","299","299","157","19810","1809","4292","6865","56259","965","7237","false","458560","135","249","581","25132","27166","15576"
"13","0.1","1","false","false","false","true","false","false","false","1","1","1","0.25","1","0","0","0","100","0","50","0","10","2.5","2","60","1.6","0.4","20.5","6.7","16","8.21","365","14","1","0","0","299","299","158","19411","1811","4279","6770","56758","971","7117","false","459445","138","250","583","25277","27332","15670"
"13","0.1","1","false","false","false","true","false","false","false","1","1","1","0.25","1","0","0","0","100","0","50","0","10","2.5","2","60","1.6","0.4","20.5","6.7","16","8.21","365","14","1","0","0","299","299","159","19026","1787","4247","6708","57254","978","6994","false","460427","141","252","585","25426","27508","15774"
"13","0.1","1","false","false","false","true","false","false","false","1","1","1","0.25","1","0","0","0","100","0","50","0","10","2.5","2","60","1.6","0.4","20.5","6.7","16","8.21","365","14","1","0","0","299","299","160","18623","1766","4184","6700","57742","985","6915","false","461394","142","253","590","25581","27666","15856"
"13","0.1","1","false","false","false","true","false","false","false","1","1","1","0.25","1","0","0","0","100","0","50","0","10","2.5","2","60","1.6","0.4","20.5","6.7","16","8.21","365","14","1","0","0","299","299","161","18204","1778","4141","6649","58235","993","6836","false","462001","142","256","595","25750","27836","15947"
"13","0.1","1","false","false","false","true","false","false","false","1","1","1","0.25","1","0","0","0","100","0","50","0","10","2.5","2","60","1.6","0.4","20.5","6.7","16","8.21","365","14","1","0","0","299","299","162","17840","1734","4067","6573","58788","998","6712","false","462631","143","256","599","25898","27988","16052"
"13","0.1","1","false","false","false","true","false","false","false","1","1","1","0.25","1","0","0","0","100","0","50","0","10","2.5","2","60","1.6","0.4","20.5","6.7","16","8.21","365","14","1","0","0","299","299","163","17470","1666","4036","6525","59296","1007","6659","false","463759","146","259","602","26049","28172","16167"
"13","0.1","1","false","false","false","true","false","false","false","1","1","1","0.25","1","0","0","0","100","0","50","0","10","2.5","2","60","1.6","0.4","20.5","6.7","16","8.21","365","14","1","0","0","299","299","164","17078","1665","4019","6476","59747","1015","6639","false","464169","147","260","608","26188","28353","16256"
"13","0.1","1","false","false","false","true","false","false","false","1","1","1","0.25","1","0","0","0","100","0","50","0","10","2.5","2","60","1.6","0.4","20.5","6.7","16","8.21","365","14","1","0","0","299","299","165","16740","1618","3985","6376","60262","1019","6542","false","464571","149","261","609","26318","28522","16353"
"13","0.1","1","false","false","false","true","false","false","false","1","1","1","0.25","1","0","0","0","100","0","50","0","10","2.5","2","60","1.6","0.4","20.5","6.7","16","8.21","365","14","1","0","0","299","299","166","16397","1558","3933","6348","60742","1022","6444","false","465444","150","262","610","26471","28661","16437"
"13","0.1","1","false","false","false","true","false","false","false","1","1","1","0.25","1","0","0","0","100","0","50","0","10","2.5","2","60","1.6","0.4","20.5","6.7","16","8.21","365","14","1","0","0","299","299","167","16043","1544","3872","6295","61217","1029","6410","false","466353","150","264","615","26586","28812","16531"
"13","0.1","1","false","false","false","true","false","false","false","1","1","1","0.25","1","0","0","0","100","0","50","0","10","2.5","2","60","1.6","0.4","20.5","6.7","16","8.21","365","14","1","0","0","299","299","168","15701","1512","3824","6235","61696","1032","6319","false","466765","150","266","616","26726","28975","16617"
"13","0.1","1","false","false","false","true","false","false","false","1","1","1","0.25","1","0","0","0","100","0","50","0","10","2.5","2","60","1.6","0.4","20.5","6.7","16","8.21","365","14","1","0","0","299","299","169","15359","1501","3812","6092","62203","1033","6215","false","467347","150","266","617","26887","29131","16694"
"13","0.1","1","false","false","false","true","false","false","false","1","1","1","0.25","1","0","0","0","100","0","50","0","10","2.5","2","60","1.6","0.4","20.5","6.7","16","8.21","365","14","1","0","0","299","299","170","15041","1478","3766","6006","62672","1037","6140","false","468380","151","267","619","27025","29257","16782"
"13","0.1","1","false","false","false","true","false","false","false","1","1","1","0.25","1","0","0","0","100","0","50","0","10","2.5","2","60","1.6","0.4","20.5","6.7","16","8.21","365","14","1","0","0","299","299","171","14721","1450","3715","5929","63136","1049","6037","false","469165","152","269","628","27160","29402","16856"
"13","0.1","1","false","false","false","true","false","false","false","1","1","1","0.25","1","0","0","0","100","0","50","0","10","2.5","2","60","1.6","0.4","20.5","6.7","16","8.21","365","14","1","0","0","299","299","172","14391","1415","3668","5873","63597","1056","5944","false","469820","153","271","632","27297","29536","16938"
"13","0.1","1","false","false","false","true","false","false","false","1","1","1","0.25","1","0","0","0","100","0","50","0","10","2.5","2","60","1.6","0.4","20.5","6.7","16","8.21","365","14","1","0","0","299","299","173","14073","1392","3621","5795","64057","1062","5824","false","470526","153","273","636","27411","29663","17024"
"13","0.1","1","false","false","false","true","false","false","false","1","1","1","0.25","1","0","0","0","100","0","50","0","10","2.5","2","60","1.6","0.4","20.5","6.7","16","8.21","365","14","1","0","0","299","299","174","13766","1371","3573","5707","64514","1069","5708","false","471613","153","275","641","27537","29785","17106"
"13","0.1","1","false","false","false","true","false","false","false","1","1","1","0.25","1","0","0","0","100","0","50","0","10","2.5","2","60","1.6","0.4","20.5","6.7","16","8.21","365","14","1","0","0","299","299","175","13455","1352","3558","5595","64967","1073","5696","false","472454","154","276","643","27646","29933","17200"
"13","0.1","1","false","false","false","true","false","false","false","1","1","1","0.25","1","0","0","0","100","0","50","0","10","2.5","2","60","1.6","0.4","20.5","6.7","16","8.21","365","14","1","0","0","299","299","176","13133","1318","3519","5547","65402","1081","5578","false","472703","156","277","648","27772","30071","17270"
"13","0.1","1","false","false","false","true","false","false","false","1","1","1","0.25","1","0","0","0","100","0","50","0","10","2.5","2","60","1.6","0.4","20.5","6.7","16","8.21","365","14","1","0","0","299","299","177","12858","1311","3498","5434","65811","1088","5493","false","473514","156","280","652","27884","30191","17350"
"13","0.1","1","false","false","false","true","false","false","false","1","1","1","0.25","1","0","0","0","100","0","50","0","10","2.5","2","60","1.6","0.4","20.5","6.7","16","8.21","365","14","1","0","0","299","299","178","12574","1279","3431","5322","66304","1090","5407","false","474312","156","281","653","28005","30329","17425"
"13","0.1","1","false","false","false","true","false","false","false","1","1","1","0.25","1","0","0","0","100","0","50","0","10","2.5","2","60","1.6","0.4","20.5","6.7","16","8.21","365","14","1","0","0","299","299","179","12301","1254","3392","5222","66734","1097","5343","false","475037","156","284","657","28120","30457","17504"
"13","0.1","1","false","false","false","true","false","false","false","1","1","1","0.25","1","0","0","0","100","0","50","0","10","2.5","2","60","1.6","0.4","20.5","6.7","16","8.21","365","14","1","0","0","299","299","180","11991","1254","3342","5160","67152","1101","5349","false","475700","156","286","659","28236","30578","17574"
"13","0.1","1","false","false","false","true","false","false","false","1","1","1","0.25","1","0","0","0","100","0","50","0","10","2.5","2","60","1.6","0.4","20.5","6.7","16","8.21","365","14","1","0","0","299","299","181","11726","1220","3285","5067","67592","1110","5258","false","475817","157","289","664","28356","30681","17646"
"13","0.1","1","false","false","false","true","false","false","false","1","1","1","0.25","1","0","0","0","100","0","50","0","10","2.5","2","60","1.6","0.4","20.5","6.7","16","8.21","365","14","1","0","0","299","299","182","11464","1185","3240","4997","67995","1119","5191","false","476438","160","291","668","28470","30787","17713"
"13","0.1","1","false","false","false","true","false","false","false","1","1","1","0.25","1","0","0","0","100","0","50","0","10","2.5","2","60","1.6","0.4","20.5","6.7","16","8.21","365","14","1","0","0","299","299","183","11179","1195","3172","4931","68397","1126","5155","false","476937","161","292","673","28563","30891","17783"
"13","0.1","1","false","false","false","true","false","false","false","1","1","1","0.25","1","0","0","0","100","0","50","0","10","2.5","2","60","1.6","0.4","20.5","6.7","16","8.21","365","14","1","0","0","299","299","184","10928","1165","3155","4859","68765","1128","4997","false","477270","161","293","674","28664","31017","17840"
"13","0.1","1","false","false","false","true","false","false","false","1","1","1","0.25","1","0","0","0","100","0","50","0","10","2.5","2","60","1.6","0.4","20.5","6.7","16","8.21","365","14","1","0","0","299","299","185","10674","1149","3118","4751","69175","1133","4973","false","478605","163","293","677","28782","31130","17905"
"13","0.1","1","false","false","false","true","false","false","false","1","1","1","0.25","1","0","0","0","100","0","50","0","10","2.5","2","60","1.6","0.4","20.5","6.7","16","8.21","365","14","1","0","0","299","299","186","10438","1124","3110","4630","69558","1140","4844","false","478788","165","297","678","28907","31241","17960"
"13","0.1","1","false","false","false","true","false","false","false","1","1","1","0.25","1","0","0","0","100","0","50","0","10","2.5","2","60","1.6","0.4","20.5","6.7","16","8.21","365","14","1","0","0","299","299","187","10205","1066","3075","4574","69932","1148","4740","false","479800","167","299","682","29015","31343","18023"
"13","0.1","1","false","false","false","true","false","false","false","1","1","1","0.25","1","0","0","0","100","0","50","0","10","2.5","2","60","1.6","0.4","20.5","6.7","16","8.21","365","14","1","0","0","299","299","188","9962","1056","3039","4495","70297","1151","4665","false","480794","167","299","685","29119","31442","18085"
"13","0.1","1","false","false","false","true","false","false","false","1","1","1","0.25","1","0","0","0","100","0","50","0","10","2.5","2","60","1.6","0.4","20.5","6.7","16","8.21","365","14","1","0","0","299","299","189","9720","1042","2997","4405","70679","1157","4556","false","481483","168","301","688","29191","31562","18151"
"13","0.1","1","false","false","false","true","false","false","false","1","1","1","0.25","1","0","0","0","100","0","50","0","10","2.5","2","60","1.6","0.4","20.5","6.7","16","8.21","365","14","1","0","0","299","299","190","9489","1034","2971","4309","71032","1165","4473","false","482325","169","302","694","29286","31666","18207"
"13","0.1","1","false","false","false","true","false","false","false","1","1","1","0.25","1","0","0","0","100","0","50","0","10","2.5","2","60","1.6","0.4","20.5","6.7","16","8.21","365","14","1","0","0","299","299","191","9265","1020","2941","4189","71415","1170","4352","false","483031","170","304","696","29380","31767","18268"
"13","0.1","1","false","false","false","true","false","false","false","1","1","1","0.25","1","0","0","0","100","0","50","0","10","2.5","2","60","1.6","0.4","20.5","6.7","16","8.21","365","14","1","0","0","299","299","192","9019","1010","2866","4140","71786","1179","4223","false","483959","171","304","704","29471","31861","18331"
"13","0.1","1","false","false","false","true","false","false","false","1","1","1","0.25","1","0","0","0","100","0","50","0","10","2.5","2","60","1.6","0.4","20.5","6.7","16","8.21","365","14","1","0","0","299","299","193","8787","1014","2819","4019","72174","1187","4127","false","484814","173","305","709","29563","31961","18389"
"13","0.1","1","false","false","false","true","false","false","false","1","1","1","0.25","1","0","0","0","100","0","50","0","10","2.5","2","60","1.6","0.4","20.5","6.7","16","8.21","365","14","1","0","0","299","299","194","8548","1024","2778","3929","72527","1194","4037","false","485647","175","305","714","29653","32056","18449"
"13","0.1","1","false","false","false","true","false","false","false","1","1","1","0.25","1","0","0","0","100","0","50","0","10","2.5","2","60","1.6","0.4","20.5","6.7","16","8.21","365","14","1","0","0","299","299","195","8356","957","2708","3916","72865","1198","3885","false","486339","177","305","716","29734","32154","18505"
"13","0.1","1","false","false","false","true","false","false","false","1","1","1","0.25","1","0","0","0","100","0","50","0","10","2.5","2","60","1.6","0.4","20.5","6.7","16","8.21","365","14","1","0","0","299","299","196","8119","964","2670","3858","73184","1205","3753","false","487609","177","307","721","29827","32227","18560"
"13","0.1","1","false","false","false","true","false","false","false","1","1","1","0.25","1","0","0","0","100","0","50","0","10","2.5","2","60","1.6","0.4","20.5","6.7","16","8.21","365","14","1","0","0","299","299","197","7883","987","2621","3792","73506","1211","3743","false","488770","177","309","725","29899","32320","18609"
"13","0.1","1","false","false","false","true","false","false","false","1","1","1","0.25","1","0","0","0","100","0","50","0","10","2.5","2","60","1.6","0.4","20.5","6.7","16","8.21","365","14","1","0","0","299","299","198","7663","999","2585","3704","73830","1219","3706","false","488962","177","313","729","29975","32414","18668"
"13","0.1","1","false","false","false","true","false","false","false","1","1","1","0.25","1","0","0","0","100","0","50","0","10","2.5","2","60","1.6","0.4","20.5","6.7","16","8.21","365","14","1","0","0","299","299","199","7480","919","2569","3696","74112","1224","3592","false","489301","177","314","733","30085","32517","18718"
"13","0.1","1","false","false","false","true","false","false","false","1","1","1","0.25","1","0","0","0","100","0","50","0","10","2.5","2","60","1.6","0.4","20.5","6.7","16","8.21","365","14","1","0","0","299","299","200","7303","883","2526","3623","74436","1229","3470","false","490208","178","314","737","30154","32602","18778"
"13","0.1","1","false","false","false","true","false","false","false","1","1","1","0.25","1","0","0","0","100","0","50","0","10","2.5","2","60","1.6","0.4","20.5","6.7","16","8.21","365","14","1","0","0","299","299","201","7133","845","2480","3562","74748","1232","3421","false","491160","180","314","738","30234","32681","18836"
"13","0.1","1","false","false","false","true","false","false","false","1","1","1","0.25","1","0","0","0","100","0","50","0","10","2.5","2","60","1.6","0.4","20.5","6.7","16","8.21","365","14","1","0","0","299","299","202","6925","869","2454","3475","75035","1242","3386","false","491710","181","314","747","30310","32774","18873"
"13","0.1","1","false","false","false","true","false","false","false","1","1","1","0.25","1","0","0","0","100","0","50","0","10","2.5","2","60","1.6","0.4","20.5","6.7","16","8.21","365","14","1","0","0","299","299","203","6727","848","2429","3448","75298","1250","3288","false","491969","181","317","752","30393","32864","18920"
"13","0.1","1","false","false","false","true","false","false","false","1","1","1","0.25","1","0","0","0","100","0","50","0","10","2.5","2","60","1.6","0.4","20.5","6.7","16","8.21","365","14","1","0","0","299","299","204","6517","853","2365","3399","75611","1255","3220","false","492694","182","317","756","30461","32945","18965"
"13","0.1","1","false","false","false","true","false","false","false","1","1","1","0.25","1","0","0","0","100","0","50","0","10","2.5","2","60","1.6","0.4","20.5","6.7","16","8.21","365","14","1","0","0","299","299","205","6338","825","2327","3351","75900","1259","3199","false","493289","182","319","758","30531","33041","19024"
"13","0.1","1","false","false","false","true","false","false","false","1","1","1","0.25","1","0","0","0","100","0","50","0","10","2.5","2","60","1.6","0.4","20.5","6.7","16","8.21","365","14","1","0","0","299","299","206","6177","780","2292","3308","76182","1261","3157","false","493553","182","319","760","30607","33127","19071"
"13","0.1","1","false","false","false","true","false","false","false","1","1","1","0.25","1","0","0","0","100","0","50","0","10","2.5","2","60","1.6","0.4","20.5","6.7","16","8.21","365","14","1","0","0","299","299","207","6021","734","2261","3248","76470","1266","3088","false","493955","184","319","763","30689","33213","19123"
"13","0.1","1","false","false","false","true","false","false","false","1","1","1","0.25","1","0","0","0","100","0","50","0","10","2.5","2","60","1.6","0.4","20.5","6.7","16","8.21","365","14","1","0","0","299","299","208","5856","710","2194","3205","76764","1271","3052","false","494637","185","321","765","30757","33281","19165"
"13","0.1","1","false","false","false","true","false","false","false","1","1","1","0.25","1","0","0","0","100","0","50","0","10","2.5","2","60","1.6","0.4","20.5","6.7","16","8.21","365","14","1","0","0","299","299","209","5695","721","2150","3130","77028","1276","2992","false","494987","187","322","767","30827","33345","19202"
"13","0.1","1","false","false","false","true","false","false","false","1","1","1","0.25","1","0","0","0","100","0","50","0","10","2.5","2","60","1.6","0.4","20.5","6.7","16","8.21","365","14","1","0","0","299","299","210","5548","683","2108","3072","77306","1283","3007","false","495546","187","326","770","30889","33416","19247"
"13","0.1","1","false","false","false","true","false","false","false","1","1","1","0.25","1","0","0","0","100","0","50","0","10","2.5","2","60","1.6","0.4","20.5","6.7","16","8.21","365","14","1","0","0","299","299","211","5399","683","2049","3016","77566","1287","2970","false","495504","188","328","771","30945","33481","19278"
"13","0.1","1","false","false","false","true","false","false","false","1","1","1","0.25","1","0","0","0","100","0","50","0","10","2.5","2","60","1.6","0.4","20.5","6.7","16","8.21","365","14","1","0","0","299","299","212","5256","659","2021","2961","77811","1292","2913","false","495905","188","330","774","31002","33557","19320"
"13","0.1","1","false","false","false","true","false","false","false","1","1","1","0.25","1","0","0","0","100","0","50","0","10","2.5","2","60","1.6","0.4","20.5","6.7","16","8.21","365","14","1","0","0","299","299","213","5127","653","1976","2868","78081","1295","2848","false","496342","188","331","776","31064","33620","19345"
"13","0.1","1","false","false","false","true","false","false","false","1","1","1","0.25","1","0","0","0","100","0","50","0","10","2.5","2","60","1.6","0.4","20.5","6.7","16","8.21","365","14","1","0","0","299","299","214","5012","624","1949","2788","78326","1301","2730","false","496991","189","332","780","31127","33680","19373"
"13","0.1","1","false","false","false","true","false","false","false","1","1","1","0.25","1","0","0","0","100","0","50","0","10","2.5","2","60","1.6","0.4","20.5","6.7","16","8.21","365","14","1","0","0","299","299","215","4886","607","1910","2726","78567","1304","2660","false","497888","189","332","783","31202","33731","19404"
"13","0.1","1","false","false","false","true","false","false","false","1","1","1","0.25","1","0","0","0","100","0","50","0","10","2.5","2","60","1.6","0.4","20.5","6.7","16","8.21","365","14","1","0","0","299","299","216","4748","584","1869","2701","78792","1306","2631","false","498449","190","333","783","31272","33788","19441"
"13","0.1","1","false","false","false","true","false","false","false","1","1","1","0.25","1","0","0","0","100","0","50","0","10","2.5","2","60","1.6","0.4","20.5","6.7","16","8.21","365","14","1","0","0","299","299","217","4629","574","1827","2661","78998","1311","2550","false","498915","191","335","785","31317","33842","19476"
"13","0.1","1","false","false","false","true","false","false","false","1","1","1","0.25","1","0","0","0","100","0","50","0","10","2.5","2","60","1.6","0.4","20.5","6.7","16","8.21","365","14","1","0","0","299","299","218","4532","528","1775","2612","79239","1314","2432","false","499439","191","337","786","31367","33895","19516"
"13","0.1","1","false","false","false","true","false","false","false","1","1","1","0.25","1","0","0","0","100","0","50","0","10","2.5","2","60","1.6","0.4","20.5","6.7","16","8.21","365","14","1","0","0","299","299","219","4419","505","1750","2539","79470","1317","2351","false","500458","191","337","789","31431","33947","19548"
"13","0.1","1","false","false","false","true","false","false","false","1","1","1","0.25","1","0","0","0","100","0","50","0","10","2.5","2","60","1.6","0.4","20.5","6.7","16","8.21","365","14","1","0","0","299","299","220","4309","488","1701","2492","79690","1320","2279","false","501107","191","339","790","31486","33993","19571"
"13","0.1","1","false","false","false","true","false","false","false","1","1","1","0.25","1","0","0","0","100","0","50","0","10","2.5","2","60","1.6","0.4","20.5","6.7","16","8.21","365","14","1","0","0","299","299","221","4190","490","1643","2436","79914","1327","2196","false","501638","194","341","792","31522","34043","19603"
"13","0.1","1","false","false","false","true","false","false","false","1","1","1","0.25","1","0","0","0","100","0","50","0","10","2.5","2","60","1.6","0.4","20.5","6.7","16","8.21","365","14","1","0","0","299","299","222","4074","491","1607","2371","80125","1332","2145","false","502243","194","345","793","31572","34086","19635"
"13","0.1","1","false","false","false","true","false","false","false","1","1","1","0.25","1","0","0","0","100","0","50","0","10","2.5","2","60","1.6","0.4","20.5","6.7","16","8.21","365","14","1","0","0","299","299","223","3966","492","1546","2302","80360","1334","2072","false","502670","194","346","794","31615","34139","19658"
"13","0.1","1","false","false","false","true","false","false","false","1","1","1","0.25","1","0","0","0","100","0","50","0","10","2.5","2","60","1.6","0.4","20.5","6.7","16","8.21","365","14","1","0","0","299","299","224","3858","481","1508","2255","80562","1336","1989","false","503194","194","347","795","31658","34192","19686"
"13","0.1","1","false","false","false","true","false","false","false","1","1","1","0.25","1","0","0","0","100","0","50","0","10","2.5","2","60","1.6","0.4","20.5","6.7","16","8.21","365","14","1","0","0","299","299","225","3758","475","1475","2182","80771","1339","1911","false","503955","194","347","798","31688","34231","19710"
"13","0.1","1","false","false","false","true","false","false","false","1","1","1","0.25","1","0","0","0","100","0","50","0","10","2.5","2","60","1.6","0.4","20.5","6.7","16","8.21","365","14","1","0","0","299","299","226","3659","467","1435","2130","80966","1343","1858","false","504563","194","349","800","31724","34270","19741"
"13","0.1","1","false","false","false","true","false","false","false","1","1","1","0.25","1","0","0","0","100","0","50","0","10","2.5","2","60","1.6","0.4","20.5","6.7","16","8.21","365","14","1","0","0","299","299","227","3551","467","1399","2054","81183","1346","1832","false","505027","195","351","800","31761","34317","19769"
"13","0.1","1","false","false","false","true","false","false","false","1","1","1","0.25","1","0","0","0","100","0","50","0","10","2.5","2","60","1.6","0.4","20.5","6.7","16","8.21","365","14","1","0","0","299","299","228","3470","441","1357","2007","81373","1352","1806","false","505261","195","351","806","31803","34360","19792"
"13","0.1","1","false","false","false","true","false","false","false","1","1","1","0.25","1","0","0","0","100","0","50","0","10","2.5","2","60","1.6","0.4","20.5","6.7","16","8.21","365","14","1","0","0","299","299","229","3382","415","1316","1952","81578","1357","1725","false","505461","197","351","809","31856","34390","19824"
"13","0.1","1","false","false","false","true","false","false","false","1","1","1","0.25","1","0","0","0","100","0","50","0","10","2.5","2","60","1.6","0.4","20.5","6.7","16","8.21","365","14","1","0","0","299","299","230","3294","414","1268","1890","81773","1361","1658","false","506147","197","351","813","31888","34431","19845"
"13","0.1","1","false","false","false","true","false","false","false","1","1","1","0.25","1","0","0","0","100","0","50","0","10","2.5","2","60","1.6","0.4","20.5","6.7","16","8.21","365","14","1","0","0","299","299","231","3220","388","1249","1846","81934","1363","1577","false","506695","197","352","814","31924","34476","19871"
"13","0.1","1","false","false","false","true","false","false","false","1","1","1","0.25","1","0","0","0","100","0","50","0","10","2.5","2","60","1.6","0.4","20.5","6.7","16","8.21","365","14","1","0","0","299","299","232","3142","376","1226","1784","82107","1365","1518","false","507358","197","352","816","31976","34509","19897"
"13","0.1","1","false","false","false","true","false","false","false","1","1","1","0.25","1","0","0","0","100","0","50","0","10","2.5","2","60","1.6","0.4","20.5","6.7","16","8.21","365","14","1","0","0","299","299","233","3072","359","1205","1729","82266","1369","1462","false","507882","197","353","819","32003","34545","19918"
"13","0.1","1","false","false","false","true","false","false","false","1","1","1","0.25","1","0","0","0","100","0","50","0","10","2.5","2","60","1.6","0.4","20.5","6.7","16","8.21","365","14","1","0","0","299","299","234","2985","359","1157","1700","82429","1370","1443","false","508335","197","353","820","32031","34581","19936"
"13","0.1","1","false","false","false","true","false","false","false","1","1","1","0.25","1","0","0","0","100","0","50","0","10","2.5","2","60","1.6","0.4","20.5","6.7","16","8.21","365","14","1","0","0","299","299","235","2899","361","1120","1665","82584","1371","1435","false","508512","197","353","821","32067","34620","19956"
"13","0.1","1","false","false","false","true","false","false","false","1","1","1","0.25","1","0","0","0","100","0","50","0","10","2.5","2","60","1.6","0.4","20.5","6.7","16","8.21","365","14","1","0","0","299","299","236","2826","342","1080","1619","82758","1375","1381","false","508588","197","355","823","32097","34655","19978"
"13","0.1","1","false","false","false","true","false","false","false","1","1","1","0.25","1","0","0","0","100","0","50","0","10","2.5","2","60","1.6","0.4","20.5","6.7","16","8.21","365","14","1","0","0","299","299","237","2748","341","1038","1593","82904","1376","1353","false","509014","197","356","823","32125","34694","19990"
"13","0.1","1","false","false","false","true","false","false","false","1","1","1","0.25","1","0","0","0","100","0","50","0","10","2.5","2","60","1.6","0.4","20.5","6.7","16","8.21","365","14","1","0","0","299","299","238","2675","334","1011","1564","83040","1376","1274","false","509308","197","356","823","32148","34721","20012"
"13","0.1","1","false","false","false","true","false","false","false","1","1","1","0.25","1","0","0","0","100","0","50","0","10","2.5","2","60","1.6","0.4","20.5","6.7","16","8.21","365","14","1","0","0","299","299","239","2602","329","974","1516","83200","1379","1297","false","509975","197","357","825","32177","34751","20028"
"13","0.1","1","false","false","false","true","false","false","false","1","1","1","0.25","1","0","0","0","100","0","50","0","10","2.5","2","60","1.6","0.4","20.5","6.7","16","8.21","365","14","1","0","0","299","299","240","2535","309","959","1472","83341","1384","1302","false","509864","198","357","829","32218","34787","20050"
"13","0.1","1","false","false","false","true","false","false","false","1","1","1","0.25","1","0","0","0","100","0","50","0","10","2.5","2","60","1.6","0.4","20.5","6.7","16","8.21","365","14","1","0","0","299","299","241","2464","318","944","1431","83459","1384","1255","false","509849","198","357","829","32246","34819","20068"
"13","0.1","1","false","false","false","true","false","false","false","1","1","1","0.25","1","0","0","0","100","0","50","0","10","2.5","2","60","1.6","0.4","20.5","6.7","16","8.21","365","14","1","0","0","299","299","242","2412","302","918","1390","83592","1386","1218","false","510282","198","359","829","32279","34852","20078"
"13","0.1","1","false","false","false","true","false","false","false","1","1","1","0.25","1","0","0","0","100","0","50","0","10","2.5","2","60","1.6","0.4","20.5","6.7","16","8.21","365","14","1","0","0","299","299","243","2342","293","900","1355","83722","1388","1207","false","510710","198","359","831","32305","34888","20100"
"13","0.1","1","false","false","false","true","false","false","false","1","1","1","0.25","1","0","0","0","100","0","50","0","10","2.5","2","60","1.6","0.4","20.5","6.7","16","8.21","365","14","1","0","0","299","299","244","2290","280","875","1325","83837","1393","1163","false","510788","198","360","835","32326","34912","20115"
"13","0.1","1","false","false","false","true","false","false","false","1","1","1","0.25","1","0","0","0","100","0","50","0","10","2.5","2","60","1.6","0.4","20.5","6.7","16","8.21","365","14","1","0","0","299","299","245","2237","260","853","1309","83945","1396","1108","false","511116","199","361","836","32348","34940","20135"
"13","0.1","1","false","false","false","true","false","false","false","1","1","1","0.25","1","0","0","0","100","0","50","0","10","2.5","2","60","1.6","0.4","20.5","6.7","16","8.21","365","14","1","0","0","299","299","246","2192","242","826","1268","84073","1399","1058","false","511536","199","362","838","32369","34967","20149"
"13","0.1","1","false","false","false","true","false","false","false","1","1","1","0.25","1","0","0","0","100","0","50","0","10","2.5","2","60","1.6","0.4","20.5","6.7","16","8.21","365","14","1","0","0","299","299","247","2149","235","809","1232","84176","1399","1044","false","511950","199","362","838","32389","34987","20162"
"13","0.1","1","false","false","false","true","false","false","false","1","1","1","0.25","1","0","0","0","100","0","50","0","10","2.5","2","60","1.6","0.4","20.5","6.7","16","8.21","365","14","1","0","0","299","299","248","2097","219","796","1208","84280","1400","984","false","512059","199","362","839","32419","35017","20177"
"13","0.1","1","false","false","false","true","false","false","false","1","1","1","0.25","1","0","0","0","100","0","50","0","10","2.5","2","60","1.6","0.4","20.5","6.7","16","8.21","365","14","1","0","0","299","299","249","2042","215","771","1171","84401","1400","967","false","512603","199","362","839","32433","35037","20202"
"13","0.1","1","false","false","false","true","false","false","false","1","1","1","0.25","1","0","0","0","100","0","50","0","10","2.5","2","60","1.6","0.4","20.5","6.7","16","8.21","365","14","1","0","0","299","299","250","1988","220","751","1132","84506","1403","944","false","512816","200","363","840","32459","35058","20213"
"13","0.1","1","false","false","false","true","false","false","false","1","1","1","0.25","1","0","0","0","100","0","50","0","10","2.5","2","60","1.6","0.4","20.5","6.7","16","8.21","365","14","1","0","0","299","299","251","1942","220","717","1093","84623","1405","900","false","513029","200","364","841","32480","35072","20221"
"13","0.1","1","false","false","false","true","false","false","false","1","1","1","0.25","1","0","0","0","100","0","50","0","10","2.5","2","60","1.6","0.4","20.5","6.7","16","8.21","365","14","1","0","0","299","299","252","1892","218","698","1069","84714","1409","891","false","513383","201","365","843","32505","35092","20231"
"13","0.1","1","false","false","false","true","false","false","false","1","1","1","0.25","1","0","0","0","100","0","50","0","10","2.5","2","60","1.6","0.4","20.5","6.7","16","8.21","365","14","1","0","0","299","299","253","1834","229","687","1046","84793","1411","866","false","513398","202","365","844","32524","35114","20243"
"13","0.1","1","false","false","false","true","false","false","false","1","1","1","0.25","1","0","0","0","100","0","50","0","10","2.5","2","60","1.6","0.4","20.5","6.7","16","8.21","365","14","1","0","0","299","299","254","1791","218","664","1017","84898","1412","836","false","513662","203","365","844","32548","35129","20258"
"13","0.1","1","false","false","false","true","false","false","false","1","1","1","0.25","1","0","0","0","100","0","50","0","10","2.5","2","60","1.6","0.4","20.5","6.7","16","8.21","365","14","1","0","0","299","299","255","1751","211","639","981","85002","1416","820","false","513927","203","367","846","32565","35152","20268"
"13","0.1","1","false","false","false","true","false","false","false","1","1","1","0.25","1","0","0","0","100","0","50","0","10","2.5","2","60","1.6","0.4","20.5","6.7","16","8.21","365","14","1","0","0","299","299","256","1715","198","630","962","85077","1418","772","false","513992","203","368","847","32582","35176","20280"
"13","0.1","1","false","false","false","true","false","false","false","1","1","1","0.25","1","0","0","0","100","0","50","0","10","2.5","2","60","1.6","0.4","20.5","6.7","16","8.21","365","14","1","0","0","299","299","257","1668","195","598","955","85166","1418","776","false","514422","203","368","847","32598","35189","20290"
"13","0.1","1","false","false","false","true","false","false","false","1","1","1","0.25","1","0","0","0","100","0","50","0","10","2.5","2","60","1.6","0.4","20.5","6.7","16","8.21","365","14","1","0","0","299","299","258","1635","187","579","920","85260","1419","791","false","514435","204","368","847","32613","35210","20302"
"13","0.1","1","false","false","false","true","false","false","false","1","1","1","0.25","1","0","0","0","100","0","50","0","10","2.5","2","60","1.6","0.4","20.5","6.7","16","8.21","365","14","1","0","0","299","299","259","1599","174","563","902","85343","1419","777","false","514324","204","368","847","32629","35233","20317"
"13","0.1","1","false","false","false","true","false","false","false","1","1","1","0.25","1","0","0","0","100","0","50","0","10","2.5","2","60","1.6","0.4","20.5","6.7","16","8.21","365","14","1","0","0","299","299","260","1562","169","529","878","85441","1421","752","false","514437","204","368","849","32644","35249","20324"
"13","0.1","1","false","false","false","true","false","false","false","1","1","1","0.25","1","0","0","0","100","0","50","0","10","2.5","2","60","1.6","0.4","20.5","6.7","16","8.21","365","14","1","0","0","299","299","261","1520","167","524","861","85506","1422","744","false","514639","204","368","850","32666","35273","20334"
"13","0.1","1","false","false","false","true","false","false","false","1","1","1","0.25","1","0","0","0","100","0","50","0","10","2.5","2","60","1.6","0.4","20.5","6.7","16","8.21","365","14","1","0","0","299","299","262","1490","150","500","844","85593","1423","710","false","514746","204","368","851","32681","35286","20346"
"13","0.1","1","false","false","false","true","false","false","false","1","1","1","0.25","1","0","0","0","100","0","50","0","10","2.5","2","60","1.6","0.4","20.5","6.7","16","8.21","365","14","1","0","0","299","299","263","1450","159","488","818","85659","1426","673","false","515051","204","369","853","32690","35296","20359"
"13","0.1","1","false","false","false","true","false","false","false","1","1","1","0.25","1","0","0","0","100","0","50","0","10","2.5","2","60","1.6","0.4","20.5","6.7","16","8.21","365","14","1","0","0","299","299","264","1411","162","478","781","85741","1427","649","false","515319","204","370","853","32703","35317","20365"
"13","0.1","1","false","false","false","true","false","false","false","1","1","1","0.25","1","0","0","0","100","0","50","0","10","2.5","2","60","1.6","0.4","20.5","6.7","16","8.21","365","14","1","0","0","299","299","265","1378","147","458","774","85816","1427","632","false","515488","204","370","853","32715","35331","20376"
"13","0.1","1","false","false","false","true","false","false","false","1","1","1","0.25","1","0","0","0","100","0","50","0","10","2.5","2","60","1.6","0.4","20.5","6.7","16","8.21","365","14","1","0","0","299","299","266","1344","150","447","740","85892","1427","596","false","515631","204","370","853","32726","35345","20390"
"13","0.1","1","false","false","false","true","false","false","false","1","1","1","0.25","1","0","0","0","100","0","50","0","10","2.5","2","60","1.6","0.4","20.5","6.7","16","8.21","365","14","1","0","0","299","299","267","1320","148","435","700","85969","1428","574","false","515884","204","370","854","32732","35362","20402"
"13","0.1","1","false","false","false","true","false","false","false","1","1","1","0.25","1","0","0","0","100","0","50","0","10","2.5","2","60","1.6","0.4","20.5","6.7","16","8.21","365","14","1","0","0","299","299","268","1293","145","431","674","86027","1430","541","false","516086","204","371","855","32744","35375","20407"
"13","0.1","1","false","false","false","true","false","false","false","1","1","1","0.25","1","0","0","0","100","0","50","0","10","2.5","2","60","1.6","0.4","20.5","6.7","16","8.21","365","14","1","0","0","299","299","269","1257","149","415","655","86093","1431","526","false","516368","204","371","856","32757","35384","20412"
"13","0.1","1","false","false","false","true","false","false","false","1","1","1","0.25","1","0","0","0","100","0","50","0","10","2.5","2","60","1.6","0.4","20.5","6.7","16","8.21","365","14","1","0","0","299","299","270","1224","148","408","649","86139","1432","546","false","516497","204","371","857","32769","35396","20416"
"13","0.1","1","false","false","false","true","false","false","false","1","1","1","0.25","1","0","0","0","100","0","50","0","10","2.5","2","60","1.6","0.4","20.5","6.7","16","8.21","365","14","1","0","0","299","299","271","1193","142","401","641","86190","1433","548","false","516295","204","371","858","32784","35412","20423"
"13","0.1","1","false","false","false","true","false","false","false","1","1","1","0.25","1","0","0","0","100","0","50","0","10","2.5","2","60","1.6","0.4","20.5","6.7","16","8.21","365","14","1","0","0","299","299","272","1158","140","386","619","86264","1433","555","false","516318","204","371","858","32796","35432","20430"
"13","0.1","1","false","false","false","true","false","false","false","1","1","1","0.25","1","0","0","0","100","0","50","0","10","2.5","2","60","1.6","0.4","20.5","6.7","16","8.21","365","14","1","0","0","299","299","273","1139","129","375","603","86320","1434","548","false","516277","204","371","859","32809","35441","20434"
"13","0.1","1","false","false","false","true","false","false","false","1","1","1","0.25","1","0","0","0","100","0","50","0","10","2.5","2","60","1.6","0.4","20.5","6.7","16","8.21","365","14","1","0","0","299","299","274","1113","121","376","586","86370","1434","543","false","516347","204","371","859","32825","35455","20445"
"13","0.1","1","false","false","false","true","false","false","false","1","1","1","0.25","1","0","0","0","100","0","50","0","10","2.5","2","60","1.6","0.4","20.5","6.7","16","8.21","365","14","1","0","0","299","299","275","1085","123","365","557","86433","1437","520","false","516426","204","372","861","32838","35467","20452"
"13","0.1","1","false","false","false","true","false","false","false","1","1","1","0.25","1","0","0","0","100","0","50","0","10","2.5","2","60","1.6","0.4","20.5","6.7","16","8.21","365","14","1","0","0","299","299","276","1046","128","358","542","86488","1438","530","false","516615","204","372","862","32852","35480","20461"
"13","0.1","1","false","false","false","true","false","false","false","1","1","1","0.25","1","0","0","0","100","0","50","0","10","2.5","2","60","1.6","0.4","20.5","6.7","16","8.21","365","14","1","0","0","299","299","277","1013","127","347","546","86527","1440","519","false","516543","204","372","864","32864","35493","20466"
"13","0.1","1","false","false","false","true","false","false","false","1","1","1","0.25","1","0","0","0","100","0","50","0","10","2.5","2","60","1.6","0.4","20.5","6.7","16","8.21","365","14","1","0","0","299","299","278","985","123","341","545","86565","1441","513","false","516676","204","372","865","32871","35503","20477"
"13","0.1","1","false","false","false","true","false","false","false","1","1","1","0.25","1","0","0","0","100","0","50","0","10","2.5","2","60","1.6","0.4","20.5","6.7","16","8.21","365","14","1","0","0","299","299","279","963","114","331","529","86622","1441","515","false","516670","204","372","865","32885","35516","20483"
"13","0.1","1","false","false","false","true","false","false","false","1","1","1","0.25","1","0","0","0","100","0","50","0","10","2.5","2","60","1.6","0.4","20.5","6.7","16","8.21","365","14","1","0","0","299","299","280","945","109","329","517","86658","1442","479","false","516657","204","372","866","32892","35527","20491"
"13","0.1","1","false","false","false","true","false","false","false","1","1","1","0.25","1","0","0","0","100","0","50","0","10","2.5","2","60","1.6","0.4","20.5","6.7","16","8.21","365","14","1","0","0","299","299","281","923","105","325","509","86693","1445","484","false","516911","205","372","868","32904","35542","20495"
"13","0.1","1","false","false","false","true","false","false","false","1","1","1","0.25","1","0","0","0","100","0","50","0","10","2.5","2","60","1.6","0.4","20.5","6.7","16","8.21","365","14","1","0","0","299","299","282","907","89","316","501","86742","1445","487","false","516877","205","372","868","32917","35552","20501"
"13","0.1","1","false","false","false","true","false","false","false","1","1","1","0.25","1","0","0","0","100","0","50","0","10","2.5","2","60","1.6","0.4","20.5","6.7","16","8.21","365","14","1","0","0","299","299","283","881","86","303","499","86786","1445","451","false","516854","205","372","868","32929","35561","20508"
"13","0.1","1","false","false","false","true","false","false","false","1","1","1","0.25","1","0","0","0","100","0","50","0","10","2.5","2","60","1.6","0.4","20.5","6.7","16","8.21","365","14","1","0","0","299","299","284","853","93","294","476","86838","1446","443","false","517126","205","372","869","32938","35572","20515"
"13","0.1","1","false","false","false","true","false","false","false","1","1","1","0.25","1","0","0","0","100","0","50","0","10","2.5","2","60","1.6","0.4","20.5","6.7","16","8.21","365","14","1","0","0","299","299","285","829","101","286","455","86883","1446","443","false","517174","205","372","869","32945","35578","20522"
"13","0.1","1","false","false","false","true","false","false","false","1","1","1","0.25","1","0","0","0","100","0","50","0","10","2.5","2","60","1.6","0.4","20.5","6.7","16","8.21","365","14","1","0","0","299","299","286","804","100","281","444","86924","1447","434","false","517203","205","372","870","32953","35590","20531"
"13","0.1","1","false","false","false","true","false","false","false","1","1","1","0.25","1","0","0","0","100","0","50","0","10","2.5","2","60","1.6","0.4","20.5","6.7","16","8.21","365","14","1","0","0","299","299","287","770","112","276","432","86963","1447","441","false","517311","205","372","870","32964","35593","20537"
"13","0.1","1","false","false","false","true","false","false","false","1","1","1","0.25","1","0","0","0","100","0","50","0","10","2.5","2","60","1.6","0.4","20.5","6.7","16","8.21","365","14","1","0","0","299","299","288","747","114","271","420","87001","1447","442","false","517258","205","372","870","32968","35605","20543"
"13","0.1","1","false","false","false","true","false","false","false","1","1","1","0.25","1","0","0","0","100","0","50","0","10","2.5","2","60","1.6","0.4","20.5","6.7","16","8.21","365","14","1","0","0","299","299","289","731","108","259","406","87049","1447","430","false","517286","205","372","870","32975","35613","20550"
"13","0.1","1","false","false","false","true","false","false","false","1","1","1","0.25","1","0","0","0","100","0","50","0","10","2.5","2","60","1.6","0.4","20.5","6.7","16","8.21","365","14","1","0","0","299","299","290","709","104","252","401","87086","1448","421","false","517394","205","373","870","32984","35624","20554"
"13","0.1","1","false","false","false","true","false","false","false","1","1","1","0.25","1","0","0","0","100","0","50","0","10","2.5","2","60","1.6","0.4","20.5","6.7","16","8.21","365","14","1","0","0","299","299","291","688","99","251","400","87114","1448","412","false","517452","205","373","870","32989","35634","20560"
"13","0.1","1","false","false","false","true","false","false","false","1","1","1","0.25","1","0","0","0","100","0","50","0","10","2.5","2","60","1.6","0.4","20.5","6.7","16","8.21","365","14","1","0","0","299","299","292","665","97","247","395","87148","1448","419","false","517517","205","373","870","33000","35644","20564"
"13","0.1","1","false","false","false","true","false","false","false","1","1","1","0.25","1","0","0","0","100","0","50","0","10","2.5","2","60","1.6","0.4","20.5","6.7","16","8.21","365","14","1","0","0","299","299","293","650","86","241","390","87185","1448","400","false","517472","205","373","870","33010","35659","20565"
"13","0.1","1","false","false","false","true","false","false","false","1","1","1","0.25","1","0","0","0","100","0","50","0","10","2.5","2","60","1.6","0.4","20.5","6.7","16","8.21","365","14","1","0","0","299","299","294","631","82","241","385","87213","1448","393","false","517621","205","373","870","33019","35670","20569"
"13","0.1","1","false","false","false","true","false","false","false","1","1","1","0.25","1","0","0","0","100","0","50","0","10","2.5","2","60","1.6","0.4","20.5","6.7","16","8.21","365","14","1","0","0","299","299","295","616","79","235","381","87241","1448","374","false","517711","205","373","870","33027","35677","20574"
"13","0.1","1","false","false","false","true","false","false","false","1","1","1","0.25","1","0","0","0","100","0","50","0","10","2.5","2","60","1.6","0.4","20.5","6.7","16","8.21","365","14","1","0","0","299","299","296","594","72","229","383","87274","1448","353","false","517882","205","373","870","33037","35687","20581"
"13","0.1","1","false","false","false","true","false","false","false","1","1","1","0.25","1","0","0","0","100","0","50","0","10","2.5","2","60","1.6","0.4","20.5","6.7","16","8.21","365","14","1","0","0","299","299","297","570","86","227","364","87302","1451","337","false","518032","205","374","872","33047","35691","20585"
"13","0.1","1","false","false","false","true","false","false","false","1","1","1","0.25","1","0","0","0","100","0","50","0","10","2.5","2","60","1.6","0.4","20.5","6.7","16","8.21","365","14","1","0","0","299","299","298","539","98","230","354","87327","1452","330","false","518125","205","374","873","33053","35696","20589"
"13","0.1","1","false","false","false","true","false","false","false","1","1","1","0.25","1","0","0","0","100","0","50","0","10","2.5","2","60","1.6","0.4","20.5","6.7","16","8.21","365","14","1","0","0","299","299","299","512","102","219","358","87357","1452","293","false","518194","205","374","873","33061","35704","20596"
"13","0.1","1","false","false","false","true","false","false","false","1","1","1","0.25","1","0","0","0","100","0","50","0","10","2.5","2","60","1.6","0.4","20.5","6.7","16","8.21","365","14","1","0","0","299","299","300","490","99","223","351","87385","1452","262","false","518476","205","374","873","33071","35711","20601"
"13","0.1","1","false","false","false","true","false","false","false","1","1","1","0.25","1","0","0","0","100","0","50","0","10","2.5","2","60","1.6","0.4","20.5","6.7","16","8.21","365","14","1","0","0","299","299","301","465","95","218","355","87414","1453","233","false","518752","205","374","874","33079","35722","20607"
"13","0.1","1","false","false","false","true","false","false","false","1","1","1","0.25","1","0","0","0","100","0","50","0","10","2.5","2","60","1.6","0.4","20.5","6.7","16","8.21","365","14","1","0","0","299","299","302","439","97","215","356","87437","1456","211","false","518973","205","376","875","33090","35732","20613"
"13","0.1","1","false","false","false","true","false","false","false","1","1","1","0.25","1","0","0","0","100","0","50","0","10","2.5","2","60","1.6","0.4","20.5","6.7","16","8.21","365","14","1","0","0","299","299","303","418","100","213","348","87465","1456","185","false","519130","205","376","875","33098","35738","20617"
"13","0.1","1","false","false","false","true","false","false","false","1","1","1","0.25","1","0","0","0","100","0","50","0","10","2.5","2","60","1.6","0.4","20.5","6.7","16","8.21","365","14","1","0","0","299","299","304","396","93","214","350","87491","1456","166","false","519363","205","376","875","33110","35746","20626"
"13","0.1","1","false","false","false","true","false","false","false","1","1","1","0.25","1","0","0","0","100","0","50","0","10","2.5","2","60","1.6","0.4","20.5","6.7","16","8.21","365","14","1","0","0","299","299","305","369","98","210","347","87519","1457","139","false","519533","205","377","875","33115","35754","20633"
"13","0.1","1","false","false","false","true","false","false","false","1","1","1","0.25","1","0","0","0","100","0","50","0","10","2.5","2","60","1.6","0.4","20.5","6.7","16","8.21","365","14","1","0","0","299","299","306","346","101","206","339","87551","1457","117","false","519795","205","377","875","33124","35764","20638"
"13","0.1","1","false","false","false","true","false","false","false","1","1","1","0.25","1","0","0","0","100","0","50","0","10","2.5","2","60","1.6","0.4","20.5","6.7","16","8.21","365","14","1","0","0","299","299","307","317","110","202","336","87577","1458","97","false","520004","206","377","875","33130","35773","20642"
"13","0.1","1","false","false","false","true","false","false","false","1","1","1","0.25","1","0","0","0","100","0","50","0","10","2.5","2","60","1.6","0.4","20.5","6.7","16","8.21","365","14","1","0","0","299","299","308","286","117","197","330","87612","1458","73","false","520178","206","377","875","33136","35782","20649"
"13","0.1","1","false","false","false","true","false","false","false","1","1","1","0.25","1","0","0","0","100","0","50","0","10","2.5","2","60","1.6","0.4","20.5","6.7","16","8.21","365","14","1","0","0","299","299","309","270","104","196","334","87637","1459","55","false","520424","206","377","876","33150","35793","20654"
"13","0.1","1","false","false","false","true","false","false","false","1","1","1","0.25","1","0","0","0","100","0","50","0","10","2.5","2","60","1.6","0.4","20.5","6.7","16","8.21","365","14","1","0","0","299","299","310","246","101","199","338","87657","1459","31","false","520598","206","377","876","33160","35804","20660"
"13","0.1","1","false","false","false","true","false","false","false","1","1","1","0.25","1","0","0","0","100","0","50","0","10","2.5","2","60","1.6","0.4","20.5","6.7","16","8.21","365","14","1","0","0","299","299","311","222","101","199","339","87679","1460","10","false","520839","206","378","876","33166","35812","20664"
"13","0.1","1","false","false","false","true","false","false","false","1","1","1","0.25","1","0","0","0","100","0","50","0","10","2.5","2","60","1.6","0.4","20.5","6.7","16","8.21","365","14","1","0","0","299","299","312","201","102","194","341","87700","1462","0","false","521066","206","379","877","33173","35824","20668"
"13","0.1","1","false","false","false","true","false","false","false","1","1","1","0.25","1","0","0","0","100","0","50","0","10","2.5","2","60","1.6","0.4","20.5","6.7","16","8.21","365","14","1","0","0","299","299","313","182","98","199","334","87725","1462","0","false","521160","206","379","877","33178","35835","20675"
"13","0.1","1","false","false","false","true","false","false","false","1","1","1","0.25","1","0","0","0","100","0","50","0","10","2.5","2","60","1.6","0.4","20.5","6.7","16","8.21","365","14","1","0","0","299","299","314","164","89","204","339","87741","1463","0","false","521160","206","380","877","33189","35846","20678"
"13","0.1","1","false","false","false","true","false","false","false","1","1","1","0.25","1","0","0","0","100","0","50","0","10","2.5","2","60","1.6","0.4","20.5","6.7","16","8.21","365","14","1","0","0","299","299","315","144","78","208","349","87758","1463","0","false","521148","206","380","877","33204","35857","20682"
"13","0.1","1","false","false","false","true","false","false","false","1","1","1","0.25","1","0","0","0","100","0","50","0","10","2.5","2","60","1.6","0.4","20.5","6.7","16","8.21","365","14","1","0","0","299","299","316","130","74","207","346","87780","1463","0","false","521148","206","380","877","33214","35863","20686"
"13","0.1","1","false","false","false","true","false","false","false","1","1","1","0.25","1","0","0","0","100","0","50","0","10","2.5","2","60","1.6","0.4","20.5","6.7","16","8.21","365","14","1","0","0","299","299","317","115","77","208","335","87800","1465","0","false","521148","206","380","879","33221","35870","20689"
"13","0.1","1","false","false","false","true","false","false","false","1","1","1","0.25","1","0","0","0","100","0","50","0","10","2.5","2","60","1.6","0.4","20.5","6.7","16","8.21","365","14","1","0","0","299","299","318","103","69","209","331","87821","1467","0","false","521125","206","380","881","33229","35887","20694"
"13","0.1","1","false","false","false","true","false","false","false","1","1","1","0.25","1","0","0","0","100","0","50","0","10","2.5","2","60","1.6","0.4","20.5","6.7","16","8.21","365","14","1","0","0","299","299","319","92","64","213","325","87839","1467","0","false","521102","206","380","881","33233","35896","20700"
"13","0.1","1","false","false","false","true","false","false","false","1","1","1","0.25","1","0","0","0","100","0","50","0","10","2.5","2","60","1.6","0.4","20.5","6.7","16","8.21","365","14","1","0","0","299","299","320","80","60","212","322","87859","1467","0","false","521102","206","380","881","33240","35903","20701"
"13","0.1","1","false","false","false","true","false","false","false","1","1","1","0.25","1","0","0","0","100","0","50","0","10","2.5","2","60","1.6","0.4","20.5","6.7","16","8.21","365","14","1","0","0","299","299","321","70","54","207","324","87877","1468","0","false","521102","207","380","881","33245","35907","20704"
"13","0.1","1","false","false","false","true","false","false","false","1","1","1","0.25","1","0","0","0","100","0","50","0","10","2.5","2","60","1.6","0.4","20.5","6.7","16","8.21","365","14","1","0","0","299","299","322","63","44","204","313","87907","1469","0","false","521090","207","380","882","33250","35914","20710"
"13","0.1","1","false","false","false","true","false","false","false","1","1","1","0.25","1","0","0","0","100","0","50","0","10","2.5","2","60","1.6","0.4","20.5","6.7","16","8.21","365","14","1","0","0","299","299","323","57","40","196","295","87943","1469","0","false","521078","207","380","882","33255","35922","20712"
"13","0.1","1","false","false","false","true","false","false","false","1","1","1","0.25","1","0","0","0","100","0","50","0","10","2.5","2","60","1.6","0.4","20.5","6.7","16","8.21","365","14","1","0","0","299","299","324","49","36","197","286","87963","1469","0","false","521078","207","380","882","33261","35924","20715"
"13","0.1","1","false","false","false","true","false","false","false","1","1","1","0.25","1","0","0","0","100","0","50","0","10","2.5","2","60","1.6","0.4","20.5","6.7","16","8.21","365","14","1","0","0","299","299","325","45","27","189","273","87997","1469","0","false","521078","207","380","882","33264","35933","20718"
"13","0.1","1","false","false","false","true","false","false","false","1","1","1","0.25","1","0","0","0","100","0","50","0","10","2.5","2","60","1.6","0.4","20.5","6.7","16","8.21","365","14","1","0","0","299","299","326","43","25","182","261","88019","1470","0","false","521078","207","380","883","33267","35934","20721"
"13","0.1","1","false","false","false","true","false","false","false","1","1","1","0.25","1","0","0","0","100","0","50","0","10","2.5","2","60","1.6","0.4","20.5","6.7","16","8.21","365","14","1","0","0","299","299","327","40","21","174","250","88045","1470","0","false","521066","207","380","883","33269","35938","20723"
"13","0.1","1","false","false","false","true","false","false","false","1","1","1","0.25","1","0","0","0","100","0","50","0","10","2.5","2","60","1.6","0.4","20.5","6.7","16","8.21","365","14","1","0","0","299","299","328","36","17","171","242","88063","1471","0","false","521066","207","380","884","33274","35939","20729"
"13","0.1","1","false","false","false","true","false","false","false","1","1","1","0.25","1","0","0","0","100","0","50","0","10","2.5","2","60","1.6","0.4","20.5","6.7","16","8.21","365","14","1","0","0","299","299","329","34","13","167","232","88082","1472","0","false","521054","207","381","884","33276","35943","20729"
"13","0.1","1","false","false","false","true","false","false","false","1","1","1","0.25","1","0","0","0","100","0","50","0","10","2.5","2","60","1.6","0.4","20.5","6.7","16","8.21","365","14","1","0","0","299","299","330","32","9","161","216","88110","1472","0","false","521042","207","381","884","33277","35946","20729"
"13","0.1","1","false","false","false","true","false","false","false","1","1","1","0.25","1","0","0","0","100","0","50","0","10","2.5","2","60","1.6","0.4","20.5","6.7","16","8.21","365","14","1","0","0","299","299","331","31","8","155","203","88131","1472","0","false","521042","207","381","884","33277","35948","20730"
"13","0.1","1","false","false","false","true","false","false","false","1","1","1","0.25","1","0","0","0","100","0","50","0","10","2.5","2","60","1.6","0.4","20.5","6.7","16","8.21","365","14","1","0","0","299","299","332","31","6","152","183","88156","1472","0","false","521042","207","381","884","33279","35950","20732"
"13","0.1","1","false","false","false","true","false","false","false","1","1","1","0.25","1","0","0","0","100","0","50","0","10","2.5","2","60","1.6","0.4","20.5","6.7","16","8.21","365","14","1","0","0","299","299","333","31","4","143","168","88182","1472","0","false","521042","207","381","884","33279","35950","20734"
"13","0.1","1","false","false","false","true","false","false","false","1","1","1","0.25","1","0","0","0","100","0","50","0","10","2.5","2","60","1.6","0.4","20.5","6.7","16","8.21","365","14","1","0","0","299","299","334","31","3","138","156","88200","1472","0","false","521042","207","381","884","33279","35951","20735"
"13","0.1","1","false","false","false","true","false","false","false","1","1","1","0.25","1","0","0","0","100","0","50","0","10","2.5","2","60","1.6","0.4","20.5","6.7","16","8.21","365","14","1","0","0","299","299","335","31","1","130","149","88217","1472","0","false","521042","207","381","884","33279","35952","20735"
"13","0.1","1","false","false","false","true","false","false","false","1","1","1","0.25","1","0","0","0","100","0","50","0","10","2.5","2","60","1.6","0.4","20.5","6.7","16","8.21","365","14","1","0","0","299","299","336","31","0","121","135","88241","1472","0","false","521042","207","381","884","33279","35952","20736"
"13","0.1","1","false","false","false","true","false","false","false","1","1","1","0.25","1","0","0","0","100","0","50","0","10","2.5","2","60","1.6","0.4","20.5","6.7","16","8.21","365","14","1","0","0","299","299","337","31","0","110","125","88262","1472","0","false","521042","207","381","884","33280","35952","20736"
"13","0.1","1","false","false","false","true","false","false","false","1","1","1","0.25","1","0","0","0","100","0","50","0","10","2.5","2","60","1.6","0.4","20.5","6.7","16","8.21","365","14","1","0","0","299","299","338","30","1","103","117","88277","1472","0","false","521042","207","381","884","33281","35952","20736"
"13","0.1","1","false","false","false","true","false","false","false","1","1","1","0.25","1","0","0","0","100","0","50","0","10","2.5","2","60","1.6","0.4","20.5","6.7","16","8.21","365","14","1","0","0","299","299","339","30","1","94","109","88293","1473","0","false","521042","208","381","884","33281","35952","20736"
"13","0.1","1","false","false","false","true","false","false","false","1","1","1","0.25","1","0","0","0","100","0","50","0","10","2.5","2","60","1.6","0.4","20.5","6.7","16","8.21","365","14","1","0","0","299","299","340","30","1","85","100","88311","1473","0","false","521031","208","381","884","33281","35952","20736"
"13","0.1","1","false","false","false","true","false","false","false","1","1","1","0.25","1","0","0","0","100","0","50","0","10","2.5","2","60","1.6","0.4","20.5","6.7","16","8.21","365","14","1","0","0","299","299","341","30","1","74","87","88334","1474","0","false","521031","209","381","884","33281","35952","20736"
"13","0.1","1","false","false","false","true","false","false","false","1","1","1","0.25","1","0","0","0","100","0","50","0","10","2.5","2","60","1.6","0.4","20.5","6.7","16","8.21","365","14","1","0","0","299","299","342","30","0","64","81","88351","1474","0","false","521019","209","381","884","33281","35952","20737"
"13","0.1","1","false","false","false","true","false","false","false","1","1","1","0.25","1","0","0","0","100","0","50","0","10","2.5","2","60","1.6","0.4","20.5","6.7","16","8.21","365","14","1","0","0","299","299","343","30","0","59","72","88365","1474","0","false","521019","209","381","884","33281","35952","20737"
"13","0.1","1","false","false","false","true","false","false","false","1","1","1","0.25","1","0","0","0","100","0","50","0","10","2.5","2","60","1.6","0.4","20.5","6.7","16","8.21","365","14","1","0","0","299","299","344","30","0","50","64","88381","1475","0","false","521019","209","381","885","33281","35952","20737"
"13","0.1","1","false","false","false","true","false","false","false","1","1","1","0.25","1","0","0","0","100","0","50","0","10","2.5","2","60","1.6","0.4","20.5","6.7","16","8.21","365","14","1","0","0","299","299","345","30","0","42","51","88402","1475","0","false","521007","209","381","885","33281","35952","20737"
"13","0.1","1","false","false","false","true","false","false","false","1","1","1","0.25","1","0","0","0","100","0","50","0","10","2.5","2","60","1.6","0.4","20.5","6.7","16","8.21","365","14","1","0","0","299","299","346","30","0","32","47","88415","1476","0","false","521007","209","382","885","33281","35952","20737"
"13","0.1","1","false","false","false","true","false","false","false","1","1","1","0.25","1","0","0","0","100","0","50","0","10","2.5","2","60","1.6","0.4","20.5","6.7","16","8.21","365","14","1","0","0","299","299","347","30","0","30","42","88422","1476","0","false","520995","209","382","885","33281","35952","20737"
"13","0.1","1","false","false","false","true","false","false","false","1","1","1","0.25","1","0","0","0","100","0","50","0","10","2.5","2","60","1.6","0.4","20.5","6.7","16","8.21","365","14","1","0","0","299","299","348","30","0","25","33","88436","1476","0","false","520995","209","382","885","33281","35952","20737"
"13","0.1","1","false","false","false","true","false","false","false","1","1","1","0.25","1","0","0","0","100","0","50","0","10","2.5","2","60","1.6","0.4","20.5","6.7","16","8.21","365","14","1","0","0","299","299","349","30","0","23","24","88447","1476","0","false","520995","209","382","885","33281","35952","20737"
"13","0.1","1","false","false","false","true","false","false","false","1","1","1","0.25","1","0","0","0","100","0","50","0","10","2.5","2","60","1.6","0.4","20.5","6.7","16","8.21","365","14","1","0","0","299","299","350","30","0","20","22","88451","1477","0","false","520995","209","382","886","33281","35952","20737"
"13","0.1","1","false","false","false","true","false","false","false","1","1","1","0.25","1","0","0","0","100","0","50","0","10","2.5","2","60","1.6","0.4","20.5","6.7","16","8.21","365","14","1","0","0","299","299","351","30","0","18","20","88455","1477","0","false","520983","209","382","886","33281","35952","20737"
"13","0.1","1","false","false","false","true","false","false","false","1","1","1","0.25","1","0","0","0","100","0","50","0","10","2.5","2","60","1.6","0.4","20.5","6.7","16","8.21","365","14","1","0","0","299","299","352","30","0","14","18","88460","1478","0","false","520983","209","382","887","33281","35952","20737"
"13","0.1","1","false","false","false","true","false","false","false","1","1","1","0.25","1","0","0","0","100","0","50","0","10","2.5","2","60","1.6","0.4","20.5","6.7","16","8.21","365","14","1","0","0","299","299","353","30","0","12","14","88466","1478","0","false","520971","209","382","887","33281","35952","20737"
"13","0.1","1","false","false","false","true","false","false","false","1","1","1","0.25","1","0","0","0","100","0","50","0","10","2.5","2","60","1.6","0.4","20.5","6.7","16","8.21","365","14","1","0","0","299","299","354","30","0","11","12","88469","1478","0","false","520971","209","382","887","33281","35952","20737"
"13","0.1","1","false","false","false","true","false","false","false","1","1","1","0.25","1","0","0","0","100","0","50","0","10","2.5","2","60","1.6","0.4","20.5","6.7","16","8.21","365","14","1","0","0","299","299","355","30","0","11","10","88471","1478","0","false","520971","209","382","887","33281","35952","20737"
"13","0.1","1","false","false","false","true","false","false","false","1","1","1","0.25","1","0","0","0","100","0","50","0","10","2.5","2","60","1.6","0.4","20.5","6.7","16","8.21","365","14","1","0","0","299","299","356","30","0","8","5","88479","1478","0","false","520971","209","382","887","33281","35952","20737"
"13","0.1","1","false","false","false","true","false","false","false","1","1","1","0.25","1","0","0","0","100","0","50","0","10","2.5","2","60","1.6","0.4","20.5","6.7","16","8.21","365","14","1","0","0","299","299","357","30","0","7","4","88481","1478","0","false","520971","209","382","887","33281","35952","20737"
"13","0.1","1","false","false","false","true","false","false","false","1","1","1","0.25","1","0","0","0","100","0","50","0","10","2.5","2","60","1.6","0.4","20.5","6.7","16","8.21","365","14","1","0","0","299","299","358","30","0","4","3","88485","1478","0","false","520971","209","382","887","33281","35952","20737"
"13","0.1","1","false","false","false","true","false","false","false","1","1","1","0.25","1","0","0","0","100","0","50","0","10","2.5","2","60","1.6","0.4","20.5","6.7","16","8.21","365","14","1","0","0","299","299","359","30","0","2","3","88487","1478","0","false","520971","209","382","887","33281","35952","20737"
"13","0.1","1","false","false","false","true","false","false","false","1","1","1","0.25","1","0","0","0","100","0","50","0","10","2.5","2","60","1.6","0.4","20.5","6.7","16","8.21","365","14","1","0","0","299","299","360","30","0","2","3","88487","1478","0","false","520971","209","382","887","33281","35952","20737"
"13","0.1","1","false","false","false","true","false","false","false","1","1","1","0.25","1","0","0","0","100","0","50","0","10","2.5","2","60","1.6","0.4","20.5","6.7","16","8.21","365","14","1","0","0","299","299","361","30","0","1","2","88489","1478","0","false","520971","209","382","887","33281","35952","20737"
"13","0.1","1","false","false","false","true","false","false","false","1","1","1","0.25","1","0","0","0","100","0","50","0","10","2.5","2","60","1.6","0.4","20.5","6.7","16","8.21","365","14","1","0","0","299","299","362","30","0","1","2","88489","1478","0","false","520971","209","382","887","33281","35952","20737"
"13","0.1","1","false","false","false","true","false","false","false","1","1","1","0.25","1","0","0","0","100","0","50","0","10","2.5","2","60","1.6","0.4","20.5","6.7","16","8.21","365","14","1","0","0","299","299","363","30","0","0","1","88491","1478","0","false","520971","209","382","887","33281","35952","20737"
"13","0.1","1","false","false","false","true","false","false","false","1","1","1","0.25","1","0","0","0","100","0","50","0","10","2.5","2","60","1.6","0.4","20.5","6.7","16","8.21","365","14","1","0","0","299","299","364","30","0","0","0","88492","1478","0","false","520971","209","382","887","33281","35952","20737"
"13","0.1","1","false","false","false","true","false","false","false","1","1","1","0.25","1","0","0","0","100","0","50","0","10","2.5","2","60","1.6","0.4","20.5","6.7","16","8.21","365","14","1","0","0","299","299","365","30","0","0","0","88492","1478","0","false","520971","209","382","887","33281","35952","20737"
"14","0.1","1","false","false","false","true","false","false","false","1","1","1","0.25","1","0","0","0","100","0","50","0.1","10","2.5","2","60","1.6","0.4","20.5","6.7","16","8.21","365","14","1","0","0","299","299","0","89910","90","0","0","0","0","0","false","0","0","0","0","0","0","0"
"14","0.1","1","false","false","false","true","false","false","false","1","1","1","0.25","1","0","0","0","100","0","50","0.1","10","2.5","2","60","1.6","0.4","20.5","6.7","16","8.21","365","14","1","0","0","299","299","1","89910","82","0","8","0","0","0","false","538585","0","0","0","3","2","0"
"14","0.1","1","false","false","false","true","false","false","false","1","1","1","0.25","1","0","0","0","100","0","50","0.1","10","2.5","2","60","1.6","0.4","20.5","6.7","16","8.21","365","14","1","0","0","299","299","2","89905","74","0","21","0","0","0","false","538585","0","0","0","7","7","1"
"14","0.1","1","false","false","false","true","false","false","false","1","1","1","0.25","1","0","0","0","100","0","50","0.1","10","2.5","2","60","1.6","0.4","20.5","6.7","16","8.21","365","14","1","0","0","299","299","3","89882","81","0","37","0","0","0","false","538585","0","0","0","11","10","3"
"14","0.1","1","false","false","false","true","false","false","false","1","1","1","0.25","1","0","0","0","100","0","50","0.1","10","2.5","2","60","1.6","0.4","20.5","6.7","16","8.21","365","14","1","0","0","299","299","4","89845","102","2","51","0","0","0","false","538585","0","0","0","18","12","5"
"14","0.1","1","false","false","false","true","false","false","false","1","1","1","0.25","1","0","0","0","100","0","50","0.1","10","2.5","2","60","1.6","0.4","20.5","6.7","16","8.21","365","14","1","0","0","299","299","5","89791","134","8","67","0","0","0","false","538585","0","0","0","21","19","10"
"14","0.1","1","false","false","false","true","false","false","false","1","1","1","0.25","1","0","0","0","100","0","50","0.1","10","2.5","2","60","1.6","0.4","20.5","6.7","16","8.21","365","14","1","0","0","299","299","6","89713","190","17","80","0","0","0","false","538585","0","0","0","34","27","16"
"14","0.1","1","false","false","false","true","false","false","false","1","1","1","0.25","1","0","0","0","100","0","50","0.1","10","2.5","2","60","1.6","0.4","20.5","6.7","16","8.21","365","14","1","0","0","299","299","7","89622","255","21","102","0","0","0","false","538585","0","0","0","40","34","20"
"14","0.1","1","false","false","false","true","false","false","false","1","1","1","0.25","1","0","0","0","100","0","50","0.1","10","2.5","2","60","1.6","0.4","20.5","6.7","16","8.21","365","14","1","0","0","299","299","8","89546","280","29","145","0","0","0","false","538585","0","0","0","56","52","31"
"14","0.1","1","false","false","false","true","false","false","false","1","1","1","0.25","1","0","0","0","100","0","50","0.1","10","2.5","2","60","1.6","0.4","20.5","6.7","16","8.21","365","14","1","0","0","299","299","9","89437","343","40","180","0","0","0","false","538585","0","0","0","70","63","40"
"14","0.1","1","false","false","false","true","false","false","false","1","1","1","0.25","1","0","0","0","100","0","50","0.1","10","2.5","2","60","1.6","0.4","20.5","6.7","16","8.21","365","14","1","0","0","299","299","10","89311","393","51","245","0","0","0","false","538585","0","0","0","91","83","54"
"14","0.1","1","false","false","false","true","false","false","false","1","1","1","0.25","1","0","0","0","100","0","50","0.1","10","2.5","2","60","1.6","0.4","20.5","6.7","16","8.21","365","14","1","0","0","299","299","11","89162","454","67","317","0","0","0","false","538585","0","0","0","118","112","69"
"14","0.1","1","false","false","false","true","false","false","false","1","1","1","0.25","1","0","0","0","100","0","50","0.1","10","2.5","2","60","1.6","0.4","20.5","6.7","16","8.21","365","14","1","0","0","299","299","12","88966","561","92","381","0","0","0","false","538585","0","0","0","147","146","83"
"14","0.1","1","false","false","false","true","false","false","false","1","1","1","0.25","1","0","0","0","100","0","50","0.1","10","2.5","2","60","1.6","0.4","20.5","6.7","16","8.21","365","14","1","0","0","299","299","13","88793","617","116","474","0","0","0","false","538585","0","0","0","175","182","106"
"14","0.1","1","false","false","false","true","false","false","false","1","1","1","0.25","1","0","0","0","100","0","50","0.1","10","2.5","2","60","1.6","0.4","20.5","6.7","16","8.21","365","14","1","0","0","299","299","14","88569","713","151","567","0","0","0","false","538585","0","0","0","212","226","137"
"14","0.1","1","false","false","false","true","false","false","false","1","1","1","0.25","1","0","0","0","100","0","50","0.1","10","2.5","2","60","1.6","0.4","20.5","6.7","16","8.21","365","14","1","0","0","299","299","15","88347","803","195","655","0","0","0","false","538585","0","0","0","257","277","161"
"14","0.1","1","false","false","false","true","false","false","false","1","1","1","0.25","1","0","0","0","100","0","50","0.1","10","2.5","2","60","1.6","0.4","20.5","6.7","16","8.21","365","14","1","0","0","299","299","16","88056","916","237","791","0","0","119","false","538585","0","0","0","304","340","195"
"14","0.1","1","false","false","false","true","false","false","false","1","1","1","0.25","1","0","0","0","100","0","50","0.1","10","2.5","2","60","1.6","0.4","20.5","6.7","16","8.21","365","14","1","0","0","299","299","17","87767","1023","297","911","2","0","602","false","537188","0","0","0","369","411","238"
"14","0.1","1","false","false","false","true","false","false","false","1","1","1","0.25","1","0","0","0","100","0","50","0.1","10","2.5","2","60","1.6","0.4","20.5","6.7","16","8.21","365","14","1","0","0","299","299","18","87504","1037","358","1099","2","0","968","false","532457","0","0","0","437","497","278"
"14","0.1","1","false","false","false","true","false","false","false","1","1","1","0.25","1","0","0","0","100","0","50","0.1","10","2.5","2","60","1.6","0.4","20.5","6.7","16","8.21","365","14","1","0","0","299","299","19","87240","1081","420","1254","5","0","1309","false","528996","0","0","0","501","572","331"
"14","0.1","1","false","false","false","true","false","false","false","1","1","1","0.25","1","0","0","0","100","0","50","0.1","10","2.5","2","60","1.6","0.4","20.5","6.7","16","8.21","365","14","1","0","0","299","299","20","86998","1067","501","1427","7","0","1681","false","525988","0","0","0","585","646","390"
"14","0.1","1","false","false","false","true","false","false","false","1","1","1","0.25","1","0","0","0","100","0","50","0.1","10","2.5","2","60","1.6","0.4","20.5","6.7","16","8.21","365","14","1","0","0","299","299","21","86740","1072","599","1574","15","0","2195","false","522804","0","0","0","671","761","450"
"14","0.1","1","false","false","false","true","false","false","false","1","1","1","0.25","1","0","0","0","100","0","50","0.1","10","2.5","2","60","1.6","0.4","20.5","6.7","16","8.21","365","14","1","0","0","299","299","22","86471","1100","709","1700","20","0","2710","false","518437","0","0","0","757","872","498"
"14","0.1","1","false","false","false","true","false","false","false","1","1","1","0.25","1","0","0","0","100","0","50","0.1","10","2.5","2","60","1.6","0.4","20.5","6.7","16","8.21","365","14","1","0","0","299","299","23","86264","1050","792","1864","30","0","3159","false","514240","0","0","0","849","982","540"
"14","0.1","1","false","false","false","true","false","false","false","1","1","1","0.25","1","0","0","0","100","0","50","0.1","10","2.5","2","60","1.6","0.4","20.5","6.7","16","8.21","365","14","1","0","0","299","299","24","86073","1001","904","1979","43","0","3652","false","510736","0","0","0","947","1086","604"
"14","0.1","1","false","false","false","true","false","false","false","1","1","1","0.25","1","0","0","0","100","0","50","0.1","10","2.5","2","60","1.6","0.4","20.5","6.7","16","8.21","365","14","1","0","0","299","299","25","85886","954","997","2099","64","0","4014","false","506943","0","0","0","1042","1174","655"
"14","0.1","1","false","false","false","true","false","false","false","1","1","1","0.25","1","0","0","0","100","0","50","0.1","10","2.5","2","60","1.6","0.4","20.5","6.7","16","8.21","365","14","1","0","0","299","299","26","85695","898","1090","2228","89","0","4446","false","504185","0","0","0","1139","1263","712"
"14","0.1","1","false","false","false","true","false","false","false","1","1","1","0.25","1","0","0","0","100","0","50","0.1","10","2.5","2","60","1.6","0.4","20.5","6.7","16","8.21","365","14","1","0","0","299","299","27","85484","867","1170","2359","118","2","4818","false","500792","0","0","2","1220","1359","769"
"14","0.1","1","false","false","false","true","false","false","false","1","1","1","0.25","1","0","0","0","100","0","50","0.1","10","2.5","2","60","1.6","0.4","20.5","6.7","16","8.21","365","14","1","0","0","299","299","28","85299","838","1258","2441","161","3","5106","false","497923","0","0","3","1309","1430","827"
"14","0.1","1","false","false","false","true","false","false","false","1","1","1","0.25","1","0","0","0","100","0","50","0.1","10","2.5","2","60","1.6","0.4","20.5","6.7","16","8.21","365","14","1","0","0","299","299","29","85108","826","1356","2495","209","6","5388","false","495512","0","1","5","1390","1520","885"
"14","0.1","1","false","false","false","true","false","false","false","1","1","1","0.25","1","0","0","0","100","0","50","0.1","10","2.5","2","60","1.6","0.4","20.5","6.7","16","8.21","365","14","1","0","0","299","299","30","84899","828","1430","2573","263","7","5534","false","492750","0","1","6","1463","1598","946"
"14","0.1","1","false","false","false","true","false","false","false","1","1","1","0.25","1","0","0","0","100","0","50","0.1","10","2.5","2","60","1.6","0.4","20.5","6.7","16","8.21","365","14","1","0","0","299","299","31","84709","819","1503","2634","325","10","5571","false","491209","1","2","7","1552","1681","983"
"14","0.1","1","false","false","false","true","false","false","false","1","1","1","0.25","1","0","0","0","100","0","50","0.1","10","2.5","2","60","1.6","0.4","20.5","6.7","16","8.21","365","14","1","0","0","299","299","32","84455","879","1574","2684","395","13","5792","false","490272","1","3","9","1625","1768","1024"
"14","0.1","1","false","false","false","true","false","false","false","1","1","1","0.25","1","0","0","0","100","0","50","0.1","10","2.5","2","60","1.6","0.4","20.5","6.7","16","8.21","365","14","1","0","0","299","299","33","84146","998","1617","2735","489","15","5897","false","488166","1","4","10","1693","1851","1073"
"14","0.1","1","false","false","false","true","false","false","false","1","1","1","0.25","1","0","0","0","100","0","50","0.1","10","2.5","2","60","1.6","0.4","20.5","6.7","16","8.21","365","14","1","0","0","299","299","34","83843","1087","1675","2795","583","17","5950","false","486916","1","4","12","1783","1925","1121"
"14","0.1","1","false","false","false","true","false","false","false","1","1","1","0.25","1","0","0","0","100","0","50","0.1","10","2.5","2","60","1.6","0.4","20.5","6.7","16","8.21","365","14","1","0","0","299","299","35","83522","1194","1715","2854","693","22","5940","false","485973","1","9","12","1859","2015","1168"
"14","0.1","1","false","false","false","true","false","false","false","1","1","1","0.25","1","0","0","0","100","0","50","0.1","10","2.5","2","60","1.6","0.4","20.5","6.7","16","8.21","365","14","1","0","0","299","299","36","83141","1320","1746","2959","812","22","5986","false","485684","1","9","12","1933","2108","1215"
"14","0.1","1","false","false","false","true","false","false","false","1","1","1","0.25","1","0","0","0","100","0","50","0.1","10","2.5","2","60","1.6","0.4","20.5","6.7","16","8.21","365","14","1","0","0","299","299","37","82803","1363","1776","3082","949","27","6035","false","484982","2","10","15","2036","2209","1264"
"14","0.1","1","false","false","false","true","false","false","false","1","1","1","0.25","1","0","0","0","100","0","50","0.1","10","2.5","2","60","1.6","0.4","20.5","6.7","16","8.21","365","14","1","0","0","299","299","38","82460","1406","1830","3169","1104","31","6060","false","484135","3","10","18","2130","2341","1333"
"14","0.1","1","false","false","false","true","false","false","false","1","1","1","0.25","1","0","0","0","100","0","50","0.1","10","2.5","2","60","1.6","0.4","20.5","6.7","16","8.21","365","14","1","0","0","299","299","39","82051","1495","1872","3284","1263","35","6246","false","483411","3","11","21","2246","2452","1405"
"14","0.1","1","false","false","false","true","false","false","false","1","1","1","0.25","1","0","0","0","100","0","50","0.1","10","2.5","2","60","1.6","0.4","20.5","6.7","16","8.21","365","14","1","0","0","299","299","40","81663","1539","1909","3410","1441","38","6339","false","481545","4","11","23","2381","2563","1483"
"14","0.1","1","false","false","false","true","false","false","false","1","1","1","0.25","1","0","0","0","100","0","50","0.1","10","2.5","2","60","1.6","0.4","20.5","6.7","16","8.21","365","14","1","0","0","299","299","41","81245","1597","1953","3556","1608","41","6371","false","480513","4","11","26","2500","2694","1560"
"14","0.1","1","false","false","false","true","false","false","false","1","1","1","0.25","1","0","0","0","100","0","50","0.1","10","2.5","2","60","1.6","0.4","20.5","6.7","16","8.21","365","14","1","0","0","299","299","42","80831","1662","2020","3657","1788","42","6406","false","479874","4","11","27","2628","2822","1643"
"14","0.1","1","false","false","false","true","false","false","false","1","1","1","0.25","1","0","0","0","100","0","50","0.1","10","2.5","2","60","1.6","0.4","20.5","6.7","16","8.21","365","14","1","0","0","299","299","43","80415","1713","2078","3782","1965","47","6433","false","479135","5","12","30","2768","2963","1700"
"14","0.1","1","false","false","false","true","false","false","false","1","1","1","0.25","1","0","0","0","100","0","50","0.1","10","2.5","2","60","1.6","0.4","20.5","6.7","16","8.21","365","14","1","0","0","299","299","44","79987","1741","2144","3921","2159","48","6497","false","478550","5","12","31","2915","3121","1774"
"14","0.1","1","false","false","false","true","false","false","false","1","1","1","0.25","1","0","0","0","100","0","50","0.1","10","2.5","2","60","1.6","0.4","20.5","6.7","16","8.21","365","14","1","0","0","299","299","45","79530","1774","2230","4068","2345","53","6562","false","477717","5","14","34","3080","3280","1865"
"14","0.1","1","false","false","false","true","false","false","false","1","1","1","0.25","1","0","0","0","100","0","50","0.1","10","2.5","2","60","1.6","0.4","20.5","6.7","16","8.21","365","14","1","0","0","299","299","46","79066","1827","2293","4200","2555","59","6697","false","477041","6","15","38","3236","3452","1950"
"14","0.1","1","false","false","false","true","false","false","false","1","1","1","0.25","1","0","0","0","100","0","50","0.1","10","2.5","2","60","1.6","0.4","20.5","6.7","16","8.21","365","14","1","0","0","299","299","47","78612","1867","2347","4355","2756","63","6863","false","475750","6","17","40","3383","3614","2041"
"14","0.1","1","false","false","false","true","false","false","false","1","1","1","0.25","1","0","0","0","100","0","50","0.1","10","2.5","2","60","1.6","0.4","20.5","6.7","16","8.21","365","14","1","0","0","299","299","48","78156","1882","2437","4491","2970","64","7092","false","474293","6","17","41","3534","3772","2166"
"14","0.1","1","false","false","false","true","false","false","false","1","1","1","0.25","1","0","0","0","100","0","50","0.1","10","2.5","2","60","1.6","0.4","20.5","6.7","16","8.21","365","14","1","0","0","299","299","49","77696","1925","2520","4604","3185","70","7175","false","472385","7","17","46","3680","3942","2263"
"14","0.1","1","false","false","false","true","false","false","false","1","1","1","0.25","1","0","0","0","100","0","50","0.1","10","2.5","2","60","1.6","0.4","20.5","6.7","16","8.21","365","14","1","0","0","299","299","50","77235","1930","2567","4784","3409","75","7338","false","471643","8","17","50","3850","4123","2351"
"14","0.1","1","false","false","false","true","false","false","false","1","1","1","0.25","1","0","0","0","100","0","50","0.1","10","2.5","2","60","1.6","0.4","20.5","6.7","16","8.21","365","14","1","0","0","299","299","51","76807","1938","2668","4889","3619","79","7460","false","470050","8","18","53","4020","4290","2450"
"14","0.1","1","false","false","false","true","false","false","false","1","1","1","0.25","1","0","0","0","100","0","50","0.1","10","2.5","2","60","1.6","0.4","20.5","6.7","16","8.21","365","14","1","0","0","299","299","52","76351","1955","2750","4997","3867","80","7593","false","469019","8","19","53","4186","4474","2542"
"14","0.1","1","false","false","false","true","false","false","false","1","1","1","0.25","1","0","0","0","100","0","50","0.1","10","2.5","2","60","1.6","0.4","20.5","6.7","16","8.21","365","14","1","0","0","299","299","53","75891","1951","2818","5155","4104","81","7587","false","467885","8","19","54","4338","4645","2644"
"14","0.1","1","false","false","false","true","false","false","false","1","1","1","0.25","1","0","0","0","100","0","50","0.1","10","2.5","2","60","1.6","0.4","20.5","6.7","16","8.21","365","14","1","0","0","299","299","54","75440","1964","2886","5300","4325","85","7639","false","467742","9","19","57","4499","4801","2753"
"14","0.1","1","false","false","false","true","false","false","false","1","1","1","0.25","1","0","0","0","100","0","50","0.1","10","2.5","2","60","1.6","0.4","20.5","6.7","16","8.21","365","14","1","0","0","299","299","55","74988","1910","2985","5491","4534","92","7751","false","467086","10","20","62","4675","4989","2857"
"14","0.1","1","false","false","false","true","false","false","false","1","1","1","0.25","1","0","0","0","100","0","50","0.1","10","2.5","2","60","1.6","0.4","20.5","6.7","16","8.21","365","14","1","0","0","299","299","56","74529","1938","3046","5578","4811","98","7855","false","466012","11","22","65","4819","5185","2953"
"14","0.1","1","false","false","false","true","false","false","false","1","1","1","0.25","1","0","0","0","100","0","50","0.1","10","2.5","2","60","1.6","0.4","20.5","6.7","16","8.21","365","14","1","0","0","299","299","57","74049","1963","3134","5683","5069","102","8002","false","464823","11","24","67","4995","5381","3070"
"14","0.1","1","false","false","false","true","false","false","false","1","1","1","0.25","1","0","0","0","100","0","50","0.1","10","2.5","2","60","1.6","0.4","20.5","6.7","16","8.21","365","14","1","0","0","299","299","58","73524","2034","3205","5801","5324","112","8118","false","463301","12","28","72","5168","5541","3177"
"14","0.1","1","false","false","false","true","false","false","false","1","1","1","0.25","1","0","0","0","100","0","50","0.1","10","2.5","2","60","1.6","0.4","20.5","6.7","16","8.21","365","14","1","0","0","299","299","59","73031","2079","3304","5880","5589","117","8241","false","462284","14","29","74","5338","5714","3297"
"14","0.1","1","false","false","false","true","false","false","false","1","1","1","0.25","1","0","0","0","100","0","50","0.1","10","2.5","2","60","1.6","0.4","20.5","6.7","16","8.21","365","14","1","0","0","299","299","60","72554","2053","3351","5983","5938","121","8308","false","461118","14","31","76","5497","5918","3408"
"14","0.1","1","false","false","false","true","false","false","false","1","1","1","0.25","1","0","0","0","100","0","50","0.1","10","2.5","2","60","1.6","0.4","20.5","6.7","16","8.21","365","14","1","0","0","299","299","61","72037","2123","3430","6059","6225","126","8431","false","460285","14","31","81","5647","6090","3524"
"14","0.1","1","false","false","false","true","false","false","false","1","1","1","0.25","1","0","0","0","100","0","50","0.1","10","2.5","2","60","1.6","0.4","20.5","6.7","16","8.21","365","14","1","0","0","299","299","62","71537","2105","3526","6186","6513","133","8428","false","458947","15","33","85","5832","6282","3643"
"14","0.1","1","false","false","false","true","false","false","false","1","1","1","0.25","1","0","0","0","100","0","50","0.1","10","2.5","2","60","1.6","0.4","20.5","6.7","16","8.21","365","14","1","0","0","299","299","63","71022","2136","3584","6292","6829","137","8579","false","458784","16","33","88","6013","6457","3765"
"14","0.1","1","false","false","false","true","false","false","false","1","1","1","0.25","1","0","0","0","100","0","50","0.1","10","2.5","2","60","1.6","0.4","20.5","6.7","16","8.21","365","14","1","0","0","299","299","64","70529","2138","3652","6364","7175","142","8685","false","457514","16","35","91","6172","6648","3873"
"14","0.1","1","false","false","false","true","false","false","false","1","1","1","0.25","1","0","0","0","100","0","50","0.1","10","2.5","2","60","1.6","0.4","20.5","6.7","16","8.21","365","14","1","0","0","299","299","65","69985","2208","3726","6404","7533","144","9010","false","456612","16","35","93","6370","6844","4005"
"14","0.1","1","false","false","false","true","false","false","false","1","1","1","0.25","1","0","0","0","100","0","50","0.1","10","2.5","2","60","1.6","0.4","20.5","6.7","16","8.21","365","14","1","0","0","299","299","66","69472","2208","3787","6509","7873","151","9119","false","454083","16","37","98","6561","7048","4127"
"14","0.1","1","false","false","false","true","false","false","false","1","1","1","0.25","1","0","0","0","100","0","50","0.1","10","2.5","2","60","1.6","0.4","20.5","6.7","16","8.21","365","14","1","0","0","299","299","67","68933","2207","3844","6594","8267","155","9280","false","453021","18","38","99","6767","7259","4233"
"14","0.1","1","false","false","false","true","false","false","false","1","1","1","0.25","1","0","0","0","100","0","50","0.1","10","2.5","2","60","1.6","0.4","20.5","6.7","16","8.21","365","14","1","0","0","299","299","68","68413","2221","3925","6644","8637","160","9438","false","451691","18","38","104","6954","7460","4364"
"14","0.1","1","false","false","false","true","false","false","false","1","1","1","0.25","1","0","0","0","100","0","50","0.1","10","2.5","2","60","1.6","0.4","20.5","6.7","16","8.21","365","14","1","0","0","299","299","69","67909","2200","3965","6728","9033","165","9522","false","450351","18","40","107","7147","7663","4465"
"14","0.1","1","false","false","false","true","false","false","false","1","1","1","0.25","1","0","0","0","100","0","50","0.1","10","2.5","2","60","1.6","0.4","20.5","6.7","16","8.21","365","14","1","0","0","299","299","70","67354","2262","3997","6786","9430","171","9595","false","449444","19","42","110","7349","7837","4582"
"14","0.1","1","false","false","false","true","false","false","false","1","1","1","0.25","1","0","0","0","100","0","50","0.1","10","2.5","2","60","1.6","0.4","20.5","6.7","16","8.21","365","14","1","0","0","299","299","71","66814","2257","4064","6888","9801","176","9601","false","448710","19","43","114","7554","8062","4714"
"14","0.1","1","false","false","false","true","false","false","false","1","1","1","0.25","1","0","0","0","100","0","50","0.1","10","2.5","2","60","1.6","0.4","20.5","6.7","16","8.21","365","14","1","0","0","299","299","72","66262","2323","4097","6924","10207","187","9580","false","448416","20","47","120","7758","8262","4814"
"14","0.1","1","false","false","false","true","false","false","false","1","1","1","0.25","1","0","0","0","100","0","50","0.1","10","2.5","2","60","1.6","0.4","20.5","6.7","16","8.21","365","14","1","0","0","299","299","73","65697","2368","4126","6969","10646","194","9584","false","448105","22","50","122","7956","8463","4931"
"14","0.1","1","false","false","false","true","false","false","false","1","1","1","0.25","1","0","0","0","100","0","50","0.1","10","2.5","2","60","1.6","0.4","20.5","6.7","16","8.21","365","14","1","0","0","299","299","74","65096","2438","4150","7026","11087","203","9598","false","447804","25","52","126","8119","8678","5071"
"14","0.1","1","false","false","false","true","false","false","false","1","1","1","0.25","1","0","0","0","100","0","50","0.1","10","2.5","2","60","1.6","0.4","20.5","6.7","16","8.21","365","14","1","0","0","299","299","75","64534","2430","4168","7159","11492","217","9680","false","447569","27","55","135","8305","8884","5186"
"14","0.1","1","false","false","false","true","false","false","false","1","1","1","0.25","1","0","0","0","100","0","50","0.1","10","2.5","2","60","1.6","0.4","20.5","6.7","16","8.21","365","14","1","0","0","299","299","76","63906","2531","4206","7192","11941","224","9788","false","446721","27","57","140","8495","9093","5314"
"14","0.1","1","false","false","false","true","false","false","false","1","1","1","0.25","1","0","0","0","100","0","50","0.1","10","2.5","2","60","1.6","0.4","20.5","6.7","16","8.21","365","14","1","0","0","299","299","77","63294","2557","4230","7300","12390","229","9678","false","445583","27","58","144","8716","9307","5432"
"14","0.1","1","false","false","false","true","false","false","false","1","1","1","0.25","1","0","0","0","100","0","50","0.1","10","2.5","2","60","1.6","0.4","20.5","6.7","16","8.21","365","14","1","0","0","299","299","78","62684","2584","4268","7407","12820","237","9870","false","446110","29","61","147","8934","9534","5554"
"14","0.1","1","false","false","false","true","false","false","false","1","1","1","0.25","1","0","0","0","100","0","50","0.1","10","2.5","2","60","1.6","0.4","20.5","6.7","16","8.21","365","14","1","0","0","299","299","79","62051","2642","4353","7478","13230","246","9997","false","444488","32","62","152","9160","9775","5693"
"14","0.1","1","false","false","false","true","false","false","false","1","1","1","0.25","1","0","0","0","100","0","50","0.1","10","2.5","2","60","1.6","0.4","20.5","6.7","16","8.21","365","14","1","0","0","299","299","80","61432","2631","4393","7583","13704","257","10121","false","443308","35","64","158","9401","10023","5826"
"14","0.1","1","false","false","false","true","false","false","false","1","1","1","0.25","1","0","0","0","100","0","50","0.1","10","2.5","2","60","1.6","0.4","20.5","6.7","16","8.21","365","14","1","0","0","299","299","81","60815","2636","4422","7691","14170","266","10162","false","442055","35","69","162","9627","10253","5953"
"14","0.1","1","false","false","false","true","false","false","false","1","1","1","0.25","1","0","0","0","100","0","50","0.1","10","2.5","2","60","1.6","0.4","20.5","6.7","16","8.21","365","14","1","0","0","299","299","82","60195","2633","4480","7774","14648","270","10231","false","441573","35","70","165","9848","10512","6088"
"14","0.1","1","false","false","false","true","false","false","false","1","1","1","0.25","1","0","0","0","100","0","50","0.1","10","2.5","2","60","1.6","0.4","20.5","6.7","16","8.21","365","14","1","0","0","299","299","83","59589","2624","4519","7868","15120","280","10351","false","440918","36","72","172","10077","10772","6226"
"14","0.1","1","false","false","false","true","false","false","false","1","1","1","0.25","1","0","0","0","100","0","50","0.1","10","2.5","2","60","1.6","0.4","20.5","6.7","16","8.21","365","14","1","0","0","299","299","84","58942","2621","4547","8009","15592","289","10498","false","439653","37","77","175","10308","11017","6376"
"14","0.1","1","false","false","false","true","false","false","false","1","1","1","0.25","1","0","0","0","100","0","50","0.1","10","2.5","2","60","1.6","0.4","20.5","6.7","16","8.21","365","14","1","0","0","299","299","85","58303","2657","4602","8072","16070","296","10577","false","438571","37","81","178","10516","11243","6528"
"14","0.1","1","false","false","false","true","false","false","false","1","1","1","0.25","1","0","0","0","100","0","50","0.1","10","2.5","2","60","1.6","0.4","20.5","6.7","16","8.21","365","14","1","0","0","299","299","86","57679","2645","4665","8151","16553","307","10712","false","437710","40","84","183","10737","11502","6666"
"14","0.1","1","false","false","false","true","false","false","false","1","1","1","0.25","1","0","0","0","100","0","50","0.1","10","2.5","2","60","1.6","0.4","20.5","6.7","16","8.21","365","14","1","0","0","299","299","87","57044","2693","4706","8214","17030","313","10792","false","436372","42","84","187","10939","11749","6804"
"14","0.1","1","false","false","false","true","false","false","false","1","1","1","0.25","1","0","0","0","100","0","50","0.1","10","2.5","2","60","1.6","0.4","20.5","6.7","16","8.21","365","14","1","0","0","299","299","88","56441","2678","4787","8268","17506","320","11007","false","435792","42","85","193","11172","11984","6966"
"14","0.1","1","false","false","false","true","false","false","false","1","1","1","0.25","1","0","0","0","100","0","50","0.1","10","2.5","2","60","1.6","0.4","20.5","6.7","16","8.21","365","14","1","0","0","299","299","89","55870","2633","4838","8302","18028","329","11040","false","434040","43","88","198","11420","12246","7107"
"14","0.1","1","false","false","false","true","false","false","false","1","1","1","0.25","1","0","0","0","100","0","50","0.1","10","2.5","2","60","1.6","0.4","20.5","6.7","16","8.21","365","14","1","0","0","299","299","90","55284","2591","4892","8400","18498","335","10997","false","433555","43","88","204","11652","12473","7256"
"14","0.1","1","false","false","false","true","false","false","false","1","1","1","0.25","1","0","0","0","100","0","50","0.1","10","2.5","2","60","1.6","0.4","20.5","6.7","16","8.21","365","14","1","0","0","299","299","91","54628","2646","4943","8475","18962","346","10962","false","433918","44","91","211","11898","12698","7380"
"14","0.1","1","false","false","false","true","false","false","false","1","1","1","0.25","1","0","0","0","100","0","50","0.1","10","2.5","2","60","1.6","0.4","20.5","6.7","16","8.21","365","14","1","0","0","299","299","92","54003","2674","5001","8486","19480","356","11105","false","433986","45","95","216","12130","12932","7528"
"14","0.1","1","false","false","false","true","false","false","false","1","1","1","0.25","1","0","0","0","100","0","50","0.1","10","2.5","2","60","1.6","0.4","20.5","6.7","16","8.21","365","14","1","0","0","299","299","93","53351","2734","5055","8518","19980","362","11067","false","432740","45","95","222","12346","13176","7651"
"14","0.1","1","false","false","false","true","false","false","false","1","1","1","0.25","1","0","0","0","100","0","50","0.1","10","2.5","2","60","1.6","0.4","20.5","6.7","16","8.21","365","14","1","0","0","299","299","94","52690","2735","5104","8636","20466","369","11021","false","432720","45","97","227","12587","13444","7780"
"14","0.1","1","false","false","false","true","false","false","false","1","1","1","0.25","1","0","0","0","100","0","50","0.1","10","2.5","2","60","1.6","0.4","20.5","6.7","16","8.21","365","14","1","0","0","299","299","95","52070","2711","5132","8684","21024","379","11084","false","432720","46","98","235","12843","13697","7917"
"14","0.1","1","false","false","false","true","false","false","false","1","1","1","0.25","1","0","0","0","100","0","50","0.1","10","2.5","2","60","1.6","0.4","20.5","6.7","16","8.21","365","14","1","0","0","299","299","96","51433","2730","5169","8727","21549","392","11098","false","432038","46","102","244","13072","13937","8049"
"14","0.1","1","false","false","false","true","false","false","false","1","1","1","0.25","1","0","0","0","100","0","50","0.1","10","2.5","2","60","1.6","0.4","20.5","6.7","16","8.21","365","14","1","0","0","299","299","97","50776","2767","5220","8778","22053","406","11213","false","431734","51","105","250","13312","14202","8183"
"14","0.1","1","false","false","false","true","false","false","false","1","1","1","0.25","1","0","0","0","100","0","50","0.1","10","2.5","2","60","1.6","0.4","20.5","6.7","16","8.21","365","14","1","0","0","299","299","98","50129","2751","5256","8817","22629","418","11257","false","430795","52","107","259","13549","14460","8353"
"14","0.1","1","false","false","false","true","false","false","false","1","1","1","0.25","1","0","0","0","100","0","50","0.1","10","2.5","2","60","1.6","0.4","20.5","6.7","16","8.21","365","14","1","0","0","299","299","99","49533","2708","5273","8854","23202","430","11238","false","430110","53","110","267","13761","14745","8498"
"14","0.1","1","false","false","false","true","false","false","false","1","1","1","0.25","1","0","0","0","100","0","50","0.1","10","2.5","2","60","1.6","0.4","20.5","6.7","16","8.21","365","14","1","0","0","299","299","100","48878","2731","5322","8900","23731","438","11225","false","429918","53","112","273","13978","14982","8672"
"14","0.1","1","false","false","false","true","false","false","false","1","1","1","0.25","1","0","0","0","100","0","50","0.1","10","2.5","2","60","1.6","0.4","20.5","6.7","16","8.21","365","14","1","0","0","299","299","101","48250","2719","5342","8921","24317","451","11157","false","429890","54","116","281","14214","15255","8805"
"14","0.1","1","false","false","false","true","false","false","false","1","1","1","0.25","1","0","0","0","100","0","50","0.1","10","2.5","2","60","1.6","0.4","20.5","6.7","16","8.21","365","14","1","0","0","299","299","102","47581","2762","5352","8955","24891","459","11165","false","430074","54","117","288","14457","15484","8962"
"14","0.1","1","false","false","false","true","false","false","false","1","1","1","0.25","1","0","0","0","100","0","50","0.1","10","2.5","2","60","1.6","0.4","20.5","6.7","16","8.21","365","14","1","0","0","299","299","103","46908","2806","5371","8972","25473","470","11102","false","430012","56","121","293","14691","15727","9107"
"14","0.1","1","false","false","false","true","false","false","false","1","1","1","0.25","1","0","0","0","100","0","50","0.1","10","2.5","2","60","1.6","0.4","20.5","6.7","16","8.21","365","14","1","0","0","299","299","104","46310","2754","5383","9002","26069","482","11164","false","430397","57","125","300","14921","15986","9257"
"14","0.1","1","false","false","false","true","false","false","false","1","1","1","0.25","1","0","0","0","100","0","50","0.1","10","2.5","2","60","1.6","0.4","20.5","6.7","16","8.21","365","14","1","0","0","299","299","105","45646","2752","5431","9064","26617","490","11248","false","429751","58","127","305","15154","16261","9397"
"14","0.1","1","false","false","false","true","false","false","false","1","1","1","0.25","1","0","0","0","100","0","50","0.1","10","2.5","2","60","1.6","0.4","20.5","6.7","16","8.21","365","14","1","0","0","299","299","106","45005","2757","5441","9096","27202","499","11098","false","429024","58","127","314","15382","16506","9553"
"14","0.1","1","false","false","false","true","false","false","false","1","1","1","0.25","1","0","0","0","100","0","50","0.1","10","2.5","2","60","1.6","0.4","20.5","6.7","16","8.21","365","14","1","0","0","299","299","107","44329","2784","5487","9080","27814","506","11225","false","430136","58","128","320","15628","16766","9694"
"14","0.1","1","false","false","false","true","false","false","false","1","1","1","0.25","1","0","0","0","100","0","50","0.1","10","2.5","2","60","1.6","0.4","20.5","6.7","16","8.21","365","14","1","0","0","299","299","108","43700","2801","5508","9075","28397","519","11195","false","429086","59","130","330","15846","17010","9843"
"14","0.1","1","false","false","false","true","false","false","false","1","1","1","0.25","1","0","0","0","100","0","50","0.1","10","2.5","2","60","1.6","0.4","20.5","6.7","16","8.21","365","14","1","0","0","299","299","109","43106","2757","5535","9121","28950","531","11102","false","429250","63","134","334","16080","17254","9991"
"14","0.1","1","false","false","false","true","false","false","false","1","1","1","0.25","1","0","0","0","100","0","50","0.1","10","2.5","2","60","1.6","0.4","20.5","6.7","16","8.21","365","14","1","0","0","299","299","110","42521","2632","5537","9169","29594","547","11062","false","429891","65","139","343","16335","17539","10168"
"14","0.1","1","false","false","false","true","false","false","false","1","1","1","0.25","1","0","0","0","100","0","50","0.1","10","2.5","2","60","1.6","0.4","20.5","6.7","16","8.21","365","14","1","0","0","299","299","111","41893","2634","5566","9147","30204","556","10955","false","429997","67","140","349","16572","17786","10313"
"14","0.1","1","false","false","false","true","false","false","false","1","1","1","0.25","1","0","0","0","100","0","50","0.1","10","2.5","2","60","1.6","0.4","20.5","6.7","16","8.21","365","14","1","0","0","299","299","112","41260","2622","5568","9197","30790","563","10871","false","430574","68","141","354","16819","18037","10460"
"14","0.1","1","false","false","false","true","false","false","false","1","1","1","0.25","1","0","0","0","100","0","50","0.1","10","2.5","2","60","1.6","0.4","20.5","6.7","16","8.21","365","14","1","0","0","299","299","113","40632","2629","5585","9188","31394","572","10876","false","431173","69","145","358","17094","18296","10604"
"14","0.1","1","false","false","false","true","false","false","false","1","1","1","0.25","1","0","0","0","100","0","50","0.1","10","2.5","2","60","1.6","0.4","20.5","6.7","16","8.21","365","14","1","0","0","299","299","114","40002","2652","5597","9178","31988","583","10787","false","431125","69","147","367","17303","18532","10741"
"14","0.1","1","false","false","false","true","false","false","false","1","1","1","0.25","1","0","0","0","100","0","50","0.1","10","2.5","2","60","1.6","0.4","20.5","6.7","16","8.21","365","14","1","0","0","299","299","115","39389","2636","5593","9195","32590","597","10906","false","431714","70","152","375","17545","18796","10885"
"14","0.1","1","false","false","false","true","false","false","false","1","1","1","0.25","1","0","0","0","100","0","50","0.1","10","2.5","2","60","1.6","0.4","20.5","6.7","16","8.21","365","14","1","0","0","299","299","116","38802","2610","5596","9154","33232","606","10890","false","430801","72","154","380","17772","19046","11022"
"14","0.1","1","false","false","false","true","false","false","false","1","1","1","0.25","1","0","0","0","100","0","50","0.1","10","2.5","2","60","1.6","0.4","20.5","6.7","16","8.21","365","14","1","0","0","299","299","117","38238","2530","5591","9198","33827","616","10782","false","431083","74","156","386","18019","19302","11154"
"14","0.1","1","false","false","false","true","false","false","false","1","1","1","0.25","1","0","0","0","100","0","50","0.1","10","2.5","2","60","1.6","0.4","20.5","6.7","16","8.21","365","14","1","0","0","299","299","118","37650","2527","5615","9177","34407","624","10657","false","431977","75","158","391","18249","19545","11305"
"14","0.1","1","false","false","false","true","false","false","false","1","1","1","0.25","1","0","0","0","100","0","50","0.1","10","2.5","2","60","1.6","0.4","20.5","6.7","16","8.21","365","14","1","0","0","299","299","119","37045","2545","5587","9123","35065","635","10576","false","432867","78","161","396","18490","19780","11422"
"14","0.1","1","false","false","false","true","false","false","false","1","1","1","0.25","1","0","0","0","100","0","50","0.1","10","2.5","2","60","1.6","0.4","20.5","6.7","16","8.21","365","14","1","0","0","299","299","120","36486","2493","5581","9107","35688","645","10537","false","433589","79","167","399","18719","20031","11547"
"14","0.1","1","false","false","false","true","false","false","false","1","1","1","0.25","1","0","0","0","100","0","50","0.1","10","2.5","2","60","1.6","0.4","20.5","6.7","16","8.21","365","14","1","0","0","299","299","121","35909","2468","5564","9067","36330","662","10449","false","433890","80","171","411","18934","20260","11693"
"14","0.1","1","false","false","false","true","false","false","false","1","1","1","0.25","1","0","0","0","100","0","50","0.1","10","2.5","2","60","1.6","0.4","20.5","6.7","16","8.21","365","14","1","0","0","299","299","122","35394","2400","5578","8989","36963","676","10278","false","434406","81","176","419","19185","20506","11836"
"14","0.1","1","false","false","false","true","false","false","false","1","1","1","0.25","1","0","0","0","100","0","50","0.1","10","2.5","2","60","1.6","0.4","20.5","6.7","16","8.21","365","14","1","0","0","299","299","123","34830","2369","5499","9001","37606","695","10150","false","435590","85","183","427","19393","20717","11973"
"14","0.1","1","false","false","false","true","false","false","false","1","1","1","0.25","1","0","0","0","100","0","50","0.1","10","2.5","2","60","1.6","0.4","20.5","6.7","16","8.21","365","14","1","0","0","299","299","124","34265","2381","5455","8922","38269","708","10017","false","436293","85","187","436","19603","20928","12112"
"14","0.1","1","false","false","false","true","false","false","false","1","1","1","0.25","1","0","0","0","100","0","50","0.1","10","2.5","2","60","1.6","0.4","20.5","6.7","16","8.21","365","14","1","0","0","299","299","125","33705","2347","5482","8863","38888","715","9932","false","437272","85","190","440","19817","21172","12256"
"14","0.1","1","false","false","false","true","false","false","false","1","1","1","0.25","1","0","0","0","100","0","50","0.1","10","2.5","2","60","1.6","0.4","20.5","6.7","16","8.21","365","14","1","0","0","299","299","126","33162","2354","5431","8787","39540","726","9880","false","437930","86","192","448","20012","21389","12382"
"14","0.1","1","false","false","false","true","false","false","false","1","1","1","0.25","1","0","0","0","100","0","50","0.1","10","2.5","2","60","1.6","0.4","20.5","6.7","16","8.21","365","14","1","0","0","299","299","127","32577","2402","5439","8710","40135","737","9811","false","438095","87","194","456","20213","21621","12501"
"14","0.1","1","false","false","false","true","false","false","false","1","1","1","0.25","1","0","0","0","100","0","50","0.1","10","2.5","2","60","1.6","0.4","20.5","6.7","16","8.21","365","14","1","0","0","299","299","128","32010","2422","5413","8643","40765","747","9764","false","438693","88","195","464","20431","21834","12637"
"14","0.1","1","false","false","false","true","false","false","false","1","1","1","0.25","1","0","0","0","100","0","50","0.1","10","2.5","2","60","1.6","0.4","20.5","6.7","16","8.21","365","14","1","0","0","299","299","129","31438","2436","5410","8570","41392","754","9540","false","439008","89","197","468","20636","22056","12781"
"14","0.1","1","false","false","false","true","false","false","false","1","1","1","0.25","1","0","0","0","100","0","50","0.1","10","2.5","2","60","1.6","0.4","20.5","6.7","16","8.21","365","14","1","0","0","299","299","130","30916","2373","5335","8596","42009","771","9410","false","440814","93","200","478","20842","22270","12901"
"14","0.1","1","false","false","false","true","false","false","false","1","1","1","0.25","1","0","0","0","100","0","50","0.1","10","2.5","2","60","1.6","0.4","20.5","6.7","16","8.21","365","14","1","0","0","299","299","131","30384","2344","5329","8541","42621","781","9376","false","441852","97","202","482","21072","22511","13021"
"14","0.1","1","false","false","false","true","false","false","false","1","1","1","0.25","1","0","0","0","100","0","50","0.1","10","2.5","2","60","1.6","0.4","20.5","6.7","16","8.21","365","14","1","0","0","299","299","132","29807","2369","5288","8497","43247","792","9348","false","442267","100","204","488","21270","22738","13154"
"14","0.1","1","false","false","false","true","false","false","false","1","1","1","0.25","1","0","0","0","100","0","50","0.1","10","2.5","2","60","1.6","0.4","20.5","6.7","16","8.21","365","14","1","0","0","299","299","133","29259","2321","5253","8487","43878","802","9337","false","442413","101","207","494","21472","22974","13297"
"14","0.1","1","false","false","false","true","false","false","false","1","1","1","0.25","1","0","0","0","100","0","50","0.1","10","2.5","2","60","1.6","0.4","20.5","6.7","16","8.21","365","14","1","0","0","299","299","134","28730","2317","5248","8416","44476","813","9289","false","442343","104","209","500","21685","23169","13423"
"14","0.1","1","false","false","false","true","false","false","false","1","1","1","0.25","1","0","0","0","100","0","50","0.1","10","2.5","2","60","1.6","0.4","20.5","6.7","16","8.21","365","14","1","0","0","299","299","135","28246","2279","5193","8346","45112","824","9235","false","442748","105","212","507","21871","23362","13545"
"14","0.1","1","false","false","false","true","false","false","false","1","1","1","0.25","1","0","0","0","100","0","50","0.1","10","2.5","2","60","1.6","0.4","20.5","6.7","16","8.21","365","14","1","0","0","299","299","136","27777","2191","5177","8279","45741","835","9271","false","442970","107","212","516","22095","23602","13669"
"14","0.1","1","false","false","false","true","false","false","false","1","1","1","0.25","1","0","0","0","100","0","50","0.1","10","2.5","2","60","1.6","0.4","20.5","6.7","16","8.21","365","14","1","0","0","299","299","137","27307","2150","5136","8197","46366","844","9155","false","442609","107","214","523","22288","23815","13791"
"14","0.1","1","false","false","false","true","false","false","false","1","1","1","0.25","1","0","0","0","100","0","50","0.1","10","2.5","2","60","1.6","0.4","20.5","6.7","16","8.21","365","14","1","0","0","299","299","138","26815","2132","5104","8096","46997","856","9062","false","443733","110","217","529","22479","24034","13909"
"14","0.1","1","false","false","false","true","false","false","false","1","1","1","0.25","1","0","0","0","100","0","50","0.1","10","2.5","2","60","1.6","0.4","20.5","6.7","16","8.21","365","14","1","0","0","299","299","139","26344","2137","5064","7980","47605","870","8880","false","444494","111","221","538","22668","24224","14033"
"14","0.1","1","false","false","false","true","false","false","false","1","1","1","0.25","1","0","0","0","100","0","50","0.1","10","2.5","2","60","1.6","0.4","20.5","6.7","16","8.21","365","14","1","0","0","299","299","140","25878","2079","5028","7929","48209","877","8688","false","445865","112","224","541","22833","24424","14174"
"14","0.1","1","false","false","false","true","false","false","false","1","1","1","0.25","1","0","0","0","100","0","50","0.1","10","2.5","2","60","1.6","0.4","20.5","6.7","16","8.21","365","14","1","0","0","299","299","141","25393","2024","4958","7927","48806","892","8603","false","447401","113","228","551","23012","24631","14291"
"14","0.1","1","false","false","false","true","false","false","false","1","1","1","0.25","1","0","0","0","100","0","50","0.1","10","2.5","2","60","1.6","0.4","20.5","6.7","16","8.21","365","14","1","0","0","299","299","142","24940","1990","4928","7861","49377","904","8425","false","447911","115","232","557","23193","24835","14414"
"14","0.1","1","false","false","false","true","false","false","false","1","1","1","0.25","1","0","0","0","100","0","50","0.1","10","2.5","2","60","1.6","0.4","20.5","6.7","16","8.21","365","14","1","0","0","299","299","143","24457","1994","4918","7775","49938","918","8417","false","449507","115","238","565","23389","25033","14520"
"14","0.1","1","false","false","false","true","false","false","false","1","1","1","0.25","1","0","0","0","100","0","50","0.1","10","2.5","2","60","1.6","0.4","20.5","6.7","16","8.21","365","14","1","0","0","299","299","144","24004","1997","4888","7665","50514","932","8300","false","449695","119","242","571","23553","25232","14629"
"14","0.1","1","false","false","false","true","false","false","false","1","1","1","0.25","1","0","0","0","100","0","50","0.1","10","2.5","2","60","1.6","0.4","20.5","6.7","16","8.21","365","14","1","0","0","299","299","145","23577","1957","4829","7589","51106","942","8223","false","450525","119","246","577","23732","25411","14729"
"14","0.1","1","false","false","false","true","false","false","false","1","1","1","0.25","1","0","0","0","100","0","50","0.1","10","2.5","2","60","1.6","0.4","20.5","6.7","16","8.21","365","14","1","0","0","299","299","146","23109","1964","4795","7510","51668","954","8163","false","451086","121","247","586","23917","25605","14825"
"14","0.1","1","false","false","false","true","false","false","false","1","1","1","0.25","1","0","0","0","100","0","50","0.1","10","2.5","2","60","1.6","0.4","20.5","6.7","16","8.21","365","14","1","0","0","299","299","147","22637","1966","4737","7431","52266","963","8075","false","451480","123","248","592","24094","25771","14932"
"14","0.1","1","false","false","false","true","false","false","false","1","1","1","0.25","1","0","0","0","100","0","50","0.1","10","2.5","2","60","1.6","0.4","20.5","6.7","16","8.21","365","14","1","0","0","299","299","148","22199","1998","4687","7312","52833","971","7977","false","452172","125","249","597","24239","25933","15031"
"14","0.1","1","false","false","false","true","false","false","false","1","1","1","0.25","1","0","0","0","100","0","50","0.1","10","2.5","2","60","1.6","0.4","20.5","6.7","16","8.21","365","14","1","0","0","299","299","149","21785","1932","4676","7224","53404","979","7881","false","452913","128","250","601","24431","26104","15147"
"14","0.1","1","false","false","false","true","false","false","false","1","1","1","0.25","1","0","0","0","100","0","50","0.1","10","2.5","2","60","1.6","0.4","20.5","6.7","16","8.21","365","14","1","0","0","299","299","150","21333","1925","4665","7165","53924","988","7826","false","453772","129","253","606","24596","26291","15246"
"14","0.1","1","false","false","false","true","false","false","false","1","1","1","0.25","1","0","0","0","100","0","50","0.1","10","2.5","2","60","1.6","0.4","20.5","6.7","16","8.21","365","14","1","0","0","299","299","151","20904","1881","4642","7109","54465","999","7773","false","454185","131","257","611","24782","26470","15361"
"14","0.1","1","false","false","false","true","false","false","false","1","1","1","0.25","1","0","0","0","100","0","50","0.1","10","2.5","2","60","1.6","0.4","20.5","6.7","16","8.21","365","14","1","0","0","299","299","152","20474","1869","4602","7036","55007","1012","7844","false","454674","132","263","617","24956","26679","15452"
"14","0.1","1","false","false","false","true","false","false","false","1","1","1","0.25","1","0","0","0","100","0","50","0.1","10","2.5","2","60","1.6","0.4","20.5","6.7","16","8.21","365","14","1","0","0","299","299","153","20067","1829","4570","6941","55577","1016","7773","false","454232","133","263","620","25134","26853","15574"
"14","0.1","1","false","false","false","true","false","false","false","1","1","1","0.25","1","0","0","0","100","0","50","0.1","10","2.5","2","60","1.6","0.4","20.5","6.7","16","8.21","365","14","1","0","0","299","299","154","19689","1795","4547","6808","56137","1024","7731","false","454881","133","266","625","25289","27034","15692"
"14","0.1","1","false","false","false","true","false","false","false","1","1","1","0.25","1","0","0","0","100","0","50","0.1","10","2.5","2","60","1.6","0.4","20.5","6.7","16","8.21","365","14","1","0","0","299","299","155","19329","1694","4501","6764","56671","1041","7661","false","455171","135","271","635","25487","27195","15794"
"14","0.1","1","false","false","false","true","false","false","false","1","1","1","0.25","1","0","0","0","100","0","50","0.1","10","2.5","2","60","1.6","0.4","20.5","6.7","16","8.21","365","14","1","0","0","299","299","156","18943","1646","4447","6739","57177","1048","7532","false","455756","137","272","639","25650","27374","15886"
"14","0.1","1","false","false","false","true","false","false","false","1","1","1","0.25","1","0","0","0","100","0","50","0.1","10","2.5","2","60","1.6","0.4","20.5","6.7","16","8.21","365","14","1","0","0","299","299","157","18525","1678","4397","6655","57687","1058","7398","false","456592","138","276","644","25799","27534","15972"
"14","0.1","1","false","false","false","true","false","false","false","1","1","1","0.25","1","0","0","0","100","0","50","0.1","10","2.5","2","60","1.6","0.4","20.5","6.7","16","8.21","365","14","1","0","0","299","299","158","18144","1713","4353","6539","58183","1068","7249","false","457596","138","279","651","25933","27680","16061"
"14","0.1","1","false","false","false","true","false","false","false","1","1","1","0.25","1","0","0","0","100","0","50","0.1","10","2.5","2","60","1.6","0.4","20.5","6.7","16","8.21","365","14","1","0","0","299","299","159","17793","1691","4310","6443","58689","1074","7069","false","458638","141","280","653","26074","27838","16153"
"14","0.1","1","false","false","false","true","false","false","false","1","1","1","0.25","1","0","0","0","100","0","50","0.1","10","2.5","2","60","1.6","0.4","20.5","6.7","16","8.21","365","14","1","0","0","299","299","160","17434","1657","4267","6381","59181","1080","7034","false","459935","141","282","657","26227","27990","16245"
"14","0.1","1","false","false","false","true","false","false","false","1","1","1","0.25","1","0","0","0","100","0","50","0.1","10","2.5","2","60","1.6","0.4","20.5","6.7","16","8.21","365","14","1","0","0","299","299","161","17073","1620","4179","6330","59711","1087","6931","false","460321","142","283","662","26371","28119","16334"
"14","0.1","1","false","false","false","true","false","false","false","1","1","1","0.25","1","0","0","0","100","0","50","0.1","10","2.5","2","60","1.6","0.4","20.5","6.7","16","8.21","365","14","1","0","0","299","299","162","16691","1608","4137","6290","60183","1091","6718","false","461152","142","285","664","26504","28284","16421"
"14","0.1","1","false","false","false","true","false","false","false","1","1","1","0.25","1","0","0","0","100","0","50","0.1","10","2.5","2","60","1.6","0.4","20.5","6.7","16","8.21","365","14","1","0","0","299","299","163","16333","1590","4050","6222","60705","1100","6542","false","462872","143","287","670","26628","28442","16515"
"14","0.1","1","false","false","false","true","false","false","false","1","1","1","0.25","1","0","0","0","100","0","50","0.1","10","2.5","2","60","1.6","0.4","20.5","6.7","16","8.21","365","14","1","0","0","299","299","164","15998","1564","4006","6133","61193","1106","6402","false","464202","143","288","675","26762","28603","16608"
"14","0.1","1","false","false","false","true","false","false","false","1","1","1","0.25","1","0","0","0","100","0","50","0.1","10","2.5","2","60","1.6","0.4","20.5","6.7","16","8.21","365","14","1","0","0","299","299","165","15657","1558","3933","6033","61703","1116","6292","false","465481","145","289","682","26903","28744","16673"
"14","0.1","1","false","false","false","true","false","false","false","1","1","1","0.25","1","0","0","0","100","0","50","0.1","10","2.5","2","60","1.6","0.4","20.5","6.7","16","8.21","365","14","1","0","0","299","299","166","15314","1545","3899","5936","62180","1126","6213","false","466253","145","291","690","27038","28909","16767"
"14","0.1","1","false","false","false","true","false","false","false","1","1","1","0.25","1","0","0","0","100","0","50","0.1","10","2.5","2","60","1.6","0.4","20.5","6.7","16","8.21","365","14","1","0","0","299","299","167","14977","1549","3842","5866","62632","1134","6090","false","466875","145","293","696","27171","29041","16849"
"14","0.1","1","false","false","false","true","false","false","false","1","1","1","0.25","1","0","0","0","100","0","50","0.1","10","2.5","2","60","1.6","0.4","20.5","6.7","16","8.21","365","14","1","0","0","299","299","168","14641","1538","3764","5782","63135","1140","5968","false","467953","145","296","699","27322","29181","16930"
"14","0.1","1","false","false","false","true","false","false","false","1","1","1","0.25","1","0","0","0","100","0","50","0.1","10","2.5","2","60","1.6","0.4","20.5","6.7","16","8.21","365","14","1","0","0","299","299","169","14333","1467","3729","5776","63549","1146","5825","false","468894","145","296","705","27463","29315","17014"
"14","0.1","1","false","false","false","true","false","false","false","1","1","1","0.25","1","0","0","0","100","0","50","0.1","10","2.5","2","60","1.6","0.4","20.5","6.7","16","8.21","365","14","1","0","0","299","299","170","14000","1455","3648","5735","64011","1151","5774","false","470051","145","297","709","27584","29449","17101"
"14","0.1","1","false","false","false","true","false","false","false","1","1","1","0.25","1","0","0","0","100","0","50","0.1","10","2.5","2","60","1.6","0.4","20.5","6.7","16","8.21","365","14","1","0","0","299","299","171","13676","1421","3566","5691","64485","1161","5723","false","470526","146","300","715","27696","29590","17180"
"14","0.1","1","false","false","false","true","false","false","false","1","1","1","0.25","1","0","0","0","100","0","50","0.1","10","2.5","2","60","1.6","0.4","20.5","6.7","16","8.21","365","14","1","0","0","299","299","172","13378","1369","3511","5667","64907","1168","5529","false","470930","147","301","720","27814","29713","17270"
"14","0.1","1","false","false","false","true","false","false","false","1","1","1","0.25","1","0","0","0","100","0","50","0.1","10","2.5","2","60","1.6","0.4","20.5","6.7","16","8.21","365","14","1","0","0","299","299","173","13069","1344","3475","5617","65326","1169","5419","false","472526","147","302","720","27939","29856","17368"
"14","0.1","1","false","false","false","true","false","false","false","1","1","1","0.25","1","0","0","0","100","0","50","0.1","10","2.5","2","60","1.6","0.4","20.5","6.7","16","8.21","365","14","1","0","0","299","299","174","12775","1317","3475","5513","65744","1176","5303","false","473612","149","303","724","28088","29985","17446"
"14","0.1","1","false","false","false","true","false","false","false","1","1","1","0.25","1","0","0","0","100","0","50","0.1","10","2.5","2","60","1.6","0.4","20.5","6.7","16","8.21","365","14","1","0","0","299","299","175","12493","1288","3421","5426","66187","1185","5202","false","474671","151","306","728","28210","30113","17510"
"14","0.1","1","false","false","false","true","false","false","false","1","1","1","0.25","1","0","0","0","100","0","50","0.1","10","2.5","2","60","1.6","0.4","20.5","6.7","16","8.21","365","14","1","0","0","299","299","176","12210","1279","3382","5340","66600","1189","5119","false","475548","152","307","730","28324","30241","17566"
"14","0.1","1","false","false","false","true","false","false","false","1","1","1","0.25","1","0","0","0","100","0","50","0.1","10","2.5","2","60","1.6","0.4","20.5","6.7","16","8.21","365","14","1","0","0","299","299","177","11920","1255","3319","5295","67018","1193","4995","false","476289","153","309","731","28436","30355","17645"
"14","0.1","1","false","false","false","true","false","false","false","1","1","1","0.25","1","0","0","0","100","0","50","0.1","10","2.5","2","60","1.6","0.4","20.5","6.7","16","8.21","365","14","1","0","0","299","299","178","11630","1217","3282","5220","67452","1199","4930","false","477374","155","310","734","28558","30495","17721"
"14","0.1","1","false","false","false","true","false","false","false","1","1","1","0.25","1","0","0","0","100","0","50","0.1","10","2.5","2","60","1.6","0.4","20.5","6.7","16","8.21","365","14","1","0","0","299","299","179","11364","1183","3224","5160","67861","1208","4854","false","478064","156","311","741","28673","30625","17790"
"14","0.1","1","false","false","false","true","false","false","false","1","1","1","0.25","1","0","0","0","100","0","50","0.1","10","2.5","2","60","1.6","0.4","20.5","6.7","16","8.21","365","14","1","0","0","299","299","180","11132","1158","3195","5049","68251","1215","4717","false","478687","158","312","745","28789","30742","17849"
"14","0.1","1","false","false","false","true","false","false","false","1","1","1","0.25","1","0","0","0","100","0","50","0.1","10","2.5","2","60","1.6","0.4","20.5","6.7","16","8.21","365","14","1","0","0","299","299","181","10862","1155","3138","4969","68651","1225","4674","false","479901","159","312","754","28896","30865","17894"
"14","0.1","1","false","false","false","true","false","false","false","1","1","1","0.25","1","0","0","0","100","0","50","0.1","10","2.5","2","60","1.6","0.4","20.5","6.7","16","8.21","365","14","1","0","0","299","299","182","10625","1109","3085","4852","69094","1235","4575","false","480289","160","314","761","29017","30978","17960"
"14","0.1","1","false","false","false","true","false","false","false","1","1","1","0.25","1","0","0","0","100","0","50","0.1","10","2.5","2","60","1.6","0.4","20.5","6.7","16","8.21","365","14","1","0","0","299","299","183","10388","1069","3034","4802","69470","1237","4520","false","481102","160","315","762","29113","31076","18030"
"14","0.1","1","false","false","false","true","false","false","false","1","1","1","0.25","1","0","0","0","100","0","50","0.1","10","2.5","2","60","1.6","0.4","20.5","6.7","16","8.21","365","14","1","0","0","299","299","184","10145","1050","2987","4759","69819","1240","4454","false","481694","163","315","762","29200","31180","18089"
"14","0.1","1","false","false","false","true","false","false","false","1","1","1","0.25","1","0","0","0","100","0","50","0.1","10","2.5","2","60","1.6","0.4","20.5","6.7","16","8.21","365","14","1","0","0","299","299","185","9939","1010","2957","4631","70217","1246","4376","false","482256","163","318","765","29319","31276","18156"
"14","0.1","1","false","false","false","true","false","false","false","1","1","1","0.25","1","0","0","0","100","0","50","0.1","10","2.5","2","60","1.6","0.4","20.5","6.7","16","8.21","365","14","1","0","0","299","299","186","9707","1008","2896","4523","70613","1253","4353","false","483020","163","319","771","29417","31367","18219"
"14","0.1","1","false","false","false","true","false","false","false","1","1","1","0.25","1","0","0","0","100","0","50","0.1","10","2.5","2","60","1.6","0.4","20.5","6.7","16","8.21","365","14","1","0","0","299","299","187","9512","954","2846","4443","70985","1260","4278","false","483270","165","322","773","29508","31465","18282"
"14","0.1","1","false","false","false","true","false","false","false","1","1","1","0.25","1","0","0","0","100","0","50","0.1","10","2.5","2","60","1.6","0.4","20.5","6.7","16","8.21","365","14","1","0","0","299","299","188","9298","946","2790","4324","71375","1267","4260","false","484033","166","323","778","29593","31550","18338"
"14","0.1","1","false","false","false","true","false","false","false","1","1","1","0.25","1","0","0","0","100","0","50","0.1","10","2.5","2","60","1.6","0.4","20.5","6.7","16","8.21","365","14","1","0","0","299","299","189","9082","938","2763","4220","71724","1273","4174","false","484282","166","323","784","29688","31641","18400"
"14","0.1","1","false","false","false","true","false","false","false","1","1","1","0.25","1","0","0","0","100","0","50","0.1","10","2.5","2","60","1.6","0.4","20.5","6.7","16","8.21","365","14","1","0","0","299","299","190","8896","923","2709","4129","72065","1278","4055","false","484917","166","324","788","29785","31703","18439"
"14","0.1","1","false","false","false","true","false","false","false","1","1","1","0.25","1","0","0","0","100","0","50","0.1","10","2.5","2","60","1.6","0.4","20.5","6.7","16","8.21","365","14","1","0","0","299","299","191","8690","894","2632","4098","72403","1283","3909","false","485914","168","324","791","29856","31779","18493"
"14","0.1","1","false","false","false","true","false","false","false","1","1","1","0.25","1","0","0","0","100","0","50","0.1","10","2.5","2","60","1.6","0.4","20.5","6.7","16","8.21","365","14","1","0","0","299","299","192","8484","882","2582","4023","72743","1286","3797","false","486982","169","324","793","29939","31865","18532"
"14","0.1","1","false","false","false","true","false","false","false","1","1","1","0.25","1","0","0","0","100","0","50","0.1","10","2.5","2","60","1.6","0.4","20.5","6.7","16","8.21","365","14","1","0","0","299","299","193","8289","858","2523","3943","73094","1293","3740","false","487884","169","326","798","30035","31946","18587"
"14","0.1","1","false","false","false","true","false","false","false","1","1","1","0.25","1","0","0","0","100","0","50","0.1","10","2.5","2","60","1.6","0.4","20.5","6.7","16","8.21","365","14","1","0","0","299","299","194","8106","847","2497","3841","73409","1300","3649","false","488229","169","329","802","30123","32032","18643"
"14","0.1","1","false","false","false","true","false","false","false","1","1","1","0.25","1","0","0","0","100","0","50","0.1","10","2.5","2","60","1.6","0.4","20.5","6.7","16","8.21","365","14","1","0","0","299","299","195","7946","794","2437","3727","73789","1307","3526","false","488995","170","330","807","30218","32129","18686"
"14","0.1","1","false","false","false","true","false","false","false","1","1","1","0.25","1","0","0","0","100","0","50","0.1","10","2.5","2","60","1.6","0.4","20.5","6.7","16","8.21","365","14","1","0","0","299","299","196","7766","781","2374","3667","74099","1313","3437","false","490046","170","331","812","30283","32194","18735"
"14","0.1","1","false","false","false","true","false","false","false","1","1","1","0.25","1","0","0","0","100","0","50","0.1","10","2.5","2","60","1.6","0.4","20.5","6.7","16","8.21","365","14","1","0","0","299","299","197","7564","790","2321","3624","74381","1320","3357","false","490820","171","332","817","30346","32278","18778"
"14","0.1","1","false","false","false","true","false","false","false","1","1","1","0.25","1","0","0","0","100","0","50","0.1","10","2.5","2","60","1.6","0.4","20.5","6.7","16","8.21","365","14","1","0","0","299","299","198","7385","792","2291","3513","74696","1323","3260","false","491480","171","334","818","30423","32360","18817"
"14","0.1","1","false","false","false","true","false","false","false","1","1","1","0.25","1","0","0","0","100","0","50","0.1","10","2.5","2","60","1.6","0.4","20.5","6.7","16","8.21","365","14","1","0","0","299","299","199","7196","791","2242","3459","74983","1329","3208","false","492183","172","335","822","30492","32445","18859"
"14","0.1","1","false","false","false","true","false","false","false","1","1","1","0.25","1","0","0","0","100","0","50","0.1","10","2.5","2","60","1.6","0.4","20.5","6.7","16","8.21","365","14","1","0","0","299","299","200","7023","766","2167","3395","75312","1337","3117","false","492618","172","337","828","30551","32534","18894"
"14","0.1","1","false","false","false","true","false","false","false","1","1","1","0.25","1","0","0","0","100","0","50","0.1","10","2.5","2","60","1.6","0.4","20.5","6.7","16","8.21","365","14","1","0","0","299","299","201","6825","786","2124","3320","75607","1338","3080","false","493294","172","337","829","30615","32601","18932"
"14","0.1","1","false","false","false","true","false","false","false","1","1","1","0.25","1","0","0","0","100","0","50","0.1","10","2.5","2","60","1.6","0.4","20.5","6.7","16","8.21","365","14","1","0","0","299","299","202","6669","753","2082","3245","75905","1346","3015","false","493695","174","338","834","30674","32686","18994"
"14","0.1","1","false","false","false","true","false","false","false","1","1","1","0.25","1","0","0","0","100","0","50","0.1","10","2.5","2","60","1.6","0.4","20.5","6.7","16","8.21","365","14","1","0","0","299","299","203","6509","737","2032","3168","76201","1353","2981","false","494237","175","340","838","30749","32762","19040"
"14","0.1","1","false","false","false","true","false","false","false","1","1","1","0.25","1","0","0","0","100","0","50","0.1","10","2.5","2","60","1.6","0.4","20.5","6.7","16","8.21","365","14","1","0","0","299","299","204","6347","729","1972","3076","76519","1357","2907","false","494531","175","340","842","30817","32828","19073"
"14","0.1","1","false","false","false","true","false","false","false","1","1","1","0.25","1","0","0","0","100","0","50","0.1","10","2.5","2","60","1.6","0.4","20.5","6.7","16","8.21","365","14","1","0","0","299","299","205","6203","695","1911","3038","76790","1363","2854","false","495003","176","342","845","30887","32897","19118"
"14","0.1","1","false","false","false","true","false","false","false","1","1","1","0.25","1","0","0","0","100","0","50","0.1","10","2.5","2","60","1.6","0.4","20.5","6.7","16","8.21","365","14","1","0","0","299","299","206","6058","661","1879","3004","77033","1365","2724","false","495493","176","342","847","30944","32961","19163"
"14","0.1","1","false","false","false","true","false","false","false","1","1","1","0.25","1","0","0","0","100","0","50","0.1","10","2.5","2","60","1.6","0.4","20.5","6.7","16","8.21","365","14","1","0","0","299","299","207","5871","696","1855","2948","77259","1371","2704","false","496630","178","342","851","31000","33027","19198"
"14","0.1","1","false","false","false","true","false","false","false","1","1","1","0.25","1","0","0","0","100","0","50","0.1","10","2.5","2","60","1.6","0.4","20.5","6.7","16","8.21","365","14","1","0","0","299","299","208","5728","657","1837","2913","77485","1380","2646","false","496935","179","343","858","31071","33098","19239"
"14","0.1","1","false","false","false","true","false","false","false","1","1","1","0.25","1","0","0","0","100","0","50","0.1","10","2.5","2","60","1.6","0.4","20.5","6.7","16","8.21","365","14","1","0","0","299","299","209","5592","645","1778","2848","77753","1384","2583","false","497445","179","343","862","31122","33151","19277"
"14","0.1","1","false","false","false","true","false","false","false","1","1","1","0.25","1","0","0","0","100","0","50","0.1","10","2.5","2","60","1.6","0.4","20.5","6.7","16","8.21","365","14","1","0","0","299","299","210","5462","624","1762","2794","77970","1388","2518","false","497978","182","343","863","31192","33218","19317"
"14","0.1","1","false","false","false","true","false","false","false","1","1","1","0.25","1","0","0","0","100","0","50","0.1","10","2.5","2","60","1.6","0.4","20.5","6.7","16","8.21","365","14","1","0","0","299","299","211","5308","621","1755","2723","78204","1389","2470","false","498518","182","344","863","31273","33285","19346"
"14","0.1","1","false","false","false","true","false","false","false","1","1","1","0.25","1","0","0","0","100","0","50","0.1","10","2.5","2","60","1.6","0.4","20.5","6.7","16","8.21","365","14","1","0","0","299","299","212","5178","610","1722","2675","78424","1391","2428","false","498891","182","344","865","31327","33341","19371"
"14","0.1","1","false","false","false","true","false","false","false","1","1","1","0.25","1","0","0","0","100","0","50","0.1","10","2.5","2","60","1.6","0.4","20.5","6.7","16","8.21","365","14","1","0","0","299","299","213","5045","597","1694","2620","78651","1393","2357","false","499346","182","344","867","31373","33403","19409"
"14","0.1","1","false","false","false","true","false","false","false","1","1","1","0.25","1","0","0","0","100","0","50","0.1","10","2.5","2","60","1.6","0.4","20.5","6.7","16","8.21","365","14","1","0","0","299","299","214","4922","581","1651","2556","78894","1396","2280","false","499971","182","345","869","31426","33460","19445"
"14","0.1","1","false","false","false","true","false","false","false","1","1","1","0.25","1","0","0","0","100","0","50","0.1","10","2.5","2","60","1.6","0.4","20.5","6.7","16","8.21","365","14","1","0","0","299","299","215","4797","564","1619","2504","79111","1405","2219","false","500620","183","350","872","31481","33515","19473"
"14","0.1","1","false","false","false","true","false","false","false","1","1","1","0.25","1","0","0","0","100","0","50","0.1","10","2.5","2","60","1.6","0.4","20.5","6.7","16","8.21","365","14","1","0","0","299","299","216","4670","578","1599","2437","79309","1407","2214","false","501160","183","352","872","31531","33563","19499"
"14","0.1","1","false","false","false","true","false","false","false","1","1","1","0.25","1","0","0","0","100","0","50","0.1","10","2.5","2","60","1.6","0.4","20.5","6.7","16","8.21","365","14","1","0","0","299","299","217","4551","554","1565","2382","79536","1412","2214","false","501185","183","354","875","31577","33612","19548"
"14","0.1","1","false","false","false","true","false","false","false","1","1","1","0.25","1","0","0","0","100","0","50","0.1","10","2.5","2","60","1.6","0.4","20.5","6.7","16","8.21","365","14","1","0","0","299","299","218","4418","552","1524","2351","79736","1419","2212","false","501139","183","354","882","31627","33659","19581"
"14","0.1","1","false","false","false","true","false","false","false","1","1","1","0.25","1","0","0","0","100","0","50","0.1","10","2.5","2","60","1.6","0.4","20.5","6.7","16","8.21","365","14","1","0","0","299","299","219","4321","527","1486","2305","79940","1421","2182","false","501111","184","355","882","31660","33705","19622"
"14","0.1","1","false","false","false","true","false","false","false","1","1","1","0.25","1","0","0","0","100","0","50","0.1","10","2.5","2","60","1.6","0.4","20.5","6.7","16","8.21","365","14","1","0","0","299","299","220","4202","526","1460","2276","80112","1424","2156","false","501439","184","355","885","31709","33747","19654"
"14","0.1","1","false","false","false","true","false","false","false","1","1","1","0.25","1","0","0","0","100","0","50","0.1","10","2.5","2","60","1.6","0.4","20.5","6.7","16","8.21","365","14","1","0","0","299","299","221","4110","482","1447","2223","80310","1428","2105","false","501699","185","355","888","31768","33805","19688"
"14","0.1","1","false","false","false","true","false","false","false","1","1","1","0.25","1","0","0","0","100","0","50","0.1","10","2.5","2","60","1.6","0.4","20.5","6.7","16","8.21","365","14","1","0","0","299","299","222","4000","473","1406","2177","80513","1431","2124","false","502128","185","356","890","31819","33850","19716"
"14","0.1","1","false","false","false","true","false","false","false","1","1","1","0.25","1","0","0","0","100","0","50","0.1","10","2.5","2","60","1.6","0.4","20.5","6.7","16","8.21","365","14","1","0","0","299","299","223","3918","441","1372","2134","80701","1434","2054","false","502019","185","357","892","31867","33901","19745"
"14","0.1","1","false","false","false","true","false","false","false","1","1","1","0.25","1","0","0","0","100","0","50","0.1","10","2.5","2","60","1.6","0.4","20.5","6.7","16","8.21","365","14","1","0","0","299","299","224","3825","429","1347","2095","80868","1436","1991","false","502589","186","357","893","31904","33940","19770"
"14","0.1","1","false","false","false","true","false","false","false","1","1","1","0.25","1","0","0","0","100","0","50","0.1","10","2.5","2","60","1.6","0.4","20.5","6.7","16","8.21","365","14","1","0","0","299","299","225","3734","415","1319","2046","81048","1438","1889","false","503159","186","357","895","31950","33979","19793"
"14","0.1","1","false","false","false","true","false","false","false","1","1","1","0.25","1","0","0","0","100","0","50","0.1","10","2.5","2","60","1.6","0.4","20.5","6.7","16","8.21","365","14","1","0","0","299","299","226","3635","394","1307","2008","81218","1438","1868","false","503948","186","357","895","32000","34021","19827"
"14","0.1","1","false","false","false","true","false","false","false","1","1","1","0.25","1","0","0","0","100","0","50","0.1","10","2.5","2","60","1.6","0.4","20.5","6.7","16","8.21","365","14","1","0","0","299","299","227","3544","396","1287","1955","81378","1440","1824","false","504172","186","358","896","32021","34059","19852"
"14","0.1","1","false","false","false","true","false","false","false","1","1","1","0.25","1","0","0","0","100","0","50","0.1","10","2.5","2","60","1.6","0.4","20.5","6.7","16","8.21","365","14","1","0","0","299","299","228","3439","397","1247","1914","81561","1442","1779","false","504494","187","358","897","32057","34106","19878"
"14","0.1","1","false","false","false","true","false","false","false","1","1","1","0.25","1","0","0","0","100","0","50","0.1","10","2.5","2","60","1.6","0.4","20.5","6.7","16","8.21","365","14","1","0","0","299","299","229","3336","400","1219","1854","81743","1448","1738","false","504909","190","358","900","32092","34152","19908"
"14","0.1","1","false","false","false","true","false","false","false","1","1","1","0.25","1","0","0","0","100","0","50","0.1","10","2.5","2","60","1.6","0.4","20.5","6.7","16","8.21","365","14","1","0","0","299","299","230","3253","379","1191","1816","81912","1449","1678","false","505226","190","358","901","32125","34194","19929"
"14","0.1","1","false","false","false","true","false","false","false","1","1","1","0.25","1","0","0","0","100","0","50","0.1","10","2.5","2","60","1.6","0.4","20.5","6.7","16","8.21","365","14","1","0","0","299","299","231","3168","376","1153","1779","82072","1452","1632","false","505688","190","358","904","32156","34228","19948"
"14","0.1","1","false","false","false","true","false","false","false","1","1","1","0.25","1","0","0","0","100","0","50","0.1","10","2.5","2","60","1.6","0.4","20.5","6.7","16","8.21","365","14","1","0","0","299","299","232","3081","386","1128","1712","82238","1455","1570","false","506122","190","358","907","32186","34266","19970"
"14","0.1","1","false","false","false","true","false","false","false","1","1","1","0.25","1","0","0","0","100","0","50","0.1","10","2.5","2","60","1.6","0.4","20.5","6.7","16","8.21","365","14","1","0","0","299","299","233","2987","388","1099","1682","82385","1459","1551","false","506644","190","358","911","32218","34311","19985"
"14","0.1","1","false","false","false","true","false","false","false","1","1","1","0.25","1","0","0","0","100","0","50","0.1","10","2.5","2","60","1.6","0.4","20.5","6.7","16","8.21","365","14","1","0","0","299","299","234","2893","388","1084","1651","82522","1462","1506","false","506788","191","358","913","32262","34345","20002"
"14","0.1","1","false","false","false","true","false","false","false","1","1","1","0.25","1","0","0","0","100","0","50","0.1","10","2.5","2","60","1.6","0.4","20.5","6.7","16","8.21","365","14","1","0","0","299","299","235","2819","372","1061","1626","82659","1463","1460","false","507128","191","358","914","32294","34381","20025"
"14","0.1","1","false","false","false","true","false","false","false","1","1","1","0.25","1","0","0","0","100","0","50","0.1","10","2.5","2","60","1.6","0.4","20.5","6.7","16","8.21","365","14","1","0","0","299","299","236","2759","338","1033","1588","82814","1468","1399","false","507437","192","359","917","32325","34412","20047"
"14","0.1","1","false","false","false","true","false","false","false","1","1","1","0.25","1","0","0","0","100","0","50","0.1","10","2.5","2","60","1.6","0.4","20.5","6.7","16","8.21","365","14","1","0","0","299","299","237","2671","342","1009","1551","82957","1470","1391","false","507960","192","359","919","32352","34459","20066"
"14","0.1","1","false","false","false","true","false","false","false","1","1","1","0.25","1","0","0","0","100","0","50","0.1","10","2.5","2","60","1.6","0.4","20.5","6.7","16","8.21","365","14","1","0","0","299","299","238","2594","345","988","1513","83088","1472","1368","false","508018","192","359","921","32382","34490","20082"
"14","0.1","1","false","false","false","true","false","false","false","1","1","1","0.25","1","0","0","0","100","0","50","0.1","10","2.5","2","60","1.6","0.4","20.5","6.7","16","8.21","365","14","1","0","0","299","299","239","2517","340","979","1474","83217","1473","1325","false","508265","192","359","922","32410","34532","20109"
"14","0.1","1","false","false","false","true","false","false","false","1","1","1","0.25","1","0","0","0","100","0","50","0.1","10","2.5","2","60","1.6","0.4","20.5","6.7","16","8.21","365","14","1","0","0","299","299","240","2453","319","955","1444","83353","1476","1251","false","508596","192","360","924","32441","34564","20128"
"14","0.1","1","false","false","false","true","false","false","false","1","1","1","0.25","1","0","0","0","100","0","50","0.1","10","2.5","2","60","1.6","0.4","20.5","6.7","16","8.21","365","14","1","0","0","299","299","241","2380","323","940","1398","83483","1476","1229","false","509176","192","360","924","32469","34600","20144"
"14","0.1","1","false","false","false","true","false","false","false","1","1","1","0.25","1","0","0","0","100","0","50","0.1","10","2.5","2","60","1.6","0.4","20.5","6.7","16","8.21","365","14","1","0","0","299","299","242","2311","314","920","1380","83597","1478","1179","false","509350","192","360","926","32496","34625","20157"
"14","0.1","1","false","false","false","true","false","false","false","1","1","1","0.25","1","0","0","0","100","0","50","0.1","10","2.5","2","60","1.6","0.4","20.5","6.7","16","8.21","365","14","1","0","0","299","299","243","2255","282","888","1367","83726","1482","1159","false","509792","192","360","930","32531","34660","20173"
"14","0.1","1","false","false","false","true","false","false","false","1","1","1","0.25","1","0","0","0","100","0","50","0.1","10","2.5","2","60","1.6","0.4","20.5","6.7","16","8.21","365","14","1","0","0","299","299","244","2194","269","865","1343","83844","1485","1118","false","509946","192","361","932","32566","34689","20196"
"14","0.1","1","false","false","false","true","false","false","false","1","1","1","0.25","1","0","0","0","100","0","50","0.1","10","2.5","2","60","1.6","0.4","20.5","6.7","16","8.21","365","14","1","0","0","299","299","245","2140","263","854","1303","83952","1488","1069","false","510332","193","362","933","32596","34711","20213"
"14","0.1","1","false","false","false","true","false","false","false","1","1","1","0.25","1","0","0","0","100","0","50","0.1","10","2.5","2","60","1.6","0.4","20.5","6.7","16","8.21","365","14","1","0","0","299","299","246","2083","259","830","1264","84075","1489","1061","false","510776","193","362","934","32620","34741","20224"
"14","0.1","1","false","false","false","true","false","false","false","1","1","1","0.25","1","0","0","0","100","0","50","0.1","10","2.5","2","60","1.6","0.4","20.5","6.7","16","8.21","365","14","1","0","0","299","299","247","2032","250","812","1232","84183","1491","1059","false","510880","194","363","934","32645","34770","20234"
"14","0.1","1","false","false","false","true","false","false","false","1","1","1","0.25","1","0","0","0","100","0","50","0.1","10","2.5","2","60","1.6","0.4","20.5","6.7","16","8.21","365","14","1","0","0","299","299","248","1986","227","792","1218","84285","1492","1013","false","510905","194","364","934","32667","34798","20248"
"14","0.1","1","false","false","false","true","false","false","false","1","1","1","0.25","1","0","0","0","100","0","50","0.1","10","2.5","2","60","1.6","0.4","20.5","6.7","16","8.21","365","14","1","0","0","299","299","249","1928","229","773","1193","84385","1492","979","false","511315","194","364","934","32686","34819","20259"
"14","0.1","1","false","false","false","true","false","false","false","1","1","1","0.25","1","0","0","0","100","0","50","0.1","10","2.5","2","60","1.6","0.4","20.5","6.7","16","8.21","365","14","1","0","0","299","299","250","1883","219","762","1163","84481","1492","937","false","511611","194","364","934","32711","34845","20273"
"14","0.1","1","false","false","false","true","false","false","false","1","1","1","0.25","1","0","0","0","100","0","50","0.1","10","2.5","2","60","1.6","0.4","20.5","6.7","16","8.21","365","14","1","0","0","299","299","251","1831","224","738","1114","84600","1493","913","false","511947","194","365","934","32734","34865","20287"
"14","0.1","1","false","false","false","true","false","false","false","1","1","1","0.25","1","0","0","0","100","0","50","0.1","10","2.5","2","60","1.6","0.4","20.5","6.7","16","8.21","365","14","1","0","0","299","299","252","1778","221","733","1073","84701","1494","899","false","512190","194","365","935","32755","34886","20303"
"14","0.1","1","false","false","false","true","false","false","false","1","1","1","0.25","1","0","0","0","100","0","50","0.1","10","2.5","2","60","1.6","0.4","20.5","6.7","16","8.21","365","14","1","0","0","299","299","253","1728","217","705","1047","84806","1497","872","false","512348","194","366","937","32772","34901","20316"
"14","0.1","1","false","false","false","true","false","false","false","1","1","1","0.25","1","0","0","0","100","0","50","0.1","10","2.5","2","60","1.6","0.4","20.5","6.7","16","8.21","365","14","1","0","0","299","299","254","1691","204","683","1027","84894","1501","838","false","512578","194","367","940","32789","34919","20331"
"14","0.1","1","false","false","false","true","false","false","false","1","1","1","0.25","1","0","0","0","100","0","50","0.1","10","2.5","2","60","1.6","0.4","20.5","6.7","16","8.21","365","14","1","0","0","299","299","255","1637","197","652","1023","84987","1504","821","false","512853","194","367","943","32815","34938","20347"
"14","0.1","1","false","false","false","true","false","false","false","1","1","1","0.25","1","0","0","0","100","0","50","0.1","10","2.5","2","60","1.6","0.4","20.5","6.7","16","8.21","365","14","1","0","0","299","299","256","1594","194","652","974","85082","1504","813","false","512993","194","367","943","32835","34957","20362"
"14","0.1","1","false","false","false","true","false","false","false","1","1","1","0.25","1","0","0","0","100","0","50","0.1","10","2.5","2","60","1.6","0.4","20.5","6.7","16","8.21","365","14","1","0","0","299","299","257","1552","193","621","942","85184","1508","786","false","513103","194","368","946","32848","34976","20371"
"14","0.1","1","false","false","false","true","false","false","false","1","1","1","0.25","1","0","0","0","100","0","50","0.1","10","2.5","2","60","1.6","0.4","20.5","6.7","16","8.21","365","14","1","0","0","299","299","258","1509","188","607","910","85277","1509","770","false","513304","195","368","946","32858","34999","20383"
"14","0.1","1","false","false","false","true","false","false","false","1","1","1","0.25","1","0","0","0","100","0","50","0.1","10","2.5","2","60","1.6","0.4","20.5","6.7","16","8.21","365","14","1","0","0","299","299","259","1462","189","596","885","85359","1509","774","false","513438","195","368","946","32877","35018","20394"
"14","0.1","1","false","false","false","true","false","false","false","1","1","1","0.25","1","0","0","0","100","0","50","0.1","10","2.5","2","60","1.6","0.4","20.5","6.7","16","8.21","365","14","1","0","0","299","299","260","1418","184","573","863","85452","1510","740","false","513393","195","368","947","32896","35032","20406"
"14","0.1","1","false","false","false","true","false","false","false","1","1","1","0.25","1","0","0","0","100","0","50","0.1","10","2.5","2","60","1.6","0.4","20.5","6.7","16","8.21","365","14","1","0","0","299","299","261","1372","196","558","841","85522","1511","732","false","513637","195","368","948","32912","35047","20411"
"14","0.1","1","false","false","false","true","false","false","false","1","1","1","0.25","1","0","0","0","100","0","50","0.1","10","2.5","2","60","1.6","0.4","20.5","6.7","16","8.21","365","14","1","0","0","299","299","262","1327","201","551","813","85597","1511","758","false","513789","195","368","948","32932","35063","20421"
"14","0.1","1","false","false","false","true","false","false","false","1","1","1","0.25","1","0","0","0","100","0","50","0.1","10","2.5","2","60","1.6","0.4","20.5","6.7","16","8.21","365","14","1","0","0","299","299","263","1297","183","541","794","85673","1512","737","false","513633","195","368","949","32951","35078","20435"
"14","0.1","1","false","false","false","true","false","false","false","1","1","1","0.25","1","0","0","0","100","0","50","0.1","10","2.5","2","60","1.6","0.4","20.5","6.7","16","8.21","365","14","1","0","0","299","299","264","1260","177","528","776","85747","1512","716","false","513805","195","368","949","32963","35097","20445"
"14","0.1","1","false","false","false","true","false","false","false","1","1","1","0.25","1","0","0","0","100","0","50","0.1","10","2.5","2","60","1.6","0.4","20.5","6.7","16","8.21","365","14","1","0","0","299","299","265","1223","173","512","758","85820","1514","679","false","513983","196","369","949","32976","35115","20457"
"14","0.1","1","false","false","false","true","false","false","false","1","1","1","0.25","1","0","0","0","100","0","50","0.1","10","2.5","2","60","1.6","0.4","20.5","6.7","16","8.21","365","14","1","0","0","299","299","266","1191","163","508","740","85882","1516","680","false","514261","196","370","950","32995","35144","20464"
"14","0.1","1","false","false","false","true","false","false","false","1","1","1","0.25","1","0","0","0","100","0","50","0.1","10","2.5","2","60","1.6","0.4","20.5","6.7","16","8.21","365","14","1","0","0","299","299","267","1157","159","493","725","85948","1518","664","false","514311","197","371","950","33012","35161","20470"
"14","0.1","1","false","false","false","true","false","false","false","1","1","1","0.25","1","0","0","0","100","0","50","0.1","10","2.5","2","60","1.6","0.4","20.5","6.7","16","8.21","365","14","1","0","0","299","299","268","1121","163","481","700","86016","1519","675","false","514427","197","371","951","33020","35177","20475"
"14","0.1","1","false","false","false","true","false","false","false","1","1","1","0.25","1","0","0","0","100","0","50","0.1","10","2.5","2","60","1.6","0.4","20.5","6.7","16","8.21","365","14","1","0","0","299","299","269","1091","150","464","696","86080","1519","664","false","514355","197","371","951","33035","35194","20480"
"14","0.1","1","false","false","false","true","false","false","false","1","1","1","0.25","1","0","0","0","100","0","50","0.1","10","2.5","2","60","1.6","0.4","20.5","6.7","16","8.21","365","14","1","0","0","299","299","270","1056","151","443","674","86156","1520","653","false","514472","198","371","951","33050","35207","20491"
"14","0.1","1","false","false","false","true","false","false","false","1","1","1","0.25","1","0","0","0","100","0","50","0.1","10","2.5","2","60","1.6","0.4","20.5","6.7","16","8.21","365","14","1","0","0","299","299","271","1018","154","436","655","86217","1520","657","false","514557","198","371","951","33065","35224","20503"
"14","0.1","1","false","false","false","true","false","false","false","1","1","1","0.25","1","0","0","0","100","0","50","0.1","10","2.5","2","60","1.6","0.4","20.5","6.7","16","8.21","365","14","1","0","0","299","299","272","983","153","435","643","86265","1521","648","false","514520","198","372","951","33080","35239","20516"
"14","0.1","1","false","false","false","true","false","false","false","1","1","1","0.25","1","0","0","0","100","0","50","0.1","10","2.5","2","60","1.6","0.4","20.5","6.7","16","8.21","365","14","1","0","0","299","299","273","937","164","422","626","86327","1524","636","false","514573","199","372","953","33089","35249","20525"
"14","0.1","1","false","false","false","true","false","false","false","1","1","1","0.25","1","0","0","0","100","0","50","0.1","10","2.5","2","60","1.6","0.4","20.5","6.7","16","8.21","365","14","1","0","0","299","299","274","907","154","413","616","86384","1526","630","false","514690","199","372","955","33096","35268","20535"
"14","0.1","1","false","false","false","true","false","false","false","1","1","1","0.25","1","0","0","0","100","0","50","0.1","10","2.5","2","60","1.6","0.4","20.5","6.7","16","8.21","365","14","1","0","0","299","299","275","874","157","410","593","86439","1527","617","false","514703","199","373","955","33104","35282","20544"
"14","0.1","1","false","false","false","true","false","false","false","1","1","1","0.25","1","0","0","0","100","0","50","0.1","10","2.5","2","60","1.6","0.4","20.5","6.7","16","8.21","365","14","1","0","0","299","299","276","835","159","398","598","86483","1527","592","false","514784","199","373","955","33114","35290","20555"
"14","0.1","1","false","false","false","true","false","false","false","1","1","1","0.25","1","0","0","0","100","0","50","0.1","10","2.5","2","60","1.6","0.4","20.5","6.7","16","8.21","365","14","1","0","0","299","299","277","806","141","391","600","86534","1528","593","false","515016","199","374","955","33132","35301","20568"
"14","0.1","1","false","false","false","true","false","false","false","1","1","1","0.25","1","0","0","0","100","0","50","0.1","10","2.5","2","60","1.6","0.4","20.5","6.7","16","8.21","365","14","1","0","0","299","299","278","766","151","381","581","86592","1529","577","false","514983","199","374","956","33141","35318","20577"
"14","0.1","1","false","false","false","true","false","false","false","1","1","1","0.25","1","0","0","0","100","0","50","0.1","10","2.5","2","60","1.6","0.4","20.5","6.7","16","8.21","365","14","1","0","0","299","299","279","737","151","376","575","86632","1529","558","false","515117","199","374","956","33155","35333","20582"
"14","0.1","1","false","false","false","true","false","false","false","1","1","1","0.25","1","0","0","0","100","0","50","0.1","10","2.5","2","60","1.6","0.4","20.5","6.7","16","8.21","365","14","1","0","0","299","299","280","715","136","375","575","86670","1529","540","false","515282","199","374","956","33169","35342","20588"
"14","0.1","1","false","false","false","true","false","false","false","1","1","1","0.25","1","0","0","0","100","0","50","0.1","10","2.5","2","60","1.6","0.4","20.5","6.7","16","8.21","365","14","1","0","0","299","299","281","695","124","364","557","86730","1530","508","false","515435","199","375","956","33183","35359","20596"
"14","0.1","1","false","false","false","true","false","false","false","1","1","1","0.25","1","0","0","0","100","0","50","0.1","10","2.5","2","60","1.6","0.4","20.5","6.7","16","8.21","365","14","1","0","0","299","299","282","659","127","364","553","86767","1530","487","false","515702","199","375","956","33195","35377","20601"
"14","0.1","1","false","false","false","true","false","false","false","1","1","1","0.25","1","0","0","0","100","0","50","0.1","10","2.5","2","60","1.6","0.4","20.5","6.7","16","8.21","365","14","1","0","0","299","299","283","625","140","356","527","86821","1531","492","false","515858","199","375","957","33204","35389","20611"
"14","0.1","1","false","false","false","true","false","false","false","1","1","1","0.25","1","0","0","0","100","0","50","0.1","10","2.5","2","60","1.6","0.4","20.5","6.7","16","8.21","365","14","1","0","0","299","299","284","599","133","351","522","86864","1531","494","false","515842","199","375","957","33214","35403","20620"
"14","0.1","1","false","false","false","true","false","false","false","1","1","1","0.25","1","0","0","0","100","0","50","0.1","10","2.5","2","60","1.6","0.4","20.5","6.7","16","8.21","365","14","1","0","0","299","299","285","582","114","344","528","86901","1531","446","false","515815","199","375","957","33219","35415","20632"
"14","0.1","1","false","false","false","true","false","false","false","1","1","1","0.25","1","0","0","0","100","0","50","0.1","10","2.5","2","60","1.6","0.4","20.5","6.7","16","8.21","365","14","1","0","0","299","299","286","553","110","337","520","86949","1531","441","false","516192","199","375","957","33230","35430","20637"
"14","0.1","1","false","false","false","true","false","false","false","1","1","1","0.25","1","0","0","0","100","0","50","0.1","10","2.5","2","60","1.6","0.4","20.5","6.7","16","8.21","365","14","1","0","0","299","299","287","526","112","325","506","86998","1533","433","false","516245","199","375","959","33239","35441","20645"
"14","0.1","1","false","false","false","true","false","false","false","1","1","1","0.25","1","0","0","0","100","0","50","0.1","10","2.5","2","60","1.6","0.4","20.5","6.7","16","8.21","365","14","1","0","0","299","299","288","505","102","318","504","87038","1533","429","false","516344","199","375","959","33249","35449","20655"
"14","0.1","1","false","false","false","true","false","false","false","1","1","1","0.25","1","0","0","0","100","0","50","0.1","10","2.5","2","60","1.6","0.4","20.5","6.7","16","8.21","365","14","1","0","0","299","299","289","472","116","312","490","87076","1534","437","false","516413","199","375","960","33258","35458","20658"
"14","0.1","1","false","false","false","true","false","false","false","1","1","1","0.25","1","0","0","0","100","0","50","0.1","10","2.5","2","60","1.6","0.4","20.5","6.7","16","8.21","365","14","1","0","0","299","299","290","439","116","301","494","87116","1534","444","false","516418","199","375","960","33263","35472","20661"
"14","0.1","1","false","false","false","true","false","false","false","1","1","1","0.25","1","0","0","0","100","0","50","0.1","10","2.5","2","60","1.6","0.4","20.5","6.7","16","8.21","365","14","1","0","0","299","299","291","423","107","295","475","87166","1534","430","false","516388","199","375","960","33275","35479","20667"
"14","0.1","1","false","false","false","true","false","false","false","1","1","1","0.25","1","0","0","0","100","0","50","0.1","10","2.5","2","60","1.6","0.4","20.5","6.7","16","8.21","365","14","1","0","0","299","299","292","408","98","301","458","87201","1534","421","false","516482","199","375","960","33289","35489","20679"
"14","0.1","1","false","false","false","true","false","false","false","1","1","1","0.25","1","0","0","0","100","0","50","0.1","10","2.5","2","60","1.6","0.4","20.5","6.7","16","8.21","365","14","1","0","0","299","299","293","392","86","300","449","87238","1535","395","false","516582","199","376","960","33304","35503","20686"
"14","0.1","1","false","false","false","true","false","false","false","1","1","1","0.25","1","0","0","0","100","0","50","0.1","10","2.5","2","60","1.6","0.4","20.5","6.7","16","8.21","365","14","1","0","0","299","299","294","377","78","290","438","87280","1537","379","false","516787","200","376","961","33310","35518","20692"
"14","0.1","1","false","false","false","true","false","false","false","1","1","1","0.25","1","0","0","0","100","0","50","0.1","10","2.5","2","60","1.6","0.4","20.5","6.7","16","8.21","365","14","1","0","0","299","299","295","357","70","283","440","87313","1537","374","false","516902","200","376","961","33318","35530","20696"
"14","0.1","1","false","false","false","true","false","false","false","1","1","1","0.25","1","0","0","0","100","0","50","0.1","10","2.5","2","60","1.6","0.4","20.5","6.7","16","8.21","365","14","1","0","0","299","299","296","340","74","279","413","87356","1538","363","false","516974","200","376","962","33323","35536","20699"
"14","0.1","1","false","false","false","true","false","false","false","1","1","1","0.25","1","0","0","0","100","0","50","0.1","10","2.5","2","60","1.6","0.4","20.5","6.7","16","8.21","365","14","1","0","0","299","299","297","316","79","275","409","87383","1538","354","false","517031","200","376","962","33331","35544","20702"
"14","0.1","1","false","false","false","true","false","false","false","1","1","1","0.25","1","0","0","0","100","0","50","0.1","10","2.5","2","60","1.6","0.4","20.5","6.7","16","8.21","365","14","1","0","0","299","299","298","310","73","269","397","87412","1539","330","false","517098","200","376","963","33335","35549","20704"
"14","0.1","1","false","false","false","true","false","false","false","1","1","1","0.25","1","0","0","0","100","0","50","0.1","10","2.5","2","60","1.6","0.4","20.5","6.7","16","8.21","365","14","1","0","0","299","299","299","295","70","263","383","87449","1540","329","false","517281","200","377","963","33343","35562","20707"
"14","0.1","1","false","false","false","true","false","false","false","1","1","1","0.25","1","0","0","0","100","0","50","0.1","10","2.5","2","60","1.6","0.4","20.5","6.7","16","8.21","365","14","1","0","0","299","299","300","277","68","255","370","87487","1543","318","false","517271","201","379","963","33352","35568","20713"
"14","0.1","1","false","false","false","true","false","false","false","1","1","1","0.25","1","0","0","0","100","0","50","0.1","10","2.5","2","60","1.6","0.4","20.5","6.7","16","8.21","365","14","1","0","0","299","299","301","269","57","252","357","87521","1544","302","false","517308","201","379","964","33362","35576","20715"
"14","0.1","1","false","false","false","true","false","false","false","1","1","1","0.25","1","0","0","0","100","0","50","0.1","10","2.5","2","60","1.6","0.4","20.5","6.7","16","8.21","365","14","1","0","0","299","299","302","248","61","245","347","87555","1544","297","false","517450","201","379","964","33367","35582","20720"
"14","0.1","1","false","false","false","true","false","false","false","1","1","1","0.25","1","0","0","0","100","0","50","0.1","10","2.5","2","60","1.6","0.4","20.5","6.7","16","8.21","365","14","1","0","0","299","299","303","232","63","231","340","87590","1544","297","false","517541","201","379","964","33370","35587","20723"
"14","0.1","1","false","false","false","true","false","false","false","1","1","1","0.25","1","0","0","0","100","0","50","0.1","10","2.5","2","60","1.6","0.4","20.5","6.7","16","8.21","365","14","1","0","0","299","299","304","218","64","231","328","87615","1544","288","false","517563","201","379","964","33376","35592","20728"
"14","0.1","1","false","false","false","true","false","false","false","1","1","1","0.25","1","0","0","0","100","0","50","0.1","10","2.5","2","60","1.6","0.4","20.5","6.7","16","8.21","365","14","1","0","0","299","299","305","203","65","224","321","87643","1544","268","false","517661","201","379","964","33380","35594","20733"
"14","0.1","1","false","false","false","true","false","false","false","1","1","1","0.25","1","0","0","0","100","0","50","0.1","10","2.5","2","60","1.6","0.4","20.5","6.7","16","8.21","365","14","1","0","0","299","299","306","195","60","220","292","87689","1544","246","false","517805","201","379","964","33389","35600","20738"
"14","0.1","1","false","false","false","true","false","false","false","1","1","1","0.25","1","0","0","0","100","0","50","0.1","10","2.5","2","60","1.6","0.4","20.5","6.7","16","8.21","365","14","1","0","0","299","299","307","188","45","218","284","87721","1544","232","false","517990","201","379","964","33403","35609","20740"
"14","0.1","1","false","false","false","true","false","false","false","1","1","1","0.25","1","0","0","0","100","0","50","0.1","10","2.5","2","60","1.6","0.4","20.5","6.7","16","8.21","365","14","1","0","0","299","299","308","177","41","212","281","87745","1544","210","false","518092","201","379","964","33409","35611","20744"
"14","0.1","1","false","false","false","true","false","false","false","1","1","1","0.25","1","0","0","0","100","0","50","0.1","10","2.5","2","60","1.6","0.4","20.5","6.7","16","8.21","365","14","1","0","0","299","299","309","159","50","209","270","87766","1546","184","false","518260","201","379","966","33414","35615","20746"
"14","0.1","1","false","false","false","true","false","false","false","1","1","1","0.25","1","0","0","0","100","0","50","0.1","10","2.5","2","60","1.6","0.4","20.5","6.7","16","8.21","365","14","1","0","0","299","299","310","151","50","200","257","87795","1547","152","false","518446","201","380","966","33415","35619","20748"
"14","0.1","1","false","false","false","true","false","false","false","1","1","1","0.25","1","0","0","0","100","0","50","0.1","10","2.5","2","60","1.6","0.4","20.5","6.7","16","8.21","365","14","1","0","0","299","299","311","136","58","198","246","87814","1548","133","false","518706","201","381","966","33419","35622","20749"
"14","0.1","1","false","false","false","true","false","false","false","1","1","1","0.25","1","0","0","0","100","0","50","0.1","10","2.5","2","60","1.6","0.4","20.5","6.7","16","8.21","365","14","1","0","0","299","299","312","122","64","189","231","87844","1550","124","false","518880","202","381","967","33423","35626","20752"
"14","0.1","1","false","false","false","true","false","false","false","1","1","1","0.25","1","0","0","0","100","0","50","0.1","10","2.5","2","60","1.6","0.4","20.5","6.7","16","8.21","365","14","1","0","0","299","299","313","110","66","174","232","87866","1552","97","false","518950","202","381","969","33425","35629","20753"
"14","0.1","1","false","false","false","true","false","false","false","1","1","1","0.25","1","0","0","0","100","0","50","0.1","10","2.5","2","60","1.6","0.4","20.5","6.7","16","8.21","365","14","1","0","0","299","299","314","99","61","171","222","87895","1552","69","false","519153","202","381","969","33432","35638","20756"
"14","0.1","1","false","false","false","true","false","false","false","1","1","1","0.25","1","0","0","0","100","0","50","0.1","10","2.5","2","60","1.6","0.4","20.5","6.7","16","8.21","365","14","1","0","0","299","299","315","82","60","162","226","87916","1554","45","false","519422","202","381","971","33438","35642","20762"
"14","0.1","1","false","false","false","true","false","false","false","1","1","1","0.25","1","0","0","0","100","0","50","0.1","10","2.5","2","60","1.6","0.4","20.5","6.7","16","8.21","365","14","1","0","0","299","299","316","76","52","156","226","87936","1554","18","false","519639","202","381","971","33441","35646","20764"
"14","0.1","1","false","false","false","true","false","false","false","1","1","1","0.25","1","0","0","0","100","0","50","0.1","10","2.5","2","60","1.6","0.4","20.5","6.7","16","8.21","365","14","1","0","0","299","299","317","69","43","154","222","87958","1554","7","false","519923","202","381","971","33446","35655","20767"
"14","0.1","1","false","false","false","true","false","false","false","1","1","1","0.25","1","0","0","0","100","0","50","0.1","10","2.5","2","60","1.6","0.4","20.5","6.7","16","8.21","365","14","1","0","0","299","299","318","59","36","155","215","87981","1554","0","false","520046","202","381","971","33453","35661","20772"
"14","0.1","1","false","false","false","true","false","false","false","1","1","1","0.25","1","0","0","0","100","0","50","0.1","10","2.5","2","60","1.6","0.4","20.5","6.7","16","8.21","365","14","1","0","0","299","299","319","49","37","150","199","88011","1554","0","false","520128","202","381","971","33457","35671","20774"
"14","0.1","1","false","false","false","true","false","false","false","1","1","1","0.25","1","0","0","0","100","0","50","0.1","10","2.5","2","60","1.6","0.4","20.5","6.7","16","8.21","365","14","1","0","0","299","299","320","43","30","142","201","88030","1554","0","false","520128","202","381","971","33462","35675","20774"
"14","0.1","1","false","false","false","true","false","false","false","1","1","1","0.25","1","0","0","0","100","0","50","0.1","10","2.5","2","60","1.6","0.4","20.5","6.7","16","8.21","365","14","1","0","0","299","299","321","39","30","139","183","88055","1554","0","false","520128","202","381","971","33465","35678","20775"
"14","0.1","1","false","false","false","true","false","false","false","1","1","1","0.25","1","0","0","0","100","0","50","0.1","10","2.5","2","60","1.6","0.4","20.5","6.7","16","8.21","365","14","1","0","0","299","299","322","36","24","142","171","88073","1554","0","false","520128","202","381","971","33466","35685","20779"
"14","0.1","1","false","false","false","true","false","false","false","1","1","1","0.25","1","0","0","0","100","0","50","0.1","10","2.5","2","60","1.6","0.4","20.5","6.7","16","8.21","365","14","1","0","0","299","299","323","34","22","138","163","88089","1554","0","false","520128","202","381","971","33469","35689","20779"
"14","0.1","1","false","false","false","true","false","false","false","1","1","1","0.25","1","0","0","0","100","0","50","0.1","10","2.5","2","60","1.6","0.4","20.5","6.7","16","8.21","365","14","1","0","0","299","299","324","33","16","138","159","88100","1554","0","false","520128","202","381","971","33470","35691","20781"
"14","0.1","1","false","false","false","true","false","false","false","1","1","1","0.25","1","0","0","0","100","0","50","0.1","10","2.5","2","60","1.6","0.4","20.5","6.7","16","8.21","365","14","1","0","0","299","299","325","32","10","133","153","88117","1555","0","false","520128","202","381","972","33475","35691","20785"
"14","0.1","1","false","false","false","true","false","false","false","1","1","1","0.25","1","0","0","0","100","0","50","0.1","10","2.5","2","60","1.6","0.4","20.5","6.7","16","8.21","365","14","1","0","0","299","299","326","31","10","123","145","88134","1557","0","false","520116","202","381","974","33475","35692","20786"
"14","0.1","1","false","false","false","true","false","false","false","1","1","1","0.25","1","0","0","0","100","0","50","0.1","10","2.5","2","60","1.6","0.4","20.5","6.7","16","8.21","365","14","1","0","0","299","299","327","29","8","120","141","88145","1557","0","false","520096","202","381","974","33479","35694","20786"
"14","0.1","1","false","false","false","true","false","false","false","1","1","1","0.25","1","0","0","0","100","0","50","0.1","10","2.5","2","60","1.6","0.4","20.5","6.7","16","8.21","365","14","1","0","0","299","299","328","29","4","111","138","88161","1557","0","false","520096","202","381","974","33480","35697","20786"
"14","0.1","1","false","false","false","true","false","false","false","1","1","1","0.25","1","0","0","0","100","0","50","0.1","10","2.5","2","60","1.6","0.4","20.5","6.7","16","8.21","365","14","1","0","0","299","299","329","28","3","108","130","88174","1557","0","false","520096","202","381","974","33482","35698","20787"
"14","0.1","1","false","false","false","true","false","false","false","1","1","1","0.25","1","0","0","0","100","0","50","0.1","10","2.5","2","60","1.6","0.4","20.5","6.7","16","8.21","365","14","1","0","0","299","299","330","28","2","105","122","88186","1557","0","false","520096","202","381","974","33483","35698","20788"
"14","0.1","1","false","false","false","true","false","false","false","1","1","1","0.25","1","0","0","0","100","0","50","0.1","10","2.5","2","60","1.6","0.4","20.5","6.7","16","8.21","365","14","1","0","0","299","299","331","28","1","99","116","88198","1558","0","false","520096","202","381","975","33484","35698","20788"
"14","0.1","1","false","false","false","true","false","false","false","1","1","1","0.25","1","0","0","0","100","0","50","0.1","10","2.5","2","60","1.6","0.4","20.5","6.7","16","8.21","365","14","1","0","0","299","299","332","28","0","93","107","88214","1558","0","false","520084","202","381","975","33484","35699","20789"
"14","0.1","1","false","false","false","true","false","false","false","1","1","1","0.25","1","0","0","0","100","0","50","0.1","10","2.5","2","60","1.6","0.4","20.5","6.7","16","8.21","365","14","1","0","0","299","299","333","28","0","84","96","88233","1559","0","false","520084","202","382","975","33484","35699","20789"
"14","0.1","1","false","false","false","true","false","false","false","1","1","1","0.25","1","0","0","0","100","0","50","0.1","10","2.5","2","60","1.6","0.4","20.5","6.7","16","8.21","365","14","1","0","0","299","299","334","28","0","80","92","88240","1560","0","false","520072","202","382","976","33484","35699","20789"
"14","0.1","1","false","false","false","true","false","false","false","1","1","1","0.25","1","0","0","0","100","0","50","0.1","10","2.5","2","60","1.6","0.4","20.5","6.7","16","8.21","365","14","1","0","0","299","299","335","28","0","73","82","88257","1560","0","false","520061","202","382","976","33484","35699","20789"
"14","0.1","1","false","false","false","true","false","false","false","1","1","1","0.25","1","0","0","0","100","0","50","0.1","10","2.5","2","60","1.6","0.4","20.5","6.7","16","8.21","365","14","1","0","0","299","299","336","28","0","67","70","88275","1560","0","false","520061","202","382","976","33484","35699","20789"
"14","0.1","1","false","false","false","true","false","false","false","1","1","1","0.25","1","0","0","0","100","0","50","0.1","10","2.5","2","60","1.6","0.4","20.5","6.7","16","8.21","365","14","1","0","0","299","299","337","28","0","62","66","88284","1560","0","false","520061","202","382","976","33484","35699","20789"
"14","0.1","1","false","false","false","true","false","false","false","1","1","1","0.25","1","0","0","0","100","0","50","0.1","10","2.5","2","60","1.6","0.4","20.5","6.7","16","8.21","365","14","1","0","0","299","299","338","28","0","58","60","88294","1560","0","false","520061","202","382","976","33484","35699","20789"
"14","0.1","1","false","false","false","true","false","false","false","1","1","1","0.25","1","0","0","0","100","0","50","0.1","10","2.5","2","60","1.6","0.4","20.5","6.7","16","8.21","365","14","1","0","0","299","299","339","28","0","56","57","88299","1560","0","false","520061","202","382","976","33484","35699","20789"
"14","0.1","1","false","false","false","true","false","false","false","1","1","1","0.25","1","0","0","0","100","0","50","0.1","10","2.5","2","60","1.6","0.4","20.5","6.7","16","8.21","365","14","1","0","0","299","299","340","28","0","51","54","88307","1560","0","false","520061","202","382","976","33484","35699","20789"
"14","0.1","1","false","false","false","true","false","false","false","1","1","1","0.25","1","0","0","0","100","0","50","0.1","10","2.5","2","60","1.6","0.4","20.5","6.7","16","8.21","365","14","1","0","0","299","299","341","28","0","43","48","88321","1560","0","false","520061","202","382","976","33484","35699","20789"
"14","0.1","1","false","false","false","true","false","false","false","1","1","1","0.25","1","0","0","0","100","0","50","0.1","10","2.5","2","60","1.6","0.4","20.5","6.7","16","8.21","365","14","1","0","0","299","299","342","28","0","38","43","88331","1560","0","false","520061","202","382","976","33484","35699","20789"
"14","0.1","1","false","false","false","true","false","false","false","1","1","1","0.25","1","0","0","0","100","0","50","0.1","10","2.5","2","60","1.6","0.4","20.5","6.7","16","8.21","365","14","1","0","0","299","299","343","28","0","34","39","88339","1560","0","false","520061","202","382","976","33484","35699","20789"
"14","0.1","1","false","false","false","true","false","false","false","1","1","1","0.25","1","0","0","0","100","0","50","0.1","10","2.5","2","60","1.6","0.4","20.5","6.7","16","8.21","365","14","1","0","0","299","299","344","28","0","29","35","88348","1560","0","false","520061","202","382","976","33484","35699","20789"
"14","0.1","1","false","false","false","true","false","false","false","1","1","1","0.25","1","0","0","0","100","0","50","0.1","10","2.5","2","60","1.6","0.4","20.5","6.7","16","8.21","365","14","1","0","0","299","299","345","28","0","26","26","88360","1560","0","false","520061","202","382","976","33484","35699","20789"
"14","0.1","1","false","false","false","true","false","false","false","1","1","1","0.25","1","0","0","0","100","0","50","0.1","10","2.5","2","60","1.6","0.4","20.5","6.7","16","8.21","365","14","1","0","0","299","299","346","28","0","22","21","88369","1560","0","false","520061","202","382","976","33484","35699","20789"
"14","0.1","1","false","false","false","true","false","false","false","1","1","1","0.25","1","0","0","0","100","0","50","0.1","10","2.5","2","60","1.6","0.4","20.5","6.7","16","8.21","365","14","1","0","0","299","299","347","28","0","19","16","88377","1560","0","false","520061","202","382","976","33484","35699","20789"
"14","0.1","1","false","false","false","true","false","false","false","1","1","1","0.25","1","0","0","0","100","0","50","0.1","10","2.5","2","60","1.6","0.4","20.5","6.7","16","8.21","365","14","1","0","0","299","299","348","28","0","15","15","88381","1561","0","false","520061","202","383","976","33484","35699","20789"
"14","0.1","1","false","false","false","true","false","false","false","1","1","1","0.25","1","0","0","0","100","0","50","0.1","10","2.5","2","60","1.6","0.4","20.5","6.7","16","8.21","365","14","1","0","0","299","299","349","28","0","13","15","88383","1561","0","false","520051","202","383","976","33484","35699","20789"
"14","0.1","1","false","false","false","true","false","false","false","1","1","1","0.25","1","0","0","0","100","0","50","0.1","10","2.5","2","60","1.6","0.4","20.5","6.7","16","8.21","365","14","1","0","0","299","299","350","28","0","11","12","88388","1561","0","false","520051","202","383","976","33484","35699","20789"
"14","0.1","1","false","false","false","true","false","false","false","1","1","1","0.25","1","0","0","0","100","0","50","0.1","10","2.5","2","60","1.6","0.4","20.5","6.7","16","8.21","365","14","1","0","0","299","299","351","28","0","9","7","88395","1561","0","false","520051","202","383","976","33484","35699","20789"
"14","0.1","1","false","false","false","true","false","false","false","1","1","1","0.25","1","0","0","0","100","0","50","0.1","10","2.5","2","60","1.6","0.4","20.5","6.7","16","8.21","365","14","1","0","0","299","299","352","28","0","4","5","88402","1561","0","false","520051","202","383","976","33484","35699","20789"
"14","0.1","1","false","false","false","true","false","false","false","1","1","1","0.25","1","0","0","0","100","0","50","0.1","10","2.5","2","60","1.6","0.4","20.5","6.7","16","8.21","365","14","1","0","0","299","299","353","28","0","3","4","88404","1561","0","false","520051","202","383","976","33484","35699","20789"
"14","0.1","1","false","false","false","true","false","false","false","1","1","1","0.25","1","0","0","0","100","0","50","0.1","10","2.5","2","60","1.6","0.4","20.5","6.7","16","8.21","365","14","1","0","0","299","299","354","28","0","2","4","88405","1561","0","false","520051","202","383","976","33484","35699","20789"
"14","0.1","1","false","false","false","true","false","false","false","1","1","1","0.25","1","0","0","0","100","0","50","0.1","10","2.5","2","60","1.6","0.4","20.5","6.7","16","8.21","365","14","1","0","0","299","299","355","28","0","2","2","88407","1561","0","false","520051","202","383","976","33484","35699","20789"
"14","0.1","1","false","false","false","true","false","false","false","1","1","1","0.25","1","0","0","0","100","0","50","0.1","10","2.5","2","60","1.6","0.4","20.5","6.7","16","8.21","365","14","1","0","0","299","299","356","28","0","0","2","88409","1561","0","false","520051","202","383","976","33484","35699","20789"
"14","0.1","1","false","false","false","true","false","false","false","1","1","1","0.25","1","0","0","0","100","0","50","0.1","10","2.5","2","60","1.6","0.4","20.5","6.7","16","8.21","365","14","1","0","0","299","299","357","28","0","0","2","88409","1561","0","false","520051","202","383","976","33484","35699","20789"
"14","0.1","1","false","false","false","true","false","false","false","1","1","1","0.25","1","0","0","0","100","0","50","0.1","10","2.5","2","60","1.6","0.4","20.5","6.7","16","8.21","365","14","1","0","0","299","299","358","28","0","0","1","88410","1561","0","false","520051","202","383","976","33484","35699","20789"
"14","0.1","1","false","false","false","true","false","false","false","1","1","1","0.25","1","0","0","0","100","0","50","0.1","10","2.5","2","60","1.6","0.4","20.5","6.7","16","8.21","365","14","1","0","0","299","299","359","28","0","0","0","88411","1561","0","false","520051","202","383","976","33484","35699","20789"
"14","0.1","1","false","false","false","true","false","false","false","1","1","1","0.25","1","0","0","0","100","0","50","0.1","10","2.5","2","60","1.6","0.4","20.5","6.7","16","8.21","365","14","1","0","0","299","299","360","28","0","0","0","88411","1561","0","false","520051","202","383","976","33484","35699","20789"
"14","0.1","1","false","false","false","true","false","false","false","1","1","1","0.25","1","0","0","0","100","0","50","0.1","10","2.5","2","60","1.6","0.4","20.5","6.7","16","8.21","365","14","1","0","0","299","299","361","28","0","0","0","88411","1561","0","false","520051","202","383","976","33484","35699","20789"
"14","0.1","1","false","false","false","true","false","false","false","1","1","1","0.25","1","0","0","0","100","0","50","0.1","10","2.5","2","60","1.6","0.4","20.5","6.7","16","8.21","365","14","1","0","0","299","299","362","28","0","0","0","88411","1561","0","false","520051","202","383","976","33484","35699","20789"
"14","0.1","1","false","false","false","true","false","false","false","1","1","1","0.25","1","0","0","0","100","0","50","0.1","10","2.5","2","60","1.6","0.4","20.5","6.7","16","8.21","365","14","1","0","0","299","299","363","28","0","0","0","88411","1561","0","false","520051","202","383","976","33484","35699","20789"
"14","0.1","1","false","false","false","true","false","false","false","1","1","1","0.25","1","0","0","0","100","0","50","0.1","10","2.5","2","60","1.6","0.4","20.5","6.7","16","8.21","365","14","1","0","0","299","299","364","28","0","0","0","88411","1561","0","false","520051","202","383","976","33484","35699","20789"
"14","0.1","1","false","false","false","true","false","false","false","1","1","1","0.25","1","0","0","0","100","0","50","0.1","10","2.5","2","60","1.6","0.4","20.5","6.7","16","8.21","365","14","1","0","0","299","299","365","28","0","0","0","88411","1561","0","false","520051","202","383","976","33484","35699","20789"
"15","0.1","1","false","false","false","true","false","false","false","1","1","1","0.25","1","0","0","0","100","0","50","0.2","10","2.5","2","60","1.6","0.4","20.5","6.7","16","8.21","365","14","1","0","0","299","299","0","89910","90","0","0","0","0","0","false","0","0","0","0","0","0","0"
"15","0.1","1","false","false","false","true","false","false","false","1","1","1","0.25","1","0","0","0","100","0","50","0.2","10","2.5","2","60","1.6","0.4","20.5","6.7","16","8.21","365","14","1","0","0","299","299","1","89910","88","0","2","0","0","0","false","538312","0","0","0","0","0","1"
"15","0.1","1","false","false","false","true","false","false","false","1","1","1","0.25","1","0","0","0","100","0","50","0.2","10","2.5","2","60","1.6","0.4","20.5","6.7","16","8.21","365","14","1","0","0","299","299","2","89907","68","0","25","0","0","0","false","538312","0","0","0","7","4","4"
"15","0.1","1","false","false","false","true","false","false","false","1","1","1","0.25","1","0","0","0","100","0","50","0.2","10","2.5","2","60","1.6","0.4","20.5","6.7","16","8.21","365","14","1","0","0","299","299","3","89879","81","0","40","0","0","0","false","538312","0","0","0","12","6","7"
"15","0.1","1","false","false","false","true","false","false","false","1","1","1","0.25","1","0","0","0","100","0","50","0.2","10","2.5","2","60","1.6","0.4","20.5","6.7","16","8.21","365","14","1","0","0","299","299","4","89836","106","5","53","0","0","0","false","538312","0","0","0","21","9","9"
"15","0.1","1","false","false","false","true","false","false","false","1","1","1","0.25","1","0","0","0","100","0","50","0.2","10","2.5","2","60","1.6","0.4","20.5","6.7","16","8.21","365","14","1","0","0","299","299","5","89770","157","9","64","0","0","0","false","538312","0","0","0","28","14","10"
"15","0.1","1","false","false","false","true","false","false","false","1","1","1","0.25","1","0","0","0","100","0","50","0.2","10","2.5","2","60","1.6","0.4","20.5","6.7","16","8.21","365","14","1","0","0","299","299","6","89711","181","19","89","0","0","0","false","538312","0","0","0","38","28","17"
"15","0.1","1","false","false","false","true","false","false","false","1","1","1","0.25","1","0","0","0","100","0","50","0.2","10","2.5","2","60","1.6","0.4","20.5","6.7","16","8.21","365","14","1","0","0","299","299","7","89619","240","23","118","0","0","0","false","538312","0","0","0","45","39","23"
"15","0.1","1","false","false","false","true","false","false","false","1","1","1","0.25","1","0","0","0","100","0","50","0.2","10","2.5","2","60","1.6","0.4","20.5","6.7","16","8.21","365","14","1","0","0","299","299","8","89514","297","34","155","0","0","0","false","538312","0","0","0","67","53","31"
"15","0.1","1","false","false","false","true","false","false","false","1","1","1","0.25","1","0","0","0","100","0","50","0.2","10","2.5","2","60","1.6","0.4","20.5","6.7","16","8.21","365","14","1","0","0","299","299","9","89374","381","45","200","0","0","0","false","538312","0","0","0","78","76","44"
"15","0.1","1","false","false","false","true","false","false","false","1","1","1","0.25","1","0","0","0","100","0","50","0.2","10","2.5","2","60","1.6","0.4","20.5","6.7","16","8.21","365","14","1","0","0","299","299","10","89257","422","57","264","0","0","0","false","538312","0","0","0","94","99","58"
"15","0.1","1","false","false","false","true","false","false","false","1","1","1","0.25","1","0","0","0","100","0","50","0.2","10","2.5","2","60","1.6","0.4","20.5","6.7","16","8.21","365","14","1","0","0","299","299","11","89091","500","78","331","0","0","0","false","538312","0","0","0","122","126","75"
"15","0.1","1","false","false","false","true","false","false","false","1","1","1","0.25","1","0","0","0","100","0","50","0.2","10","2.5","2","60","1.6","0.4","20.5","6.7","16","8.21","365","14","1","0","0","299","299","12","88889","622","94","395","0","0","0","false","538312","0","0","0","145","153","88"
"15","0.1","1","false","false","false","true","false","false","false","1","1","1","0.25","1","0","0","0","100","0","50","0.2","10","2.5","2","60","1.6","0.4","20.5","6.7","16","8.21","365","14","1","0","0","299","299","13","88676","735","126","463","0","0","0","false","538312","0","0","0","180","191","111"
"15","0.1","1","false","false","false","true","false","false","false","1","1","1","0.25","1","0","0","0","100","0","50","0.2","10","2.5","2","60","1.6","0.4","20.5","6.7","16","8.21","365","14","1","0","0","299","299","14","88471","777","154","598","0","0","0","false","538312","0","0","0","226","246","135"
"15","0.1","1","false","false","false","true","false","false","false","1","1","1","0.25","1","0","0","0","100","0","50","0.2","10","2.5","2","60","1.6","0.4","20.5","6.7","16","8.21","365","14","1","0","0","299","299","15","88233","850","194","722","0","1","0","false","538312","0","0","1","274","303","165"
"15","0.1","1","false","false","false","true","false","false","false","1","1","1","0.25","1","0","0","0","100","0","50","0.2","10","2.5","2","60","1.6","0.4","20.5","6.7","16","8.21","365","14","1","0","0","299","299","16","87967","926","242","864","0","1","126","false","538300","0","0","1","338","374","198"
"15","0.1","1","false","false","false","true","false","false","false","1","1","1","0.25","1","0","0","0","100","0","50","0.2","10","2.5","2","60","1.6","0.4","20.5","6.7","16","8.21","365","14","1","0","0","299","299","17","87692","985","301","1015","6","1","611","false","536823","0","0","1","412","443","239"
"15","0.1","1","false","false","false","true","false","false","false","1","1","1","0.25","1","0","0","0","100","0","50","0.2","10","2.5","2","60","1.6","0.4","20.5","6.7","16","8.21","365","14","1","0","0","299","299","18","87438","1015","368","1169","9","1","1009","false","532014","0","0","1","486","517","286"
"15","0.1","1","false","false","false","true","false","false","false","1","1","1","0.25","1","0","0","0","100","0","50","0.2","10","2.5","2","60","1.6","0.4","20.5","6.7","16","8.21","365","14","1","0","0","299","299","19","87186","1046","448","1306","13","1","1521","false","528250","0","0","1","563","613","333"
"15","0.1","1","false","false","false","true","false","false","false","1","1","1","0.25","1","0","0","0","100","0","50","0.2","10","2.5","2","60","1.6","0.4","20.5","6.7","16","8.21","365","14","1","0","0","299","299","20","86940","1062","524","1455","18","1","1879","false","523706","0","0","1","631","711","381"
"15","0.1","1","false","false","false","true","false","false","false","1","1","1","0.25","1","0","0","0","100","0","50","0.2","10","2.5","2","60","1.6","0.4","20.5","6.7","16","8.21","365","14","1","0","0","299","299","21","86695","1052","620","1604","28","1","2313","false","520644","0","0","1","727","811","443"
"15","0.1","1","false","false","false","true","false","false","false","1","1","1","0.25","1","0","0","0","100","0","50","0.2","10","2.5","2","60","1.6","0.4","20.5","6.7","16","8.21","365","14","1","0","0","299","299","22","86453","1040","703","1766","37","1","2748","false","517050","0","0","1","819","898","502"
"15","0.1","1","false","false","false","true","false","false","false","1","1","1","0.25","1","0","0","0","100","0","50","0.2","10","2.5","2","60","1.6","0.4","20.5","6.7","16","8.21","365","14","1","0","0","299","299","23","86209","1061","792","1891","46","1","3172","false","513546","0","0","1","923","975","542"
"15","0.1","1","false","false","false","true","false","false","false","1","1","1","0.25","1","0","0","0","100","0","50","0.2","10","2.5","2","60","1.6","0.4","20.5","6.7","16","8.21","365","14","1","0","0","299","299","24","86005","1002","892","2039","61","1","3629","false","510244","0","0","1","1033","1074","598"
"15","0.1","1","false","false","false","true","false","false","false","1","1","1","0.25","1","0","0","0","100","0","50","0.2","10","2.5","2","60","1.6","0.4","20.5","6.7","16","8.21","365","14","1","0","0","299","299","25","85809","948","993","2170","79","1","4156","false","506761","0","0","1","1130","1178","654"
"15","0.1","1","false","false","false","true","false","false","false","1","1","1","0.25","1","0","0","0","100","0","50","0.2","10","2.5","2","60","1.6","0.4","20.5","6.7","16","8.21","365","14","1","0","0","299","299","26","85585","926","1085","2301","101","2","4613","false","502626","0","1","1","1239","1269","710"
"15","0.1","1","false","false","false","true","false","false","false","1","1","1","0.25","1","0","0","0","100","0","50","0.2","10","2.5","2","60","1.6","0.4","20.5","6.7","16","8.21","365","14","1","0","0","299","299","27","85373","918","1160","2417","129","3","4942","false","499059","0","1","2","1293","1364","757"
"15","0.1","1","false","false","false","true","false","false","false","1","1","1","0.25","1","0","0","0","100","0","50","0.2","10","2.5","2","60","1.6","0.4","20.5","6.7","16","8.21","365","14","1","0","0","299","299","28","85189","879","1248","2519","161","4","5314","false","496581","0","1","3","1382","1445","805"
"15","0.1","1","false","false","false","true","false","false","false","1","1","1","0.25","1","0","0","0","100","0","50","0.2","10","2.5","2","60","1.6","0.4","20.5","6.7","16","8.21","365","14","1","0","0","299","299","29","85021","851","1333","2580","207","8","5544","false","493458","0","3","5","1443","1546","848"
"15","0.1","1","false","false","false","true","false","false","false","1","1","1","0.25","1","0","0","0","100","0","50","0.2","10","2.5","2","60","1.6","0.4","20.5","6.7","16","8.21","365","14","1","0","0","299","299","30","84822","835","1426","2651","257","9","5706","false","491201","0","3","6","1531","1646","897"
"15","0.1","1","false","false","false","true","false","false","false","1","1","1","0.25","1","0","0","0","100","0","50","0.2","10","2.5","2","60","1.6","0.4","20.5","6.7","16","8.21","365","14","1","0","0","299","299","31","84582","870","1512","2702","324","10","5781","false","489303","0","4","6","1618","1728","947"
"15","0.1","1","false","false","false","true","false","false","false","1","1","1","0.25","1","0","0","0","100","0","50","0.2","10","2.5","2","60","1.6","0.4","20.5","6.7","16","8.21","365","14","1","0","0","299","299","32","84304","958","1577","2751","400","10","5851","false","488208","0","4","6","1693","1807","992"
"15","0.1","1","false","false","false","true","false","false","false","1","1","1","0.25","1","0","0","0","100","0","50","0.2","10","2.5","2","60","1.6","0.4","20.5","6.7","16","8.21","365","14","1","0","0","299","299","33","84001","1042","1634","2822","491","10","5893","false","487095","0","4","6","1766","1891","1034"
"15","0.1","1","false","false","false","true","false","false","false","1","1","1","0.25","1","0","0","0","100","0","50","0.2","10","2.5","2","60","1.6","0.4","20.5","6.7","16","8.21","365","14","1","0","0","299","299","34","83649","1181","1679","2888","593","10","6041","false","486457","0","4","6","1858","1975","1079"
"15","0.1","1","false","false","false","true","false","false","false","1","1","1","0.25","1","0","0","0","100","0","50","0.2","10","2.5","2","60","1.6","0.4","20.5","6.7","16","8.21","365","14","1","0","0","299","299","35","83288","1288","1740","2968","705","11","6128","false","484907","0","4","7","1955","2075","1133"
"15","0.1","1","false","false","false","true","false","false","false","1","1","1","0.25","1","0","0","0","100","0","50","0.2","10","2.5","2","60","1.6","0.4","20.5","6.7","16","8.21","365","14","1","0","0","299","299","36","82920","1371","1758","3093","844","14","6111","false","483770","0","5","9","2037","2176","1195"
"15","0.1","1","false","false","false","true","false","false","false","1","1","1","0.25","1","0","0","0","100","0","50","0.2","10","2.5","2","60","1.6","0.4","20.5","6.7","16","8.21","365","14","1","0","0","299","299","37","82527","1485","1797","3198","976","17","6248","false","483551","0","5","12","2139","2283","1251"
"15","0.1","1","false","false","false","true","false","false","false","1","1","1","0.25","1","0","0","0","100","0","50","0.2","10","2.5","2","60","1.6","0.4","20.5","6.7","16","8.21","365","14","1","0","0","299","299","38","82172","1519","1849","3297","1142","21","6340","false","481980","1","7","13","2258","2396","1321"
"15","0.1","1","false","false","false","true","false","false","false","1","1","1","0.25","1","0","0","0","100","0","50","0.2","10","2.5","2","60","1.6","0.4","20.5","6.7","16","8.21","365","14","1","0","0","299","299","39","81787","1574","1895","3416","1304","24","6442","false","480822","1","8","15","2374","2510","1381"
"15","0.1","1","false","false","false","true","false","false","false","1","1","1","0.25","1","0","0","0","100","0","50","0.2","10","2.5","2","60","1.6","0.4","20.5","6.7","16","8.21","365","14","1","0","0","299","299","40","81377","1620","1925","3561","1488","29","6490","false","479598","1","8","20","2501","2626","1443"
"15","0.1","1","false","false","false","true","false","false","false","1","1","1","0.25","1","0","0","0","100","0","50","0.2","10","2.5","2","60","1.6","0.4","20.5","6.7","16","8.21","365","14","1","0","0","299","299","41","80992","1634","1986","3674","1682","32","6594","false","478742","1","9","22","2635","2780","1521"
"15","0.1","1","false","false","false","true","false","false","false","1","1","1","0.25","1","0","0","0","100","0","50","0.2","10","2.5","2","60","1.6","0.4","20.5","6.7","16","8.21","365","14","1","0","0","299","299","42","80586","1680","2067","3771","1858","38","6720","false","477601","1","10","27","2799","2921","1585"
"15","0.1","1","false","false","false","true","false","false","false","1","1","1","0.25","1","0","0","0","100","0","50","0.2","10","2.5","2","60","1.6","0.4","20.5","6.7","16","8.21","365","14","1","0","0","299","299","43","80154","1748","2136","3874","2049","39","6756","false","476162","2","10","27","2927","3052","1666"
"15","0.1","1","false","false","false","true","false","false","false","1","1","1","0.25","1","0","0","0","100","0","50","0.2","10","2.5","2","60","1.6","0.4","20.5","6.7","16","8.21","365","14","1","0","0","299","299","44","79713","1792","2194","4003","2253","45","6764","false","475547","2","11","32","3053","3211","1752"
"15","0.1","1","false","false","false","true","false","false","false","1","1","1","0.25","1","0","0","0","100","0","50","0.2","10","2.5","2","60","1.6","0.4","20.5","6.7","16","8.21","365","14","1","0","0","299","299","45","79253","1827","2272","4150","2451","47","6881","false","475032","2","12","33","3205","3387","1838"
"15","0.1","1","false","false","false","true","false","false","false","1","1","1","0.25","1","0","0","0","100","0","50","0.2","10","2.5","2","60","1.6","0.4","20.5","6.7","16","8.21","365","14","1","0","0","299","299","46","78792","1871","2341","4280","2668","48","6926","false","473872","3","12","33","3357","3561","1938"
"15","0.1","1","false","false","false","true","false","false","false","1","1","1","0.25","1","0","0","0","100","0","50","0.2","10","2.5","2","60","1.6","0.4","20.5","6.7","16","8.21","365","14","1","0","0","299","299","47","78339","1893","2405","4440","2872","51","7091","false","473410","3","13","35","3509","3716","2024"
"15","0.1","1","false","false","false","true","false","false","false","1","1","1","0.25","1","0","0","0","100","0","50","0.2","10","2.5","2","60","1.6","0.4","20.5","6.7","16","8.21","365","14","1","0","0","299","299","48","77875","1906","2484","4589","3086","60","7145","false","472018","5","16","39","3665","3877","2136"
"15","0.1","1","false","false","false","true","false","false","false","1","1","1","0.25","1","0","0","0","100","0","50","0.2","10","2.5","2","60","1.6","0.4","20.5","6.7","16","8.21","365","14","1","0","0","299","299","49","77391","1958","2577","4720","3293","61","7274","false","471210","5","17","39","3835","4059","2226"
"15","0.1","1","false","false","false","true","false","false","false","1","1","1","0.25","1","0","0","0","100","0","50","0.2","10","2.5","2","60","1.6","0.4","20.5","6.7","16","8.21","365","14","1","0","0","299","299","50","76935","1973","2657","4846","3519","70","7420","false","470064","6","18","46","3978","4237","2345"
"15","0.1","1","false","false","false","true","false","false","false","1","1","1","0.25","1","0","0","0","100","0","50","0.2","10","2.5","2","60","1.6","0.4","20.5","6.7","16","8.21","365","14","1","0","0","299","299","51","76448","1976","2737","4990","3770","79","7644","false","468653","9","21","49","4139","4429","2463"
"15","0.1","1","false","false","false","true","false","false","false","1","1","1","0.25","1","0","0","0","100","0","50","0.2","10","2.5","2","60","1.6","0.4","20.5","6.7","16","8.21","365","14","1","0","0","299","299","52","75961","2035","2833","5066","4023","82","7711","false","466845","10","22","50","4299","4626","2554"
"15","0.1","1","false","false","false","true","false","false","false","1","1","1","0.25","1","0","0","0","100","0","50","0.2","10","2.5","2","60","1.6","0.4","20.5","6.7","16","8.21","365","14","1","0","0","299","299","53","75502","2006","2897","5243","4267","85","7843","false","466215","12","23","50","4442","4821","2657"
"15","0.1","1","false","false","false","true","false","false","false","1","1","1","0.25","1","0","0","0","100","0","50","0.2","10","2.5","2","60","1.6","0.4","20.5","6.7","16","8.21","365","14","1","0","0","299","299","54","75035","2023","2985","5347","4524","86","7984","false","464999","12","23","51","4622","4966","2763"
"15","0.1","1","false","false","false","true","false","false","false","1","1","1","0.25","1","0","0","0","100","0","50","0.2","10","2.5","2","60","1.6","0.4","20.5","6.7","16","8.21","365","14","1","0","0","299","299","55","74575","1999","3087","5485","4765","89","8104","false","463908","12","24","53","4795","5175","2860"
"15","0.1","1","false","false","false","true","false","false","false","1","1","1","0.25","1","0","0","0","100","0","50","0.2","10","2.5","2","60","1.6","0.4","20.5","6.7","16","8.21","365","14","1","0","0","299","299","56","74110","1984","3154","5629","5027","96","8115","false","462929","12","26","58","4967","5358","2949"
"15","0.1","1","false","false","false","true","false","false","false","1","1","1","0.25","1","0","0","0","100","0","50","0.2","10","2.5","2","60","1.6","0.4","20.5","6.7","16","8.21","365","14","1","0","0","299","299","57","73615","1991","3259","5745","5286","104","8281","false","462529","14","26","64","5144","5579","3057"
"15","0.1","1","false","false","false","true","false","false","false","1","1","1","0.25","1","0","0","0","100","0","50","0.2","10","2.5","2","60","1.6","0.4","20.5","6.7","16","8.21","365","14","1","0","0","299","299","58","73135","2005","3377","5824","5552","107","8381","false","461162","15","27","65","5326","5779","3163"
"15","0.1","1","false","false","false","true","false","false","false","1","1","1","0.25","1","0","0","0","100","0","50","0.2","10","2.5","2","60","1.6","0.4","20.5","6.7","16","8.21","365","14","1","0","0","299","299","59","72655","2033","3478","5900","5818","116","8425","false","460172","18","30","68","5496","5958","3276"
"15","0.1","1","false","false","false","true","false","false","false","1","1","1","0.25","1","0","0","0","100","0","50","0.2","10","2.5","2","60","1.6","0.4","20.5","6.7","16","8.21","365","14","1","0","0","299","299","60","72176","2077","3569","5947","6109","122","8568","false","459560","18","33","71","5647","6151","3387"
"15","0.1","1","false","false","false","true","false","false","false","1","1","1","0.25","1","0","0","0","100","0","50","0.2","10","2.5","2","60","1.6","0.4","20.5","6.7","16","8.21","365","14","1","0","0","299","299","61","71657","2103","3624","6051","6433","132","8616","false","458313","18","34","80","5826","6345","3503"
"15","0.1","1","false","false","false","true","false","false","false","1","1","1","0.25","1","0","0","0","100","0","50","0.2","10","2.5","2","60","1.6","0.4","20.5","6.7","16","8.21","365","14","1","0","0","299","299","62","71147","2119","3697","6138","6760","139","8779","false","457687","18","34","87","6011","6552","3611"
"15","0.1","1","false","false","false","true","false","false","false","1","1","1","0.25","1","0","0","0","100","0","50","0.2","10","2.5","2","60","1.6","0.4","20.5","6.7","16","8.21","365","14","1","0","0","299","299","63","70654","2113","3775","6242","7072","144","8908","false","456103","19","34","91","6189","6740","3736"
"15","0.1","1","false","false","false","true","false","false","false","1","1","1","0.25","1","0","0","0","100","0","50","0.2","10","2.5","2","60","1.6","0.4","20.5","6.7","16","8.21","365","14","1","0","0","299","299","64","70116","2169","3835","6332","7398","150","8944","false","454938","20","36","94","6340","6946","3855"
"15","0.1","1","false","false","false","true","false","false","false","1","1","1","0.25","1","0","0","0","100","0","50","0.2","10","2.5","2","60","1.6","0.4","20.5","6.7","16","8.21","365","14","1","0","0","299","299","65","69593","2176","3896","6481","7700","154","9069","false","454425","21","37","96","6512","7131","3983"
"15","0.1","1","false","false","false","true","false","false","false","1","1","1","0.25","1","0","0","0","100","0","50","0.2","10","2.5","2","60","1.6","0.4","20.5","6.7","16","8.21","365","14","1","0","0","299","299","66","69058","2218","3937","6556","8071","160","9126","false","453354","22","40","98","6712","7320","4093"
"15","0.1","1","false","false","false","true","false","false","false","1","1","1","0.25","1","0","0","0","100","0","50","0.2","10","2.5","2","60","1.6","0.4","20.5","6.7","16","8.21","365","14","1","0","0","299","299","67","68542","2221","3992","6635","8444","166","9322","false","452707","23","40","103","6888","7544","4219"
"15","0.1","1","false","false","false","true","false","false","false","1","1","1","0.25","1","0","0","0","100","0","50","0.2","10","2.5","2","60","1.6","0.4","20.5","6.7","16","8.21","365","14","1","0","0","299","299","68","68024","2225","4024","6711","8846","170","9314","false","450725","23","40","107","7063","7745","4353"
"15","0.1","1","false","false","false","true","false","false","false","1","1","1","0.25","1","0","0","0","100","0","50","0.2","10","2.5","2","60","1.6","0.4","20.5","6.7","16","8.21","365","14","1","0","0","299","299","69","67434","2290","4063","6789","9247","177","9432","false","450607","24","43","110","7273","7935","4468"
"15","0.1","1","false","false","false","true","false","false","false","1","1","1","0.25","1","0","0","0","100","0","50","0.2","10","2.5","2","60","1.6","0.4","20.5","6.7","16","8.21","365","14","1","0","0","299","299","70","66902","2307","4093","6853","9659","186","9485","false","449538","24","45","117","7465","8138","4576"
"15","0.1","1","false","false","false","true","false","false","false","1","1","1","0.25","1","0","0","0","100","0","50","0.2","10","2.5","2","60","1.6","0.4","20.5","6.7","16","8.21","365","14","1","0","0","299","299","71","66271","2413","4153","6928","10038","197","9590","false","448771","26","50","121","7645","8344","4708"
"15","0.1","1","false","false","false","true","false","false","false","1","1","1","0.25","1","0","0","0","100","0","50","0.2","10","2.5","2","60","1.6","0.4","20.5","6.7","16","8.21","365","14","1","0","0","299","299","72","65700","2455","4184","6967","10487","207","9703","false","447722","26","53","128","7842","8550","4821"
"15","0.1","1","false","false","false","true","false","false","false","1","1","1","0.25","1","0","0","0","100","0","50","0.2","10","2.5","2","60","1.6","0.4","20.5","6.7","16","8.21","365","14","1","0","0","299","299","73","65142","2474","4203","7034","10933","214","9780","false","446609","26","56","132","8056","8731","4939"
"15","0.1","1","false","false","false","true","false","false","false","1","1","1","0.25","1","0","0","0","100","0","50","0.2","10","2.5","2","60","1.6","0.4","20.5","6.7","16","8.21","365","14","1","0","0","299","299","74","64596","2427","4238","7148","11371","220","9774","false","445682","26","58","136","8267","8944","5088"
"15","0.1","1","false","false","false","true","false","false","false","1","1","1","0.25","1","0","0","0","100","0","50","0.2","10","2.5","2","60","1.6","0.4","20.5","6.7","16","8.21","365","14","1","0","0","299","299","75","64036","2401","4285","7253","11801","224","9897","false","445575","26","58","140","8484","9176","5206"
"15","0.1","1","false","false","false","true","false","false","false","1","1","1","0.25","1","0","0","0","100","0","50","0.2","10","2.5","2","60","1.6","0.4","20.5","6.7","16","8.21","365","14","1","0","0","299","299","76","63474","2398","4351","7312","12233","232","9902","false","444465","26","59","147","8694","9415","5330"
"15","0.1","1","false","false","false","true","false","false","false","1","1","1","0.25","1","0","0","0","100","0","50","0.2","10","2.5","2","60","1.6","0.4","20.5","6.7","16","8.21","365","14","1","0","0","299","299","77","62923","2368","4401","7406","12661","241","9905","false","444258","27","64","150","8902","9642","5475"
"15","0.1","1","false","false","false","true","false","false","false","1","1","1","0.25","1","0","0","0","100","0","50","0.2","10","2.5","2","60","1.6","0.4","20.5","6.7","16","8.21","365","14","1","0","0","299","299","78","62334","2457","4420","7452","13089","248","9980","false","443873","28","67","153","9095","9860","5585"
"15","0.1","1","false","false","false","true","false","false","false","1","1","1","0.25","1","0","0","0","100","0","50","0.2","10","2.5","2","60","1.6","0.4","20.5","6.7","16","8.21","365","14","1","0","0","299","299","79","61749","2473","4465","7502","13557","254","10040","false","443012","28","70","156","9314","10103","5715"
"15","0.1","1","false","false","false","true","false","false","false","1","1","1","0.25","1","0","0","0","100","0","50","0.2","10","2.5","2","60","1.6","0.4","20.5","6.7","16","8.21","365","14","1","0","0","299","299","80","61154","2488","4474","7627","13997","260","10041","false","442421","28","71","161","9510","10306","5854"
"15","0.1","1","false","false","false","true","false","false","false","1","1","1","0.25","1","0","0","0","100","0","50","0.2","10","2.5","2","60","1.6","0.4","20.5","6.7","16","8.21","365","14","1","0","0","299","299","81","60559","2542","4500","7696","14429","274","10106","false","442233","29","72","173","9726","10553","5955"
"15","0.1","1","false","false","false","true","false","false","false","1","1","1","0.25","1","0","0","0","100","0","50","0.2","10","2.5","2","60","1.6","0.4","20.5","6.7","16","8.21","365","14","1","0","0","299","299","82","59886","2602","4545","7743","14944","280","10253","false","441641","30","73","177","9946","10791","6101"
"15","0.1","1","false","false","false","true","false","false","false","1","1","1","0.25","1","0","0","0","100","0","50","0.2","10","2.5","2","60","1.6","0.4","20.5","6.7","16","8.21","365","14","1","0","0","299","299","83","59274","2584","4561","7839","15458","284","10388","false","440423","30","75","179","10185","11032","6231"
"15","0.1","1","false","false","false","true","false","false","false","1","1","1","0.25","1","0","0","0","100","0","50","0.2","10","2.5","2","60","1.6","0.4","20.5","6.7","16","8.21","365","14","1","0","0","299","299","84","58709","2539","4580","7929","15948","295","10511","false","439301","31","81","183","10395","11256","6380"
"15","0.1","1","false","false","false","true","false","false","false","1","1","1","0.25","1","0","0","0","100","0","50","0.2","10","2.5","2","60","1.6","0.4","20.5","6.7","16","8.21","365","14","1","0","0","299","299","85","58144","2503","4606","8010","16435","302","10549","false","437988","31","83","188","10632","11490","6517"
"15","0.1","1","false","false","false","true","false","false","false","1","1","1","0.25","1","0","0","0","100","0","50","0.2","10","2.5","2","60","1.6","0.4","20.5","6.7","16","8.21","365","14","1","0","0","299","299","86","57533","2547","4656","8085","16864","315","10725","false","437609","35","86","194","10830","11713","6659"
"15","0.1","1","false","false","false","true","false","false","false","1","1","1","0.25","1","0","0","0","100","0","50","0.2","10","2.5","2","60","1.6","0.4","20.5","6.7","16","8.21","365","14","1","0","0","299","299","87","56963","2549","4720","8087","17359","322","10682","false","436143","38","87","197","11042","11960","6802"
"15","0.1","1","false","false","false","true","false","false","false","1","1","1","0.25","1","0","0","0","100","0","50","0.2","10","2.5","2","60","1.6","0.4","20.5","6.7","16","8.21","365","14","1","0","0","299","299","88","56383","2512","4753","8155","17866","331","10770","false","436289","39","91","201","11286","12171","6956"
"15","0.1","1","false","false","false","true","false","false","false","1","1","1","0.25","1","0","0","0","100","0","50","0.2","10","2.5","2","60","1.6","0.4","20.5","6.7","16","8.21","365","14","1","0","0","299","299","89","55846","2469","4762","8165","18417","341","10715","false","435565","40","95","206","11487","12397","7103"
"15","0.1","1","false","false","false","true","false","false","false","1","1","1","0.25","1","0","0","0","100","0","50","0.2","10","2.5","2","60","1.6","0.4","20.5","6.7","16","8.21","365","14","1","0","0","299","299","90","55257","2466","4783","8234","18910","350","10675","false","435823","40","97","213","11680","12639","7234"
"15","0.1","1","false","false","false","true","false","false","false","1","1","1","0.25","1","0","0","0","100","0","50","0.2","10","2.5","2","60","1.6","0.4","20.5","6.7","16","8.21","365","14","1","0","0","299","299","91","54687","2428","4824","8296","19404","361","10673","false","436133","40","99","222","11905","12876","7379"
"15","0.1","1","false","false","false","true","false","false","false","1","1","1","0.25","1","0","0","0","100","0","50","0.2","10","2.5","2","60","1.6","0.4","20.5","6.7","16","8.21","365","14","1","0","0","299","299","92","54091","2450","4877","8296","19917","369","10588","false","435928","41","100","228","12108","13138","7513"
"15","0.1","1","false","false","false","true","false","false","false","1","1","1","0.25","1","0","0","0","100","0","50","0.2","10","2.5","2","60","1.6","0.4","20.5","6.7","16","8.21","365","14","1","0","0","299","299","93","53513","2464","4917","8306","20424","376","10580","false","436317","42","103","231","12323","13382","7644"
"15","0.1","1","false","false","false","true","false","false","false","1","1","1","0.25","1","0","0","0","100","0","50","0.2","10","2.5","2","60","1.6","0.4","20.5","6.7","16","8.21","365","14","1","0","0","299","299","94","52928","2507","4928","8293","20963","381","10521","false","436321","43","104","234","12518","13591","7772"
"15","0.1","1","false","false","false","true","false","false","false","1","1","1","0.25","1","0","0","0","100","0","50","0.2","10","2.5","2","60","1.6","0.4","20.5","6.7","16","8.21","365","14","1","0","0","299","299","95","52362","2497","4946","8325","21486","384","10548","false","436691","44","106","234","12756","13812","7888"
"15","0.1","1","false","false","false","true","false","false","false","1","1","1","0.25","1","0","0","0","100","0","50","0.2","10","2.5","2","60","1.6","0.4","20.5","6.7","16","8.21","365","14","1","0","0","299","299","96","51752","2548","4977","8320","22013","390","10545","false","436204","45","108","237","12978","14053","8011"
"15","0.1","1","false","false","false","true","false","false","false","1","1","1","0.25","1","0","0","0","100","0","50","0.2","10","2.5","2","60","1.6","0.4","20.5","6.7","16","8.21","365","14","1","0","0","299","299","97","51139","2555","4961","8393","22555","397","10420","false","436067","46","111","240","13204","14265","8135"
"15","0.1","1","false","false","false","true","false","false","false","1","1","1","0.25","1","0","0","0","100","0","50","0.2","10","2.5","2","60","1.6","0.4","20.5","6.7","16","8.21","365","14","1","0","0","299","299","98","50529","2576","4994","8402","23094","405","10373","false","437007","48","112","245","13424","14510","8271"
"15","0.1","1","false","false","false","true","false","false","false","1","1","1","0.25","1","0","0","0","100","0","50","0.2","10","2.5","2","60","1.6","0.4","20.5","6.7","16","8.21","365","14","1","0","0","299","299","99","49878","2642","4999","8438","23631","412","10483","false","437324","48","115","249","13639","14731","8407"
"15","0.1","1","false","false","false","true","false","false","false","1","1","1","0.25","1","0","0","0","100","0","50","0.2","10","2.5","2","60","1.6","0.4","20.5","6.7","16","8.21","365","14","1","0","0","299","299","100","49278","2673","5011","8421","24199","418","10443","false","436301","48","116","254","13864","14966","8543"
"15","0.1","1","false","false","false","true","false","false","false","1","1","1","0.25","1","0","0","0","100","0","50","0.2","10","2.5","2","60","1.6","0.4","20.5","6.7","16","8.21","365","14","1","0","0","299","299","101","48689","2654","5057","8449","24725","426","10459","false","436446","50","119","257","14093","15210","8688"
"15","0.1","1","false","false","false","true","false","false","false","1","1","1","0.25","1","0","0","0","100","0","50","0.2","10","2.5","2","60","1.6","0.4","20.5","6.7","16","8.21","365","14","1","0","0","299","299","102","48125","2588","5052","8502","25295","438","10445","false","436159","51","122","265","14311","15458","8825"
"15","0.1","1","false","false","false","true","false","false","false","1","1","1","0.25","1","0","0","0","100","0","50","0.2","10","2.5","2","60","1.6","0.4","20.5","6.7","16","8.21","365","14","1","0","0","299","299","103","47549","2538","5034","8541","25893","445","10520","false","436258","52","123","270","14515","15692","8964"
"15","0.1","1","false","false","false","true","false","false","false","1","1","1","0.25","1","0","0","0","100","0","50","0.2","10","2.5","2","60","1.6","0.4","20.5","6.7","16","8.21","365","14","1","0","0","299","299","104","46956","2564","5030","8519","26477","454","10591","false","435465","53","125","276","14724","15932","9102"
"15","0.1","1","false","false","false","true","false","false","false","1","1","1","0.25","1","0","0","0","100","0","50","0.2","10","2.5","2","60","1.6","0.4","20.5","6.7","16","8.21","365","14","1","0","0","299","299","105","46411","2548","5077","8475","27024","465","10494","false","434802","54","128","283","14923","16195","9236"
"15","0.1","1","false","false","false","true","false","false","false","1","1","1","0.25","1","0","0","0","100","0","50","0.2","10","2.5","2","60","1.6","0.4","20.5","6.7","16","8.21","365","14","1","0","0","299","299","106","45869","2474","5113","8473","27601","470","10533","false","435482","55","130","285","15118","16451","9403"
"15","0.1","1","false","false","false","true","false","false","false","1","1","1","0.25","1","0","0","0","100","0","50","0.2","10","2.5","2","60","1.6","0.4","20.5","6.7","16","8.21","365","14","1","0","0","299","299","107","45301","2453","5102","8448","28215","481","10573","false","435155","56","136","289","15338","16690","9526"
"15","0.1","1","false","false","false","true","false","false","false","1","1","1","0.25","1","0","0","0","100","0","50","0.2","10","2.5","2","60","1.6","0.4","20.5","6.7","16","8.21","365","14","1","0","0","299","299","108","44759","2410","5112","8463","28765","491","10477","false","434671","56","140","295","15566","16915","9663"
"15","0.1","1","false","false","false","true","false","false","false","1","1","1","0.25","1","0","0","0","100","0","50","0.2","10","2.5","2","60","1.6","0.4","20.5","6.7","16","8.21","365","14","1","0","0","299","299","109","44217","2394","5094","8482","29315","498","10303","false","435194","56","142","300","15782","17122","9788"
"15","0.1","1","false","false","false","true","false","false","false","1","1","1","0.25","1","0","0","0","100","0","50","0.2","10","2.5","2","60","1.6","0.4","20.5","6.7","16","8.21","365","14","1","0","0","299","299","110","43621","2424","5102","8462","29881","510","10318","false","436452","58","146","306","15990","17373","9902"
"15","0.1","1","false","false","false","true","false","false","false","1","1","1","0.25","1","0","0","0","100","0","50","0.2","10","2.5","2","60","1.6","0.4","20.5","6.7","16","8.21","365","14","1","0","0","299","299","111","43056","2441","5107","8423","30454","519","10220","false","436438","61","149","309","16208","17611","10030"
"15","0.1","1","false","false","false","true","false","false","false","1","1","1","0.25","1","0","0","0","100","0","50","0.2","10","2.5","2","60","1.6","0.4","20.5","6.7","16","8.21","365","14","1","0","0","299","299","112","42509","2439","5090","8410","31022","530","10195","false","437107","62","153","315","16398","17833","10170"
"15","0.1","1","false","false","false","true","false","false","false","1","1","1","0.25","1","0","0","0","100","0","50","0.2","10","2.5","2","60","1.6","0.4","20.5","6.7","16","8.21","365","14","1","0","0","299","299","113","41999","2373","5054","8400","31635","539","10081","false","437294","64","155","320","16602","18050","10313"
"15","0.1","1","false","false","false","true","false","false","false","1","1","1","0.25","1","0","0","0","100","0","50","0.2","10","2.5","2","60","1.6","0.4","20.5","6.7","16","8.21","365","14","1","0","0","299","299","114","41381","2463","5056","8365","32192","543","10073","false","438132","64","156","323","16795","18268","10420"
"15","0.1","1","false","false","false","true","false","false","false","1","1","1","0.25","1","0","0","0","100","0","50","0.2","10","2.5","2","60","1.6","0.4","20.5","6.7","16","8.21","365","14","1","0","0","299","299","115","40820","2458","5013","8381","32772","556","9964","false","438326","65","158","333","16998","18501","10537"
"15","0.1","1","false","false","false","true","false","false","false","1","1","1","0.25","1","0","0","0","100","0","50","0.2","10","2.5","2","60","1.6","0.4","20.5","6.7","16","8.21","365","14","1","0","0","299","299","116","40261","2446","4983","8371","33376","563","9852","false","439151","67","159","337","17212","18727","10669"
"15","0.1","1","false","false","false","true","false","false","false","1","1","1","0.25","1","0","0","0","100","0","50","0.2","10","2.5","2","60","1.6","0.4","20.5","6.7","16","8.21","365","14","1","0","0","299","299","117","39709","2391","5011","8407","33908","574","9802","false","439872","70","161","343","17440","18952","10814"
"15","0.1","1","false","false","false","true","false","false","false","1","1","1","0.25","1","0","0","0","100","0","50","0.2","10","2.5","2","60","1.6","0.4","20.5","6.7","16","8.21","365","14","1","0","0","299","299","118","39186","2349","5018","8416","34447","584","9616","false","440392","74","163","347","17619","19207","10945"
"15","0.1","1","false","false","false","true","false","false","false","1","1","1","0.25","1","0","0","0","100","0","50","0.2","10","2.5","2","60","1.6","0.4","20.5","6.7","16","8.21","365","14","1","0","0","299","299","119","38638","2368","5001","8345","35053","595","9649","false","441832","77","165","353","17827","19447","11044"
"15","0.1","1","false","false","false","true","false","false","false","1","1","1","0.25","1","0","0","0","100","0","50","0.2","10","2.5","2","60","1.6","0.4","20.5","6.7","16","8.21","365","14","1","0","0","299","299","120","38100","2358","4978","8299","35657","608","9560","false","441531","77","171","360","18035","19640","11164"
"15","0.1","1","false","false","false","true","false","false","false","1","1","1","0.25","1","0","0","0","100","0","50","0.2","10","2.5","2","60","1.6","0.4","20.5","6.7","16","8.21","365","14","1","0","0","299","299","121","37523","2390","4973","8254","36241","619","9593","false","442091","79","171","369","18246","19861","11286"
"15","0.1","1","false","false","false","true","false","false","false","1","1","1","0.25","1","0","0","0","100","0","50","0.2","10","2.5","2","60","1.6","0.4","20.5","6.7","16","8.21","365","14","1","0","0","299","299","122","36975","2389","4995","8225","36783","633","9545","false","441591","79","173","381","18470","20085","11403"
"15","0.1","1","false","false","false","true","false","false","false","1","1","1","0.25","1","0","0","0","100","0","50","0.2","10","2.5","2","60","1.6","0.4","20.5","6.7","16","8.21","365","14","1","0","0","299","299","123","36449","2328","4964","8235","37382","642","9429","false","442027","79","175","388","18669","20321","11522"
"15","0.1","1","false","false","false","true","false","false","false","1","1","1","0.25","1","0","0","0","100","0","50","0.2","10","2.5","2","60","1.6","0.4","20.5","6.7","16","8.21","365","14","1","0","0","299","299","124","35871","2335","4956","8223","37966","649","9420","false","442846","82","176","391","18873","20593","11647"
"15","0.1","1","false","false","false","true","false","false","false","1","1","1","0.25","1","0","0","0","100","0","50","0.2","10","2.5","2","60","1.6","0.4","20.5","6.7","16","8.21","365","14","1","0","0","299","299","125","35347","2312","4961","8183","38537","660","9343","false","443026","84","178","398","19075","20808","11782"
"15","0.1","1","false","false","false","true","false","false","false","1","1","1","0.25","1","0","0","0","100","0","50","0.2","10","2.5","2","60","1.6","0.4","20.5","6.7","16","8.21","365","14","1","0","0","299","299","126","34846","2278","4976","8129","39104","667","9334","false","443819","85","180","402","19256","21052","11916"
"15","0.1","1","false","false","false","true","false","false","false","1","1","1","0.25","1","0","0","0","100","0","50","0.2","10","2.5","2","60","1.6","0.4","20.5","6.7","16","8.21","365","14","1","0","0","299","299","127","34379","2229","4987","8067","39661","677","9221","false","443796","86","184","407","19472","21275","12039"
"15","0.1","1","false","false","false","true","false","false","false","1","1","1","0.25","1","0","0","0","100","0","50","0.2","10","2.5","2","60","1.6","0.4","20.5","6.7","16","8.21","365","14","1","0","0","299","299","128","33914","2173","4955","8046","40220","692","9087","false","444637","87","191","414","19659","21456","12172"
"15","0.1","1","false","false","false","true","false","false","false","1","1","1","0.25","1","0","0","0","100","0","50","0.2","10","2.5","2","60","1.6","0.4","20.5","6.7","16","8.21","365","14","1","0","0","299","299","129","33388","2180","4944","8040","40747","701","9018","false","445631","87","193","421","19867","21680","12285"
"15","0.1","1","false","false","false","true","false","false","false","1","1","1","0.25","1","0","0","0","100","0","50","0.2","10","2.5","2","60","1.6","0.4","20.5","6.7","16","8.21","365","14","1","0","0","299","299","130","32887","2196","4947","7950","41304","716","8976","false","446292","88","200","428","20046","21887","12404"
"15","0.1","1","false","false","false","true","false","false","false","1","1","1","0.25","1","0","0","0","100","0","50","0.2","10","2.5","2","60","1.6","0.4","20.5","6.7","16","8.21","365","14","1","0","0","299","299","131","32390","2185","4891","7910","41889","735","8797","false","446535","91","205","439","20241","22069","12515"
"15","0.1","1","false","false","false","true","false","false","false","1","1","1","0.25","1","0","0","0","100","0","50","0.2","10","2.5","2","60","1.6","0.4","20.5","6.7","16","8.21","365","14","1","0","0","299","299","132","31865","2215","4862","7837","42478","743","8746","false","447729","91","207","445","20409","22285","12626"
"15","0.1","1","false","false","false","true","false","false","false","1","1","1","0.25","1","0","0","0","100","0","50","0.2","10","2.5","2","60","1.6","0.4","20.5","6.7","16","8.21","365","14","1","0","0","299","299","133","31314","2242","4854","7832","43004","754","8811","false","448010","92","211","451","20601","22490","12754"
"15","0.1","1","false","false","false","true","false","false","false","1","1","1","0.25","1","0","0","0","100","0","50","0.2","10","2.5","2","60","1.6","0.4","20.5","6.7","16","8.21","365","14","1","0","0","299","299","134","30842","2169","4812","7843","43573","761","8692","false","447492","93","212","456","20790","22707","12878"
"15","0.1","1","false","false","false","true","false","false","false","1","1","1","0.25","1","0","0","0","100","0","50","0.2","10","2.5","2","60","1.6","0.4","20.5","6.7","16","8.21","365","14","1","0","0","299","299","135","30367","2165","4812","7731","44153","772","8641","false","448477","93","218","461","20977","22912","12987"
"15","0.1","1","false","false","false","true","false","false","false","1","1","1","0.25","1","0","0","0","100","0","50","0.2","10","2.5","2","60","1.6","0.4","20.5","6.7","16","8.21","365","14","1","0","0","299","299","136","29856","2164","4796","7711","44691","782","8724","false","448899","95","219","468","21169","23126","13097"
"15","0.1","1","false","false","false","true","false","false","false","1","1","1","0.25","1","0","0","0","100","0","50","0.2","10","2.5","2","60","1.6","0.4","20.5","6.7","16","8.21","365","14","1","0","0","299","299","137","29424","2114","4751","7669","45252","790","8536","false","448273","95","221","474","21336","23321","13214"
"15","0.1","1","false","false","false","true","false","false","false","1","1","1","0.25","1","0","0","0","100","0","50","0.2","10","2.5","2","60","1.6","0.4","20.5","6.7","16","8.21","365","14","1","0","0","299","299","138","28936","2084","4720","7615","45843","802","8536","false","449792","99","224","479","21545","23526","13323"
"15","0.1","1","false","false","false","true","false","false","false","1","1","1","0.25","1","0","0","0","100","0","50","0.2","10","2.5","2","60","1.6","0.4","20.5","6.7","16","8.21","365","14","1","0","0","299","299","139","28520","2013","4691","7553","46414","809","8370","false","449593","100","225","484","21742","23726","13447"
"15","0.1","1","false","false","false","true","false","false","false","1","1","1","0.25","1","0","0","0","100","0","50","0.2","10","2.5","2","60","1.6","0.4","20.5","6.7","16","8.21","365","14","1","0","0","299","299","140","28049","2016","4631","7486","46999","819","8311","false","450803","101","229","489","21914","23918","13564"
"15","0.1","1","false","false","false","true","false","false","false","1","1","1","0.25","1","0","0","0","100","0","50","0.2","10","2.5","2","60","1.6","0.4","20.5","6.7","16","8.21","365","14","1","0","0","299","299","141","27549","2054","4585","7461","47525","826","8289","false","451157","102","232","492","22083","24094","13678"
"15","0.1","1","false","false","false","true","false","false","false","1","1","1","0.25","1","0","0","0","100","0","50","0.2","10","2.5","2","60","1.6","0.4","20.5","6.7","16","8.21","365","14","1","0","0","299","299","142","27115","2028","4558","7358","48107","834","8202","false","451483","103","235","496","22242","24292","13795"
"15","0.1","1","false","false","false","true","false","false","false","1","1","1","0.25","1","0","0","0","100","0","50","0.2","10","2.5","2","60","1.6","0.4","20.5","6.7","16","8.21","365","14","1","0","0","299","299","143","26654","2001","4506","7349","48649","841","8175","false","452112","104","237","500","22396","24501","13906"
"15","0.1","1","false","false","false","true","false","false","false","1","1","1","0.25","1","0","0","0","100","0","50","0.2","10","2.5","2","60","1.6","0.4","20.5","6.7","16","8.21","365","14","1","0","0","299","299","144","26237","1956","4487","7303","49168","849","8071","false","452470","106","242","501","22561","24678","14009"
"15","0.1","1","false","false","false","true","false","false","false","1","1","1","0.25","1","0","0","0","100","0","50","0.2","10","2.5","2","60","1.6","0.4","20.5","6.7","16","8.21","365","14","1","0","0","299","299","145","25800","1912","4456","7295","49678","859","8030","false","453304","107","246","506","22725","24881","14116"
"15","0.1","1","false","false","false","true","false","false","false","1","1","1","0.25","1","0","0","0","100","0","50","0.2","10","2.5","2","60","1.6","0.4","20.5","6.7","16","8.21","365","14","1","0","0","299","299","146","25367","1888","4424","7244","50212","865","7883","false","453686","107","248","510","22907","25070","14222"
"15","0.1","1","false","false","false","true","false","false","false","1","1","1","0.25","1","0","0","0","100","0","50","0.2","10","2.5","2","60","1.6","0.4","20.5","6.7","16","8.21","365","14","1","0","0","299","299","147","24947","1844","4391","7194","50751","873","7898","false","454766","108","250","515","23077","25274","14329"
"15","0.1","1","false","false","false","true","false","false","false","1","1","1","0.25","1","0","0","0","100","0","50","0.2","10","2.5","2","60","1.6","0.4","20.5","6.7","16","8.21","365","14","1","0","0","299","299","148","24540","1852","4339","7054","51334","881","7779","false","454597","111","253","517","23214","25440","14432"
"15","0.1","1","false","false","false","true","false","false","false","1","1","1","0.25","1","0","0","0","100","0","50","0.2","10","2.5","2","60","1.6","0.4","20.5","6.7","16","8.21","365","14","1","0","0","299","299","149","24111","1845","4329","7003","51823","889","7644","false","455534","112","257","520","23377","25627","14535"
"15","0.1","1","false","false","false","true","false","false","false","1","1","1","0.25","1","0","0","0","100","0","50","0.2","10","2.5","2","60","1.6","0.4","20.5","6.7","16","8.21","365","14","1","0","0","299","299","150","23704","1783","4294","7000","52320","899","7554","false","456651","113","259","527","23520","25823","14644"
"15","0.1","1","false","false","false","true","false","false","false","1","1","1","0.25","1","0","0","0","100","0","50","0.2","10","2.5","2","60","1.6","0.4","20.5","6.7","16","8.21","365","14","1","0","0","299","299","151","23295","1755","4232","6957","52857","904","7519","false","457508","115","260","529","23671","26011","14710"
"15","0.1","1","false","false","false","true","false","false","false","1","1","1","0.25","1","0","0","0","100","0","50","0.2","10","2.5","2","60","1.6","0.4","20.5","6.7","16","8.21","365","14","1","0","0","299","299","152","22908","1737","4228","6903","53310","914","7414","false","457729","118","261","535","23803","26200","14810"
"15","0.1","1","false","false","false","true","false","false","false","1","1","1","0.25","1","0","0","0","100","0","50","0.2","10","2.5","2","60","1.6","0.4","20.5","6.7","16","8.21","365","14","1","0","0","299","299","153","22500","1744","4210","6822","53803","921","7259","false","458339","118","263","540","23970","26374","14904"
"15","0.1","1","false","false","false","true","false","false","false","1","1","1","0.25","1","0","0","0","100","0","50","0.2","10","2.5","2","60","1.6","0.4","20.5","6.7","16","8.21","365","14","1","0","0","299","299","154","22117","1709","4194","6688","54357","935","7227","false","459573","120","267","548","24123","26564","15018"
"15","0.1","1","false","false","false","true","false","false","false","1","1","1","0.25","1","0","0","0","100","0","50","0.2","10","2.5","2","60","1.6","0.4","20.5","6.7","16","8.21","365","14","1","0","0","299","299","155","21730","1705","4135","6612","54871","947","7114","false","459844","121","268","558","24267","26734","15118"
"15","0.1","1","false","false","false","true","false","false","false","1","1","1","0.25","1","0","0","0","100","0","50","0.2","10","2.5","2","60","1.6","0.4","20.5","6.7","16","8.21","365","14","1","0","0","299","299","156","21315","1707","4100","6557","55368","953","7086","false","460706","122","268","563","24407","26893","15205"
"15","0.1","1","false","false","false","true","false","false","false","1","1","1","0.25","1","0","0","0","100","0","50","0.2","10","2.5","2","60","1.6","0.4","20.5","6.7","16","8.21","365","14","1","0","0","299","299","157","20970","1676","4025","6470","55897","962","6971","false","461042","123","272","567","24549","27058","15277"
"15","0.1","1","false","false","false","true","false","false","false","1","1","1","0.25","1","0","0","0","100","0","50","0.2","10","2.5","2","60","1.6","0.4","20.5","6.7","16","8.21","365","14","1","0","0","299","299","158","20604","1651","4006","6399","56363","977","6887","false","461994","124","275","578","24690","27228","15371"
"15","0.1","1","false","false","false","true","false","false","false","1","1","1","0.25","1","0","0","0","100","0","50","0.2","10","2.5","2","60","1.6","0.4","20.5","6.7","16","8.21","365","14","1","0","0","299","299","159","20271","1588","3951","6344","56860","986","6710","false","462548","124","277","585","24830","27370","15479"
"15","0.1","1","false","false","false","true","false","false","false","1","1","1","0.25","1","0","0","0","100","0","50","0.2","10","2.5","2","60","1.6","0.4","20.5","6.7","16","8.21","365","14","1","0","0","299","299","160","19921","1558","3879","6291","57357","994","6621","false","463889","125","279","590","24951","27528","15572"
"15","0.1","1","false","false","false","true","false","false","false","1","1","1","0.25","1","0","0","0","100","0","50","0.2","10","2.5","2","60","1.6","0.4","20.5","6.7","16","8.21","365","14","1","0","0","299","299","161","19602","1487","3853","6179","57881","998","6506","false","464751","125","280","593","25117","27685","15646"
"15","0.1","1","false","false","false","true","false","false","false","1","1","1","0.25","1","0","0","0","100","0","50","0.2","10","2.5","2","60","1.6","0.4","20.5","6.7","16","8.21","365","14","1","0","0","299","299","162","19251","1482","3808","6104","58346","1009","6409","false","465916","126","284","599","25254","27828","15730"
"15","0.1","1","false","false","false","true","false","false","false","1","1","1","0.25","1","0","0","0","100","0","50","0.2","10","2.5","2","60","1.6","0.4","20.5","6.7","16","8.21","365","14","1","0","0","299","299","163","18922","1434","3771","6041","58818","1014","6311","false","466579","126","286","602","25390","27990","15823"
"15","0.1","1","false","false","false","true","false","false","false","1","1","1","0.25","1","0","0","0","100","0","50","0.2","10","2.5","2","60","1.6","0.4","20.5","6.7","16","8.21","365","14","1","0","0","299","299","164","18590","1449","3710","5896","59333","1022","6149","false","467413","129","287","606","25525","28112","15904"
"15","0.1","1","false","false","false","true","false","false","false","1","1","1","0.25","1","0","0","0","100","0","50","0.2","10","2.5","2","60","1.6","0.4","20.5","6.7","16","8.21","365","14","1","0","0","299","299","165","18233","1498","3671","5761","59802","1035","6065","false","468768","132","289","614","25650","28244","15975"
"15","0.1","1","false","false","false","true","false","false","false","1","1","1","0.25","1","0","0","0","100","0","50","0.2","10","2.5","2","60","1.6","0.4","20.5","6.7","16","8.21","365","14","1","0","0","299","299","166","17923","1459","3634","5701","60246","1037","6019","false","469395","132","289","616","25777","28378","16057"
"15","0.1","1","false","false","false","true","false","false","false","1","1","1","0.25","1","0","0","0","100","0","50","0.2","10","2.5","2","60","1.6","0.4","20.5","6.7","16","8.21","365","14","1","0","0","299","299","167","17592","1450","3589","5625","60703","1041","5875","false","469841","132","291","618","25898","28509","16146"
"15","0.1","1","false","false","false","true","false","false","false","1","1","1","0.25","1","0","0","0","100","0","50","0.2","10","2.5","2","60","1.6","0.4","20.5","6.7","16","8.21","365","14","1","0","0","299","299","168","17228","1459","3545","5594","61123","1051","5830","false","470975","132","294","625","26016","28635","16242"
"15","0.1","1","false","false","false","true","false","false","false","1","1","1","0.25","1","0","0","0","100","0","50","0.2","10","2.5","2","60","1.6","0.4","20.5","6.7","16","8.21","365","14","1","0","0","299","299","169","16869","1506","3494","5513","61556","1062","5756","false","471336","135","295","632","26148","28762","16313"
"15","0.1","1","false","false","false","true","false","false","false","1","1","1","0.25","1","0","0","0","100","0","50","0.2","10","2.5","2","60","1.6","0.4","20.5","6.7","16","8.21","365","14","1","0","0","299","299","170","16561","1466","3436","5483","61985","1069","5682","false","471929","136","299","634","26271","28891","16397"
"15","0.1","1","false","false","false","true","false","false","false","1","1","1","0.25","1","0","0","0","100","0","50","0.2","10","2.5","2","60","1.6","0.4","20.5","6.7","16","8.21","365","14","1","0","0","299","299","171","16253","1409","3389","5453","62419","1077","5649","false","472524","138","300","639","26401","29020","16482"
"15","0.1","1","false","false","false","true","false","false","false","1","1","1","0.25","1","0","0","0","100","0","50","0.2","10","2.5","2","60","1.6","0.4","20.5","6.7","16","8.21","365","14","1","0","0","299","299","172","15954","1384","3372","5380","62828","1082","5605","false","472854","139","302","641","26532","29148","16556"
"15","0.1","1","false","false","false","true","false","false","false","1","1","1","0.25","1","0","0","0","100","0","50","0.2","10","2.5","2","60","1.6","0.4","20.5","6.7","16","8.21","365","14","1","0","0","299","299","173","15626","1396","3320","5299","63272","1087","5577","false","473446","139","303","645","26655","29290","16623"
"15","0.1","1","false","false","false","true","false","false","false","1","1","1","0.25","1","0","0","0","100","0","50","0.2","10","2.5","2","60","1.6","0.4","20.5","6.7","16","8.21","365","14","1","0","0","299","299","174","15308","1374","3309","5241","63674","1094","5581","false","473769","140","305","649","26796","29428","16696"
"15","0.1","1","false","false","false","true","false","false","false","1","1","1","0.25","1","0","0","0","100","0","50","0.2","10","2.5","2","60","1.6","0.4","20.5","6.7","16","8.21","365","14","1","0","0","299","299","175","15042","1316","3274","5170","64096","1102","5506","false","473767","140","307","655","26922","29553","16776"
"15","0.1","1","false","false","false","true","false","false","false","1","1","1","0.25","1","0","0","0","100","0","50","0.2","10","2.5","2","60","1.6","0.4","20.5","6.7","16","8.21","365","14","1","0","0","299","299","176","14754","1295","3223","5106","64510","1112","5373","false","474402","140","312","660","27049","29674","16841"
"15","0.1","1","false","false","false","true","false","false","false","1","1","1","0.25","1","0","0","0","100","0","50","0.2","10","2.5","2","60","1.6","0.4","20.5","6.7","16","8.21","365","14","1","0","0","299","299","177","14487","1250","3217","5053","64874","1119","5349","false","475419","142","314","663","27164","29804","16909"
"15","0.1","1","false","false","false","true","false","false","false","1","1","1","0.25","1","0","0","0","100","0","50","0.2","10","2.5","2","60","1.6","0.4","20.5","6.7","16","8.21","365","14","1","0","0","299","299","178","14230","1201","3193","4988","65261","1127","5266","false","475606","143","316","668","27261","29932","17001"
"15","0.1","1","false","false","false","true","false","false","false","1","1","1","0.25","1","0","0","0","100","0","50","0.2","10","2.5","2","60","1.6","0.4","20.5","6.7","16","8.21","365","14","1","0","0","299","299","179","13940","1195","3151","4913","65664","1137","5290","false","476185","144","321","672","27365","30057","17072"
"15","0.1","1","false","false","false","true","false","false","false","1","1","1","0.25","1","0","0","0","100","0","50","0.2","10","2.5","2","60","1.6","0.4","20.5","6.7","16","8.21","365","14","1","0","0","299","299","180","13632","1227","3123","4837","66037","1144","5195","false","475982","144","322","678","27484","30188","17142"
"15","0.1","1","false","false","false","true","false","false","false","1","1","1","0.25","1","0","0","0","100","0","50","0.2","10","2.5","2","60","1.6","0.4","20.5","6.7","16","8.21","365","14","1","0","0","299","299","181","13381","1193","3057","4754","66463","1152","5094","false","476692","145","324","683","27602","30301","17199"
"15","0.1","1","false","false","false","true","false","false","false","1","1","1","0.25","1","0","0","0","100","0","50","0.2","10","2.5","2","60","1.6","0.4","20.5","6.7","16","8.21","365","14","1","0","0","299","299","182","13119","1180","3021","4705","66818","1157","5044","false","477496","146","325","686","27714","30411","17258"
"15","0.1","1","false","false","false","true","false","false","false","1","1","1","0.25","1","0","0","0","100","0","50","0.2","10","2.5","2","60","1.6","0.4","20.5","6.7","16","8.21","365","14","1","0","0","299","299","183","12867","1170","2961","4615","67224","1163","4991","false","477984","146","327","690","27807","30512","17322"
"15","0.1","1","false","false","false","true","false","false","false","1","1","1","0.25","1","0","0","0","100","0","50","0.2","10","2.5","2","60","1.6","0.4","20.5","6.7","16","8.21","365","14","1","0","0","299","299","184","12628","1132","2918","4555","67600","1167","4922","false","478330","147","327","693","27905","30624","17381"
"15","0.1","1","false","false","false","true","false","false","false","1","1","1","0.25","1","0","0","0","100","0","50","0.2","10","2.5","2","60","1.6","0.4","20.5","6.7","16","8.21","365","14","1","0","0","299","299","185","12358","1133","2870","4498","67965","1176","4759","false","478881","148","332","696","28011","30735","17431"
"15","0.1","1","false","false","false","true","false","false","false","1","1","1","0.25","1","0","0","0","100","0","50","0.2","10","2.5","2","60","1.6","0.4","20.5","6.7","16","8.21","365","14","1","0","0","299","299","186","12111","1080","2835","4484","68308","1182","4702","false","479998","148","335","699","28112","30852","17502"
"15","0.1","1","false","false","false","true","false","false","false","1","1","1","0.25","1","0","0","0","100","0","50","0.2","10","2.5","2","60","1.6","0.4","20.5","6.7","16","8.21","365","14","1","0","0","299","299","187","11862","1058","2815","4454","68626","1185","4659","false","480525","148","336","701","28208","30944","17567"
"15","0.1","1","false","false","false","true","false","false","false","1","1","1","0.25","1","0","0","0","100","0","50","0.2","10","2.5","2","60","1.6","0.4","20.5","6.7","16","8.21","365","14","1","0","0","299","299","188","11610","1071","2782","4377","68970","1190","4580","false","480994","148","338","704","28293","31044","17628"
"15","0.1","1","false","false","false","true","false","false","false","1","1","1","0.25","1","0","0","0","100","0","50","0.2","10","2.5","2","60","1.6","0.4","20.5","6.7","16","8.21","365","14","1","0","0","299","299","189","11382","1048","2768","4296","69311","1195","4513","false","481632","150","339","706","28396","31153","17684"
"15","0.1","1","false","false","false","true","false","false","false","1","1","1","0.25","1","0","0","0","100","0","50","0.2","10","2.5","2","60","1.6","0.4","20.5","6.7","16","8.21","365","14","1","0","0","299","299","190","11154","1016","2700","4244","69682","1204","4480","false","482120","152","341","711","28493","31254","17734"
"15","0.1","1","false","false","false","true","false","false","false","1","1","1","0.25","1","0","0","0","100","0","50","0.2","10","2.5","2","60","1.6","0.4","20.5","6.7","16","8.21","365","14","1","0","0","299","299","191","10916","972","2679","4197","70022","1214","4355","false","482360","153","343","718","28608","31359","17811"
"15","0.1","1","false","false","false","true","false","false","false","1","1","1","0.25","1","0","0","0","100","0","50","0.2","10","2.5","2","60","1.6","0.4","20.5","6.7","16","8.21","365","14","1","0","0","299","299","192","10682","993","2663","4120","70327","1215","4218","false","483347","153","344","718","28698","31451","17869"
"15","0.1","1","false","false","false","true","false","false","false","1","1","1","0.25","1","0","0","0","100","0","50","0.2","10","2.5","2","60","1.6","0.4","20.5","6.7","16","8.21","365","14","1","0","0","299","299","193","10435","1023","2642","4059","70621","1220","4113","false","484426","153","344","723","28798","31544","17920"
"15","0.1","1","false","false","false","true","false","false","false","1","1","1","0.25","1","0","0","0","100","0","50","0.2","10","2.5","2","60","1.6","0.4","20.5","6.7","16","8.21","365","14","1","0","0","299","299","194","10225","990","2622","3999","70941","1223","4071","false","485351","153","344","726","28898","31635","17987"
"15","0.1","1","false","false","false","true","false","false","false","1","1","1","0.25","1","0","0","0","100","0","50","0.2","10","2.5","2","60","1.6","0.4","20.5","6.7","16","8.21","365","14","1","0","0","299","299","195","9990","980","2547","3969","71287","1227","3996","false","485700","153","347","727","28985","31724","18037"
"15","0.1","1","false","false","false","true","false","false","false","1","1","1","0.25","1","0","0","0","100","0","50","0.2","10","2.5","2","60","1.6","0.4","20.5","6.7","16","8.21","365","14","1","0","0","299","299","196","9794","957","2524","3875","71618","1232","3939","false","486270","153","348","731","29068","31821","18097"
"15","0.1","1","false","false","false","true","false","false","false","1","1","1","0.25","1","0","0","0","100","0","50","0.2","10","2.5","2","60","1.6","0.4","20.5","6.7","16","8.21","365","14","1","0","0","299","299","197","9562","947","2493","3834","71929","1235","3930","false","486808","153","348","734","29154","31908","18166"
"15","0.1","1","false","false","false","true","false","false","false","1","1","1","0.25","1","0","0","0","100","0","50","0.2","10","2.5","2","60","1.6","0.4","20.5","6.7","16","8.21","365","14","1","0","0","299","299","198","9340","947","2466","3795","72216","1236","3868","false","486922","153","348","735","29245","31994","18215"
"15","0.1","1","false","false","false","true","false","false","false","1","1","1","0.25","1","0","0","0","100","0","50","0.2","10","2.5","2","60","1.6","0.4","20.5","6.7","16","8.21","365","14","1","0","0","299","299","199","9137","916","2423","3755","72524","1245","3782","false","487554","154","351","740","29341","32079","18277"
"15","0.1","1","false","false","false","true","false","false","false","1","1","1","0.25","1","0","0","0","100","0","50","0.2","10","2.5","2","60","1.6","0.4","20.5","6.7","16","8.21","365","14","1","0","0","299","299","200","8924","907","2398","3699","72826","1246","3811","false","488114","154","351","741","29424","32172","18320"
"15","0.1","1","false","false","false","true","false","false","false","1","1","1","0.25","1","0","0","0","100","0","50","0.2","10","2.5","2","60","1.6","0.4","20.5","6.7","16","8.21","365","14","1","0","0","299","299","201","8725","860","2352","3695","73117","1251","3740","false","488035","154","351","746","29515","32251","18381"
"15","0.1","1","false","false","false","true","false","false","false","1","1","1","0.25","1","0","0","0","100","0","50","0.2","10","2.5","2","60","1.6","0.4","20.5","6.7","16","8.21","365","14","1","0","0","299","299","202","8521","864","2337","3646","73376","1256","3663","false","488685","154","353","749","29599","32320","18431"
"15","0.1","1","false","false","false","true","false","false","false","1","1","1","0.25","1","0","0","0","100","0","50","0.2","10","2.5","2","60","1.6","0.4","20.5","6.7","16","8.21","365","14","1","0","0","299","299","203","8329","849","2307","3588","73664","1263","3546","false","489280","154","357","752","29683","32415","18477"
"15","0.1","1","false","false","false","true","false","false","false","1","1","1","0.25","1","0","0","0","100","0","50","0.2","10","2.5","2","60","1.6","0.4","20.5","6.7","16","8.21","365","14","1","0","0","299","299","204","8116","850","2271","3540","73955","1268","3525","false","490187","155","358","755","29770","32504","18520"
"15","0.1","1","false","false","false","true","false","false","false","1","1","1","0.25","1","0","0","0","100","0","50","0.2","10","2.5","2","60","1.6","0.4","20.5","6.7","16","8.21","365","14","1","0","0","299","299","205","7946","841","2215","3478","74251","1269","3466","false","490479","155","358","756","29840","32571","18571"
"15","0.1","1","false","false","false","true","false","false","false","1","1","1","0.25","1","0","0","0","100","0","50","0.2","10","2.5","2","60","1.6","0.4","20.5","6.7","16","8.21","365","14","1","0","0","299","299","206","7786","783","2161","3443","74553","1274","3423","false","491037","156","360","758","29912","32635","18624"
"15","0.1","1","false","false","false","true","false","false","false","1","1","1","0.25","1","0","0","0","100","0","50","0.2","10","2.5","2","60","1.6","0.4","20.5","6.7","16","8.21","365","14","1","0","0","299","299","207","7626","765","2119","3390","74820","1280","3327","false","491394","156","361","763","29991","32716","18648"
"15","0.1","1","false","false","false","true","false","false","false","1","1","1","0.25","1","0","0","0","100","0","50","0.2","10","2.5","2","60","1.6","0.4","20.5","6.7","16","8.21","365","14","1","0","0","299","299","208","7450","751","2094","3325","75094","1286","3313","false","492080","157","363","766","30073","32808","18682"
"15","0.1","1","false","false","false","true","false","false","false","1","1","1","0.25","1","0","0","0","100","0","50","0.2","10","2.5","2","60","1.6","0.4","20.5","6.7","16","8.21","365","14","1","0","0","299","299","209","7260","761","2045","3275","75371","1288","3333","false","492216","157","363","768","30132","32877","18726"
"15","0.1","1","false","false","false","true","false","false","false","1","1","1","0.25","1","0","0","0","100","0","50","0.2","10","2.5","2","60","1.6","0.4","20.5","6.7","16","8.21","365","14","1","0","0","299","299","210","7094","741","2015","3204","75655","1291","3323","false","492166","157","363","771","30204","32958","18761"
"15","0.1","1","false","false","false","true","false","false","false","1","1","1","0.25","1","0","0","0","100","0","50","0.2","10","2.5","2","60","1.6","0.4","20.5","6.7","16","8.21","365","14","1","0","0","299","299","211","6934","739","1973","3144","75916","1294","3220","false","492244","157","364","773","30270","33027","18800"
"15","0.1","1","false","false","false","true","false","false","false","1","1","1","0.25","1","0","0","0","100","0","50","0.2","10","2.5","2","60","1.6","0.4","20.5","6.7","16","8.21","365","14","1","0","0","299","299","212","6777","732","1948","3076","76168","1299","3090","false","493178","157","365","777","30337","33104","18828"
"15","0.1","1","false","false","false","true","false","false","false","1","1","1","0.25","1","0","0","0","100","0","50","0.2","10","2.5","2","60","1.6","0.4","20.5","6.7","16","8.21","365","14","1","0","0","299","299","213","6618","726","1924","3029","76397","1306","3037","false","494149","158","367","781","30398","33175","18870"
"15","0.1","1","false","false","false","true","false","false","false","1","1","1","0.25","1","0","0","0","100","0","50","0.2","10","2.5","2","60","1.6","0.4","20.5","6.7","16","8.21","365","14","1","0","0","299","299","214","6447","736","1905","2956","76646","1310","3004","false","494570","159","368","783","30467","33246","18914"
"15","0.1","1","false","false","false","true","false","false","false","1","1","1","0.25","1","0","0","0","100","0","50","0.2","10","2.5","2","60","1.6","0.4","20.5","6.7","16","8.21","365","14","1","0","0","299","299","215","6272","767","1874","2896","76878","1313","3010","false","494956","159","368","786","30518","33312","18954"
"15","0.1","1","false","false","false","true","false","false","false","1","1","1","0.25","1","0","0","0","100","0","50","0.2","10","2.5","2","60","1.6","0.4","20.5","6.7","16","8.21","365","14","1","0","0","299","299","216","6122","736","1837","2849","77141","1315","2958","false","494917","159","369","787","30575","33383","19001"
"15","0.1","1","false","false","false","true","false","false","false","1","1","1","0.25","1","0","0","0","100","0","50","0.2","10","2.5","2","60","1.6","0.4","20.5","6.7","16","8.21","365","14","1","0","0","299","299","217","5985","709","1805","2802","77382","1317","2865","false","495346","160","370","787","30644","33452","19025"
"15","0.1","1","false","false","false","true","false","false","false","1","1","1","0.25","1","0","0","0","100","0","50","0.2","10","2.5","2","60","1.6","0.4","20.5","6.7","16","8.21","365","14","1","0","0","299","299","218","5831","685","1779","2782","77601","1322","2843","false","496099","160","371","791","30693","33527","19065"
"15","0.1","1","false","false","false","true","false","false","false","1","1","1","0.25","1","0","0","0","100","0","50","0.2","10","2.5","2","60","1.6","0.4","20.5","6.7","16","8.21","365","14","1","0","0","299","299","219","5690","660","1765","2750","77812","1323","2785","false","496212","160","371","792","30763","33599","19105"
"15","0.1","1","false","false","false","true","false","false","false","1","1","1","0.25","1","0","0","0","100","0","50","0.2","10","2.5","2","60","1.6","0.4","20.5","6.7","16","8.21","365","14","1","0","0","299","299","220","5552","627","1717","2745","78035","1324","2727","false","496666","160","371","793","30811","33670","19138"
"15","0.1","1","false","false","false","true","false","false","false","1","1","1","0.25","1","0","0","0","100","0","50","0.2","10","2.5","2","60","1.6","0.4","20.5","6.7","16","8.21","365","14","1","0","0","299","299","221","5398","624","1699","2691","78264","1324","2581","false","497194","160","371","793","30878","33736","19176"
"15","0.1","1","false","false","false","true","false","false","false","1","1","1","0.25","1","0","0","0","100","0","50","0.2","10","2.5","2","60","1.6","0.4","20.5","6.7","16","8.21","365","14","1","0","0","299","299","222","5237","641","1677","2608","78510","1327","2539","false","498387","160","371","796","30936","33795","19218"
"15","0.1","1","false","false","false","true","false","false","false","1","1","1","0.25","1","0","0","0","100","0","50","0.2","10","2.5","2","60","1.6","0.4","20.5","6.7","16","8.21","365","14","1","0","0","299","299","223","5079","657","1611","2597","78726","1330","2469","false","498846","162","371","797","30987","33848","19247"
"15","0.1","1","false","false","false","true","false","false","false","1","1","1","0.25","1","0","0","0","100","0","50","0.2","10","2.5","2","60","1.6","0.4","20.5","6.7","16","8.21","365","14","1","0","0","299","299","224","4940","643","1589","2567","78925","1336","2401","false","499377","162","374","800","31062","33902","19283"
"15","0.1","1","false","false","false","true","false","false","false","1","1","1","0.25","1","0","0","0","100","0","50","0.2","10","2.5","2","60","1.6","0.4","20.5","6.7","16","8.21","365","14","1","0","0","299","299","225","4779","647","1566","2541","79127","1340","2396","false","499909","163","374","803","31116","33964","19316"
"15","0.1","1","false","false","false","true","false","false","false","1","1","1","0.25","1","0","0","0","100","0","50","0.2","10","2.5","2","60","1.6","0.4","20.5","6.7","16","8.21","365","14","1","0","0","299","299","226","4633","633","1548","2519","79324","1343","2357","false","499908","164","375","804","31170","34031","19353"
"15","0.1","1","false","false","false","true","false","false","false","1","1","1","0.25","1","0","0","0","100","0","50","0.2","10","2.5","2","60","1.6","0.4","20.5","6.7","16","8.21","365","14","1","0","0","299","299","227","4502","610","1509","2507","79526","1346","2289","false","500269","165","375","806","31227","34097","19383"
"15","0.1","1","false","false","false","true","false","false","false","1","1","1","0.25","1","0","0","0","100","0","50","0.2","10","2.5","2","60","1.6","0.4","20.5","6.7","16","8.21","365","14","1","0","0","299","299","228","4383","574","1489","2479","79725","1350","2215","false","500830","165","376","809","31294","34150","19416"
"15","0.1","1","false","false","false","true","false","false","false","1","1","1","0.25","1","0","0","0","100","0","50","0.2","10","2.5","2","60","1.6","0.4","20.5","6.7","16","8.21","365","14","1","0","0","299","299","229","4246","573","1476","2428","79925","1352","2177","false","501471","165","376","811","31356","34203","19443"
"15","0.1","1","false","false","false","true","false","false","false","1","1","1","0.25","1","0","0","0","100","0","50","0.2","10","2.5","2","60","1.6","0.4","20.5","6.7","16","8.21","365","14","1","0","0","299","299","230","4101","581","1471","2392","80099","1356","2229","false","501833","166","378","812","31413","34261","19473"
"15","0.1","1","false","false","false","true","false","false","false","1","1","1","0.25","1","0","0","0","100","0","50","0.2","10","2.5","2","60","1.6","0.4","20.5","6.7","16","8.21","365","14","1","0","0","299","299","231","3993","548","1455","2368","80278","1358","2209","false","501476","168","378","812","31473","34310","19503"
"15","0.1","1","false","false","false","true","false","false","false","1","1","1","0.25","1","0","0","0","100","0","50","0.2","10","2.5","2","60","1.6","0.4","20.5","6.7","16","8.21","365","14","1","0","0","299","299","232","3886","521","1443","2331","80460","1359","2184","false","501612","168","378","813","31527","34362","19542"
"15","0.1","1","false","false","false","true","false","false","false","1","1","1","0.25","1","0","0","0","100","0","50","0.2","10","2.5","2","60","1.6","0.4","20.5","6.7","16","8.21","365","14","1","0","0","299","299","233","3774","509","1423","2285","80649","1360","2176","false","501935","168","378","814","31584","34403","19570"
"15","0.1","1","false","false","false","true","false","false","false","1","1","1","0.25","1","0","0","0","100","0","50","0.2","10","2.5","2","60","1.6","0.4","20.5","6.7","16","8.21","365","14","1","0","0","299","299","234","3670","484","1405","2239","80841","1361","2172","false","502069","168","379","814","31631","34455","19602"
"15","0.1","1","false","false","false","true","false","false","false","1","1","1","0.25","1","0","0","0","100","0","50","0.2","10","2.5","2","60","1.6","0.4","20.5","6.7","16","8.21","365","14","1","0","0","299","299","235","3583","462","1379","2187","81028","1361","2121","false","502205","168","379","814","31671","34510","19634"
"15","0.1","1","false","false","false","true","false","false","false","1","1","1","0.25","1","0","0","0","100","0","50","0.2","10","2.5","2","60","1.6","0.4","20.5","6.7","16","8.21","365","14","1","0","0","299","299","236","3489","437","1348","2139","81225","1362","2042","false","502621","168","379","815","31716","34548","19662"
"15","0.1","1","false","false","false","true","false","false","false","1","1","1","0.25","1","0","0","0","100","0","50","0.2","10","2.5","2","60","1.6","0.4","20.5","6.7","16","8.21","365","14","1","0","0","299","299","237","3417","403","1329","2091","81395","1365","2018","false","503305","168","380","817","31769","34585","19692"
"15","0.1","1","false","false","false","true","false","false","false","1","1","1","0.25","1","0","0","0","100","0","50","0.2","10","2.5","2","60","1.6","0.4","20.5","6.7","16","8.21","365","14","1","0","0","299","299","238","3334","392","1318","2031","81559","1366","1969","false","503427","168","380","818","31813","34634","19713"
"15","0.1","1","false","false","false","true","false","false","false","1","1","1","0.25","1","0","0","0","100","0","50","0.2","10","2.5","2","60","1.6","0.4","20.5","6.7","16","8.21","365","14","1","0","0","299","299","239","3252","371","1284","1995","81728","1370","1924","false","503846","169","380","821","31852","34674","19736"
"15","0.1","1","false","false","false","true","false","false","false","1","1","1","0.25","1","0","0","0","100","0","50","0.2","10","2.5","2","60","1.6","0.4","20.5","6.7","16","8.21","365","14","1","0","0","299","299","240","3172","350","1241","1973","81887","1377","1879","false","504269","172","380","825","31883","34707","19761"
"15","0.1","1","false","false","false","true","false","false","false","1","1","1","0.25","1","0","0","0","100","0","50","0.2","10","2.5","2","60","1.6","0.4","20.5","6.7","16","8.21","365","14","1","0","0","299","299","241","3087","343","1227","1912","82052","1379","1823","false","504627","172","380","827","31932","34741","19776"
"15","0.1","1","false","false","false","true","false","false","false","1","1","1","0.25","1","0","0","0","100","0","50","0.2","10","2.5","2","60","1.6","0.4","20.5","6.7","16","8.21","365","14","1","0","0","299","299","242","3007","346","1205","1862","82200","1380","1777","false","505100","172","380","828","31966","34777","19797"
"15","0.1","1","false","false","false","true","false","false","false","1","1","1","0.25","1","0","0","0","100","0","50","0.2","10","2.5","2","60","1.6","0.4","20.5","6.7","16","8.21","365","14","1","0","0","299","299","243","2923","362","1186","1775","82372","1382","1708","false","505482","172","380","830","31997","34813","19823"
"15","0.1","1","false","false","false","true","false","false","false","1","1","1","0.25","1","0","0","0","100","0","50","0.2","10","2.5","2","60","1.6","0.4","20.5","6.7","16","8.21","365","14","1","0","0","299","299","244","2842","356","1141","1729","82547","1385","1642","false","506113","172","382","831","32029","34842","19841"
"15","0.1","1","false","false","false","true","false","false","false","1","1","1","0.25","1","0","0","0","100","0","50","0.2","10","2.5","2","60","1.6","0.4","20.5","6.7","16","8.21","365","14","1","0","0","299","299","245","2780","344","1098","1675","82717","1386","1550","false","506696","172","382","832","32058","34864","19863"
"15","0.1","1","false","false","false","true","false","false","false","1","1","1","0.25","1","0","0","0","100","0","50","0.2","10","2.5","2","60","1.6","0.4","20.5","6.7","16","8.21","365","14","1","0","0","299","299","246","2690","342","1082","1637","82863","1386","1470","false","507475","172","382","832","32091","34897","19885"
"15","0.1","1","false","false","false","true","false","false","false","1","1","1","0.25","1","0","0","0","100","0","50","0.2","10","2.5","2","60","1.6","0.4","20.5","6.7","16","8.21","365","14","1","0","0","299","299","247","2609","341","1033","1619","83009","1389","1444","false","508117","173","382","834","32120","34924","19901"
"15","0.1","1","false","false","false","true","false","false","false","1","1","1","0.25","1","0","0","0","100","0","50","0.2","10","2.5","2","60","1.6","0.4","20.5","6.7","16","8.21","365","14","1","0","0","299","299","248","2530","330","1029","1574","83147","1390","1394","false","508323","173","382","835","32152","34955","19928"
"15","0.1","1","false","false","false","true","false","false","false","1","1","1","0.25","1","0","0","0","100","0","50","0.2","10","2.5","2","60","1.6","0.4","20.5","6.7","16","8.21","365","14","1","0","0","299","299","249","2450","340","1004","1516","83298","1392","1377","false","508686","173","384","835","32187","34978","19946"
"15","0.1","1","false","false","false","true","false","false","false","1","1","1","0.25","1","0","0","0","100","0","50","0.2","10","2.5","2","60","1.6","0.4","20.5","6.7","16","8.21","365","14","1","0","0","299","299","250","2370","341","985","1479","83432","1393","1336","false","508830","173","384","836","32221","35013","19969"
"15","0.1","1","false","false","false","true","false","false","false","1","1","1","0.25","1","0","0","0","100","0","50","0.2","10","2.5","2","60","1.6","0.4","20.5","6.7","16","8.21","365","14","1","0","0","299","299","251","2293","327","961","1455","83566","1398","1328","false","509218","173","387","838","32257","35044","19986"
"15","0.1","1","false","false","false","true","false","false","false","1","1","1","0.25","1","0","0","0","100","0","50","0.2","10","2.5","2","60","1.6","0.4","20.5","6.7","16","8.21","365","14","1","0","0","299","299","252","2225","320","930","1418","83707","1400","1300","false","509195","173","387","840","32280","35073","20003"
"15","0.1","1","false","false","false","true","false","false","false","1","1","1","0.25","1","0","0","0","100","0","50","0.2","10","2.5","2","60","1.6","0.4","20.5","6.7","16","8.21","365","14","1","0","0","299","299","253","2165","313","898","1384","83839","1401","1249","false","509445","173","388","840","32310","35094","20020"
"15","0.1","1","false","false","false","true","false","false","false","1","1","1","0.25","1","0","0","0","100","0","50","0.2","10","2.5","2","60","1.6","0.4","20.5","6.7","16","8.21","365","14","1","0","0","299","299","254","2114","289","877","1355","83961","1404","1231","false","509875","174","389","841","32340","35126","20036"
"15","0.1","1","false","false","false","true","false","false","false","1","1","1","0.25","1","0","0","0","100","0","50","0.2","10","2.5","2","60","1.6","0.4","20.5","6.7","16","8.21","365","14","1","0","0","299","299","255","2058","275","856","1317","84087","1407","1192","false","509999","175","389","843","32367","35154","20053"
"15","0.1","1","false","false","false","true","false","false","false","1","1","1","0.25","1","0","0","0","100","0","50","0.2","10","2.5","2","60","1.6","0.4","20.5","6.7","16","8.21","365","14","1","0","0","299","299","256","1982","282","832","1292","84205","1407","1170","false","510360","175","389","843","32387","35184","20072"
"15","0.1","1","false","false","false","true","false","false","false","1","1","1","0.25","1","0","0","0","100","0","50","0.2","10","2.5","2","60","1.6","0.4","20.5","6.7","16","8.21","365","14","1","0","0","299","299","257","1928","263","810","1261","84330","1408","1145","false","510654","175","389","844","32412","35212","20085"
"15","0.1","1","false","false","false","true","false","false","false","1","1","1","0.25","1","0","0","0","100","0","50","0.2","10","2.5","2","60","1.6","0.4","20.5","6.7","16","8.21","365","14","1","0","0","299","299","258","1877","256","791","1235","84431","1410","1117","false","510890","175","390","845","32434","35235","20106"
"15","0.1","1","false","false","false","true","false","false","false","1","1","1","0.25","1","0","0","0","100","0","50","0.2","10","2.5","2","60","1.6","0.4","20.5","6.7","16","8.21","365","14","1","0","0","299","299","259","1819","242","792","1209","84525","1413","1098","false","511140","175","390","848","32459","35267","20124"
"15","0.1","1","false","false","false","true","false","false","false","1","1","1","0.25","1","0","0","0","100","0","50","0.2","10","2.5","2","60","1.6","0.4","20.5","6.7","16","8.21","365","14","1","0","0","299","299","260","1781","228","782","1150","84644","1415","1086","false","511291","175","390","850","32478","35301","20140"
"15","0.1","1","false","false","false","true","false","false","false","1","1","1","0.25","1","0","0","0","100","0","50","0.2","10","2.5","2","60","1.6","0.4","20.5","6.7","16","8.21","365","14","1","0","0","299","299","261","1741","217","758","1111","84756","1417","1048","false","511409","176","391","850","32500","35319","20154"
"15","0.1","1","false","false","false","true","false","false","false","1","1","1","0.25","1","0","0","0","100","0","50","0.2","10","2.5","2","60","1.6","0.4","20.5","6.7","16","8.21","365","14","1","0","0","299","299","262","1699","208","738","1079","84859","1417","992","false","511704","176","391","850","32520","35340","20163"
"15","0.1","1","false","false","false","true","false","false","false","1","1","1","0.25","1","0","0","0","100","0","50","0.2","10","2.5","2","60","1.6","0.4","20.5","6.7","16","8.21","365","14","1","0","0","299","299","263","1656","194","732","1059","84938","1421","934","false","512204","176","393","852","32547","35359","20182"
"15","0.1","1","false","false","false","true","false","false","false","1","1","1","0.25","1","0","0","0","100","0","50","0.2","10","2.5","2","60","1.6","0.4","20.5","6.7","16","8.21","365","14","1","0","0","299","299","264","1609","196","719","1024","85030","1422","886","false","512672","176","393","853","32567","35373","20192"
"15","0.1","1","false","false","false","true","false","false","false","1","1","1","0.25","1","0","0","0","100","0","50","0.2","10","2.5","2","60","1.6","0.4","20.5","6.7","16","8.21","365","14","1","0","0","299","299","265","1566","182","706","1002","85119","1425","850","false","513042","176","393","856","32586","35397","20205"
"15","0.1","1","false","false","false","true","false","false","false","1","1","1","0.25","1","0","0","0","100","0","50","0.2","10","2.5","2","60","1.6","0.4","20.5","6.7","16","8.21","365","14","1","0","0","299","299","266","1524","180","687","962","85221","1426","830","false","513307","176","393","857","32602","35415","20218"
"15","0.1","1","false","false","false","true","false","false","false","1","1","1","0.25","1","0","0","0","100","0","50","0.2","10","2.5","2","60","1.6","0.4","20.5","6.7","16","8.21","365","14","1","0","0","299","299","267","1474","194","661","921","85319","1431","804","false","513480","176","393","862","32614","35435","20222"
"15","0.1","1","false","false","false","true","false","false","false","1","1","1","0.25","1","0","0","0","100","0","50","0.2","10","2.5","2","60","1.6","0.4","20.5","6.7","16","8.21","365","14","1","0","0","299","299","268","1424","205","643","901","85394","1433","785","false","513661","177","393","863","32630","35451","20234"
"15","0.1","1","false","false","false","true","false","false","false","1","1","1","0.25","1","0","0","0","100","0","50","0.2","10","2.5","2","60","1.6","0.4","20.5","6.7","16","8.21","365","14","1","0","0","299","299","269","1377","198","633","888","85471","1433","762","false","513843","177","393","863","32657","35470","20244"
"15","0.1","1","false","false","false","true","false","false","false","1","1","1","0.25","1","0","0","0","100","0","50","0.2","10","2.5","2","60","1.6","0.4","20.5","6.7","16","8.21","365","14","1","0","0","299","299","270","1334","196","614","862","85560","1434","756","false","514047","177","394","863","32675","35484","20251"
"15","0.1","1","false","false","false","true","false","false","false","1","1","1","0.25","1","0","0","0","100","0","50","0.2","10","2.5","2","60","1.6","0.4","20.5","6.7","16","8.21","365","14","1","0","0","299","299","271","1298","183","597","844","85643","1435","739","false","514162","177","394","864","32690","35509","20261"
"15","0.1","1","false","false","false","true","false","false","false","1","1","1","0.25","1","0","0","0","100","0","50","0.2","10","2.5","2","60","1.6","0.4","20.5","6.7","16","8.21","365","14","1","0","0","299","299","272","1268","179","572","803","85738","1440","715","false","514325","177","396","867","32705","35526","20267"
"15","0.1","1","false","false","false","true","false","false","false","1","1","1","0.25","1","0","0","0","100","0","50","0.2","10","2.5","2","60","1.6","0.4","20.5","6.7","16","8.21","365","14","1","0","0","299","299","273","1240","157","567","782","85812","1442","727","false","514555","177","398","867","32726","35546","20281"
"15","0.1","1","false","false","false","true","false","false","false","1","1","1","0.25","1","0","0","0","100","0","50","0.2","10","2.5","2","60","1.6","0.4","20.5","6.7","16","8.21","365","14","1","0","0","299","299","274","1205","143","555","758","85896","1443","707","false","514506","178","398","867","32741","35567","20288"
"15","0.1","1","false","false","false","true","false","false","false","1","1","1","0.25","1","0","0","0","100","0","50","0.2","10","2.5","2","60","1.6","0.4","20.5","6.7","16","8.21","365","14","1","0","0","299","299","275","1158","150","538","738","85973","1443","709","false","514671","178","398","867","32756","35579","20301"
"15","0.1","1","false","false","false","true","false","false","false","1","1","1","0.25","1","0","0","0","100","0","50","0.2","10","2.5","2","60","1.6","0.4","20.5","6.7","16","8.21","365","14","1","0","0","299","299","276","1126","146","520","719","86046","1443","702","false","514690","178","398","867","32769","35590","20311"
"15","0.1","1","false","false","false","true","false","false","false","1","1","1","0.25","1","0","0","0","100","0","50","0.2","10","2.5","2","60","1.6","0.4","20.5","6.7","16","8.21","365","14","1","0","0","299","299","277","1093","144","514","686","86120","1443","694","false","514783","178","398","867","32783","35601","20325"
"15","0.1","1","false","false","false","true","false","false","false","1","1","1","0.25","1","0","0","0","100","0","50","0.2","10","2.5","2","60","1.6","0.4","20.5","6.7","16","8.21","365","14","1","0","0","299","299","278","1066","139","512","661","86179","1443","694","false","514858","178","398","867","32796","35620","20334"
"15","0.1","1","false","false","false","true","false","false","false","1","1","1","0.25","1","0","0","0","100","0","50","0.2","10","2.5","2","60","1.6","0.4","20.5","6.7","16","8.21","365","14","1","0","0","299","299","279","1041","124","495","638","86258","1444","680","false","514897","178","398","868","32809","35632","20348"
"15","0.1","1","false","false","false","true","false","false","false","1","1","1","0.25","1","0","0","0","100","0","50","0.2","10","2.5","2","60","1.6","0.4","20.5","6.7","16","8.21","365","14","1","0","0","299","299","280","1005","133","477","628","86309","1448","646","false","514988","179","399","870","32815","35645","20354"
"15","0.1","1","false","false","false","true","false","false","false","1","1","1","0.25","1","0","0","0","100","0","50","0.2","10","2.5","2","60","1.6","0.4","20.5","6.7","16","8.21","365","14","1","0","0","299","299","281","977","128","460","610","86377","1448","629","false","515232","179","399","870","32829","35662","20360"
"15","0.1","1","false","false","false","true","false","false","false","1","1","1","0.25","1","0","0","0","100","0","50","0.2","10","2.5","2","60","1.6","0.4","20.5","6.7","16","8.21","365","14","1","0","0","299","299","282","948","125","446","594","86438","1449","619","false","515399","179","399","871","32839","35680","20372"
"15","0.1","1","false","false","false","true","false","false","false","1","1","1","0.25","1","0","0","0","100","0","50","0.2","10","2.5","2","60","1.6","0.4","20.5","6.7","16","8.21","365","14","1","0","0","299","299","283","923","121","430","583","86493","1450","605","false","515440","179","399","872","32853","35691","20379"
"15","0.1","1","false","false","false","true","false","false","false","1","1","1","0.25","1","0","0","0","100","0","50","0.2","10","2.5","2","60","1.6","0.4","20.5","6.7","16","8.21","365","14","1","0","0","299","299","284","896","108","401","595","86550","1450","594","false","515527","179","399","872","32867","35706","20387"
"15","0.1","1","false","false","false","true","false","false","false","1","1","1","0.25","1","0","0","0","100","0","50","0.2","10","2.5","2","60","1.6","0.4","20.5","6.7","16","8.21","365","14","1","0","0","299","299","285","873","105","380","575","86616","1451","554","false","515618","179","400","872","32878","35716","20395"
"15","0.1","1","false","false","false","true","false","false","false","1","1","1","0.25","1","0","0","0","100","0","50","0.2","10","2.5","2","60","1.6","0.4","20.5","6.7","16","8.21","365","14","1","0","0","299","299","286","845","110","369","557","86667","1452","526","false","515928","179","400","873","32889","35727","20400"
"15","0.1","1","false","false","false","true","false","false","false","1","1","1","0.25","1","0","0","0","100","0","50","0.2","10","2.5","2","60","1.6","0.4","20.5","6.7","16","8.21","365","14","1","0","0","299","299","287","816","118","356","546","86711","1453","508","false","516120","179","401","873","32896","35737","20405"
"15","0.1","1","false","false","false","true","false","false","false","1","1","1","0.25","1","0","0","0","100","0","50","0.2","10","2.5","2","60","1.6","0.4","20.5","6.7","16","8.21","365","14","1","0","0","299","299","288","786","124","347","530","86759","1454","486","false","516262","179","401","874","32905","35746","20412"
"15","0.1","1","false","false","false","true","false","false","false","1","1","1","0.25","1","0","0","0","100","0","50","0.2","10","2.5","2","60","1.6","0.4","20.5","6.7","16","8.21","365","14","1","0","0","299","299","289","764","119","341","521","86800","1455","464","false","516459","179","401","875","32914","35753","20417"
"15","0.1","1","false","false","false","true","false","false","false","1","1","1","0.25","1","0","0","0","100","0","50","0.2","10","2.5","2","60","1.6","0.4","20.5","6.7","16","8.21","365","14","1","0","0","299","299","290","736","112","330","514","86853","1455","449","false","516647","179","401","875","32925","35767","20422"
"15","0.1","1","false","false","false","true","false","false","false","1","1","1","0.25","1","0","0","0","100","0","50","0.2","10","2.5","2","60","1.6","0.4","20.5","6.7","16","8.21","365","14","1","0","0","299","299","291","712","117","323","493","86899","1456","447","false","516754","179","401","876","32933","35780","20427"
"15","0.1","1","false","false","false","true","false","false","false","1","1","1","0.25","1","0","0","0","100","0","50","0.2","10","2.5","2","60","1.6","0.4","20.5","6.7","16","8.21","365","14","1","0","0","299","299","292","692","115","315","478","86943","1457","435","false","516794","179","401","877","32940","35790","20437"
"15","0.1","1","false","false","false","true","false","false","false","1","1","1","0.25","1","0","0","0","100","0","50","0.2","10","2.5","2","60","1.6","0.4","20.5","6.7","16","8.21","365","14","1","0","0","299","299","293","666","117","307","462","86991","1457","410","false","516894","179","401","877","32951","35806","20439"
"15","0.1","1","false","false","false","true","false","false","false","1","1","1","0.25","1","0","0","0","100","0","50","0.2","10","2.5","2","60","1.6","0.4","20.5","6.7","16","8.21","365","14","1","0","0","299","299","294","646","103","288","466","87040","1457","383","false","517099","179","401","877","32964","35813","20447"
"15","0.1","1","false","false","false","true","false","false","false","1","1","1","0.25","1","0","0","0","100","0","50","0.2","10","2.5","2","60","1.6","0.4","20.5","6.7","16","8.21","365","14","1","0","0","299","299","295","619","107","280","461","87073","1460","363","false","517336","179","401","880","32971","35829","20452"
"15","0.1","1","false","false","false","true","false","false","false","1","1","1","0.25","1","0","0","0","100","0","50","0.2","10","2.5","2","60","1.6","0.4","20.5","6.7","16","8.21","365","14","1","0","0","299","299","296","589","111","265","463","87112","1460","369","false","517449","179","401","880","32978","35842","20454"
"15","0.1","1","false","false","false","true","false","false","false","1","1","1","0.25","1","0","0","0","100","0","50","0.2","10","2.5","2","60","1.6","0.4","20.5","6.7","16","8.21","365","14","1","0","0","299","299","297","568","110","252","456","87154","1460","365","false","517457","179","401","880","32985","35848","20463"
"15","0.1","1","false","false","false","true","false","false","false","1","1","1","0.25","1","0","0","0","100","0","50","0.2","10","2.5","2","60","1.6","0.4","20.5","6.7","16","8.21","365","14","1","0","0","299","299","298","546","103","249","449","87193","1460","349","false","517526","179","401","880","32995","35857","20470"
"15","0.1","1","false","false","false","true","false","false","false","1","1","1","0.25","1","0","0","0","100","0","50","0.2","10","2.5","2","60","1.6","0.4","20.5","6.7","16","8.21","365","14","1","0","0","299","299","299","519","102","249","441","87229","1460","351","false","517648","179","401","880","33003","35865","20478"
"15","0.1","1","false","false","false","true","false","false","false","1","1","1","0.25","1","0","0","0","100","0","50","0.2","10","2.5","2","60","1.6","0.4","20.5","6.7","16","8.21","365","14","1","0","0","299","299","300","488","120","249","425","87258","1460","346","false","517664","179","401","880","33006","35874","20482"
"15","0.1","1","false","false","false","true","false","false","false","1","1","1","0.25","1","0","0","0","100","0","50","0.2","10","2.5","2","60","1.6","0.4","20.5","6.7","16","8.21","365","14","1","0","0","299","299","301","468","118","244","413","87296","1461","351","false","517737","180","401","880","33016","35892","20483"
"15","0.1","1","false","false","false","true","false","false","false","1","1","1","0.25","1","0","0","0","100","0","50","0.2","10","2.5","2","60","1.6","0.4","20.5","6.7","16","8.21","365","14","1","0","0","299","299","302","456","103","245","403","87332","1461","353","false","517706","180","401","880","33024","35903","20487"
"15","0.1","1","false","false","false","true","false","false","false","1","1","1","0.25","1","0","0","0","100","0","50","0.2","10","2.5","2","60","1.6","0.4","20.5","6.7","16","8.21","365","14","1","0","0","299","299","303","440","92","233","408","87366","1461","357","false","517733","180","401","880","33035","35910","20495"
"15","0.1","1","false","false","false","true","false","false","false","1","1","1","0.25","1","0","0","0","100","0","50","0.2","10","2.5","2","60","1.6","0.4","20.5","6.7","16","8.21","365","14","1","0","0","299","299","304","430","79","236","402","87392","1461","334","false","517691","180","401","880","33042","35921","20497"
"15","0.1","1","false","false","false","true","false","false","false","1","1","1","0.25","1","0","0","0","100","0","50","0.2","10","2.5","2","60","1.6","0.4","20.5","6.7","16","8.21","365","14","1","0","0","299","299","305","417","72","229","405","87413","1464","327","false","517880","180","403","881","33047","35927","20500"
"15","0.1","1","false","false","false","true","false","false","false","1","1","1","0.25","1","0","0","0","100","0","50","0.2","10","2.5","2","60","1.6","0.4","20.5","6.7","16","8.21","365","14","1","0","0","299","299","306","398","79","229","373","87457","1464","331","false","517943","180","403","881","33054","35940","20504"
"15","0.1","1","false","false","false","true","false","false","false","1","1","1","0.25","1","0","0","0","100","0","50","0.2","10","2.5","2","60","1.6","0.4","20.5","6.7","16","8.21","365","14","1","0","0","299","299","307","388","73","228","358","87488","1465","330","false","517952","180","403","882","33061","35949","20508"
"15","0.1","1","false","false","false","true","false","false","false","1","1","1","0.25","1","0","0","0","100","0","50","0.2","10","2.5","2","60","1.6","0.4","20.5","6.7","16","8.21","365","14","1","0","0","299","299","308","378","69","219","342","87526","1466","310","false","517978","180","403","883","33065","35957","20511"
"15","0.1","1","false","false","false","true","false","false","false","1","1","1","0.25","1","0","0","0","100","0","50","0.2","10","2.5","2","60","1.6","0.4","20.5","6.7","16","8.21","365","14","1","0","0","299","299","309","361","70","215","334","87554","1466","275","false","518109","180","403","883","33076","35964","20514"
"15","0.1","1","false","false","false","true","false","false","false","1","1","1","0.25","1","0","0","0","100","0","50","0.2","10","2.5","2","60","1.6","0.4","20.5","6.7","16","8.21","365","14","1","0","0","299","299","310","350","59","211","330","87584","1466","248","false","518379","180","403","883","33084","35969","20521"
"15","0.1","1","false","false","false","true","false","false","false","1","1","1","0.25","1","0","0","0","100","0","50","0.2","10","2.5","2","60","1.6","0.4","20.5","6.7","16","8.21","365","14","1","0","0","299","299","311","335","60","205","320","87614","1466","225","false","518623","180","403","883","33088","35976","20525"
"15","0.1","1","false","false","false","true","false","false","false","1","1","1","0.25","1","0","0","0","100","0","50","0.2","10","2.5","2","60","1.6","0.4","20.5","6.7","16","8.21","365","14","1","0","0","299","299","312","317","69","202","298","87647","1467","208","false","518807","180","404","883","33093","35981","20527"
"15","0.1","1","false","false","false","true","false","false","false","1","1","1","0.25","1","0","0","0","100","0","50","0.2","10","2.5","2","60","1.6","0.4","20.5","6.7","16","8.21","365","14","1","0","0","299","299","313","303","64","197","305","87663","1468","181","false","518939","180","404","884","33099","35987","20529"
"15","0.1","1","false","false","false","true","false","false","false","1","1","1","0.25","1","0","0","0","100","0","50","0.2","10","2.5","2","60","1.6","0.4","20.5","6.7","16","8.21","365","14","1","0","0","299","299","314","285","71","190","295","87687","1472","154","false","519167","180","406","886","33103","35993","20531"
"15","0.1","1","false","false","false","true","false","false","false","1","1","1","0.25","1","0","0","0","100","0","50","0.2","10","2.5","2","60","1.6","0.4","20.5","6.7","16","8.21","365","14","1","0","0","299","299","315","265","78","185","293","87707","1472","123","false","519368","180","406","886","33111","35998","20532"
"15","0.1","1","false","false","false","true","false","false","false","1","1","1","0.25","1","0","0","0","100","0","50","0.2","10","2.5","2","60","1.6","0.4","20.5","6.7","16","8.21","365","14","1","0","0","299","299","316","249","69","179","294","87736","1473","97","false","519643","180","406","887","33119","36011","20536"
"15","0.1","1","false","false","false","true","false","false","false","1","1","1","0.25","1","0","0","0","100","0","50","0.2","10","2.5","2","60","1.6","0.4","20.5","6.7","16","8.21","365","14","1","0","0","299","299","317","231","75","178","281","87762","1473","75","false","519858","180","406","887","33124","36015","20540"
"15","0.1","1","false","false","false","true","false","false","false","1","1","1","0.25","1","0","0","0","100","0","50","0.2","10","2.5","2","60","1.6","0.4","20.5","6.7","16","8.21","365","14","1","0","0","299","299","318","214","77","173","270","87792","1474","51","false","520058","181","406","887","33129","36023","20541"
"15","0.1","1","false","false","false","true","false","false","false","1","1","1","0.25","1","0","0","0","100","0","50","0.2","10","2.5","2","60","1.6","0.4","20.5","6.7","16","8.21","365","14","1","0","0","299","299","319","189","83","167","271","87815","1475","28","false","520289","181","406","888","33136","36028","20544"
"15","0.1","1","false","false","false","true","false","false","false","1","1","1","0.25","1","0","0","0","100","0","50","0.2","10","2.5","2","60","1.6","0.4","20.5","6.7","16","8.21","365","14","1","0","0","299","299","320","167","83","161","269","87845","1475","13","false","520523","181","406","888","33144","36036","20549"
"15","0.1","1","false","false","false","true","false","false","false","1","1","1","0.25","1","0","0","0","100","0","50","0.2","10","2.5","2","60","1.6","0.4","20.5","6.7","16","8.21","365","14","1","0","0","299","299","321","150","80","156","268","87871","1475","0","false","520681","181","406","888","33152","36041","20552"
"15","0.1","1","false","false","false","true","false","false","false","1","1","1","0.25","1","0","0","0","100","0","50","0.2","10","2.5","2","60","1.6","0.4","20.5","6.7","16","8.21","365","14","1","0","0","299","299","322","126","79","157","272","87891","1475","0","false","520825","181","406","888","33159","36049","20557"
"15","0.1","1","false","false","false","true","false","false","false","1","1","1","0.25","1","0","0","0","100","0","50","0.2","10","2.5","2","60","1.6","0.4","20.5","6.7","16","8.21","365","14","1","0","0","299","299","323","107","85","160","269","87904","1475","0","false","520825","181","406","888","33163","36057","20563"
"15","0.1","1","false","false","false","true","false","false","false","1","1","1","0.25","1","0","0","0","100","0","50","0.2","10","2.5","2","60","1.6","0.4","20.5","6.7","16","8.21","365","14","1","0","0","299","299","324","93","84","163","262","87923","1475","0","false","520825","181","406","888","33174","36062","20566"
"15","0.1","1","false","false","false","true","false","false","false","1","1","1","0.25","1","0","0","0","100","0","50","0.2","10","2.5","2","60","1.6","0.4","20.5","6.7","16","8.21","365","14","1","0","0","299","299","325","82","68","168","264","87943","1475","0","false","520825","181","406","888","33189","36070","20571"
"15","0.1","1","false","false","false","true","false","false","false","1","1","1","0.25","1","0","0","0","100","0","50","0.2","10","2.5","2","60","1.6","0.4","20.5","6.7","16","8.21","365","14","1","0","0","299","299","326","71","69","161","256","87967","1476","0","false","520825","182","406","888","33193","36073","20574"
"15","0.1","1","false","false","false","true","false","false","false","1","1","1","0.25","1","0","0","0","100","0","50","0.2","10","2.5","2","60","1.6","0.4","20.5","6.7","16","8.21","365","14","1","0","0","299","299","327","64","60","158","253","87989","1476","0","false","520813","182","406","888","33198","36080","20576"
"15","0.1","1","false","false","false","true","false","false","false","1","1","1","0.25","1","0","0","0","100","0","50","0.2","10","2.5","2","60","1.6","0.4","20.5","6.7","16","8.21","365","14","1","0","0","299","299","328","55","60","151","242","88015","1477","0","false","520813","182","406","889","33199","36086","20579"
"15","0.1","1","false","false","false","true","false","false","false","1","1","1","0.25","1","0","0","0","100","0","50","0.2","10","2.5","2","60","1.6","0.4","20.5","6.7","16","8.21","365","14","1","0","0","299","299","329","52","47","156","236","88032","1477","0","false","520801","182","406","889","33209","36094","20583"
"15","0.1","1","false","false","false","true","false","false","false","1","1","1","0.25","1","0","0","0","100","0","50","0.2","10","2.5","2","60","1.6","0.4","20.5","6.7","16","8.21","365","14","1","0","0","299","299","330","48","35","156","231","88053","1477","0","false","520801","182","406","889","33212","36105","20584"
"15","0.1","1","false","false","false","true","false","false","false","1","1","1","0.25","1","0","0","0","100","0","50","0.2","10","2.5","2","60","1.6","0.4","20.5","6.7","16","8.21","365","14","1","0","0","299","299","331","46","31","154","227","88065","1477","0","false","520801","182","406","889","33214","36112","20585"
"15","0.1","1","false","false","false","true","false","false","false","1","1","1","0.25","1","0","0","0","100","0","50","0.2","10","2.5","2","60","1.6","0.4","20.5","6.7","16","8.21","365","14","1","0","0","299","299","332","44","24","151","223","88081","1477","0","false","520801","182","406","889","33217","36115","20589"
"15","0.1","1","false","false","false","true","false","false","false","1","1","1","0.25","1","0","0","0","100","0","50","0.2","10","2.5","2","60","1.6","0.4","20.5","6.7","16","8.21","365","14","1","0","0","299","299","333","40","23","148","209","88102","1478","0","false","520801","182","406","890","33221","36119","20590"
"15","0.1","1","false","false","false","true","false","false","false","1","1","1","0.25","1","0","0","0","100","0","50","0.2","10","2.5","2","60","1.6","0.4","20.5","6.7","16","8.21","365","14","1","0","0","299","299","334","36","21","149","201","88115","1478","0","false","520789","182","406","890","33225","36124","20591"
"15","0.1","1","false","false","false","true","false","false","false","1","1","1","0.25","1","0","0","0","100","0","50","0.2","10","2.5","2","60","1.6","0.4","20.5","6.7","16","8.21","365","14","1","0","0","299","299","335","33","18","143","190","88138","1478","0","false","520789","182","406","890","33227","36127","20591"
"15","0.1","1","false","false","false","true","false","false","false","1","1","1","0.25","1","0","0","0","100","0","50","0.2","10","2.5","2","60","1.6","0.4","20.5","6.7","16","8.21","365","14","1","0","0","299","299","336","32","13","137","185","88155","1478","0","false","520789","182","406","890","33228","36127","20591"
"15","0.1","1","false","false","false","true","false","false","false","1","1","1","0.25","1","0","0","0","100","0","50","0.2","10","2.5","2","60","1.6","0.4","20.5","6.7","16","8.21","365","14","1","0","0","299","299","337","30","7","133","187","88165","1478","0","false","520789","182","406","890","33229","36133","20593"
"15","0.1","1","false","false","false","true","false","false","false","1","1","1","0.25","1","0","0","0","100","0","50","0.2","10","2.5","2","60","1.6","0.4","20.5","6.7","16","8.21","365","14","1","0","0","299","299","338","28","6","134","173","88181","1478","0","false","520789","182","406","890","33231","36135","20594"
"15","0.1","1","false","false","false","true","false","false","false","1","1","1","0.25","1","0","0","0","100","0","50","0.2","10","2.5","2","60","1.6","0.4","20.5","6.7","16","8.21","365","14","1","0","0","299","299","339","28","3","126","163","88201","1479","0","false","520789","182","406","891","33234","36138","20594"
"15","0.1","1","false","false","false","true","false","false","false","1","1","1","0.25","1","0","0","0","100","0","50","0.2","10","2.5","2","60","1.6","0.4","20.5","6.7","16","8.21","365","14","1","0","0","299","299","340","28","2","118","157","88216","1479","0","false","520777","182","406","891","33234","36139","20594"
"15","0.1","1","false","false","false","true","false","false","false","1","1","1","0.25","1","0","0","0","100","0","50","0.2","10","2.5","2","60","1.6","0.4","20.5","6.7","16","8.21","365","14","1","0","0","299","299","341","28","0","111","149","88232","1480","0","false","520777","182","406","892","33235","36141","20596"
"15","0.1","1","false","false","false","true","false","false","false","1","1","1","0.25","1","0","0","0","100","0","50","0.2","10","2.5","2","60","1.6","0.4","20.5","6.7","16","8.21","365","14","1","0","0","299","299","342","28","0","106","134","88252","1480","0","false","520765","182","406","892","33235","36141","20596"
"15","0.1","1","false","false","false","true","false","false","false","1","1","1","0.25","1","0","0","0","100","0","50","0.2","10","2.5","2","60","1.6","0.4","20.5","6.7","16","8.21","365","14","1","0","0","299","299","343","28","0","99","124","88268","1481","0","false","520765","182","407","892","33235","36141","20596"
"15","0.1","1","false","false","false","true","false","false","false","1","1","1","0.25","1","0","0","0","100","0","50","0.2","10","2.5","2","60","1.6","0.4","20.5","6.7","16","8.21","365","14","1","0","0","299","299","344","28","0","89","116","88286","1481","0","false","520753","182","407","892","33235","36141","20596"
"15","0.1","1","false","false","false","true","false","false","false","1","1","1","0.25","1","0","0","0","100","0","50","0.2","10","2.5","2","60","1.6","0.4","20.5","6.7","16","8.21","365","14","1","0","0","299","299","345","28","0","84","105","88301","1482","0","false","520753","182","407","893","33235","36141","20596"
"15","0.1","1","false","false","false","true","false","false","false","1","1","1","0.25","1","0","0","0","100","0","50","0.2","10","2.5","2","60","1.6","0.4","20.5","6.7","16","8.21","365","14","1","0","0","299","299","346","28","0","77","98","88315","1482","0","false","520742","182","407","893","33235","36141","20596"
"15","0.1","1","false","false","false","true","false","false","false","1","1","1","0.25","1","0","0","0","100","0","50","0.2","10","2.5","2","60","1.6","0.4","20.5","6.7","16","8.21","365","14","1","0","0","299","299","347","28","0","71","94","88325","1482","0","false","520742","182","407","893","33235","36141","20596"
"15","0.1","1","false","false","false","true","false","false","false","1","1","1","0.25","1","0","0","0","100","0","50","0.2","10","2.5","2","60","1.6","0.4","20.5","6.7","16","8.21","365","14","1","0","0","299","299","348","28","0","65","85","88339","1483","0","false","520742","182","407","894","33235","36141","20596"
"15","0.1","1","false","false","false","true","false","false","false","1","1","1","0.25","1","0","0","0","100","0","50","0.2","10","2.5","2","60","1.6","0.4","20.5","6.7","16","8.21","365","14","1","0","0","299","299","349","28","0","62","78","88349","1483","0","false","520731","182","407","894","33235","36141","20596"
"15","0.1","1","false","false","false","true","false","false","false","1","1","1","0.25","1","0","0","0","100","0","50","0.2","10","2.5","2","60","1.6","0.4","20.5","6.7","16","8.21","365","14","1","0","0","299","299","350","27","1","55","69","88365","1483","0","false","520731","182","407","894","33235","36141","20596"
"15","0.1","1","false","false","false","true","false","false","false","1","1","1","0.25","1","0","0","0","100","0","50","0.2","10","2.5","2","60","1.6","0.4","20.5","6.7","16","8.21","365","14","1","0","0","299","299","351","27","1","47","64","88378","1483","0","false","520731","182","407","894","33235","36141","20596"
"15","0.1","1","false","false","false","true","false","false","false","1","1","1","0.25","1","0","0","0","100","0","50","0.2","10","2.5","2","60","1.6","0.4","20.5","6.7","16","8.21","365","14","1","0","0","299","299","352","27","0","43","55","88392","1483","0","false","520731","182","407","894","33236","36141","20596"
"15","0.1","1","false","false","false","true","false","false","false","1","1","1","0.25","1","0","0","0","100","0","50","0.2","10","2.5","2","60","1.6","0.4","20.5","6.7","16","8.21","365","14","1","0","0","299","299","353","27","0","36","52","88402","1483","0","false","520731","182","407","894","33236","36141","20596"
"15","0.1","1","false","false","false","true","false","false","false","1","1","1","0.25","1","0","0","0","100","0","50","0.2","10","2.5","2","60","1.6","0.4","20.5","6.7","16","8.21","365","14","1","0","0","299","299","354","27","0","34","43","88413","1483","0","false","520731","182","407","894","33236","36141","20596"
"15","0.1","1","false","false","false","true","false","false","false","1","1","1","0.25","1","0","0","0","100","0","50","0.2","10","2.5","2","60","1.6","0.4","20.5","6.7","16","8.21","365","14","1","0","0","299","299","355","27","0","31","36","88423","1483","0","false","520731","182","407","894","33236","36141","20596"
"15","0.1","1","false","false","false","true","false","false","false","1","1","1","0.25","1","0","0","0","100","0","50","0.2","10","2.5","2","60","1.6","0.4","20.5","6.7","16","8.21","365","14","1","0","0","299","299","356","27","0","25","32","88433","1483","0","false","520731","182","407","894","33236","36141","20596"
"15","0.1","1","false","false","false","true","false","false","false","1","1","1","0.25","1","0","0","0","100","0","50","0.2","10","2.5","2","60","1.6","0.4","20.5","6.7","16","8.21","365","14","1","0","0","299","299","357","27","0","22","30","88438","1483","0","false","520731","182","407","894","33236","36141","20596"
"15","0.1","1","false","false","false","true","false","false","false","1","1","1","0.25","1","0","0","0","100","0","50","0.2","10","2.5","2","60","1.6","0.4","20.5","6.7","16","8.21","365","14","1","0","0","299","299","358","27","0","20","26","88444","1483","0","false","520731","182","407","894","33236","36141","20596"
"15","0.1","1","false","false","false","true","false","false","false","1","1","1","0.25","1","0","0","0","100","0","50","0.2","10","2.5","2","60","1.6","0.4","20.5","6.7","16","8.21","365","14","1","0","0","299","299","359","27","0","17","23","88450","1483","0","false","520731","182","407","894","33236","36141","20596"
"15","0.1","1","false","false","false","true","false","false","false","1","1","1","0.25","1","0","0","0","100","0","50","0.2","10","2.5","2","60","1.6","0.4","20.5","6.7","16","8.21","365","14","1","0","0","299","299","360","27","0","14","17","88459","1483","0","false","520731","182","407","894","33236","36141","20596"
"15","0.1","1","false","false","false","true","false","false","false","1","1","1","0.25","1","0","0","0","100","0","50","0.2","10","2.5","2","60","1.6","0.4","20.5","6.7","16","8.21","365","14","1","0","0","299","299","361","27","0","9","14","88467","1483","0","false","520731","182","407","894","33236","36141","20596"
"15","0.1","1","false","false","false","true","false","false","false","1","1","1","0.25","1","0","0","0","100","0","50","0.2","10","2.5","2","60","1.6","0.4","20.5","6.7","16","8.21","365","14","1","0","0","299","299","362","27","0","8","12","88470","1483","0","false","520731","182","407","894","33236","36141","20596"
"15","0.1","1","false","false","false","true","false","false","false","1","1","1","0.25","1","0","0","0","100","0","50","0.2","10","2.5","2","60","1.6","0.4","20.5","6.7","16","8.21","365","14","1","0","0","299","299","363","27","0","8","11","88471","1483","0","false","520731","182","407","894","33236","36141","20596"
"15","0.1","1","false","false","false","true","false","false","false","1","1","1","0.25","1","0","0","0","100","0","50","0.2","10","2.5","2","60","1.6","0.4","20.5","6.7","16","8.21","365","14","1","0","0","299","299","364","27","0","8","8","88474","1483","0","false","520731","182","407","894","33236","36141","20596"
"15","0.1","1","false","false","false","true","false","false","false","1","1","1","0.25","1","0","0","0","100","0","50","0.2","10","2.5","2","60","1.6","0.4","20.5","6.7","16","8.21","365","14","1","0","0","299","299","365","27","0","6","7","88477","1483","0","false","520731","182","407","894","33236","36141","20596"
"16","0.1","1","false","false","false","true","false","false","false","1","1","1","0.25","1","0","0","0","100","0","50","0.3","10","2.5","2","60","1.6","0.4","20.5","6.7","16","8.21","365","14","1","0","0","299","299","0","89910","90","0","0","0","0","0","false","0","0","0","0","0","0","0"
"16","0.1","1","false","false","false","true","false","false","false","1","1","1","0.25","1","0","0","0","100","0","50","0.3","10","2.5","2","60","1.6","0.4","20.5","6.7","16","8.21","365","14","1","0","0","299","299","1","89910","82","0","8","0","0","0","false","538567","0","0","0","1","3","1"
"16","0.1","1","false","false","false","true","false","false","false","1","1","1","0.25","1","0","0","0","100","0","50","0.3","10","2.5","2","60","1.6","0.4","20.5","6.7","16","8.21","365","14","1","0","0","299","299","2","89900","75","0","25","0","0","0","false","538567","0","0","0","7","7","4"
"16","0.1","1","false","false","false","true","false","false","false","1","1","1","0.25","1","0","0","0","100","0","50","0.3","10","2.5","2","60","1.6","0.4","20.5","6.7","16","8.21","365","14","1","0","0","299","299","3","89878","76","2","44","0","0","0","false","538567","0","0","0","14","11","6"
"16","0.1","1","false","false","false","true","false","false","false","1","1","1","0.25","1","0","0","0","100","0","50","0.3","10","2.5","2","60","1.6","0.4","20.5","6.7","16","8.21","365","14","1","0","0","299","299","4","89824","105","2","69","0","0","0","false","538567","0","0","0","19","20","11"
"16","0.1","1","false","false","false","true","false","false","false","1","1","1","0.25","1","0","0","0","100","0","50","0.3","10","2.5","2","60","1.6","0.4","20.5","6.7","16","8.21","365","14","1","0","0","299","299","5","89742","174","4","80","0","0","0","false","538567","0","0","0","22","25","14"
"16","0.1","1","false","false","false","true","false","false","false","1","1","1","0.25","1","0","0","0","100","0","50","0.3","10","2.5","2","60","1.6","0.4","20.5","6.7","16","8.21","365","14","1","0","0","299","299","6","89661","232","18","89","0","0","0","false","538567","0","0","0","35","34","22"
"16","0.1","1","false","false","false","true","false","false","false","1","1","1","0.25","1","0","0","0","100","0","50","0.3","10","2.5","2","60","1.6","0.4","20.5","6.7","16","8.21","365","14","1","0","0","299","299","7","89575","265","21","139","0","0","0","false","538567","0","0","0","41","52","32"
"16","0.1","1","false","false","false","true","false","false","false","1","1","1","0.25","1","0","0","0","100","0","50","0.3","10","2.5","2","60","1.6","0.4","20.5","6.7","16","8.21","365","14","1","0","0","299","299","8","89484","298","27","191","0","0","0","false","538567","0","0","0","51","70","41"
"16","0.1","1","false","false","false","true","false","false","false","1","1","1","0.25","1","0","0","0","100","0","50","0.3","10","2.5","2","60","1.6","0.4","20.5","6.7","16","8.21","365","14","1","0","0","299","299","9","89348","363","39","250","0","0","0","false","538567","0","0","0","68","90","58"
"16","0.1","1","false","false","false","true","false","false","false","1","1","1","0.25","1","0","0","0","100","0","50","0.3","10","2.5","2","60","1.6","0.4","20.5","6.7","16","8.21","365","14","1","0","0","299","299","10","89205","431","57","307","0","0","0","false","538567","0","0","0","91","114","71"
"16","0.1","1","false","false","false","true","false","false","false","1","1","1","0.25","1","0","0","0","100","0","50","0.3","10","2.5","2","60","1.6","0.4","20.5","6.7","16","8.21","365","14","1","0","0","299","299","11","89028","537","83","352","0","0","0","false","538567","0","0","0","114","148","89"
"16","0.1","1","false","false","false","true","false","false","false","1","1","1","0.25","1","0","0","0","100","0","50","0.3","10","2.5","2","60","1.6","0.4","20.5","6.7","16","8.21","365","14","1","0","0","299","299","12","88832","640","114","414","0","0","0","false","538567","0","0","0","145","191","108"
"16","0.1","1","false","false","false","true","false","false","false","1","1","1","0.25","1","0","0","0","100","0","50","0.3","10","2.5","2","60","1.6","0.4","20.5","6.7","16","8.21","365","14","1","0","0","299","299","13","88611","734","140","515","0","0","0","false","538567","0","0","0","183","233","133"
"16","0.1","1","false","false","false","true","false","false","false","1","1","1","0.25","1","0","0","0","100","0","50","0.3","10","2.5","2","60","1.6","0.4","20.5","6.7","16","8.21","365","14","1","0","0","299","299","14","88387","811","172","630","0","0","0","false","538567","0","0","0","227","270","167"
"16","0.1","1","false","false","false","true","false","false","false","1","1","1","0.25","1","0","0","0","100","0","50","0.3","10","2.5","2","60","1.6","0.4","20.5","6.7","16","8.21","365","14","1","0","0","299","299","15","88115","918","203","764","0","0","0","false","538567","0","0","0","272","333","191"
"16","0.1","1","false","false","false","true","false","false","false","1","1","1","0.25","1","0","0","0","100","0","50","0.3","10","2.5","2","60","1.6","0.4","20.5","6.7","16","8.21","365","14","1","0","0","299","299","16","87834","1020","254","888","4","0","144","false","538567","0","0","0","338","394","234"
"16","0.1","1","false","false","false","true","false","false","false","1","1","1","0.25","1","0","0","0","100","0","50","0.3","10","2.5","2","60","1.6","0.4","20.5","6.7","16","8.21","365","14","1","0","0","299","299","17","87587","1065","311","1033","4","0","573","false","536898","0","0","0","416","461","267"
"16","0.1","1","false","false","false","true","false","false","false","1","1","1","0.25","1","0","0","0","100","0","50","0.3","10","2.5","2","60","1.6","0.4","20.5","6.7","16","8.21","365","14","1","0","0","299","299","18","87332","1070","375","1216","7","0","924","false","532686","0","0","0","489","557","313"
"16","0.1","1","false","false","false","true","false","false","false","1","1","1","0.25","1","0","0","0","100","0","50","0.3","10","2.5","2","60","1.6","0.4","20.5","6.7","16","8.21","365","14","1","0","0","299","299","19","87054","1145","447","1342","12","0","1391","false","529289","0","0","0","561","642","356"
"16","0.1","1","false","false","false","true","false","false","false","1","1","1","0.25","1","0","0","0","100","0","50","0.3","10","2.5","2","60","1.6","0.4","20.5","6.7","16","8.21","365","14","1","0","0","299","299","20","86823","1098","514","1546","19","0","1805","false","525084","0","0","0","657","736","402"
"16","0.1","1","false","false","false","true","false","false","false","1","1","1","0.25","1","0","0","0","100","0","50","0.3","10","2.5","2","60","1.6","0.4","20.5","6.7","16","8.21","365","14","1","0","0","299","299","21","86590","1052","596","1735","27","0","2217","false","521495","0","0","0","742","837","462"
"16","0.1","1","false","false","false","true","false","false","false","1","1","1","0.25","1","0","0","0","100","0","50","0.3","10","2.5","2","60","1.6","0.4","20.5","6.7","16","8.21","365","14","1","0","0","299","299","22","86360","1029","682","1891","38","0","2671","false","517969","0","0","0","835","932","518"
"16","0.1","1","false","false","false","true","false","false","false","1","1","1","0.25","1","0","0","0","100","0","50","0.3","10","2.5","2","60","1.6","0.4","20.5","6.7","16","8.21","365","14","1","0","0","299","299","23","86129","1012","790","2022","47","0","3128","false","514198","0","0","0","932","1031","576"
"16","0.1","1","false","false","false","true","false","false","false","1","1","1","0.25","1","0","0","0","100","0","50","0.3","10","2.5","2","60","1.6","0.4","20.5","6.7","16","8.21","365","14","1","0","0","299","299","24","85897","994","893","2146","70","0","3631","false","510636","0","0","0","1027","1137","643"
"16","0.1","1","false","false","false","true","false","false","false","1","1","1","0.25","1","0","0","0","100","0","50","0.3","10","2.5","2","60","1.6","0.4","20.5","6.7","16","8.21","365","14","1","0","0","299","299","25","85686","984","999","2235","95","1","4079","false","506683","0","0","1","1118","1233","692"
"16","0.1","1","false","false","false","true","false","false","false","1","1","1","0.25","1","0","0","0","100","0","50","0.3","10","2.5","2","60","1.6","0.4","20.5","6.7","16","8.21","365","14","1","0","0","299","299","26","85478","968","1088","2337","125","4","4493","false","503196","0","3","1","1189","1345","746"
"16","0.1","1","false","false","false","true","false","false","false","1","1","1","0.25","1","0","0","0","100","0","50","0.3","10","2.5","2","60","1.6","0.4","20.5","6.7","16","8.21","365","14","1","0","0","299","299","27","85275","946","1169","2441","164","5","4934","false","500028","0","4","1","1282","1433","798"
"16","0.1","1","false","false","false","true","false","false","false","1","1","1","0.25","1","0","0","0","100","0","50","0.3","10","2.5","2","60","1.6","0.4","20.5","6.7","16","8.21","365","14","1","0","0","299","299","28","85094","897","1245","2544","214","6","5261","false","496465","0","4","2","1365","1526","849"
"16","0.1","1","false","false","false","true","false","false","false","1","1","1","0.25","1","0","0","0","100","0","50","0.3","10","2.5","2","60","1.6","0.4","20.5","6.7","16","8.21","365","14","1","0","0","299","299","29","84919","876","1336","2607","255","7","5463","false","493784","0","5","2","1451","1607","898"
"16","0.1","1","false","false","false","true","false","false","false","1","1","1","0.25","1","0","0","0","100","0","50","0.3","10","2.5","2","60","1.6","0.4","20.5","6.7","16","8.21","365","14","1","0","0","299","299","30","84713","862","1403","2716","296","10","5502","false","491930","0","5","5","1540","1679","944"
"16","0.1","1","false","false","false","true","false","false","false","1","1","1","0.25","1","0","0","0","100","0","50","0.3","10","2.5","2","60","1.6","0.4","20.5","6.7","16","8.21","365","14","1","0","0","299","299","31","84498","878","1464","2790","360","10","5500","false","490952","0","5","5","1618","1750","1003"
"16","0.1","1","false","false","false","true","false","false","false","1","1","1","0.25","1","0","0","0","100","0","50","0.3","10","2.5","2","60","1.6","0.4","20.5","6.7","16","8.21","365","14","1","0","0","299","299","32","84254","914","1527","2839","455","11","5568","false","490593","0","6","5","1686","1840","1055"
"16","0.1","1","false","false","false","true","false","false","false","1","1","1","0.25","1","0","0","0","100","0","50","0.3","10","2.5","2","60","1.6","0.4","20.5","6.7","16","8.21","365","14","1","0","0","299","299","33","83938","1016","1586","2886","562","12","5675","false","489672","0","6","6","1767","1925","1108"
"16","0.1","1","false","false","false","true","false","false","false","1","1","1","0.25","1","0","0","0","100","0","50","0.3","10","2.5","2","60","1.6","0.4","20.5","6.7","16","8.21","365","14","1","0","0","299","299","34","83612","1122","1611","2962","679","14","5779","false","488359","0","6","8","1854","1995","1152"
"16","0.1","1","false","false","false","true","false","false","false","1","1","1","0.25","1","0","0","0","100","0","50","0.3","10","2.5","2","60","1.6","0.4","20.5","6.7","16","8.21","365","14","1","0","0","299","299","35","83253","1222","1658","3049","803","15","5878","false","487174","0","6","9","1931","2092","1205"
"16","0.1","1","false","false","false","true","false","false","false","1","1","1","0.25","1","0","0","0","100","0","50","0.3","10","2.5","2","60","1.6","0.4","20.5","6.7","16","8.21","365","14","1","0","0","299","299","36","82889","1347","1709","3113","924","18","5895","false","485876","0","7","11","2021","2177","1267"
"16","0.1","1","false","false","false","true","false","false","false","1","1","1","0.25","1","0","0","0","100","0","50","0.3","10","2.5","2","60","1.6","0.4","20.5","6.7","16","8.21","365","14","1","0","0","299","299","37","82517","1415","1758","3219","1071","20","5979","false","485233","0","7","13","2116","2287","1326"
"16","0.1","1","false","false","false","true","false","false","false","1","1","1","0.25","1","0","0","0","100","0","50","0.3","10","2.5","2","60","1.6","0.4","20.5","6.7","16","8.21","365","14","1","0","0","299","299","38","82095","1563","1814","3274","1234","20","6124","false","484150","0","7","13","2226","2388","1380"
"16","0.1","1","false","false","false","true","false","false","false","1","1","1","0.25","1","0","0","0","100","0","50","0.3","10","2.5","2","60","1.6","0.4","20.5","6.7","16","8.21","365","14","1","0","0","299","299","39","81717","1596","1877","3373","1416","21","6266","false","482836","1","7","13","2331","2530","1457"
"16","0.1","1","false","false","false","true","false","false","false","1","1","1","0.25","1","0","0","0","100","0","50","0.3","10","2.5","2","60","1.6","0.4","20.5","6.7","16","8.21","365","14","1","0","0","299","299","40","81309","1628","1917","3515","1604","27","6357","false","481344","2","8","17","2450","2686","1523"
"16","0.1","1","false","false","false","true","false","false","false","1","1","1","0.25","1","0","0","0","100","0","50","0.3","10","2.5","2","60","1.6","0.4","20.5","6.7","16","8.21","365","14","1","0","0","299","299","41","80896","1658","1978","3673","1766","29","6513","false","480123","2","9","18","2579","2822","1604"
"16","0.1","1","false","false","false","true","false","false","false","1","1","1","0.25","1","0","0","0","100","0","50","0.3","10","2.5","2","60","1.6","0.4","20.5","6.7","16","8.21","365","14","1","0","0","299","299","42","80487","1680","2045","3807","1948","33","6762","false","478601","2","9","22","2732","2954","1685"
"16","0.1","1","false","false","false","true","false","false","false","1","1","1","0.25","1","0","0","0","100","0","50","0.3","10","2.5","2","60","1.6","0.4","20.5","6.7","16","8.21","365","14","1","0","0","299","299","43","80059","1717","2100","3916","2172","36","6981","false","476396","2","10","24","2863","3076","1787"
"16","0.1","1","false","false","false","true","false","false","false","1","1","1","0.25","1","0","0","0","100","0","50","0.3","10","2.5","2","60","1.6","0.4","20.5","6.7","16","8.21","365","14","1","0","0","299","299","44","79660","1739","2151","4037","2369","44","7070","false","474333","3","13","28","3000","3231","1878"
"16","0.1","1","false","false","false","true","false","false","false","1","1","1","0.25","1","0","0","0","100","0","50","0.3","10","2.5","2","60","1.6","0.4","20.5","6.7","16","8.21","365","14","1","0","0","299","299","45","79185","1799","2256","4142","2572","46","7288","false","473240","4","14","28","3151","3398","1985"
"16","0.1","1","false","false","false","true","false","false","false","1","1","1","0.25","1","0","0","0","100","0","50","0.3","10","2.5","2","60","1.6","0.4","20.5","6.7","16","8.21","365","14","1","0","0","299","299","46","78756","1819","2328","4265","2783","49","7266","false","471291","4","14","31","3300","3550","2087"
"16","0.1","1","false","false","false","true","false","false","false","1","1","1","0.25","1","0","0","0","100","0","50","0.3","10","2.5","2","60","1.6","0.4","20.5","6.7","16","8.21","365","14","1","0","0","299","299","47","78315","1819","2398","4416","3001","51","7355","false","471354","4","14","33","3465","3723","2182"
"16","0.1","1","false","false","false","true","false","false","false","1","1","1","0.25","1","0","0","0","100","0","50","0.3","10","2.5","2","60","1.6","0.4","20.5","6.7","16","8.21","365","14","1","0","0","299","299","48","77864","1864","2461","4549","3205","57","7467","false","470395","4","18","35","3626","3872","2272"
"16","0.1","1","false","false","false","true","false","false","false","1","1","1","0.25","1","0","0","0","100","0","50","0.3","10","2.5","2","60","1.6","0.4","20.5","6.7","16","8.21","365","14","1","0","0","299","299","49","77423","1859","2535","4688","3434","61","7632","false","469110","4","20","37","3760","4034","2392"
"16","0.1","1","false","false","false","true","false","false","false","1","1","1","0.25","1","0","0","0","100","0","50","0.3","10","2.5","2","60","1.6","0.4","20.5","6.7","16","8.21","365","14","1","0","0","299","299","50","76958","1936","2629","4765","3646","66","7719","false","467613","4","23","39","3926","4209","2473"
"16","0.1","1","false","false","false","true","false","false","false","1","1","1","0.25","1","0","0","0","100","0","50","0.3","10","2.5","2","60","1.6","0.4","20.5","6.7","16","8.21","365","14","1","0","0","299","299","51","76485","1946","2714","4910","3872","73","7842","false","466418","6","23","44","4091","4396","2574"
"16","0.1","1","false","false","false","true","false","false","false","1","1","1","0.25","1","0","0","0","100","0","50","0.3","10","2.5","2","60","1.6","0.4","20.5","6.7","16","8.21","365","14","1","0","0","299","299","52","75974","2032","2793","5028","4096","77","7974","false","465144","6","25","46","4250","4553","2665"
"16","0.1","1","false","false","false","true","false","false","false","1","1","1","0.25","1","0","0","0","100","0","50","0.3","10","2.5","2","60","1.6","0.4","20.5","6.7","16","8.21","365","14","1","0","0","299","299","53","75487","2030","2876","5210","4317","80","8069","false","463864","6","27","47","4428","4759","2753"
"16","0.1","1","false","false","false","true","false","false","false","1","1","1","0.25","1","0","0","0","100","0","50","0.3","10","2.5","2","60","1.6","0.4","20.5","6.7","16","8.21","365","14","1","0","0","299","299","54","74975","2084","2913","5382","4563","83","8122","false","462906","6","29","48","4590","4910","2835"
"16","0.1","1","false","false","false","true","false","false","false","1","1","1","0.25","1","0","0","0","100","0","50","0.3","10","2.5","2","60","1.6","0.4","20.5","6.7","16","8.21","365","14","1","0","0","299","299","55","74478","2085","3039","5503","4804","91","8199","false","462476","6","29","56","4802","5104","2942"
"16","0.1","1","false","false","false","true","false","false","false","1","1","1","0.25","1","0","0","0","100","0","50","0.3","10","2.5","2","60","1.6","0.4","20.5","6.7","16","8.21","365","14","1","0","0","299","299","56","73964","2135","3137","5612","5056","96","8364","false","461686","8","29","59","4998","5298","3035"
"16","0.1","1","false","false","false","true","false","false","false","1","1","1","0.25","1","0","0","0","100","0","50","0.3","10","2.5","2","60","1.6","0.4","20.5","6.7","16","8.21","365","14","1","0","0","299","299","57","73512","2099","3206","5754","5328","101","8474","false","460389","10","29","62","5169","5490","3142"
"16","0.1","1","false","false","false","true","false","false","false","1","1","1","0.25","1","0","0","0","100","0","50","0.3","10","2.5","2","60","1.6","0.4","20.5","6.7","16","8.21","365","14","1","0","0","299","299","58","73041","2063","3304","5894","5590","108","8478","false","459423","10","30","68","5351","5686","3254"
"16","0.1","1","false","false","false","true","false","false","false","1","1","1","0.25","1","0","0","0","100","0","50","0.3","10","2.5","2","60","1.6","0.4","20.5","6.7","16","8.21","365","14","1","0","0","299","299","59","72538","2092","3402","5997","5860","111","8615","false","459226","10","32","69","5525","5886","3365"
"16","0.1","1","false","false","false","true","false","false","false","1","1","1","0.25","1","0","0","0","100","0","50","0.3","10","2.5","2","60","1.6","0.4","20.5","6.7","16","8.21","365","14","1","0","0","299","299","60","72008","2116","3488","6104","6170","114","8810","false","458075","10","32","72","5693","6084","3479"
"16","0.1","1","false","false","false","true","false","false","false","1","1","1","0.25","1","0","0","0","100","0","50","0.3","10","2.5","2","60","1.6","0.4","20.5","6.7","16","8.21","365","14","1","0","0","299","299","61","71490","2162","3562","6183","6478","125","8892","false","456245","11","34","80","5852","6275","3606"
"16","0.1","1","false","false","false","true","false","false","false","1","1","1","0.25","1","0","0","0","100","0","50","0.3","10","2.5","2","60","1.6","0.4","20.5","6.7","16","8.21","365","14","1","0","0","299","299","62","70971","2187","3650","6252","6808","132","8974","false","455442","13","35","84","6026","6480","3721"
"16","0.1","1","false","false","false","true","false","false","false","1","1","1","0.25","1","0","0","0","100","0","50","0.3","10","2.5","2","60","1.6","0.4","20.5","6.7","16","8.21","365","14","1","0","0","299","299","63","70482","2155","3732","6374","7118","139","9008","false","454374","13","37","89","6205","6688","3855"
"16","0.1","1","false","false","false","true","false","false","false","1","1","1","0.25","1","0","0","0","100","0","50","0.3","10","2.5","2","60","1.6","0.4","20.5","6.7","16","8.21","365","14","1","0","0","299","299","64","69942","2218","3798","6448","7450","144","9125","false","453803","13","37","94","6367","6911","3956"
"16","0.1","1","false","false","false","true","false","false","false","1","1","1","0.25","1","0","0","0","100","0","50","0.3","10","2.5","2","60","1.6","0.4","20.5","6.7","16","8.21","365","14","1","0","0","299","299","65","69404","2263","3874","6501","7811","147","9189","false","452885","14","37","96","6547","7135","4072"
"16","0.1","1","false","false","false","true","false","false","false","1","1","1","0.25","1","0","0","0","100","0","50","0.3","10","2.5","2","60","1.6","0.4","20.5","6.7","16","8.21","365","14","1","0","0","299","299","66","68897","2198","3926","6637","8187","155","9259","false","452321","15","39","101","6763","7339","4186"
"16","0.1","1","false","false","false","true","false","false","false","1","1","1","0.25","1","0","0","0","100","0","50","0.3","10","2.5","2","60","1.6","0.4","20.5","6.7","16","8.21","365","14","1","0","0","299","299","67","68338","2240","3977","6744","8543","158","9403","false","451358","15","40","103","6950","7542","4293"
"16","0.1","1","false","false","false","true","false","false","false","1","1","1","0.25","1","0","0","0","100","0","50","0.3","10","2.5","2","60","1.6","0.4","20.5","6.7","16","8.21","365","14","1","0","0","299","299","68","67849","2208","4046","6813","8923","161","9454","false","449980","15","41","105","7145","7741","4417"
"16","0.1","1","false","false","false","true","false","false","false","1","1","1","0.25","1","0","0","0","100","0","50","0.3","10","2.5","2","60","1.6","0.4","20.5","6.7","16","8.21","365","14","1","0","0","299","299","69","67340","2185","4141","6881","9288","165","9520","false","449415","15","42","108","7328","7953","4556"
"16","0.1","1","false","false","false","true","false","false","false","1","1","1","0.25","1","0","0","0","100","0","50","0.3","10","2.5","2","60","1.6","0.4","20.5","6.7","16","8.21","365","14","1","0","0","299","299","70","66791","2215","4175","6950","9696","173","9545","false","448656","18","45","110","7512","8186","4662"
"16","0.1","1","false","false","false","true","false","false","false","1","1","1","0.25","1","0","0","0","100","0","50","0.3","10","2.5","2","60","1.6","0.4","20.5","6.7","16","8.21","365","14","1","0","0","299","299","71","66238","2266","4193","7011","10113","179","9639","false","448239","18","47","114","7713","8388","4770"
"16","0.1","1","false","false","false","true","false","false","false","1","1","1","0.25","1","0","0","0","100","0","50","0.3","10","2.5","2","60","1.6","0.4","20.5","6.7","16","8.21","365","14","1","0","0","299","299","72","65709","2260","4221","7097","10528","185","9724","false","447199","18","49","118","7919","8590","4885"
"16","0.1","1","false","false","false","true","false","false","false","1","1","1","0.25","1","0","0","0","100","0","50","0.3","10","2.5","2","60","1.6","0.4","20.5","6.7","16","8.21","365","14","1","0","0","299","299","73","65131","2318","4259","7145","10955","192","9843","false","446473","18","50","124","8111","8791","5003"
"16","0.1","1","false","false","false","true","false","false","false","1","1","1","0.25","1","0","0","0","100","0","50","0.3","10","2.5","2","60","1.6","0.4","20.5","6.7","16","8.21","365","14","1","0","0","299","299","74","64591","2306","4309","7180","11415","199","9931","false","445459","19","54","126","8329","8995","5130"
"16","0.1","1","false","false","false","true","false","false","false","1","1","1","0.25","1","0","0","0","100","0","50","0.3","10","2.5","2","60","1.6","0.4","20.5","6.7","16","8.21","365","14","1","0","0","299","299","75","64026","2343","4334","7243","11848","206","9907","false","444513","20","58","128","8512","9197","5246"
"16","0.1","1","false","false","false","true","false","false","false","1","1","1","0.25","1","0","0","0","100","0","50","0.3","10","2.5","2","60","1.6","0.4","20.5","6.7","16","8.21","365","14","1","0","0","299","299","76","63394","2425","4405","7303","12258","215","9954","false","444539","23","61","131","8735","9442","5355"
"16","0.1","1","false","false","false","true","false","false","false","1","1","1","0.25","1","0","0","0","100","0","50","0.3","10","2.5","2","60","1.6","0.4","20.5","6.7","16","8.21","365","14","1","0","0","299","299","77","62781","2505","4441","7356","12692","225","10028","false","443799","23","63","139","8968","9630","5482"
"16","0.1","1","false","false","false","true","false","false","false","1","1","1","0.25","1","0","0","0","100","0","50","0.3","10","2.5","2","60","1.6","0.4","20.5","6.7","16","8.21","365","14","1","0","0","299","299","78","62220","2477","4470","7426","13173","234","10056","false","443201","23","66","145","9172","9870","5607"
"16","0.1","1","false","false","false","true","false","false","false","1","1","1","0.25","1","0","0","0","100","0","50","0.3","10","2.5","2","60","1.6","0.4","20.5","6.7","16","8.21","365","14","1","0","0","299","299","79","61675","2480","4517","7459","13629","240","10144","false","442689","23","70","147","9382","10081","5746"
"16","0.1","1","false","false","false","true","false","false","false","1","1","1","0.25","1","0","0","0","100","0","50","0.3","10","2.5","2","60","1.6","0.4","20.5","6.7","16","8.21","365","14","1","0","0","299","299","80","61140","2475","4512","7515","14110","248","10225","false","441935","27","71","150","9566","10289","5868"
"16","0.1","1","false","false","false","true","false","false","false","1","1","1","0.25","1","0","0","0","100","0","50","0.3","10","2.5","2","60","1.6","0.4","20.5","6.7","16","8.21","365","14","1","0","0","299","299","81","60537","2476","4536","7637","14557","257","10222","false","441041","28","74","155","9764","10522","6012"
"16","0.1","1","false","false","false","true","false","false","false","1","1","1","0.25","1","0","0","0","100","0","50","0.3","10","2.5","2","60","1.6","0.4","20.5","6.7","16","8.21","365","14","1","0","0","299","299","82","59955","2478","4575","7681","15047","264","10291","false","440949","29","76","159","9995","10760","6142"
"16","0.1","1","false","false","false","true","false","false","false","1","1","1","0.25","1","0","0","0","100","0","50","0.3","10","2.5","2","60","1.6","0.4","20.5","6.7","16","8.21","365","14","1","0","0","299","299","83","59349","2520","4598","7707","15549","277","10288","false","440239","30","78","169","10194","10999","6276"
"16","0.1","1","false","false","false","true","false","false","false","1","1","1","0.25","1","0","0","0","100","0","50","0.3","10","2.5","2","60","1.6","0.4","20.5","6.7","16","8.21","365","14","1","0","0","299","299","84","58781","2517","4621","7778","16017","286","10267","false","439931","33","79","174","10390","11231","6382"
"16","0.1","1","false","false","false","true","false","false","false","1","1","1","0.25","1","0","0","0","100","0","50","0.3","10","2.5","2","60","1.6","0.4","20.5","6.7","16","8.21","365","14","1","0","0","299","299","85","58181","2539","4635","7824","16523","298","10247","false","440104","34","80","184","10600","11452","6515"
"16","0.1","1","false","false","false","true","false","false","false","1","1","1","0.25","1","0","0","0","100","0","50","0.3","10","2.5","2","60","1.6","0.4","20.5","6.7","16","8.21","365","14","1","0","0","299","299","86","57589","2527","4668","7887","17019","310","10313","false","440087","34","82","194","10838","11693","6639"
"16","0.1","1","false","false","false","true","false","false","false","1","1","1","0.25","1","0","0","0","100","0","50","0.3","10","2.5","2","60","1.6","0.4","20.5","6.7","16","8.21","365","14","1","0","0","299","299","87","56984","2548","4699","7951","17497","321","10334","false","439282","34","85","202","11052","11913","6772"
"16","0.1","1","false","false","false","true","false","false","false","1","1","1","0.25","1","0","0","0","100","0","50","0.3","10","2.5","2","60","1.6","0.4","20.5","6.7","16","8.21","365","14","1","0","0","299","299","88","56329","2629","4729","7978","18005","330","10336","false","438980","35","86","209","11268","12129","6907"
"16","0.1","1","false","false","false","true","false","false","false","1","1","1","0.25","1","0","0","0","100","0","50","0.3","10","2.5","2","60","1.6","0.4","20.5","6.7","16","8.21","365","14","1","0","0","299","299","89","55719","2617","4765","8031","18529","339","10497","false","438896","36","87","216","11500","12382","7045"
"16","0.1","1","false","false","false","true","false","false","false","1","1","1","0.25","1","0","0","0","100","0","50","0.3","10","2.5","2","60","1.6","0.4","20.5","6.7","16","8.21","365","14","1","0","0","299","299","90","55143","2586","4817","8090","19020","344","10469","false","437577","37","87","220","11734","12611","7190"
"16","0.1","1","false","false","false","true","false","false","false","1","1","1","0.25","1","0","0","0","100","0","50","0.3","10","2.5","2","60","1.6","0.4","20.5","6.7","16","8.21","365","14","1","0","0","299","299","91","54548","2571","4823","8141","19563","354","10580","false","437634","38","88","228","11945","12867","7312"
"16","0.1","1","false","false","false","true","false","false","false","1","1","1","0.25","1","0","0","0","100","0","50","0.3","10","2.5","2","60","1.6","0.4","20.5","6.7","16","8.21","365","14","1","0","0","299","299","92","53955","2559","4873","8169","20077","367","10612","false","436602","40","90","237","12213","13091","7446"
"16","0.1","1","false","false","false","true","false","false","false","1","1","1","0.25","1","0","0","0","100","0","50","0.3","10","2.5","2","60","1.6","0.4","20.5","6.7","16","8.21","365","14","1","0","0","299","299","93","53403","2508","4935","8197","20584","373","10609","false","436183","41","92","240","12447","13330","7586"
"16","0.1","1","false","false","false","true","false","false","false","1","1","1","0.25","1","0","0","0","100","0","50","0.3","10","2.5","2","60","1.6","0.4","20.5","6.7","16","8.21","365","14","1","0","0","299","299","94","52797","2517","4934","8275","21096","381","10666","false","436166","42","95","244","12674","13574","7725"
"16","0.1","1","false","false","false","true","false","false","false","1","1","1","0.25","1","0","0","0","100","0","50","0.3","10","2.5","2","60","1.6","0.4","20.5","6.7","16","8.21","365","14","1","0","0","299","299","95","52146","2559","4960","8320","21625","390","10792","false","435631","43","96","251","12920","13809","7851"
"16","0.1","1","false","false","false","true","false","false","false","1","1","1","0.25","1","0","0","0","100","0","50","0.3","10","2.5","2","60","1.6","0.4","20.5","6.7","16","8.21","365","14","1","0","0","299","299","96","51539","2588","5013","8334","22128","398","10768","false","434443","44","96","258","13152","14027","7992"
"16","0.1","1","false","false","false","true","false","false","false","1","1","1","0.25","1","0","0","0","100","0","50","0.3","10","2.5","2","60","1.6","0.4","20.5","6.7","16","8.21","365","14","1","0","0","299","299","97","50916","2626","5047","8339","22665","407","10928","false","434477","44","98","265","13353","14265","8134"
"16","0.1","1","false","false","false","true","false","false","false","1","1","1","0.25","1","0","0","0","100","0","50","0.3","10","2.5","2","60","1.6","0.4","20.5","6.7","16","8.21","365","14","1","0","0","299","299","98","50340","2559","5050","8467","23169","415","10888","false","432821","45","100","270","13585","14495","8273"
"16","0.1","1","false","false","false","true","false","false","false","1","1","1","0.25","1","0","0","0","100","0","50","0.3","10","2.5","2","60","1.6","0.4","20.5","6.7","16","8.21","365","14","1","0","0","299","299","99","49786","2565","5109","8426","23692","422","10826","false","432993","46","101","275","13822","14693","8424"
"16","0.1","1","false","false","false","true","false","false","false","1","1","1","0.25","1","0","0","0","100","0","50","0.3","10","2.5","2","60","1.6","0.4","20.5","6.7","16","8.21","365","14","1","0","0","299","299","100","49191","2604","5124","8385","24264","432","10912","false","433220","48","104","280","14022","14914","8574"
"16","0.1","1","false","false","false","true","false","false","false","1","1","1","0.25","1","0","0","0","100","0","50","0.3","10","2.5","2","60","1.6","0.4","20.5","6.7","16","8.21","365","14","1","0","0","299","299","101","48593","2609","5117","8353","24889","439","10909","false","432588","49","107","283","14237","15174","8703"
"16","0.1","1","false","false","false","true","false","false","false","1","1","1","0.25","1","0","0","0","100","0","50","0.3","10","2.5","2","60","1.6","0.4","20.5","6.7","16","8.21","365","14","1","0","0","299","299","102","48004","2554","5122","8458","25418","444","10979","false","432464","49","109","286","14453","15441","8852"
"16","0.1","1","false","false","false","true","false","false","false","1","1","1","0.25","1","0","0","0","100","0","50","0.3","10","2.5","2","60","1.6","0.4","20.5","6.7","16","8.21","365","14","1","0","0","299","299","103","47405","2577","5100","8516","25947","455","10861","false","431937","52","113","290","14679","15647","8975"
"16","0.1","1","false","false","false","true","false","false","false","1","1","1","0.25","1","0","0","0","100","0","50","0.3","10","2.5","2","60","1.6","0.4","20.5","6.7","16","8.21","365","14","1","0","0","299","299","104","46816","2566","5089","8564","26501","464","10775","false","432751","54","114","296","14910","15893","9097"
"16","0.1","1","false","false","false","true","false","false","false","1","1","1","0.25","1","0","0","0","100","0","50","0.3","10","2.5","2","60","1.6","0.4","20.5","6.7","16","8.21","365","14","1","0","0","299","299","105","46226","2529","5137","8589","27044","475","10736","false","433131","55","119","301","15158","16118","9251"
"16","0.1","1","false","false","false","true","false","false","false","1","1","1","0.25","1","0","0","0","100","0","50","0.3","10","2.5","2","60","1.6","0.4","20.5","6.7","16","8.21","365","14","1","0","0","299","299","106","45633","2525","5124","8610","27620","488","10750","false","433358","56","123","309","15398","16349","9368"
"16","0.1","1","false","false","false","true","false","false","false","1","1","1","0.25","1","0","0","0","100","0","50","0.3","10","2.5","2","60","1.6","0.4","20.5","6.7","16","8.21","365","14","1","0","0","299","299","107","45031","2560","5136","8603","28175","495","10643","false","433117","58","125","312","15615","16572","9515"
"16","0.1","1","false","false","false","true","false","false","false","1","1","1","0.25","1","0","0","0","100","0","50","0.3","10","2.5","2","60","1.6","0.4","20.5","6.7","16","8.21","365","14","1","0","0","299","299","108","44392","2600","5145","8617","28739","507","10619","false","433813","59","128","320","15831","16825","9663"
"16","0.1","1","false","false","false","true","false","false","false","1","1","1","0.25","1","0","0","0","100","0","50","0.3","10","2.5","2","60","1.6","0.4","20.5","6.7","16","8.21","365","14","1","0","0","299","299","109","43735","2643","5156","8637","29309","520","10542","false","433728","60","132","328","16043","17068","9814"
"16","0.1","1","false","false","false","true","false","false","false","1","1","1","0.25","1","0","0","0","100","0","50","0.3","10","2.5","2","60","1.6","0.4","20.5","6.7","16","8.21","365","14","1","0","0","299","299","110","43114","2681","5191","8588","29901","525","10660","false","434323","60","133","332","16261","17287","9955"
"16","0.1","1","false","false","false","true","false","false","false","1","1","1","0.25","1","0","0","0","100","0","50","0.3","10","2.5","2","60","1.6","0.4","20.5","6.7","16","8.21","365","14","1","0","0","299","299","111","42512","2670","5161","8630","30490","537","10613","false","433543","62","136","339","16466","17538","10099"
"16","0.1","1","false","false","false","true","false","false","false","1","1","1","0.25","1","0","0","0","100","0","50","0.3","10","2.5","2","60","1.6","0.4","20.5","6.7","16","8.21","365","14","1","0","0","299","299","112","41929","2627","5186","8680","31030","548","10592","false","433772","63","137","348","16694","17776","10245"
"16","0.1","1","false","false","false","true","false","false","false","1","1","1","0.25","1","0","0","0","100","0","50","0.3","10","2.5","2","60","1.6","0.4","20.5","6.7","16","8.21","365","14","1","0","0","299","299","113","41368","2547","5205","8776","31546","558","10540","false","433854","65","139","354","16921","18033","10377"
"16","0.1","1","false","false","false","true","false","false","false","1","1","1","0.25","1","0","0","0","100","0","50","0.3","10","2.5","2","60","1.6","0.4","20.5","6.7","16","8.21","365","14","1","0","0","299","299","114","40757","2550","5235","8782","32106","570","10564","false","434153","68","140","362","17162","18276","10523"
"16","0.1","1","false","false","false","true","false","false","false","1","1","1","0.25","1","0","0","0","100","0","50","0.3","10","2.5","2","60","1.6","0.4","20.5","6.7","16","8.21","365","14","1","0","0","299","299","115","40166","2573","5237","8744","32699","581","10540","false","433831","69","144","368","17380","18527","10647"
"16","0.1","1","false","false","false","true","false","false","false","1","1","1","0.25","1","0","0","0","100","0","50","0.3","10","2.5","2","60","1.6","0.4","20.5","6.7","16","8.21","365","14","1","0","0","299","299","116","39561","2563","5234","8740","33311","591","10573","false","433822","70","146","375","17602","18772","10795"
"16","0.1","1","false","false","false","true","false","false","false","1","1","1","0.25","1","0","0","0","100","0","50","0.3","10","2.5","2","60","1.6","0.4","20.5","6.7","16","8.21","365","14","1","0","0","299","299","117","38954","2550","5225","8750","33919","602","10537","false","433512","73","148","381","17820","19028","10933"
"16","0.1","1","false","false","false","true","false","false","false","1","1","1","0.25","1","0","0","0","100","0","50","0.3","10","2.5","2","60","1.6","0.4","20.5","6.7","16","8.21","365","14","1","0","0","299","299","118","38380","2533","5231","8754","34490","612","10401","false","433724","73","150","389","18044","19284","11078"
"16","0.1","1","false","false","false","true","false","false","false","1","1","1","0.25","1","0","0","0","100","0","50","0.3","10","2.5","2","60","1.6","0.4","20.5","6.7","16","8.21","365","14","1","0","0","299","299","119","37772","2557","5250","8696","35104","621","10378","false","434583","75","152","394","18273","19527","11220"
"16","0.1","1","false","false","false","true","false","false","false","1","1","1","0.25","1","0","0","0","100","0","50","0.3","10","2.5","2","60","1.6","0.4","20.5","6.7","16","8.21","365","14","1","0","0","299","299","120","37210","2522","5190","8730","35719","629","10282","false","434806","75","155","399","18477","19744","11336"
"16","0.1","1","false","false","false","true","false","false","false","1","1","1","0.25","1","0","0","0","100","0","50","0.3","10","2.5","2","60","1.6","0.4","20.5","6.7","16","8.21","365","14","1","0","0","299","299","121","36646","2453","5184","8756","36327","634","10222","false","435541","76","158","400","18710","19981","11480"
"16","0.1","1","false","false","false","true","false","false","false","1","1","1","0.25","1","0","0","0","100","0","50","0.3","10","2.5","2","60","1.6","0.4","20.5","6.7","16","8.21","365","14","1","0","0","299","299","122","36046","2436","5177","8773","36927","641","10136","false","436109","77","158","406","18936","20218","11619"
"16","0.1","1","false","false","false","true","false","false","false","1","1","1","0.25","1","0","0","0","100","0","50","0.3","10","2.5","2","60","1.6","0.4","20.5","6.7","16","8.21","365","14","1","0","0","299","299","123","35484","2465","5174","8697","37530","650","10015","false","436915","80","159","411","19151","20460","11734"
"16","0.1","1","false","false","false","true","false","false","false","1","1","1","0.25","1","0","0","0","100","0","50","0.3","10","2.5","2","60","1.6","0.4","20.5","6.7","16","8.21","365","14","1","0","0","299","299","124","34932","2443","5149","8675","38137","664","10044","false","437709","81","162","421","19369","20712","11850"
"16","0.1","1","false","false","false","true","false","false","false","1","1","1","0.25","1","0","0","0","100","0","50","0.3","10","2.5","2","60","1.6","0.4","20.5","6.7","16","8.21","365","14","1","0","0","299","299","125","34351","2473","5155","8655","38690","676","10064","false","437479","82","167","427","19579","20985","11962"
"16","0.1","1","false","false","false","true","false","false","false","1","1","1","0.25","1","0","0","0","100","0","50","0.3","10","2.5","2","60","1.6","0.4","20.5","6.7","16","8.21","365","14","1","0","0","299","299","126","33794","2440","5160","8667","39249","690","10004","false","437251","85","170","435","19812","21207","12084"
"16","0.1","1","false","false","false","true","false","false","false","1","1","1","0.25","1","0","0","0","100","0","50","0.3","10","2.5","2","60","1.6","0.4","20.5","6.7","16","8.21","365","14","1","0","0","299","299","127","33219","2419","5154","8674","39831","703","9983","false","437743","85","175","443","20045","21443","12221"
"16","0.1","1","false","false","false","true","false","false","false","1","1","1","0.25","1","0","0","0","100","0","50","0.3","10","2.5","2","60","1.6","0.4","20.5","6.7","16","8.21","365","14","1","0","0","299","299","128","32655","2435","5138","8610","40452","710","9935","false","437801","86","177","447","20251","21651","12351"
"16","0.1","1","false","false","false","true","false","false","false","1","1","1","0.25","1","0","0","0","100","0","50","0.3","10","2.5","2","60","1.6","0.4","20.5","6.7","16","8.21","365","14","1","0","0","299","299","129","32124","2399","5108","8611","41035","723","9846","false","438119","87","180","456","20451","21868","12486"
"16","0.1","1","false","false","false","true","false","false","false","1","1","1","0.25","1","0","0","0","100","0","50","0.3","10","2.5","2","60","1.6","0.4","20.5","6.7","16","8.21","365","14","1","0","0","299","299","130","31540","2429","5097","8595","41608","731","9788","false","438724","89","182","460","20647","22087","12625"
"16","0.1","1","false","false","false","true","false","false","false","1","1","1","0.25","1","0","0","0","100","0","50","0.3","10","2.5","2","60","1.6","0.4","20.5","6.7","16","8.21","365","14","1","0","0","299","299","131","30999","2402","5104","8572","42180","743","9805","false","439106","91","185","467","20862","22325","12752"
"16","0.1","1","false","false","false","true","false","false","false","1","1","1","0.25","1","0","0","0","100","0","50","0.3","10","2.5","2","60","1.6","0.4","20.5","6.7","16","8.21","365","14","1","0","0","299","299","132","30468","2355","5097","8546","42782","752","9764","false","438944","92","188","472","21065","22566","12862"
"16","0.1","1","false","false","false","true","false","false","false","1","1","1","0.25","1","0","0","0","100","0","50","0.3","10","2.5","2","60","1.6","0.4","20.5","6.7","16","8.21","365","14","1","0","0","299","299","133","29947","2312","5086","8535","43355","765","9845","false","439293","95","191","479","21260","22807","12987"
"16","0.1","1","false","false","false","true","false","false","false","1","1","1","0.25","1","0","0","0","100","0","50","0.3","10","2.5","2","60","1.6","0.4","20.5","6.7","16","8.21","365","14","1","0","0","299","299","134","29457","2297","5107","8452","43906","781","9763","false","438812","97","194","490","21473","23043","13099"
"16","0.1","1","false","false","false","true","false","false","false","1","1","1","0.25","1","0","0","0","100","0","50","0.3","10","2.5","2","60","1.6","0.4","20.5","6.7","16","8.21","365","14","1","0","0","299","299","135","28960","2288","5104","8391","44472","785","9622","false","439220","97","195","493","21673","23254","13218"
"16","0.1","1","false","false","false","true","false","false","false","1","1","1","0.25","1","0","0","0","100","0","50","0.3","10","2.5","2","60","1.6","0.4","20.5","6.7","16","8.21","365","14","1","0","0","299","299","136","28480","2193","5062","8405","45066","794","9535","false","440477","101","198","495","21864","23472","13341"
"16","0.1","1","false","false","false","true","false","false","false","1","1","1","0.25","1","0","0","0","100","0","50","0.3","10","2.5","2","60","1.6","0.4","20.5","6.7","16","8.21","365","14","1","0","0","299","299","137","27988","2179","5066","8314","45652","801","9464","false","441085","102","201","498","22053","23695","13463"
"16","0.1","1","false","false","false","true","false","false","false","1","1","1","0.25","1","0","0","0","100","0","50","0.3","10","2.5","2","60","1.6","0.4","20.5","6.7","16","8.21","365","14","1","0","0","299","299","138","27441","2188","5023","8290","46245","813","9323","false","441651","104","205","504","22237","23910","13578"
"16","0.1","1","false","false","false","true","false","false","false","1","1","1","0.25","1","0","0","0","100","0","50","0.3","10","2.5","2","60","1.6","0.4","20.5","6.7","16","8.21","365","14","1","0","0","299","299","139","26987","2161","5000","8174","46860","818","9177","false","442890","104","206","508","22432","24107","13704"
"16","0.1","1","false","false","false","true","false","false","false","1","1","1","0.25","1","0","0","0","100","0","50","0.3","10","2.5","2","60","1.6","0.4","20.5","6.7","16","8.21","365","14","1","0","0","299","299","140","26494","2152","4981","8059","47482","832","9038","false","443916","105","209","518","22624","24313","13827"
"16","0.1","1","false","false","false","true","false","false","false","1","1","1","0.25","1","0","0","0","100","0","50","0.3","10","2.5","2","60","1.6","0.4","20.5","6.7","16","8.21","365","14","1","0","0","299","299","141","26006","2082","4925","8052","48089","846","8926","false","445012","109","211","526","22818","24542","13938"
"16","0.1","1","false","false","false","true","false","false","false","1","1","1","0.25","1","0","0","0","100","0","50","0.3","10","2.5","2","60","1.6","0.4","20.5","6.7","16","8.21","365","14","1","0","0","299","299","142","25514","2070","4903","7986","48667","860","8811","false","445571","113","218","529","22993","24757","14041"
"16","0.1","1","false","false","false","true","false","false","false","1","1","1","0.25","1","0","0","0","100","0","50","0.3","10","2.5","2","60","1.6","0.4","20.5","6.7","16","8.21","365","14","1","0","0","299","299","143","25006","2118","4852","7876","49275","873","8641","false","446466","114","221","538","23173","24961","14146"
"16","0.1","1","false","false","false","true","false","false","false","1","1","1","0.25","1","0","0","0","100","0","50","0.3","10","2.5","2","60","1.6","0.4","20.5","6.7","16","8.21","365","14","1","0","0","299","299","144","24535","2092","4814","7813","49863","883","8577","false","447643","115","224","544","23355","25182","14248"
"16","0.1","1","false","false","false","true","false","false","false","1","1","1","0.25","1","0","0","0","100","0","50","0.3","10","2.5","2","60","1.6","0.4","20.5","6.7","16","8.21","365","14","1","0","0","299","299","145","24072","2053","4763","7756","50460","896","8514","false","448228","115","228","553","23543","25382","14355"
"16","0.1","1","false","false","false","true","false","false","false","1","1","1","0.25","1","0","0","0","100","0","50","0.3","10","2.5","2","60","1.6","0.4","20.5","6.7","16","8.21","365","14","1","0","0","299","299","146","23630","1997","4749","7647","51071","906","8473","false","448844","116","231","559","23747","25592","14461"
"16","0.1","1","false","false","false","true","false","false","false","1","1","1","0.25","1","0","0","0","100","0","50","0.3","10","2.5","2","60","1.6","0.4","20.5","6.7","16","8.21","365","14","1","0","0","299","299","147","23164","2013","4730","7580","51597","916","8374","false","449195","117","233","566","23914","25778","14566"
"16","0.1","1","false","false","false","true","false","false","false","1","1","1","0.25","1","0","0","0","100","0","50","0.3","10","2.5","2","60","1.6","0.4","20.5","6.7","16","8.21","365","14","1","0","0","299","299","148","22727","1975","4679","7514","52173","932","8249","false","449942","119","235","578","24087","25974","14679"
"16","0.1","1","false","false","false","true","false","false","false","1","1","1","0.25","1","0","0","0","100","0","50","0.3","10","2.5","2","60","1.6","0.4","20.5","6.7","16","8.21","365","14","1","0","0","299","299","149","22284","1989","4632","7415","52737","943","8129","false","450847","121","239","583","24258","26156","14793"
"16","0.1","1","false","false","false","true","false","false","false","1","1","1","0.25","1","0","0","0","100","0","50","0.3","10","2.5","2","60","1.6","0.4","20.5","6.7","16","8.21","365","14","1","0","0","299","299","150","21864","1921","4596","7403","53268","948","8079","false","451938","122","240","586","24459","26347","14890"
"16","0.1","1","false","false","false","true","false","false","false","1","1","1","0.25","1","0","0","0","100","0","50","0.3","10","2.5","2","60","1.6","0.4","20.5","6.7","16","8.21","365","14","1","0","0","299","299","151","21462","1829","4538","7404","53809","958","7941","false","452497","122","245","591","24650","26524","14985"
"16","0.1","1","false","false","false","true","false","false","false","1","1","1","0.25","1","0","0","0","100","0","50","0.3","10","2.5","2","60","1.6","0.4","20.5","6.7","16","8.21","365","14","1","0","0","299","299","152","21006","1850","4499","7307","54377","961","7809","false","453583","122","245","594","24802","26715","15082"
"16","0.1","1","false","false","false","true","false","false","false","1","1","1","0.25","1","0","0","0","100","0","50","0.3","10","2.5","2","60","1.6","0.4","20.5","6.7","16","8.21","365","14","1","0","0","299","299","153","20579","1815","4468","7283","54885","970","7719","false","454717","123","246","601","24980","26911","15171"
"16","0.1","1","false","false","false","true","false","false","false","1","1","1","0.25","1","0","0","0","100","0","50","0.3","10","2.5","2","60","1.6","0.4","20.5","6.7","16","8.21","365","14","1","0","0","299","299","154","20165","1784","4450","7243","55379","979","7603","false","455438","123","250","606","25146","27101","15279"
"16","0.1","1","false","false","false","true","false","false","false","1","1","1","0.25","1","0","0","0","100","0","50","0.3","10","2.5","2","60","1.6","0.4","20.5","6.7","16","8.21","365","14","1","0","0","299","299","155","19778","1763","4389","7174","55909","987","7514","false","456313","123","252","612","25317","27275","15362"
"16","0.1","1","false","false","false","true","false","false","false","1","1","1","0.25","1","0","0","0","100","0","50","0.3","10","2.5","2","60","1.6","0.4","20.5","6.7","16","8.21","365","14","1","0","0","299","299","156","19375","1707","4341","7107","56475","995","7439","false","457060","125","255","615","25491","27448","15468"
"16","0.1","1","false","false","false","true","false","false","false","1","1","1","0.25","1","0","0","0","100","0","50","0.3","10","2.5","2","60","1.6","0.4","20.5","6.7","16","8.21","365","14","1","0","0","299","299","157","18982","1730","4282","6982","57017","1007","7317","false","457660","127","261","619","25618","27612","15564"
"16","0.1","1","false","false","false","true","false","false","false","1","1","1","0.25","1","0","0","0","100","0","50","0.3","10","2.5","2","60","1.6","0.4","20.5","6.7","16","8.21","365","14","1","0","0","299","299","158","18630","1670","4239","6873","57574","1014","7220","false","458653","128","261","625","25797","27766","15664"
"16","0.1","1","false","false","false","true","false","false","false","1","1","1","0.25","1","0","0","0","100","0","50","0.3","10","2.5","2","60","1.6","0.4","20.5","6.7","16","8.21","365","14","1","0","0","299","299","159","18237","1689","4175","6764","58106","1029","7112","false","459552","131","263","635","25922","27921","15764"
"16","0.1","1","false","false","false","true","false","false","false","1","1","1","0.25","1","0","0","0","100","0","50","0.3","10","2.5","2","60","1.6","0.4","20.5","6.7","16","8.21","365","14","1","0","0","299","299","160","17877","1616","4137","6721","58612","1037","6903","false","460282","133","263","641","26075","28084","15850"
"16","0.1","1","false","false","false","true","false","false","false","1","1","1","0.25","1","0","0","0","100","0","50","0.3","10","2.5","2","60","1.6","0.4","20.5","6.7","16","8.21","365","14","1","0","0","299","299","161","17500","1629","4066","6617","59147","1041","6837","false","461909","133","263","645","26226","28237","15934"
"16","0.1","1","false","false","false","true","false","false","false","1","1","1","0.25","1","0","0","0","100","0","50","0.3","10","2.5","2","60","1.6","0.4","20.5","6.7","16","8.21","365","14","1","0","0","299","299","162","17152","1572","4005","6561","59659","1051","6733","false","462534","134","267","650","26376","28368","16035"
"16","0.1","1","false","false","false","true","false","false","false","1","1","1","0.25","1","0","0","0","100","0","50","0.3","10","2.5","2","60","1.6","0.4","20.5","6.7","16","8.21","365","14","1","0","0","299","299","163","16778","1554","3977","6484","60154","1053","6550","false","463463","135","267","651","26498","28532","16139"
"16","0.1","1","false","false","false","true","false","false","false","1","1","1","0.25","1","0","0","0","100","0","50","0.3","10","2.5","2","60","1.6","0.4","20.5","6.7","16","8.21","365","14","1","0","0","299","299","164","16442","1537","3946","6412","60605","1058","6419","false","464984","136","268","654","26637","28684","16224"
"16","0.1","1","false","false","false","true","false","false","false","1","1","1","0.25","1","0","0","0","100","0","50","0.3","10","2.5","2","60","1.6","0.4","20.5","6.7","16","8.21","365","14","1","0","0","299","299","165","16044","1538","3908","6356","61089","1065","6362","false","466126","137","270","658","26775","28845","16313"
"16","0.1","1","false","false","false","true","false","false","false","1","1","1","0.25","1","0","0","0","100","0","50","0.3","10","2.5","2","60","1.6","0.4","20.5","6.7","16","8.21","365","14","1","0","0","299","299","166","15733","1462","3891","6230","61611","1073","6253","false","466706","138","273","662","26933","29009","16405"
"16","0.1","1","false","false","false","true","false","false","false","1","1","1","0.25","1","0","0","0","100","0","50","0.3","10","2.5","2","60","1.6","0.4","20.5","6.7","16","8.21","365","14","1","0","0","299","299","167","15413","1459","3840","6108","62102","1078","6224","false","467619","138","273","667","27062","29141","16494"
"16","0.1","1","false","false","false","true","false","false","false","1","1","1","0.25","1","0","0","0","100","0","50","0.3","10","2.5","2","60","1.6","0.4","20.5","6.7","16","8.21","365","14","1","0","0","299","299","168","15068","1450","3781","6006","62609","1086","6077","false","468034","138","274","674","27180","29283","16584"
"16","0.1","1","false","false","false","true","false","false","false","1","1","1","0.25","1","0","0","0","100","0","50","0.3","10","2.5","2","60","1.6","0.4","20.5","6.7","16","8.21","365","14","1","0","0","299","299","169","14781","1394","3725","5872","63140","1088","5964","false","469244","138","275","675","27305","29420","16669"
"16","0.1","1","false","false","false","true","false","false","false","1","1","1","0.25","1","0","0","0","100","0","50","0.3","10","2.5","2","60","1.6","0.4","20.5","6.7","16","8.21","365","14","1","0","0","299","299","170","14487","1336","3705","5783","63595","1094","5718","false","470059","138","276","680","27426","29573","16754"
"16","0.1","1","false","false","false","true","false","false","false","1","1","1","0.25","1","0","0","0","100","0","50","0.3","10","2.5","2","60","1.6","0.4","20.5","6.7","16","8.21","365","14","1","0","0","299","299","171","14187","1335","3626","5646","64102","1104","5563","false","471972","140","280","684","27546","29706","16823"
"16","0.1","1","false","false","false","true","false","false","false","1","1","1","0.25","1","0","0","0","100","0","50","0.3","10","2.5","2","60","1.6","0.4","20.5","6.7","16","8.21","365","14","1","0","0","299","299","172","13915","1271","3557","5576","64571","1110","5577","false","473128","142","284","684","27675","29842","16914"
"16","0.1","1","false","false","false","true","false","false","false","1","1","1","0.25","1","0","0","0","100","0","50","0.3","10","2.5","2","60","1.6","0.4","20.5","6.7","16","8.21","365","14","1","0","0","299","299","173","13622","1266","3521","5477","64996","1118","5529","false","473195","144","286","688","27799","29969","16977"
"16","0.1","1","false","false","false","true","false","false","false","1","1","1","0.25","1","0","0","0","100","0","50","0.3","10","2.5","2","60","1.6","0.4","20.5","6.7","16","8.21","365","14","1","0","0","299","299","174","13335","1281","3464","5377","65419","1124","5372","false","473573","144","288","692","27902","30080","17048"
"16","0.1","1","false","false","false","true","false","false","false","1","1","1","0.25","1","0","0","0","100","0","50","0.3","10","2.5","2","60","1.6","0.4","20.5","6.7","16","8.21","365","14","1","0","0","299","299","175","13055","1243","3403","5291","65868","1140","5284","false","474771","150","290","700","28025","30212","17121"
"16","0.1","1","false","false","false","true","false","false","false","1","1","1","0.25","1","0","0","0","100","0","50","0.3","10","2.5","2","60","1.6","0.4","20.5","6.7","16","8.21","365","14","1","0","0","299","299","176","12780","1227","3337","5207","66304","1145","5206","false","475381","150","290","705","28126","30339","17189"
"16","0.1","1","false","false","false","true","false","false","false","1","1","1","0.25","1","0","0","0","100","0","50","0.3","10","2.5","2","60","1.6","0.4","20.5","6.7","16","8.21","365","14","1","0","0","299","299","177","12552","1168","3276","5120","66732","1152","5102","false","476185","150","293","709","28234","30462","17245"
"16","0.1","1","false","false","false","true","false","false","false","1","1","1","0.25","1","0","0","0","100","0","50","0.3","10","2.5","2","60","1.6","0.4","20.5","6.7","16","8.21","365","14","1","0","0","299","299","178","12318","1114","3207","5055","67147","1159","4939","false","476960","151","296","712","28336","30596","17312"
"16","0.1","1","false","false","false","true","false","false","false","1","1","1","0.25","1","0","0","0","100","0","50","0.3","10","2.5","2","60","1.6","0.4","20.5","6.7","16","8.21","365","14","1","0","0","299","299","179","12045","1121","3144","4977","67548","1165","4828","false","478330","154","296","715","28429","30716","17373"
"16","0.1","1","false","false","false","true","false","false","false","1","1","1","0.25","1","0","0","0","100","0","50","0.3","10","2.5","2","60","1.6","0.4","20.5","6.7","16","8.21","365","14","1","0","0","299","299","180","11766","1158","3076","4864","67962","1174","4731","false","479326","156","298","720","28516","30812","17432"
"16","0.1","1","false","false","false","true","false","false","false","1","1","1","0.25","1","0","0","0","100","0","50","0.3","10","2.5","2","60","1.6","0.4","20.5","6.7","16","8.21","365","14","1","0","0","299","299","181","11541","1130","3032","4756","68359","1182","4641","false","480245","158","302","722","28605","30905","17492"
"16","0.1","1","false","false","false","true","false","false","false","1","1","1","0.25","1","0","0","0","100","0","50","0.3","10","2.5","2","60","1.6","0.4","20.5","6.7","16","8.21","365","14","1","0","0","299","299","182","11315","1067","2962","4708","68762","1186","4514","false","481051","160","304","722","28697","30998","17570"
"16","0.1","1","false","false","false","true","false","false","false","1","1","1","0.25","1","0","0","0","100","0","50","0.3","10","2.5","2","60","1.6","0.4","20.5","6.7","16","8.21","365","14","1","0","0","299","299","183","11088","1048","2921","4590","69165","1188","4441","false","482187","161","304","723","28797","31099","17633"
"16","0.1","1","false","false","false","true","false","false","false","1","1","1","0.25","1","0","0","0","100","0","50","0.3","10","2.5","2","60","1.6","0.4","20.5","6.7","16","8.21","365","14","1","0","0","299","299","184","10872","1021","2872","4505","69537","1193","4341","false","482882","161","304","728","28887","31198","17693"
"16","0.1","1","false","false","false","true","false","false","false","1","1","1","0.25","1","0","0","0","100","0","50","0.3","10","2.5","2","60","1.6","0.4","20.5","6.7","16","8.21","365","14","1","0","0","299","299","185","10632","1013","2837","4389","69931","1198","4241","false","483682","162","304","732","28991","31314","17745"
"16","0.1","1","false","false","false","true","false","false","false","1","1","1","0.25","1","0","0","0","100","0","50","0.3","10","2.5","2","60","1.6","0.4","20.5","6.7","16","8.21","365","14","1","0","0","299","299","186","10423","978","2805","4314","70278","1202","4170","false","484489","163","306","733","29076","31412","17802"
"16","0.1","1","false","false","false","true","false","false","false","1","1","1","0.25","1","0","0","0","100","0","50","0.3","10","2.5","2","60","1.6","0.4","20.5","6.7","16","8.21","365","14","1","0","0","299","299","187","10191","943","2764","4284","70609","1209","4082","false","485163","163","307","739","29180","31500","17862"
"16","0.1","1","false","false","false","true","false","false","false","1","1","1","0.25","1","0","0","0","100","0","50","0.3","10","2.5","2","60","1.6","0.4","20.5","6.7","16","8.21","365","14","1","0","0","299","299","188","9976","936","2737","4179","70953","1219","4005","false","485986","164","310","745","29270","31590","17928"
"16","0.1","1","false","false","false","true","false","false","false","1","1","1","0.25","1","0","0","0","100","0","50","0.3","10","2.5","2","60","1.6","0.4","20.5","6.7","16","8.21","365","14","1","0","0","299","299","189","9731","939","2689","4139","71278","1224","3990","false","486628","165","313","746","29351","31698","17986"
"16","0.1","1","false","false","false","true","false","false","false","1","1","1","0.25","1","0","0","0","100","0","50","0.3","10","2.5","2","60","1.6","0.4","20.5","6.7","16","8.21","365","14","1","0","0","299","299","190","9538","931","2650","4009","71643","1229","3885","false","486893","165","316","748","29437","31783","18045"
"16","0.1","1","false","false","false","true","false","false","false","1","1","1","0.25","1","0","0","0","100","0","50","0.3","10","2.5","2","60","1.6","0.4","20.5","6.7","16","8.21","365","14","1","0","0","299","299","191","9342","893","2609","3930","71995","1231","3861","false","487677","165","316","750","29527","31875","18101"
"16","0.1","1","false","false","false","true","false","false","false","1","1","1","0.25","1","0","0","0","100","0","50","0.3","10","2.5","2","60","1.6","0.4","20.5","6.7","16","8.21","365","14","1","0","0","299","299","192","9138","876","2549","3851","72347","1239","3822","false","487918","166","316","757","29610","31964","18141"
"16","0.1","1","false","false","false","true","false","false","false","1","1","1","0.25","1","0","0","0","100","0","50","0.3","10","2.5","2","60","1.6","0.4","20.5","6.7","16","8.21","365","14","1","0","0","299","299","193","8938","860","2490","3766","72701","1245","3708","false","488302","167","317","761","29685","32059","18191"
"16","0.1","1","false","false","false","true","false","false","false","1","1","1","0.25","1","0","0","0","100","0","50","0.3","10","2.5","2","60","1.6","0.4","20.5","6.7","16","8.21","365","14","1","0","0","299","299","194","8729","868","2440","3684","73032","1247","3641","false","489261","167","318","762","29749","32143","18244"
"16","0.1","1","false","false","false","true","false","false","false","1","1","1","0.25","1","0","0","0","100","0","50","0.3","10","2.5","2","60","1.6","0.4","20.5","6.7","16","8.21","365","14","1","0","0","299","299","195","8559","832","2395","3616","73346","1252","3576","false","489841","167","319","766","29829","32226","18283"
"16","0.1","1","false","false","false","true","false","false","false","1","1","1","0.25","1","0","0","0","100","0","50","0.3","10","2.5","2","60","1.6","0.4","20.5","6.7","16","8.21","365","14","1","0","0","299","299","196","8366","832","2340","3530","73673","1259","3579","false","490425","167","320","772","29898","32301","18335"
"16","0.1","1","false","false","false","true","false","false","false","1","1","1","0.25","1","0","0","0","100","0","50","0.3","10","2.5","2","60","1.6","0.4","20.5","6.7","16","8.21","365","14","1","0","0","299","299","197","8197","817","2304","3423","73987","1272","3501","false","490423","168","322","782","29987","32387","18379"
"16","0.1","1","false","false","false","true","false","false","false","1","1","1","0.25","1","0","0","0","100","0","50","0.3","10","2.5","2","60","1.6","0.4","20.5","6.7","16","8.21","365","14","1","0","0","299","299","198","8033","783","2281","3348","74280","1275","3424","false","490936","169","322","784","30068","32474","18421"
"16","0.1","1","false","false","false","true","false","false","false","1","1","1","0.25","1","0","0","0","100","0","50","0.3","10","2.5","2","60","1.6","0.4","20.5","6.7","16","8.21","365","14","1","0","0","299","299","199","7848","781","2215","3282","74594","1280","3327","false","491589","170","322","788","30133","32554","18450"
"16","0.1","1","false","false","false","true","false","false","false","1","1","1","0.25","1","0","0","0","100","0","50","0.3","10","2.5","2","60","1.6","0.4","20.5","6.7","16","8.21","365","14","1","0","0","299","299","200","7682","757","2188","3241","74846","1286","3210","false","492358","170","322","794","30207","32638","18489"
"16","0.1","1","false","false","false","true","false","false","false","1","1","1","0.25","1","0","0","0","100","0","50","0.3","10","2.5","2","60","1.6","0.4","20.5","6.7","16","8.21","365","14","1","0","0","299","299","201","7521","755","2151","3185","75101","1287","3199","false","493211","170","322","795","30270","32716","18512"
"16","0.1","1","false","false","false","true","false","false","false","1","1","1","0.25","1","0","0","0","100","0","50","0.3","10","2.5","2","60","1.6","0.4","20.5","6.7","16","8.21","365","14","1","0","0","299","299","202","7352","744","2145","3112","75355","1292","3093","false","493268","172","324","796","30338","32808","18560"
"16","0.1","1","false","false","false","true","false","false","false","1","1","1","0.25","1","0","0","0","100","0","50","0.3","10","2.5","2","60","1.6","0.4","20.5","6.7","16","8.21","365","14","1","0","0","299","299","203","7180","717","2089","3104","75611","1299","3070","false","494133","172","325","802","30402","32872","18608"
"16","0.1","1","false","false","false","true","false","false","false","1","1","1","0.25","1","0","0","0","100","0","50","0.3","10","2.5","2","60","1.6","0.4","20.5","6.7","16","8.21","365","14","1","0","0","299","299","204","7008","717","2064","3031","75876","1304","3054","false","494306","173","327","804","30469","32937","18656"
"16","0.1","1","false","false","false","true","false","false","false","1","1","1","0.25","1","0","0","0","100","0","50","0.3","10","2.5","2","60","1.6","0.4","20.5","6.7","16","8.21","365","14","1","0","0","299","299","205","6847","720","2009","2992","76122","1310","3004","false","494416","173","329","808","30534","32999","18682"
"16","0.1","1","false","false","false","true","false","false","false","1","1","1","0.25","1","0","0","0","100","0","50","0.3","10","2.5","2","60","1.6","0.4","20.5","6.7","16","8.21","365","14","1","0","0","299","299","206","6701","710","1964","2920","76390","1315","2960","false","494863","174","332","809","30592","33070","18719"
"16","0.1","1","false","false","false","true","false","false","false","1","1","1","0.25","1","0","0","0","100","0","50","0.3","10","2.5","2","60","1.6","0.4","20.5","6.7","16","8.21","365","14","1","0","0","299","299","207","6558","697","1957","2839","76633","1316","2928","false","495309","174","332","810","30647","33142","18756"
"16","0.1","1","false","false","false","true","false","false","false","1","1","1","0.25","1","0","0","0","100","0","50","0.3","10","2.5","2","60","1.6","0.4","20.5","6.7","16","8.21","365","14","1","0","0","299","299","208","6395","690","1921","2795","76879","1320","2901","false","495630","174","335","811","30711","33202","18800"
"16","0.1","1","false","false","false","true","false","false","false","1","1","1","0.25","1","0","0","0","100","0","50","0.3","10","2.5","2","60","1.6","0.4","20.5","6.7","16","8.21","365","14","1","0","0","299","299","209","6231","703","1865","2752","77125","1324","2833","false","495730","175","336","813","30772","33261","18837"
"16","0.1","1","false","false","false","true","false","false","false","1","1","1","0.25","1","0","0","0","100","0","50","0.3","10","2.5","2","60","1.6","0.4","20.5","6.7","16","8.21","365","14","1","0","0","299","299","210","6095","660","1843","2725","77351","1326","2784","false","496326","176","336","814","30839","33336","18879"
"16","0.1","1","false","false","false","true","false","false","false","1","1","1","0.25","1","0","0","0","100","0","50","0.3","10","2.5","2","60","1.6","0.4","20.5","6.7","16","8.21","365","14","1","0","0","299","299","211","5947","646","1799","2674","77604","1330","2747","false","496718","176","336","818","30897","33408","18917"
"16","0.1","1","false","false","false","true","false","false","false","1","1","1","0.25","1","0","0","0","100","0","50","0.3","10","2.5","2","60","1.6","0.4","20.5","6.7","16","8.21","365","14","1","0","0","299","299","212","5812","612","1743","2660","77843","1330","2670","false","497155","176","336","818","30966","33462","18962"
"16","0.1","1","false","false","false","true","false","false","false","1","1","1","0.25","1","0","0","0","100","0","50","0.3","10","2.5","2","60","1.6","0.4","20.5","6.7","16","8.21","365","14","1","0","0","299","299","213","5664","611","1708","2604","78078","1335","2644","false","497848","178","337","820","31024","33526","19001"
"16","0.1","1","false","false","false","true","false","false","false","1","1","1","0.25","1","0","0","0","100","0","50","0.3","10","2.5","2","60","1.6","0.4","20.5","6.7","16","8.21","365","14","1","0","0","299","299","214","5519","607","1688","2566","78281","1339","2619","false","498103","179","338","822","31077","33581","19039"
"16","0.1","1","false","false","false","true","false","false","false","1","1","1","0.25","1","0","0","0","100","0","50","0.3","10","2.5","2","60","1.6","0.4","20.5","6.7","16","8.21","365","14","1","0","0","299","299","215","5394","599","1657","2497","78508","1345","2591","false","498382","179","342","824","31125","33643","19072"
"16","0.1","1","false","false","false","true","false","false","false","1","1","1","0.25","1","0","0","0","100","0","50","0.3","10","2.5","2","60","1.6","0.4","20.5","6.7","16","8.21","365","14","1","0","0","299","299","216","5255","595","1631","2456","78715","1348","2533","false","498619","179","342","827","31177","33711","19100"
"16","0.1","1","false","false","false","true","false","false","false","1","1","1","0.25","1","0","0","0","100","0","50","0.3","10","2.5","2","60","1.6","0.4","20.5","6.7","16","8.21","365","14","1","0","0","299","299","217","5128","578","1595","2452","78898","1349","2452","false","499108","179","342","828","31225","33768","19138"
"16","0.1","1","false","false","false","true","false","false","false","1","1","1","0.25","1","0","0","0","100","0","50","0.3","10","2.5","2","60","1.6","0.4","20.5","6.7","16","8.21","365","14","1","0","0","299","299","218","5011","545","1557","2426","79106","1355","2409","false","499819","179","345","831","31275","33834","19171"
"16","0.1","1","false","false","false","true","false","false","false","1","1","1","0.25","1","0","0","0","100","0","50","0.3","10","2.5","2","60","1.6","0.4","20.5","6.7","16","8.21","365","14","1","0","0","299","299","219","4884","521","1508","2394","79333","1360","2361","false","500158","179","346","835","31331","33886","19205"
"16","0.1","1","false","false","false","true","false","false","false","1","1","1","0.25","1","0","0","0","100","0","50","0.3","10","2.5","2","60","1.6","0.4","20.5","6.7","16","8.21","365","14","1","0","0","299","299","220","4755","533","1491","2330","79531","1360","2355","false","500495","179","346","835","31378","33942","19239"
"16","0.1","1","false","false","false","true","false","false","false","1","1","1","0.25","1","0","0","0","100","0","50","0.3","10","2.5","2","60","1.6","0.4","20.5","6.7","16","8.21","365","14","1","0","0","299","299","221","4648","510","1480","2281","79718","1363","2302","false","500641","179","347","837","31423","33991","19278"
"16","0.1","1","false","false","false","true","false","false","false","1","1","1","0.25","1","0","0","0","100","0","50","0.3","10","2.5","2","60","1.6","0.4","20.5","6.7","16","8.21","365","14","1","0","0","299","299","222","4558","484","1458","2239","79895","1366","2207","false","501095","179","348","839","31468","34045","19307"
"16","0.1","1","false","false","false","true","false","false","false","1","1","1","0.25","1","0","0","0","100","0","50","0.3","10","2.5","2","60","1.6","0.4","20.5","6.7","16","8.21","365","14","1","0","0","299","299","223","4448","479","1425","2210","80072","1366","2179","false","501917","179","348","839","31514","34079","19342"
"16","0.1","1","false","false","false","true","false","false","false","1","1","1","0.25","1","0","0","0","100","0","50","0.3","10","2.5","2","60","1.6","0.4","20.5","6.7","16","8.21","365","14","1","0","0","299","299","224","4329","486","1399","2172","80245","1369","2115","false","502211","179","349","841","31559","34124","19361"
"16","0.1","1","false","false","false","true","false","false","false","1","1","1","0.25","1","0","0","0","100","0","50","0.3","10","2.5","2","60","1.6","0.4","20.5","6.7","16","8.21","365","14","1","0","0","299","299","225","4234","460","1372","2151","80410","1373","2056","false","502718","179","350","844","31608","34166","19388"
"16","0.1","1","false","false","false","true","false","false","false","1","1","1","0.25","1","0","0","0","100","0","50","0.3","10","2.5","2","60","1.6","0.4","20.5","6.7","16","8.21","365","14","1","0","0","299","299","226","4138","448","1336","2090","80610","1378","1979","false","503122","181","350","847","31645","34212","19409"
"16","0.1","1","false","false","false","true","false","false","false","1","1","1","0.25","1","0","0","0","100","0","50","0.3","10","2.5","2","60","1.6","0.4","20.5","6.7","16","8.21","365","14","1","0","0","299","299","227","4031","445","1298","2045","80798","1383","1935","false","503735","181","351","851","31688","34246","19434"
"16","0.1","1","false","false","false","true","false","false","false","1","1","1","0.25","1","0","0","0","100","0","50","0.3","10","2.5","2","60","1.6","0.4","20.5","6.7","16","8.21","365","14","1","0","0","299","299","228","3921","449","1271","1987","80987","1385","1902","false","504108","182","352","851","31735","34299","19452"
"16","0.1","1","false","false","false","true","false","false","false","1","1","1","0.25","1","0","0","0","100","0","50","0.3","10","2.5","2","60","1.6","0.4","20.5","6.7","16","8.21","365","14","1","0","0","299","299","229","3815","460","1260","1916","81160","1389","1884","false","504446","183","354","852","31776","34347","19479"
"16","0.1","1","false","false","false","true","false","false","false","1","1","1","0.25","1","0","0","0","100","0","50","0.3","10","2.5","2","60","1.6","0.4","20.5","6.7","16","8.21","365","14","1","0","0","299","299","230","3719","442","1221","1883","81344","1391","1852","false","504602","184","355","852","31815","34396","19511"
"16","0.1","1","false","false","false","true","false","false","false","1","1","1","0.25","1","0","0","0","100","0","50","0.3","10","2.5","2","60","1.6","0.4","20.5","6.7","16","8.21","365","14","1","0","0","299","299","231","3649","411","1193","1839","81516","1392","1770","false","504876","184","355","853","31851","34433","19534"
"16","0.1","1","false","false","false","true","false","false","false","1","1","1","0.25","1","0","0","0","100","0","50","0.3","10","2.5","2","60","1.6","0.4","20.5","6.7","16","8.21","365","14","1","0","0","299","299","232","3573","385","1173","1797","81675","1397","1704","false","505563","184","356","857","31890","34476","19560"
"16","0.1","1","false","false","false","true","false","false","false","1","1","1","0.25","1","0","0","0","100","0","50","0.3","10","2.5","2","60","1.6","0.4","20.5","6.7","16","8.21","365","14","1","0","0","299","299","233","3494","375","1141","1749","81837","1404","1647","false","506108","185","358","861","31932","34507","19582"
"16","0.1","1","false","false","false","true","false","false","false","1","1","1","0.25","1","0","0","0","100","0","50","0.3","10","2.5","2","60","1.6","0.4","20.5","6.7","16","8.21","365","14","1","0","0","299","299","234","3401","375","1115","1728","81977","1404","1596","false","506618","185","358","861","31959","34551","19607"
"16","0.1","1","false","false","false","true","false","false","false","1","1","1","0.25","1","0","0","0","100","0","50","0.3","10","2.5","2","60","1.6","0.4","20.5","6.7","16","8.21","365","14","1","0","0","299","299","235","3327","362","1103","1688","82115","1405","1583","false","507017","185","358","862","31992","34601","19630"
"16","0.1","1","false","false","false","true","false","false","false","1","1","1","0.25","1","0","0","0","100","0","50","0.3","10","2.5","2","60","1.6","0.4","20.5","6.7","16","8.21","365","14","1","0","0","299","299","236","3256","348","1075","1635","82280","1406","1571","false","507124","185","358","863","32026","34637","19653"
"16","0.1","1","false","false","false","true","false","false","false","1","1","1","0.25","1","0","0","0","100","0","50","0.3","10","2.5","2","60","1.6","0.4","20.5","6.7","16","8.21","365","14","1","0","0","299","299","237","3191","315","1024","1628","82433","1409","1502","false","507282","187","358","864","32058","34664","19673"
"16","0.1","1","false","false","false","true","false","false","false","1","1","1","0.25","1","0","0","0","100","0","50","0.3","10","2.5","2","60","1.6","0.4","20.5","6.7","16","8.21","365","14","1","0","0","299","299","238","3120","310","1007","1594","82560","1409","1446","false","507796","187","358","864","32082","34701","19687"
"16","0.1","1","false","false","false","true","false","false","false","1","1","1","0.25","1","0","0","0","100","0","50","0.3","10","2.5","2","60","1.6","0.4","20.5","6.7","16","8.21","365","14","1","0","0","299","299","239","3041","321","981","1544","82700","1413","1403","false","508340","188","358","867","32109","34726","19702"
"16","0.1","1","false","false","false","true","false","false","false","1","1","1","0.25","1","0","0","0","100","0","50","0.3","10","2.5","2","60","1.6","0.4","20.5","6.7","16","8.21","365","14","1","0","0","299","299","240","2965","323","962","1517","82816","1417","1330","false","508695","188","360","869","32130","34751","19716"
"16","0.1","1","false","false","false","true","false","false","false","1","1","1","0.25","1","0","0","0","100","0","50","0.3","10","2.5","2","60","1.6","0.4","20.5","6.7","16","8.21","365","14","1","0","0","299","299","241","2886","334","949","1461","82949","1421","1336","false","509296","188","361","872","32159","34791","19732"
"16","0.1","1","false","false","false","true","false","false","false","1","1","1","0.25","1","0","0","0","100","0","50","0.3","10","2.5","2","60","1.6","0.4","20.5","6.7","16","8.21","365","14","1","0","0","299","299","242","2847","304","929","1420","83076","1424","1290","false","509239","188","361","875","32183","34820","19756"
"16","0.1","1","false","false","false","true","false","false","false","1","1","1","0.25","1","0","0","0","100","0","50","0.3","10","2.5","2","60","1.6","0.4","20.5","6.7","16","8.21","365","14","1","0","0","299","299","243","2787","288","924","1390","83186","1425","1248","false","509593","188","362","875","32208","34855","19771"
"16","0.1","1","false","false","false","true","false","false","false","1","1","1","0.25","1","0","0","0","100","0","50","0.3","10","2.5","2","60","1.6","0.4","20.5","6.7","16","8.21","365","14","1","0","0","299","299","244","2721","275","910","1367","83301","1426","1238","false","510024","188","363","875","32244","34884","19792"
"16","0.1","1","false","false","false","true","false","false","false","1","1","1","0.25","1","0","0","0","100","0","50","0.3","10","2.5","2","60","1.6","0.4","20.5","6.7","16","8.21","365","14","1","0","0","299","299","245","2663","265","891","1317","83435","1429","1202","false","510111","188","364","877","32274","34913","19803"
"16","0.1","1","false","false","false","true","false","false","false","1","1","1","0.25","1","0","0","0","100","0","50","0.3","10","2.5","2","60","1.6","0.4","20.5","6.7","16","8.21","365","14","1","0","0","299","299","246","2603","246","860","1304","83557","1430","1177","false","510379","189","364","877","32303","34937","19820"
"16","0.1","1","false","false","false","true","false","false","false","1","1","1","0.25","1","0","0","0","100","0","50","0.3","10","2.5","2","60","1.6","0.4","20.5","6.7","16","8.21","365","14","1","0","0","299","299","247","2555","244","841","1248","83680","1432","1113","false","510605","189","366","877","32321","34958","19841"
"16","0.1","1","false","false","false","true","false","false","false","1","1","1","0.25","1","0","0","0","100","0","50","0.3","10","2.5","2","60","1.6","0.4","20.5","6.7","16","8.21","365","14","1","0","0","299","299","248","2494","243","826","1220","83784","1433","1065","false","511120","189","367","877","32348","34976","19857"
"16","0.1","1","false","false","false","true","false","false","false","1","1","1","0.25","1","0","0","0","100","0","50","0.3","10","2.5","2","60","1.6","0.4","20.5","6.7","16","8.21","365","14","1","0","0","299","299","249","2453","216","816","1195","83886","1434","1032","false","511496","189","367","878","32372","35013","19870"
"16","0.1","1","false","false","false","true","false","false","false","1","1","1","0.25","1","0","0","0","100","0","50","0.3","10","2.5","2","60","1.6","0.4","20.5","6.7","16","8.21","365","14","1","0","0","299","299","250","2399","208","791","1172","83994","1436","1005","false","511804","189","368","879","32386","35041","19884"
"16","0.1","1","false","false","false","true","false","false","false","1","1","1","0.25","1","0","0","0","100","0","50","0.3","10","2.5","2","60","1.6","0.4","20.5","6.7","16","8.21","365","14","1","0","0","299","299","251","2345","206","767","1132","84112","1438","975","false","512021","190","368","880","32408","35062","19893"
"16","0.1","1","false","false","false","true","false","false","false","1","1","1","0.25","1","0","0","0","100","0","50","0.3","10","2.5","2","60","1.6","0.4","20.5","6.7","16","8.21","365","14","1","0","0","299","299","252","2289","221","755","1073","84223","1439","982","false","512274","190","368","881","32436","35081","19902"
"16","0.1","1","false","false","false","true","false","false","false","1","1","1","0.25","1","0","0","0","100","0","50","0.3","10","2.5","2","60","1.6","0.4","20.5","6.7","16","8.21","365","14","1","0","0","299","299","253","2247","206","723","1055","84326","1443","962","false","512292","190","368","885","32453","35096","19922"
"16","0.1","1","false","false","false","true","false","false","false","1","1","1","0.25","1","0","0","0","100","0","50","0.3","10","2.5","2","60","1.6","0.4","20.5","6.7","16","8.21","365","14","1","0","0","299","299","254","2200","199","712","1031","84415","1443","921","false","512413","190","368","885","32480","35118","19938"
"16","0.1","1","false","false","false","true","false","false","false","1","1","1","0.25","1","0","0","0","100","0","50","0.3","10","2.5","2","60","1.6","0.4","20.5","6.7","16","8.21","365","14","1","0","0","299","299","255","2167","185","706","992","84506","1444","865","false","512773","190","368","886","32505","35135","19944"
"16","0.1","1","false","false","false","true","false","false","false","1","1","1","0.25","1","0","0","0","100","0","50","0.3","10","2.5","2","60","1.6","0.4","20.5","6.7","16","8.21","365","14","1","0","0","299","299","256","2126","177","682","968","84603","1444","826","false","513217","190","368","886","32518","35162","19962"
"16","0.1","1","false","false","false","true","false","false","false","1","1","1","0.25","1","0","0","0","100","0","50","0.3","10","2.5","2","60","1.6","0.4","20.5","6.7","16","8.21","365","14","1","0","0","299","299","257","2092","171","666","938","84686","1447","788","false","513541","190","368","889","32529","35182","19973"
"16","0.1","1","false","false","false","true","false","false","false","1","1","1","0.25","1","0","0","0","100","0","50","0.3","10","2.5","2","60","1.6","0.4","20.5","6.7","16","8.21","365","14","1","0","0","299","299","258","2061","155","649","906","84781","1448","738","false","513855","190","368","890","32547","35197","19986"
"16","0.1","1","false","false","false","true","false","false","false","1","1","1","0.25","1","0","0","0","100","0","50","0.3","10","2.5","2","60","1.6","0.4","20.5","6.7","16","8.21","365","14","1","0","0","299","299","259","2017","168","649","869","84849","1448","723","false","514279","190","368","890","32565","35214","19995"
"16","0.1","1","false","false","false","true","false","false","false","1","1","1","0.25","1","0","0","0","100","0","50","0.3","10","2.5","2","60","1.6","0.4","20.5","6.7","16","8.21","365","14","1","0","0","299","299","260","1983","162","610","849","84945","1451","698","false","514400","192","368","891","32571","35235","20005"
"16","0.1","1","false","false","false","true","false","false","false","1","1","1","0.25","1","0","0","0","100","0","50","0.3","10","2.5","2","60","1.6","0.4","20.5","6.7","16","8.21","365","14","1","0","0","299","299","261","1935","160","593","827","85033","1452","678","false","514608","192","368","892","32593","35249","20011"
"16","0.1","1","false","false","false","true","false","false","false","1","1","1","0.25","1","0","0","0","100","0","50","0.3","10","2.5","2","60","1.6","0.4","20.5","6.7","16","8.21","365","14","1","0","0","299","299","262","1903","153","574","794","85123","1453","637","false","514810","192","368","893","32604","35268","20020"
"16","0.1","1","false","false","false","true","false","false","false","1","1","1","0.25","1","0","0","0","100","0","50","0.3","10","2.5","2","60","1.6","0.4","20.5","6.7","16","8.21","365","14","1","0","0","299","299","263","1852","163","550","786","85193","1456","633","false","515133","193","370","893","32625","35284","20027"
"16","0.1","1","false","false","false","true","false","false","false","1","1","1","0.25","1","0","0","0","100","0","50","0.3","10","2.5","2","60","1.6","0.4","20.5","6.7","16","8.21","365","14","1","0","0","299","299","264","1821","160","526","765","85271","1457","597","false","515166","194","370","893","32639","35299","20034"
"16","0.1","1","false","false","false","true","false","false","false","1","1","1","0.25","1","0","0","0","100","0","50","0.3","10","2.5","2","60","1.6","0.4","20.5","6.7","16","8.21","365","14","1","0","0","299","299","265","1784","155","517","747","85339","1458","584","false","515458","194","370","894","32653","35314","20045"
"16","0.1","1","false","false","false","true","false","false","false","1","1","1","0.25","1","0","0","0","100","0","50","0.3","10","2.5","2","60","1.6","0.4","20.5","6.7","16","8.21","365","14","1","0","0","299","299","266","1746","151","488","735","85421","1459","544","false","515606","194","370","895","32670","35328","20051"
"16","0.1","1","false","false","false","true","false","false","false","1","1","1","0.25","1","0","0","0","100","0","50","0.3","10","2.5","2","60","1.6","0.4","20.5","6.7","16","8.21","365","14","1","0","0","299","299","267","1706","163","474","713","85484","1460","532","false","515969","195","370","895","32685","35341","20055"
"16","0.1","1","false","false","false","true","false","false","false","1","1","1","0.25","1","0","0","0","100","0","50","0.3","10","2.5","2","60","1.6","0.4","20.5","6.7","16","8.21","365","14","1","0","0","299","299","268","1671","159","469","699","85542","1460","540","false","516079","195","370","895","32700","35358","20070"
"16","0.1","1","false","false","false","true","false","false","false","1","1","1","0.25","1","0","0","0","100","0","50","0.3","10","2.5","2","60","1.6","0.4","20.5","6.7","16","8.21","365","14","1","0","0","299","299","269","1634","162","463","684","85597","1460","568","false","516039","195","370","895","32709","35375","20077"
"16","0.1","1","false","false","false","true","false","false","false","1","1","1","0.25","1","0","0","0","100","0","50","0.3","10","2.5","2","60","1.6","0.4","20.5","6.7","16","8.21","365","14","1","0","0","299","299","270","1604","154","452","668","85662","1460","565","false","515829","195","370","895","32727","35391","20086"
"16","0.1","1","false","false","false","true","false","false","false","1","1","1","0.25","1","0","0","0","100","0","50","0.3","10","2.5","2","60","1.6","0.4","20.5","6.7","16","8.21","365","14","1","0","0","299","299","271","1571","147","434","663","85722","1463","588","false","515856","195","371","897","32740","35404","20094"
"16","0.1","1","false","false","false","true","false","false","false","1","1","1","0.25","1","0","0","0","100","0","50","0.3","10","2.5","2","60","1.6","0.4","20.5","6.7","16","8.21","365","14","1","0","0","299","299","272","1550","131","416","651","85789","1463","594","false","515668","195","371","897","32753","35416","20100"
"16","0.1","1","false","false","false","true","false","false","false","1","1","1","0.25","1","0","0","0","100","0","50","0.3","10","2.5","2","60","1.6","0.4","20.5","6.7","16","8.21","365","14","1","0","0","299","299","273","1512","135","401","641","85847","1464","578","false","515635","195","371","898","32764","35435","20105"
"16","0.1","1","false","false","false","true","false","false","false","1","1","1","0.25","1","0","0","0","100","0","50","0.3","10","2.5","2","60","1.6","0.4","20.5","6.7","16","8.21","365","14","1","0","0","299","299","274","1489","125","378","631","85912","1465","579","false","515780","196","371","898","32774","35449","20113"
"16","0.1","1","false","false","false","true","false","false","false","1","1","1","0.25","1","0","0","0","100","0","50","0.3","10","2.5","2","60","1.6","0.4","20.5","6.7","16","8.21","365","14","1","0","0","299","299","275","1472","118","374","592","85979","1465","569","false","515864","196","371","898","32789","35465","20116"
"16","0.1","1","false","false","false","true","false","false","false","1","1","1","0.25","1","0","0","0","100","0","50","0.3","10","2.5","2","60","1.6","0.4","20.5","6.7","16","8.21","365","14","1","0","0","299","299","276","1445","120","380","564","86026","1465","569","false","515972","196","371","898","32804","35480","20124"
"16","0.1","1","false","false","false","true","false","false","false","1","1","1","0.25","1","0","0","0","100","0","50","0.3","10","2.5","2","60","1.6","0.4","20.5","6.7","16","8.21","365","14","1","0","0","299","299","277","1417","113","366","561","86077","1466","546","false","515987","196","372","898","32817","35488","20128"
"16","0.1","1","false","false","false","true","false","false","false","1","1","1","0.25","1","0","0","0","100","0","50","0.3","10","2.5","2","60","1.6","0.4","20.5","6.7","16","8.21","365","14","1","0","0","299","299","278","1389","118","358","539","86127","1469","527","false","516148","196","373","900","32830","35497","20134"
"16","0.1","1","false","false","false","true","false","false","false","1","1","1","0.25","1","0","0","0","100","0","50","0.3","10","2.5","2","60","1.6","0.4","20.5","6.7","16","8.21","365","14","1","0","0","299","299","279","1364","113","350","527","86176","1470","518","false","516248","197","373","900","32838","35513","20141"
"16","0.1","1","false","false","false","true","false","false","false","1","1","1","0.25","1","0","0","0","100","0","50","0.3","10","2.5","2","60","1.6","0.4","20.5","6.7","16","8.21","365","14","1","0","0","299","299","280","1343","105","333","525","86224","1470","505","false","516314","197","373","900","32852","35522","20143"
"16","0.1","1","false","false","false","true","false","false","false","1","1","1","0.25","1","0","0","0","100","0","50","0.3","10","2.5","2","60","1.6","0.4","20.5","6.7","16","8.21","365","14","1","0","0","299","299","281","1319","103","330","504","86274","1470","493","false","516435","197","373","900","32865","35529","20154"
"16","0.1","1","false","false","false","true","false","false","false","1","1","1","0.25","1","0","0","0","100","0","50","0.3","10","2.5","2","60","1.6","0.4","20.5","6.7","16","8.21","365","14","1","0","0","299","299","282","1291","103","331","500","86305","1470","484","false","516585","197","373","900","32872","35541","20160"
"16","0.1","1","false","false","false","true","false","false","false","1","1","1","0.25","1","0","0","0","100","0","50","0.3","10","2.5","2","60","1.6","0.4","20.5","6.7","16","8.21","365","14","1","0","0","299","299","283","1269","107","320","481","86351","1472","442","false","516631","197","373","902","32877","35553","20167"
"16","0.1","1","false","false","false","true","false","false","false","1","1","1","0.25","1","0","0","0","100","0","50","0.3","10","2.5","2","60","1.6","0.4","20.5","6.7","16","8.21","365","14","1","0","0","299","299","284","1231","123","315","468","86391","1472","466","false","516947","197","373","902","32887","35566","20171"
"16","0.1","1","false","false","false","true","false","false","false","1","1","1","0.25","1","0","0","0","100","0","50","0.3","10","2.5","2","60","1.6","0.4","20.5","6.7","16","8.21","365","14","1","0","0","299","299","285","1201","125","310","462","86430","1472","453","false","516779","197","373","902","32898","35579","20173"
"16","0.1","1","false","false","false","true","false","false","false","1","1","1","0.25","1","0","0","0","100","0","50","0.3","10","2.5","2","60","1.6","0.4","20.5","6.7","16","8.21","365","14","1","0","0","299","299","286","1175","124","303","449","86477","1472","438","false","516921","197","373","902","32909","35587","20177"
"16","0.1","1","false","false","false","true","false","false","false","1","1","1","0.25","1","0","0","0","100","0","50","0.3","10","2.5","2","60","1.6","0.4","20.5","6.7","16","8.21","365","14","1","0","0","299","299","287","1145","124","287","443","86529","1472","440","false","517065","197","373","902","32919","35593","20189"
"16","0.1","1","false","false","false","true","false","false","false","1","1","1","0.25","1","0","0","0","100","0","50","0.3","10","2.5","2","60","1.6","0.4","20.5","6.7","16","8.21","365","14","1","0","0","299","299","288","1118","128","272","440","86567","1475","447","false","517031","198","374","903","32923","35598","20196"
"16","0.1","1","false","false","false","true","false","false","false","1","1","1","0.25","1","0","0","0","100","0","50","0.3","10","2.5","2","60","1.6","0.4","20.5","6.7","16","8.21","365","14","1","0","0","299","299","289","1099","110","274","441","86601","1475","459","false","516964","198","374","903","32935","35611","20203"
"16","0.1","1","false","false","false","true","false","false","false","1","1","1","0.25","1","0","0","0","100","0","50","0.3","10","2.5","2","60","1.6","0.4","20.5","6.7","16","8.21","365","14","1","0","0","299","299","290","1070","111","274","425","86645","1475","470","false","516891","198","374","903","32944","35622","20216"
"16","0.1","1","false","false","false","true","false","false","false","1","1","1","0.25","1","0","0","0","100","0","50","0.3","10","2.5","2","60","1.6","0.4","20.5","6.7","16","8.21","365","14","1","0","0","299","299","291","1054","102","267","425","86675","1477","451","false","516781","198","374","905","32952","35639","20219"
"16","0.1","1","false","false","false","true","false","false","false","1","1","1","0.25","1","0","0","0","100","0","50","0.3","10","2.5","2","60","1.6","0.4","20.5","6.7","16","8.21","365","14","1","0","0","299","299","292","1032","100","264","414","86713","1477","456","false","516876","198","374","905","32962","35654","20229"
"16","0.1","1","false","false","false","true","false","false","false","1","1","1","0.25","1","0","0","0","100","0","50","0.3","10","2.5","2","60","1.6","0.4","20.5","6.7","16","8.21","365","14","1","0","0","299","299","293","1013","96","257","412","86745","1477","458","false","516879","198","374","905","32969","35663","20231"
"16","0.1","1","false","false","false","true","false","false","false","1","1","1","0.25","1","0","0","0","100","0","50","0.3","10","2.5","2","60","1.6","0.4","20.5","6.7","16","8.21","365","14","1","0","0","299","299","294","992","91","257","414","86769","1477","437","false","516859","198","374","905","32980","35669","20236"
"16","0.1","1","false","false","false","true","false","false","false","1","1","1","0.25","1","0","0","0","100","0","50","0.3","10","2.5","2","60","1.6","0.4","20.5","6.7","16","8.21","365","14","1","0","0","299","299","295","978","78","249","416","86801","1478","413","false","517086","198","374","906","32987","35679","20237"
"16","0.1","1","false","false","false","true","false","false","false","1","1","1","0.25","1","0","0","0","100","0","50","0.3","10","2.5","2","60","1.6","0.4","20.5","6.7","16","8.21","365","14","1","0","0","299","299","296","955","84","242","404","86835","1480","403","false","517251","198","375","907","32997","35689","20243"
"16","0.1","1","false","false","false","true","false","false","false","1","1","1","0.25","1","0","0","0","100","0","50","0.3","10","2.5","2","60","1.6","0.4","20.5","6.7","16","8.21","365","14","1","0","0","299","299","297","944","76","245","390","86865","1480","397","false","517318","198","375","907","33002","35698","20246"
"16","0.1","1","false","false","false","true","false","false","false","1","1","1","0.25","1","0","0","0","100","0","50","0.3","10","2.5","2","60","1.6","0.4","20.5","6.7","16","8.21","365","14","1","0","0","299","299","298","931","69","250","373","86897","1480","374","false","517328","198","375","907","33010","35708","20256"
"16","0.1","1","false","false","false","true","false","false","false","1","1","1","0.25","1","0","0","0","100","0","50","0.3","10","2.5","2","60","1.6","0.4","20.5","6.7","16","8.21","365","14","1","0","0","299","299","299","910","76","248","359","86927","1480","379","false","517529","198","375","907","33016","35714","20263"
"16","0.1","1","false","false","false","true","false","false","false","1","1","1","0.25","1","0","0","0","100","0","50","0.3","10","2.5","2","60","1.6","0.4","20.5","6.7","16","8.21","365","14","1","0","0","299","299","300","890","78","241","357","86953","1481","352","false","517502","198","376","907","33022","35721","20265"
"16","0.1","1","false","false","false","true","false","false","false","1","1","1","0.25","1","0","0","0","100","0","50","0.3","10","2.5","2","60","1.6","0.4","20.5","6.7","16","8.21","365","14","1","0","0","299","299","301","874","74","232","343","86994","1483","329","false","517706","199","376","908","33033","35729","20269"
"16","0.1","1","false","false","false","true","false","false","false","1","1","1","0.25","1","0","0","0","100","0","50","0.3","10","2.5","2","60","1.6","0.4","20.5","6.7","16","8.21","365","14","1","0","0","299","299","302","855","71","233","331","87027","1483","305","false","517855","199","376","908","33038","35738","20278"
"16","0.1","1","false","false","false","true","false","false","false","1","1","1","0.25","1","0","0","0","100","0","50","0.3","10","2.5","2","60","1.6","0.4","20.5","6.7","16","8.21","365","14","1","0","0","299","299","303","831","84","229","313","87059","1484","296","false","518026","199","377","908","33044","35742","20282"
"16","0.1","1","false","false","false","true","false","false","false","1","1","1","0.25","1","0","0","0","100","0","50","0.3","10","2.5","2","60","1.6","0.4","20.5","6.7","16","8.21","365","14","1","0","0","299","299","304","808","90","222","306","87089","1485","263","false","518124","199","377","909","33048","35749","20282"
"16","0.1","1","false","false","false","true","false","false","false","1","1","1","0.25","1","0","0","0","100","0","50","0.3","10","2.5","2","60","1.6","0.4","20.5","6.7","16","8.21","365","14","1","0","0","299","299","305","787","86","214","312","87116","1485","237","false","518388","199","377","909","33061","35758","20287"
"16","0.1","1","false","false","false","true","false","false","false","1","1","1","0.25","1","0","0","0","100","0","50","0.3","10","2.5","2","60","1.6","0.4","20.5","6.7","16","8.21","365","14","1","0","0","299","299","306","770","86","213","306","87140","1485","209","false","518599","199","377","909","33065","35765","20293"
"16","0.1","1","false","false","false","true","false","false","false","1","1","1","0.25","1","0","0","0","100","0","50","0.3","10","2.5","2","60","1.6","0.4","20.5","6.7","16","8.21","365","14","1","0","0","299","299","307","745","88","199","312","87171","1485","185","false","518837","199","377","909","33076","35772","20296"
"16","0.1","1","false","false","false","true","false","false","false","1","1","1","0.25","1","0","0","0","100","0","50","0.3","10","2.5","2","60","1.6","0.4","20.5","6.7","16","8.21","365","14","1","0","0","299","299","308","716","97","198","309","87195","1485","166","false","519056","199","377","909","33082","35781","20301"
"16","0.1","1","false","false","false","true","false","false","false","1","1","1","0.25","1","0","0","0","100","0","50","0.3","10","2.5","2","60","1.6","0.4","20.5","6.7","16","8.21","365","14","1","0","0","299","299","309","697","91","194","313","87220","1485","153","false","519220","199","377","909","33089","35787","20309"
"16","0.1","1","false","false","false","true","false","false","false","1","1","1","0.25","1","0","0","0","100","0","50","0.3","10","2.5","2","60","1.6","0.4","20.5","6.7","16","8.21","365","14","1","0","0","299","299","310","676","90","188","318","87243","1485","134","false","519348","199","377","909","33098","35797","20310"
"16","0.1","1","false","false","false","true","false","false","false","1","1","1","0.25","1","0","0","0","100","0","50","0.3","10","2.5","2","60","1.6","0.4","20.5","6.7","16","8.21","365","14","1","0","0","299","299","311","652","99","187","309","87268","1485","114","false","519518","199","377","909","33107","35805","20315"
"16","0.1","1","false","false","false","true","false","false","false","1","1","1","0.25","1","0","0","0","100","0","50","0.3","10","2.5","2","60","1.6","0.4","20.5","6.7","16","8.21","365","14","1","0","0","299","299","312","632","91","191","301","87300","1485","81","false","519708","199","377","909","33123","35816","20319"
"16","0.1","1","false","false","false","true","false","false","false","1","1","1","0.25","1","0","0","0","100","0","50","0.3","10","2.5","2","60","1.6","0.4","20.5","6.7","16","8.21","365","14","1","0","0","299","299","313","592","104","183","306","87330","1485","63","false","520045","199","377","909","33130","35825","20322"
"16","0.1","1","false","false","false","true","false","false","false","1","1","1","0.25","1","0","0","0","100","0","50","0.3","10","2.5","2","60","1.6","0.4","20.5","6.7","16","8.21","365","14","1","0","0","299","299","314","565","110","177","312","87351","1485","48","false","520242","199","377","909","33133","35832","20330"
"16","0.1","1","false","false","false","true","false","false","false","1","1","1","0.25","1","0","0","0","100","0","50","0.3","10","2.5","2","60","1.6","0.4","20.5","6.7","16","8.21","365","14","1","0","0","299","299","315","543","105","174","316","87376","1486","27","false","520400","199","377","910","33142","35839","20337"
"16","0.1","1","false","false","false","true","false","false","false","1","1","1","0.25","1","0","0","0","100","0","50","0.3","10","2.5","2","60","1.6","0.4","20.5","6.7","16","8.21","365","14","1","0","0","299","299","316","512","109","173","320","87399","1487","8","false","520610","199","377","911","33152","35849","20342"
"16","0.1","1","false","false","false","true","false","false","false","1","1","1","0.25","1","0","0","0","100","0","50","0.3","10","2.5","2","60","1.6","0.4","20.5","6.7","16","8.21","365","14","1","0","0","299","299","317","489","111","172","319","87421","1488","0","false","520809","199","377","912","33160","35857","20350"
"16","0.1","1","false","false","false","true","false","false","false","1","1","1","0.25","1","0","0","0","100","0","50","0.3","10","2.5","2","60","1.6","0.4","20.5","6.7","16","8.21","365","14","1","0","0","299","299","318","473","107","181","313","87438","1488","0","false","520889","199","377","912","33170","35869","20352"
"16","0.1","1","false","false","false","true","false","false","false","1","1","1","0.25","1","0","0","0","100","0","50","0.3","10","2.5","2","60","1.6","0.4","20.5","6.7","16","8.21","365","14","1","0","0","299","299","319","459","95","187","317","87454","1488","0","false","520889","199","377","912","33180","35878","20362"
"16","0.1","1","false","false","false","true","false","false","false","1","1","1","0.25","1","0","0","0","100","0","50","0.3","10","2.5","2","60","1.6","0.4","20.5","6.7","16","8.21","365","14","1","0","0","299","299","320","433","90","191","329","87469","1488","0","false","520889","199","377","912","33192","35891","20368"
"16","0.1","1","false","false","false","true","false","false","false","1","1","1","0.25","1","0","0","0","100","0","50","0.3","10","2.5","2","60","1.6","0.4","20.5","6.7","16","8.21","365","14","1","0","0","299","299","321","415","84","191","336","87486","1488","0","false","520889","199","377","912","33196","35901","20373"
"16","0.1","1","false","false","false","true","false","false","false","1","1","1","0.25","1","0","0","0","100","0","50","0.3","10","2.5","2","60","1.6","0.4","20.5","6.7","16","8.21","365","14","1","0","0","299","299","322","395","88","190","330","87509","1488","0","false","520889","199","377","912","33200","35905","20380"
"16","0.1","1","false","false","false","true","false","false","false","1","1","1","0.25","1","0","0","0","100","0","50","0.3","10","2.5","2","60","1.6","0.4","20.5","6.7","16","8.21","365","14","1","0","0","299","299","323","373","88","195","328","87526","1490","0","false","520889","199","377","914","33209","35918","20386"
"16","0.1","1","false","false","false","true","false","false","false","1","1","1","0.25","1","0","0","0","100","0","50","0.3","10","2.5","2","60","1.6","0.4","20.5","6.7","16","8.21","365","14","1","0","0","299","299","324","357","80","193","332","87548","1490","0","false","520865","199","377","914","33216","35924","20392"
"16","0.1","1","false","false","false","true","false","false","false","1","1","1","0.25","1","0","0","0","100","0","50","0.3","10","2.5","2","60","1.6","0.4","20.5","6.7","16","8.21","365","14","1","0","0","299","299","325","342","77","197","332","87561","1491","0","false","520865","200","377","914","33223","35932","20399"
"16","0.1","1","false","false","false","true","false","false","false","1","1","1","0.25","1","0","0","0","100","0","50","0.3","10","2.5","2","60","1.6","0.4","20.5","6.7","16","8.21","365","14","1","0","0","299","299","326","328","76","196","327","87581","1492","0","false","520853","200","378","914","33226","35940","20401"
"16","0.1","1","false","false","false","true","false","false","false","1","1","1","0.25","1","0","0","0","100","0","50","0.3","10","2.5","2","60","1.6","0.4","20.5","6.7","16","8.21","365","14","1","0","0","299","299","327","310","70","192","324","87611","1493","0","false","520841","201","378","914","33235","35951","20408"
"16","0.1","1","false","false","false","true","false","false","false","1","1","1","0.25","1","0","0","0","100","0","50","0.3","10","2.5","2","60","1.6","0.4","20.5","6.7","16","8.21","365","14","1","0","0","299","299","328","284","76","203","325","87618","1494","0","false","520829","201","378","915","33240","35966","20414"
"16","0.1","1","false","false","false","true","false","false","false","1","1","1","0.25","1","0","0","0","100","0","50","0.3","10","2.5","2","60","1.6","0.4","20.5","6.7","16","8.21","365","14","1","0","0","299","299","329","269","70","203","321","87642","1495","0","false","520817","201","378","916","33247","35974","20417"
"16","0.1","1","false","false","false","true","false","false","false","1","1","1","0.25","1","0","0","0","100","0","50","0.3","10","2.5","2","60","1.6","0.4","20.5","6.7","16","8.21","365","14","1","0","0","299","299","330","249","76","203","319","87658","1495","0","false","520805","201","378","916","33252","35982","20417"
"16","0.1","1","false","false","false","true","false","false","false","1","1","1","0.25","1","0","0","0","100","0","50","0.3","10","2.5","2","60","1.6","0.4","20.5","6.7","16","8.21","365","14","1","0","0","299","299","331","232","76","202","309","87686","1495","0","false","520805","201","378","916","33257","35990","20425"
"16","0.1","1","false","false","false","true","false","false","false","1","1","1","0.25","1","0","0","0","100","0","50","0.3","10","2.5","2","60","1.6","0.4","20.5","6.7","16","8.21","365","14","1","0","0","299","299","332","218","77","200","300","87710","1495","0","false","520805","201","378","916","33264","35993","20426"
"16","0.1","1","false","false","false","true","false","false","false","1","1","1","0.25","1","0","0","0","100","0","50","0.3","10","2.5","2","60","1.6","0.4","20.5","6.7","16","8.21","365","14","1","0","0","299","299","333","203","77","207","292","87726","1495","0","false","520805","201","378","916","33273","35997","20432"
"16","0.1","1","false","false","false","true","false","false","false","1","1","1","0.25","1","0","0","0","100","0","50","0.3","10","2.5","2","60","1.6","0.4","20.5","6.7","16","8.21","365","14","1","0","0","299","299","334","191","72","198","286","87758","1495","0","false","520805","201","378","916","33278","36004","20435"
"16","0.1","1","false","false","false","true","false","false","false","1","1","1","0.25","1","0","0","0","100","0","50","0.3","10","2.5","2","60","1.6","0.4","20.5","6.7","16","8.21","365","14","1","0","0","299","299","335","171","67","191","288","87787","1496","0","false","520805","202","378","916","33285","36012","20442"
"16","0.1","1","false","false","false","true","false","false","false","1","1","1","0.25","1","0","0","0","100","0","50","0.3","10","2.5","2","60","1.6","0.4","20.5","6.7","16","8.21","365","14","1","0","0","299","299","336","162","61","190","277","87813","1497","0","false","520793","202","378","917","33295","36016","20445"
"16","0.1","1","false","false","false","true","false","false","false","1","1","1","0.25","1","0","0","0","100","0","50","0.3","10","2.5","2","60","1.6","0.4","20.5","6.7","16","8.21","365","14","1","0","0","299","299","337","148","64","189","263","87839","1497","0","false","520781","202","378","917","33302","36021","20448"
"16","0.1","1","false","false","false","true","false","false","false","1","1","1","0.25","1","0","0","0","100","0","50","0.3","10","2.5","2","60","1.6","0.4","20.5","6.7","16","8.21","365","14","1","0","0","299","299","338","132","66","179","262","87864","1497","0","false","520781","202","378","917","33305","36023","20450"
"16","0.1","1","false","false","false","true","false","false","false","1","1","1","0.25","1","0","0","0","100","0","50","0.3","10","2.5","2","60","1.6","0.4","20.5","6.7","16","8.21","365","14","1","0","0","299","299","339","123","58","175","255","87890","1499","0","false","520781","202","380","917","33317","36030","20452"
"16","0.1","1","false","false","false","true","false","false","false","1","1","1","0.25","1","0","0","0","100","0","50","0.3","10","2.5","2","60","1.6","0.4","20.5","6.7","16","8.21","365","14","1","0","0","299","299","340","112","50","170","257","87911","1500","0","false","520758","202","381","917","33323","36037","20456"
"16","0.1","1","false","false","false","true","false","false","false","1","1","1","0.25","1","0","0","0","100","0","50","0.3","10","2.5","2","60","1.6","0.4","20.5","6.7","16","8.21","365","14","1","0","0","299","299","341","100","53","174","243","87930","1500","0","false","520746","202","381","917","33329","36045","20459"
"16","0.1","1","false","false","false","true","false","false","false","1","1","1","0.25","1","0","0","0","100","0","50","0.3","10","2.5","2","60","1.6","0.4","20.5","6.7","16","8.21","365","14","1","0","0","299","299","342","93","51","175","228","87953","1500","0","false","520746","202","381","917","33333","36054","20460"
"16","0.1","1","false","false","false","true","false","false","false","1","1","1","0.25","1","0","0","0","100","0","50","0.3","10","2.5","2","60","1.6","0.4","20.5","6.7","16","8.21","365","14","1","0","0","299","299","343","83","52","167","225","87972","1501","0","false","520746","202","381","918","33337","36057","20461"
"16","0.1","1","false","false","false","true","false","false","false","1","1","1","0.25","1","0","0","0","100","0","50","0.3","10","2.5","2","60","1.6","0.4","20.5","6.7","16","8.21","365","14","1","0","0","299","299","344","74","51","159","222","87993","1501","0","false","520734","202","381","918","33339","36062","20461"
"16","0.1","1","false","false","false","true","false","false","false","1","1","1","0.25","1","0","0","0","100","0","50","0.3","10","2.5","2","60","1.6","0.4","20.5","6.7","16","8.21","365","14","1","0","0","299","299","345","69","40","153","220","88016","1502","0","false","520734","202","381","919","33343","36067","20465"
"16","0.1","1","false","false","false","true","false","false","false","1","1","1","0.25","1","0","0","0","100","0","50","0.3","10","2.5","2","60","1.6","0.4","20.5","6.7","16","8.21","365","14","1","0","0","299","299","346","62","36","151","214","88035","1502","0","false","520722","202","381","919","33346","36072","20470"
"16","0.1","1","false","false","false","true","false","false","false","1","1","1","0.25","1","0","0","0","100","0","50","0.3","10","2.5","2","60","1.6","0.4","20.5","6.7","16","8.21","365","14","1","0","0","299","299","347","54","29","147","211","88057","1502","0","false","520722","202","381","919","33351","36075","20475"
"16","0.1","1","false","false","false","true","false","false","false","1","1","1","0.25","1","0","0","0","100","0","50","0.3","10","2.5","2","60","1.6","0.4","20.5","6.7","16","8.21","365","14","1","0","0","299","299","348","50","25","145","206","88071","1503","0","false","520722","202","381","920","33353","36077","20476"
"16","0.1","1","false","false","false","true","false","false","false","1","1","1","0.25","1","0","0","0","100","0","50","0.3","10","2.5","2","60","1.6","0.4","20.5","6.7","16","8.21","365","14","1","0","0","299","299","349","46","24","140","197","88090","1503","0","false","520710","202","381","920","33356","36079","20478"
"16","0.1","1","false","false","false","true","false","false","false","1","1","1","0.25","1","0","0","0","100","0","50","0.3","10","2.5","2","60","1.6","0.4","20.5","6.7","16","8.21","365","14","1","0","0","299","299","350","38","25","144","180","88109","1504","0","false","520710","202","381","921","33361","36085","20479"
"16","0.1","1","false","false","false","true","false","false","false","1","1","1","0.25","1","0","0","0","100","0","50","0.3","10","2.5","2","60","1.6","0.4","20.5","6.7","16","8.21","365","14","1","0","0","299","299","351","34","23","142","173","88124","1504","0","false","520699","202","381","921","33364","36088","20481"
"16","0.1","1","false","false","false","true","false","false","false","1","1","1","0.25","1","0","0","0","100","0","50","0.3","10","2.5","2","60","1.6","0.4","20.5","6.7","16","8.21","365","14","1","0","0","299","299","352","28","25","140","166","88136","1505","0","false","520699","202","382","921","33367","36090","20482"
"16","0.1","1","false","false","false","true","false","false","false","1","1","1","0.25","1","0","0","0","100","0","50","0.3","10","2.5","2","60","1.6","0.4","20.5","6.7","16","8.21","365","14","1","0","0","299","299","353","25","19","134","167","88150","1505","0","false","520687","202","382","921","33370","36091","20483"
"16","0.1","1","false","false","false","true","false","false","false","1","1","1","0.25","1","0","0","0","100","0","50","0.3","10","2.5","2","60","1.6","0.4","20.5","6.7","16","8.21","365","14","1","0","0","299","299","354","24","15","130","160","88166","1505","0","false","520687","202","382","921","33372","36095","20484"
"16","0.1","1","false","false","false","true","false","false","false","1","1","1","0.25","1","0","0","0","100","0","50","0.3","10","2.5","2","60","1.6","0.4","20.5","6.7","16","8.21","365","14","1","0","0","299","299","355","24","11","123","151","88186","1505","0","false","520687","202","382","921","33373","36097","20485"
"16","0.1","1","false","false","false","true","false","false","false","1","1","1","0.25","1","0","0","0","100","0","50","0.3","10","2.5","2","60","1.6","0.4","20.5","6.7","16","8.21","365","14","1","0","0","299","299","356","23","9","115","139","88208","1506","0","false","520687","202","382","922","33374","36099","20485"
"16","0.1","1","false","false","false","true","false","false","false","1","1","1","0.25","1","0","0","0","100","0","50","0.3","10","2.5","2","60","1.6","0.4","20.5","6.7","16","8.21","365","14","1","0","0","299","299","357","22","9","115","130","88218","1506","0","false","520675","202","382","922","33376","36102","20487"
"16","0.1","1","false","false","false","true","false","false","false","1","1","1","0.25","1","0","0","0","100","0","50","0.3","10","2.5","2","60","1.6","0.4","20.5","6.7","16","8.21","365","14","1","0","0","299","299","358","21","9","113","119","88231","1507","0","false","520675","202","382","923","33378","36103","20487"
"16","0.1","1","false","false","false","true","false","false","false","1","1","1","0.25","1","0","0","0","100","0","50","0.3","10","2.5","2","60","1.6","0.4","20.5","6.7","16","8.21","365","14","1","0","0","299","299","359","21","8","111","115","88237","1508","0","false","520663","202","382","924","33380","36103","20487"
"16","0.1","1","false","false","false","true","false","false","false","1","1","1","0.25","1","0","0","0","100","0","50","0.3","10","2.5","2","60","1.6","0.4","20.5","6.7","16","8.21","365","14","1","0","0","299","299","360","21","5","109","110","88247","1508","0","false","520651","202","382","924","33380","36105","20489"
"16","0.1","1","false","false","false","true","false","false","false","1","1","1","0.25","1","0","0","0","100","0","50","0.3","10","2.5","2","60","1.6","0.4","20.5","6.7","16","8.21","365","14","1","0","0","299","299","361","21","3","104","100","88264","1508","0","false","520651","202","382","924","33380","36106","20489"
"16","0.1","1","false","false","false","true","false","false","false","1","1","1","0.25","1","0","0","0","100","0","50","0.3","10","2.5","2","60","1.6","0.4","20.5","6.7","16","8.21","365","14","1","0","0","299","299","362","21","2","92","90","88287","1508","0","false","520651","202","382","924","33380","36106","20489"
"16","0.1","1","false","false","false","true","false","false","false","1","1","1","0.25","1","0","0","0","100","0","50","0.3","10","2.5","2","60","1.6","0.4","20.5","6.7","16","8.21","365","14","1","0","0","299","299","363","21","1","88","81","88301","1508","0","false","520651","202","382","924","33380","36106","20489"
"16","0.1","1","false","false","false","true","false","false","false","1","1","1","0.25","1","0","0","0","100","0","50","0.3","10","2.5","2","60","1.6","0.4","20.5","6.7","16","8.21","365","14","1","0","0","299","299","364","21","1","81","76","88313","1508","0","false","520651","202","382","924","33380","36106","20489"
"16","0.1","1","false","false","false","true","false","false","false","1","1","1","0.25","1","0","0","0","100","0","50","0.3","10","2.5","2","60","1.6","0.4","20.5","6.7","16","8.21","365","14","1","0","0","299","299","365","21","1","75","68","88326","1509","0","false","520651","202","382","925","33382","36106","20489"
"17","0.1","1","false","false","false","true","false","false","false","1","1","1","0.25","1","0","0","0","100","0","50","0.4","10","2.5","2","60","1.6","0.4","20.5","6.7","16","8.21","365","14","1","0","0","299","299","0","89910","90","0","0","0","0","0","false","0","0","0","0","0","0","0"
"17","0.1","1","false","false","false","true","false","false","false","1","1","1","0.25","1","0","0","0","100","0","50","0.4","10","2.5","2","60","1.6","0.4","20.5","6.7","16","8.21","365","14","1","0","0","299","299","1","89910","80","0","10","0","0","0","false","538445","0","0","0","2","5","1"
"17","0.1","1","false","false","false","true","false","false","false","1","1","1","0.25","1","0","0","0","100","0","50","0.4","10","2.5","2","60","1.6","0.4","20.5","6.7","16","8.21","365","14","1","0","0","299","299","2","89893","85","0","22","0","0","0","false","538445","0","0","0","3","9","1"
"17","0.1","1","false","false","false","true","false","false","false","1","1","1","0.25","1","0","0","0","100","0","50","0.4","10","2.5","2","60","1.6","0.4","20.5","6.7","16","8.21","365","14","1","0","0","299","299","3","89872","88","0","40","0","0","0","false","538445","0","0","0","7","9","7"
"17","0.1","1","false","false","false","true","false","false","false","1","1","1","0.25","1","0","0","0","100","0","50","0.4","10","2.5","2","60","1.6","0.4","20.5","6.7","16","8.21","365","14","1","0","0","299","299","4","89843","97","1","59","0","0","0","false","538445","0","0","0","13","11","8"
"17","0.1","1","false","false","false","true","false","false","false","1","1","1","0.25","1","0","0","0","100","0","50","0.4","10","2.5","2","60","1.6","0.4","20.5","6.7","16","8.21","365","14","1","0","0","299","299","5","89775","137","10","78","0","0","0","false","538445","0","0","0","22","21","11"
"17","0.1","1","false","false","false","true","false","false","false","1","1","1","0.25","1","0","0","0","100","0","50","0.4","10","2.5","2","60","1.6","0.4","20.5","6.7","16","8.21","365","14","1","0","0","299","299","6","89690","199","20","91","0","0","0","false","538445","0","0","0","31","32","14"
"17","0.1","1","false","false","false","true","false","false","false","1","1","1","0.25","1","0","0","0","100","0","50","0.4","10","2.5","2","60","1.6","0.4","20.5","6.7","16","8.21","365","14","1","0","0","299","299","7","89603","255","30","112","0","0","0","false","538445","0","0","0","42","39","20"
"17","0.1","1","false","false","false","true","false","false","false","1","1","1","0.25","1","0","0","0","100","0","50","0.4","10","2.5","2","60","1.6","0.4","20.5","6.7","16","8.21","365","14","1","0","0","299","299","8","89499","312","44","145","0","0","0","false","538445","0","0","0","60","48","31"
"17","0.1","1","false","false","false","true","false","false","false","1","1","1","0.25","1","0","0","0","100","0","50","0.4","10","2.5","2","60","1.6","0.4","20.5","6.7","16","8.21","365","14","1","0","0","299","299","9","89397","360","61","182","0","0","0","false","538445","0","0","0","77","73","41"
"17","0.1","1","false","false","false","true","false","false","false","1","1","1","0.25","1","0","0","0","100","0","50","0.4","10","2.5","2","60","1.6","0.4","20.5","6.7","16","8.21","365","14","1","0","0","299","299","10","89263","429","69","239","0","0","0","false","538445","0","0","0","93","88","51"
"17","0.1","1","false","false","false","true","false","false","false","1","1","1","0.25","1","0","0","0","100","0","50","0.4","10","2.5","2","60","1.6","0.4","20.5","6.7","16","8.21","365","14","1","0","0","299","299","11","89115","482","92","311","0","0","0","false","538445","0","0","0","118","122","71"
"17","0.1","1","false","false","false","true","false","false","false","1","1","1","0.25","1","0","0","0","100","0","50","0.4","10","2.5","2","60","1.6","0.4","20.5","6.7","16","8.21","365","14","1","0","0","299","299","12","88947","545","118","390","0","0","0","false","538445","0","0","0","152","162","93"
"17","0.1","1","false","false","false","true","false","false","false","1","1","1","0.25","1","0","0","0","100","0","50","0.4","10","2.5","2","60","1.6","0.4","20.5","6.7","16","8.21","365","14","1","0","0","299","299","13","88719","663","148","470","0","0","0","false","538445","0","0","0","189","201","116"
"17","0.1","1","false","false","false","true","false","false","false","1","1","1","0.25","1","0","0","0","100","0","50","0.4","10","2.5","2","60","1.6","0.4","20.5","6.7","16","8.21","365","14","1","0","0","299","299","14","88474","778","181","567","0","0","0","false","538445","0","0","0","224","247","148"
"17","0.1","1","false","false","false","true","false","false","false","1","1","1","0.25","1","0","0","0","100","0","50","0.4","10","2.5","2","60","1.6","0.4","20.5","6.7","16","8.21","365","14","1","0","0","299","299","15","88222","884","231","663","0","0","136","false","538445","0","0","0","277","300","177"
"17","0.1","1","false","false","false","true","false","false","false","1","1","1","0.25","1","0","0","0","100","0","50","0.4","10","2.5","2","60","1.6","0.4","20.5","6.7","16","8.21","365","14","1","0","0","299","299","16","87990","932","262","814","2","0","472","false","536883","0","0","0","340","352","205"
"17","0.1","1","false","false","false","true","false","false","false","1","1","1","0.25","1","0","0","0","100","0","50","0.4","10","2.5","2","60","1.6","0.4","20.5","6.7","16","8.21","365","14","1","0","0","299","299","17","87788","916","313","980","3","0","864","false","533604","0","0","0","417","420","247"
"17","0.1","1","false","false","false","true","false","false","false","1","1","1","0.25","1","0","0","0","100","0","50","0.4","10","2.5","2","60","1.6","0.4","20.5","6.7","16","8.21","365","14","1","0","0","299","299","18","87552","951","384","1108","5","0","1193","false","529972","0","0","0","486","503","294"
"17","0.1","1","false","false","false","true","false","false","false","1","1","1","0.25","1","0","0","0","100","0","50","0.4","10","2.5","2","60","1.6","0.4","20.5","6.7","16","8.21","365","14","1","0","0","299","299","19","87302","1000","459","1233","6","0","1617","false","526980","0","0","0","555","579","342"
"17","0.1","1","false","false","false","true","false","false","false","1","1","1","0.25","1","0","0","0","100","0","50","0.4","10","2.5","2","60","1.6","0.4","20.5","6.7","16","8.21","365","14","1","0","0","299","299","20","87103","976","512","1399","10","0","2021","false","523283","0","0","0","647","654","377"
"17","0.1","1","false","false","false","true","false","false","false","1","1","1","0.25","1","0","0","0","100","0","50","0.4","10","2.5","2","60","1.6","0.4","20.5","6.7","16","8.21","365","14","1","0","0","299","299","21","86882","964","579","1555","19","1","2391","false","519816","0","0","1","716","733","442"
"17","0.1","1","false","false","false","true","false","false","false","1","1","1","0.25","1","0","0","0","100","0","50","0.4","10","2.5","2","60","1.6","0.4","20.5","6.7","16","8.21","365","14","1","0","0","299","299","22","86672","951","669","1680","26","2","2830","false","516814","0","0","2","792","822","504"
"17","0.1","1","false","false","false","true","false","false","false","1","1","1","0.25","1","0","0","0","100","0","50","0.4","10","2.5","2","60","1.6","0.4","20.5","6.7","16","8.21","365","14","1","0","0","299","299","23","86450","952","746","1810","39","3","3223","false","513261","0","0","3","858","910","562"
"17","0.1","1","false","false","false","true","false","false","false","1","1","1","0.25","1","0","0","0","100","0","50","0.4","10","2.5","2","60","1.6","0.4","20.5","6.7","16","8.21","365","14","1","0","0","299","299","24","86269","898","834","1939","57","3","3731","false","510239","0","0","3","941","1001","617"
"17","0.1","1","false","false","false","true","false","false","false","1","1","1","0.25","1","0","0","0","100","0","50","0.4","10","2.5","2","60","1.6","0.4","20.5","6.7","16","8.21","365","14","1","0","0","299","299","25","86063","883","914","2061","75","4","4178","false","506138","0","1","3","1012","1097","662"
"17","0.1","1","false","false","false","true","false","false","false","1","1","1","0.25","1","0","0","0","100","0","50","0.4","10","2.5","2","60","1.6","0.4","20.5","6.7","16","8.21","365","14","1","0","0","299","299","26","85881","853","1010","2146","104","6","4570","false","502699","0","2","4","1112","1194","707"
"17","0.1","1","false","false","false","true","false","false","false","1","1","1","0.25","1","0","0","0","100","0","50","0.4","10","2.5","2","60","1.6","0.4","20.5","6.7","16","8.21","365","14","1","0","0","299","299","27","85717","831","1076","2227","141","8","4875","false","499573","0","2","6","1182","1261","746"
"17","0.1","1","false","false","false","true","false","false","false","1","1","1","0.25","1","0","0","0","100","0","50","0.4","10","2.5","2","60","1.6","0.4","20.5","6.7","16","8.21","365","14","1","0","0","299","299","28","85567","778","1169","2304","172","10","5126","false","497056","0","2","8","1283","1349","795"
"17","0.1","1","false","false","false","true","false","false","false","1","1","1","0.25","1","0","0","0","100","0","50","0.4","10","2.5","2","60","1.6","0.4","20.5","6.7","16","8.21","365","14","1","0","0","299","299","29","85398","735","1228","2408","221","10","5242","false","494794","0","2","8","1351","1432","835"
"17","0.1","1","false","false","false","true","false","false","false","1","1","1","0.25","1","0","0","0","100","0","50","0.4","10","2.5","2","60","1.6","0.4","20.5","6.7","16","8.21","365","14","1","0","0","299","299","30","85217","740","1291","2470","271","11","5325","false","493572","0","2","9","1421","1503","877"
"17","0.1","1","false","false","false","true","false","false","false","1","1","1","0.25","1","0","0","0","100","0","50","0.4","10","2.5","2","60","1.6","0.4","20.5","6.7","16","8.21","365","14","1","0","0","299","299","31","85025","764","1351","2517","332","11","5295","false","492433","0","2","9","1498","1570","913"
"17","0.1","1","false","false","false","true","false","false","false","1","1","1","0.25","1","0","0","0","100","0","50","0.4","10","2.5","2","60","1.6","0.4","20.5","6.7","16","8.21","365","14","1","0","0","299","299","32","84763","851","1417","2556","400","13","5347","false","492186","0","2","11","1570","1644","962"
"17","0.1","1","false","false","false","true","false","false","false","1","1","1","0.25","1","0","0","0","100","0","50","0.4","10","2.5","2","60","1.6","0.4","20.5","6.7","16","8.21","365","14","1","0","0","299","299","33","84453","956","1467","2609","497","18","5400","false","491251","0","3","15","1650","1723","1003"
"17","0.1","1","false","false","false","true","false","false","false","1","1","1","0.25","1","0","0","0","100","0","50","0.4","10","2.5","2","60","1.6","0.4","20.5","6.7","16","8.21","365","14","1","0","0","299","299","34","84140","1073","1499","2665","603","20","5627","false","490358","0","3","17","1722","1788","1037"
"17","0.1","1","false","false","false","true","false","false","false","1","1","1","0.25","1","0","0","0","100","0","50","0.4","10","2.5","2","60","1.6","0.4","20.5","6.7","16","8.21","365","14","1","0","0","299","299","35","83825","1167","1539","2747","701","21","5640","false","488153","0","4","17","1801","1859","1092"
"17","0.1","1","false","false","false","true","false","false","false","1","1","1","0.25","1","0","0","0","100","0","50","0.4","10","2.5","2","60","1.6","0.4","20.5","6.7","16","8.21","365","14","1","0","0","299","299","36","83516","1217","1576","2820","848","23","5684","false","487639","0","4","19","1903","1950","1138"
"17","0.1","1","false","false","false","true","false","false","false","1","1","1","0.25","1","0","0","0","100","0","50","0.4","10","2.5","2","60","1.6","0.4","20.5","6.7","16","8.21","365","14","1","0","0","299","299","37","83179","1289","1622","2896","987","27","5734","false","486891","0","4","23","1995","2053","1196"
"17","0.1","1","false","false","false","true","false","false","false","1","1","1","0.25","1","0","0","0","100","0","50","0.4","10","2.5","2","60","1.6","0.4","20.5","6.7","16","8.21","365","14","1","0","0","299","299","38","82814","1359","1653","3027","1118","29","5710","false","486122","0","4","25","2088","2156","1253"
"17","0.1","1","false","false","false","true","false","false","false","1","1","1","0.25","1","0","0","0","100","0","50","0.4","10","2.5","2","60","1.6","0.4","20.5","6.7","16","8.21","365","14","1","0","0","299","299","39","82441","1426","1709","3139","1253","32","5800","false","485966","0","4","28","2191","2268","1328"
"17","0.1","1","false","false","false","true","false","false","false","1","1","1","0.25","1","0","0","0","100","0","50","0.4","10","2.5","2","60","1.6","0.4","20.5","6.7","16","8.21","365","14","1","0","0","299","299","40","82067","1495","1763","3218","1422","35","5884","false","484791","0","4","31","2282","2431","1394"
"17","0.1","1","false","false","false","true","false","false","false","1","1","1","0.25","1","0","0","0","100","0","50","0.4","10","2.5","2","60","1.6","0.4","20.5","6.7","16","8.21","365","14","1","0","0","299","299","41","81681","1544","1805","3346","1582","42","6027","false","483736","1","6","35","2385","2554","1470"
"17","0.1","1","false","false","false","true","false","false","false","1","1","1","0.25","1","0","0","0","100","0","50","0.4","10","2.5","2","60","1.6","0.4","20.5","6.7","16","8.21","365","14","1","0","0","299","299","42","81309","1575","1863","3439","1770","44","6148","false","482179","1","7","36","2510","2685","1545"
"17","0.1","1","false","false","false","true","false","false","false","1","1","1","0.25","1","0","0","0","100","0","50","0.4","10","2.5","2","60","1.6","0.4","20.5","6.7","16","8.21","365","14","1","0","0","299","299","43","80925","1629","1898","3540","1961","47","6190","false","480935","2","8","37","2625","2814","1604"
"17","0.1","1","false","false","false","true","false","false","false","1","1","1","0.25","1","0","0","0","100","0","50","0.4","10","2.5","2","60","1.6","0.4","20.5","6.7","16","8.21","365","14","1","0","0","299","299","44","80537","1641","1962","3665","2144","51","6262","false","480482","2","9","40","2757","2961","1689"
"17","0.1","1","false","false","false","true","false","false","false","1","1","1","0.25","1","0","0","0","100","0","50","0.4","10","2.5","2","60","1.6","0.4","20.5","6.7","16","8.21","365","14","1","0","0","299","299","45","80127","1658","2017","3818","2327","53","6396","false","479843","3","9","41","2893","3125","1758"
"17","0.1","1","false","false","false","true","false","false","false","1","1","1","0.25","1","0","0","0","100","0","50","0.4","10","2.5","2","60","1.6","0.4","20.5","6.7","16","8.21","365","14","1","0","0","299","299","46","79711","1685","2080","3956","2514","54","6425","false","478540","3","9","42","3025","3279","1851"
"17","0.1","1","false","false","false","true","false","false","false","1","1","1","0.25","1","0","0","0","100","0","50","0.4","10","2.5","2","60","1.6","0.4","20.5","6.7","16","8.21","365","14","1","0","0","299","299","47","79302","1705","2158","4092","2688","55","6502","false","478085","3","10","42","3173","3438","1932"
"17","0.1","1","false","false","false","true","false","false","false","1","1","1","0.25","1","0","0","0","100","0","50","0.4","10","2.5","2","60","1.6","0.4","20.5","6.7","16","8.21","365","14","1","0","0","299","299","48","78883","1741","2223","4212","2883","58","6698","false","477269","3","11","44","3315","3596","2024"
"17","0.1","1","false","false","false","true","false","false","false","1","1","1","0.25","1","0","0","0","100","0","50","0.4","10","2.5","2","60","1.6","0.4","20.5","6.7","16","8.21","365","14","1","0","0","299","299","49","78476","1738","2302","4336","3088","60","6817","false","475593","3","11","46","3461","3758","2120"
"17","0.1","1","false","false","false","true","false","false","false","1","1","1","0.25","1","0","0","0","100","0","50","0.4","10","2.5","2","60","1.6","0.4","20.5","6.7","16","8.21","365","14","1","0","0","299","299","50","78066","1718","2373","4485","3295","63","6974","false","474359","3","11","49","3610","3915","2216"
"17","0.1","1","false","false","false","true","false","false","false","1","1","1","0.25","1","0","0","0","100","0","50","0.4","10","2.5","2","60","1.6","0.4","20.5","6.7","16","8.21","365","14","1","0","0","299","299","51","77625","1744","2447","4616","3498","70","7063","false","473028","5","13","52","3744","4082","2310"
"17","0.1","1","false","false","false","true","false","false","false","1","1","1","0.25","1","0","0","0","100","0","50","0.4","10","2.5","2","60","1.6","0.4","20.5","6.7","16","8.21","365","14","1","0","0","299","299","52","77217","1733","2490","4768","3716","76","7141","false","472110","7","15","54","3871","4247","2394"
"17","0.1","1","false","false","false","true","false","false","false","1","1","1","0.25","1","0","0","0","100","0","50","0.4","10","2.5","2","60","1.6","0.4","20.5","6.7","16","8.21","365","14","1","0","0","299","299","53","76784","1758","2579","4876","3921","82","7219","false","471385","8","16","58","4056","4400","2493"
"17","0.1","1","false","false","false","true","false","false","false","1","1","1","0.25","1","0","0","0","100","0","50","0.4","10","2.5","2","60","1.6","0.4","20.5","6.7","16","8.21","365","14","1","0","0","299","299","54","76351","1787","2691","4974","4108","89","7344","false","470592","9","18","62","4212","4598","2596"
"17","0.1","1","false","false","false","true","false","false","false","1","1","1","0.25","1","0","0","0","100","0","50","0.4","10","2.5","2","60","1.6","0.4","20.5","6.7","16","8.21","365","14","1","0","0","299","299","55","75912","1819","2746","5069","4361","93","7453","false","469563","10","19","64","4357","4739","2685"
"17","0.1","1","false","false","false","true","false","false","false","1","1","1","0.25","1","0","0","0","100","0","50","0.4","10","2.5","2","60","1.6","0.4","20.5","6.7","16","8.21","365","14","1","0","0","299","299","56","75506","1809","2810","5190","4588","97","7544","false","468526","11","21","65","4495","4900","2793"
"17","0.1","1","false","false","false","true","false","false","false","1","1","1","0.25","1","0","0","0","100","0","50","0.4","10","2.5","2","60","1.6","0.4","20.5","6.7","16","8.21","365","14","1","0","0","299","299","57","75071","1780","2860","5363","4827","99","7720","false","467612","12","22","65","4651","5093","2877"
"17","0.1","1","false","false","false","true","false","false","false","1","1","1","0.25","1","0","0","0","100","0","50","0.4","10","2.5","2","60","1.6","0.4","20.5","6.7","16","8.21","365","14","1","0","0","299","299","58","74615","1809","2940","5460","5071","105","7802","false","466078","14","22","69","4809","5264","2989"
"17","0.1","1","false","false","false","true","false","false","false","1","1","1","0.25","1","0","0","0","100","0","50","0.4","10","2.5","2","60","1.6","0.4","20.5","6.7","16","8.21","365","14","1","0","0","299","299","59","74116","1882","3027","5531","5332","112","7982","false","465186","14","23","75","4955","5437","3111"
"17","0.1","1","false","false","false","true","false","false","false","1","1","1","0.25","1","0","0","0","100","0","50","0.4","10","2.5","2","60","1.6","0.4","20.5","6.7","16","8.21","365","14","1","0","0","299","299","60","73691","1881","3110","5593","5607","118","8043","false","463593","15","24","79","5119","5615","3198"
"17","0.1","1","false","false","false","true","false","false","false","1","1","1","0.25","1","0","0","0","100","0","50","0.4","10","2.5","2","60","1.6","0.4","20.5","6.7","16","8.21","365","14","1","0","0","299","299","61","73218","1950","3170","5673","5866","123","8187","false","462790","16","26","81","5263","5782","3294"
"17","0.1","1","false","false","false","true","false","false","false","1","1","1","0.25","1","0","0","0","100","0","50","0.4","10","2.5","2","60","1.6","0.4","20.5","6.7","16","8.21","365","14","1","0","0","299","299","62","72727","1983","3230","5785","6147","128","8280","false","461484","16","27","85","5433","5959","3419"
"17","0.1","1","false","false","false","true","false","false","false","1","1","1","0.25","1","0","0","0","100","0","50","0.4","10","2.5","2","60","1.6","0.4","20.5","6.7","16","8.21","365","14","1","0","0","299","299","63","72238","2009","3275","5906","6443","129","8354","false","460639","16","27","86","5604","6129","3527"
"17","0.1","1","false","false","false","true","false","false","false","1","1","1","0.25","1","0","0","0","100","0","50","0.4","10","2.5","2","60","1.6","0.4","20.5","6.7","16","8.21","365","14","1","0","0","299","299","64","71750","2050","3345","5972","6749","134","8351","false","460013","16","29","89","5763","6313","3638"
"17","0.1","1","false","false","false","true","false","false","false","1","1","1","0.25","1","0","0","0","100","0","50","0.4","10","2.5","2","60","1.6","0.4","20.5","6.7","16","8.21","365","14","1","0","0","299","299","65","71235","2082","3377","6097","7065","144","8475","false","459948","17","33","94","5937","6506","3740"
"17","0.1","1","false","false","false","true","false","false","false","1","1","1","0.25","1","0","0","0","100","0","50","0.4","10","2.5","2","60","1.6","0.4","20.5","6.7","16","8.21","365","14","1","0","0","299","299","66","70731","2088","3426","6183","7422","150","8708","false","458566","18","36","96","6105","6712","3858"
"17","0.1","1","false","false","false","true","false","false","false","1","1","1","0.25","1","0","0","0","100","0","50","0.4","10","2.5","2","60","1.6","0.4","20.5","6.7","16","8.21","365","14","1","0","0","299","299","67","70208","2172","3452","6250","7763","155","8887","false","456491","18","37","100","6262","6896","3940"
"17","0.1","1","false","false","false","true","false","false","false","1","1","1","0.25","1","0","0","0","100","0","50","0.4","10","2.5","2","60","1.6","0.4","20.5","6.7","16","8.21","365","14","1","0","0","299","299","68","69685","2173","3493","6378","8112","159","8967","false","454902","18","38","103","6426","7079","4064"
"17","0.1","1","false","false","false","true","false","false","false","1","1","1","0.25","1","0","0","0","100","0","50","0.4","10","2.5","2","60","1.6","0.4","20.5","6.7","16","8.21","365","14","1","0","0","299","299","69","69171","2174","3518","6495","8477","165","9034","false","454180","20","39","106","6623","7255","4182"
"17","0.1","1","false","false","false","true","false","false","false","1","1","1","0.25","1","0","0","0","100","0","50","0.4","10","2.5","2","60","1.6","0.4","20.5","6.7","16","8.21","365","14","1","0","0","299","299","70","68604","2230","3576","6587","8835","168","9043","false","453444","20","39","109","6796","7445","4305"
"17","0.1","1","false","false","false","true","false","false","false","1","1","1","0.25","1","0","0","0","100","0","50","0.4","10","2.5","2","60","1.6","0.4","20.5","6.7","16","8.21","365","14","1","0","0","299","299","71","68029","2259","3641","6664","9235","172","9152","false","453212","20","40","112","7006","7654","4433"
"17","0.1","1","false","false","false","true","false","false","false","1","1","1","0.25","1","0","0","0","100","0","50","0.4","10","2.5","2","60","1.6","0.4","20.5","6.7","16","8.21","365","14","1","0","0","299","299","72","67412","2400","3700","6702","9607","179","9282","false","452378","20","40","119","7193","7839","4544"
"17","0.1","1","false","false","false","true","false","false","false","1","1","1","0.25","1","0","0","0","100","0","50","0.4","10","2.5","2","60","1.6","0.4","20.5","6.7","16","8.21","365","14","1","0","0","299","299","73","66839","2441","3727","6791","10015","187","9482","false","451319","20","41","126","7381","8066","4666"
"17","0.1","1","false","false","false","true","false","false","false","1","1","1","0.25","1","0","0","0","100","0","50","0.4","10","2.5","2","60","1.6","0.4","20.5","6.7","16","8.21","365","14","1","0","0","299","299","74","66220","2493","3783","6905","10405","194","9708","false","449588","22","44","128","7564","8289","4791"
"17","0.1","1","false","false","false","true","false","false","false","1","1","1","0.25","1","0","0","0","100","0","50","0.4","10","2.5","2","60","1.6","0.4","20.5","6.7","16","8.21","365","14","1","0","0","299","299","75","65652","2505","3829","7036","10776","202","9877","false","447506","22","45","135","7759","8516","4920"
"17","0.1","1","false","false","false","true","false","false","false","1","1","1","0.25","1","0","0","0","100","0","50","0.4","10","2.5","2","60","1.6","0.4","20.5","6.7","16","8.21","365","14","1","0","0","299","299","76","65065","2509","3913","7142","11163","208","9932","false","446069","23","47","138","7985","8731","5048"
"17","0.1","1","false","false","false","true","false","false","false","1","1","1","0.25","1","0","0","0","100","0","50","0.4","10","2.5","2","60","1.6","0.4","20.5","6.7","16","8.21","365","14","1","0","0","299","299","77","64522","2463","3959","7275","11566","215","10157","false","445227","24","47","144","8213","8962","5160"
"17","0.1","1","false","false","false","true","false","false","false","1","1","1","0.25","1","0","0","0","100","0","50","0.4","10","2.5","2","60","1.6","0.4","20.5","6.7","16","8.21","365","14","1","0","0","299","299","78","63982","2414","4029","7353","12004","218","10224","false","443231","25","47","146","8449","9176","5279"
"17","0.1","1","false","false","false","true","false","false","false","1","1","1","0.25","1","0","0","0","100","0","50","0.4","10","2.5","2","60","1.6","0.4","20.5","6.7","16","8.21","365","14","1","0","0","299","299","79","63433","2371","4103","7425","12445","223","10241","false","442475","26","47","150","8659","9420","5412"
"17","0.1","1","false","false","false","true","false","false","false","1","1","1","0.25","1","0","0","0","100","0","50","0.4","10","2.5","2","60","1.6","0.4","20.5","6.7","16","8.21","365","14","1","0","0","299","299","80","62910","2347","4169","7443","12902","229","10267","false","442233","27","49","153","8850","9671","5527"
"17","0.1","1","false","false","false","true","false","false","false","1","1","1","0.25","1","0","0","0","100","0","50","0.4","10","2.5","2","60","1.6","0.4","20.5","6.7","16","8.21","365","14","1","0","0","299","299","81","62322","2386","4221","7496","13339","236","10324","false","441897","27","54","155","9052","9890","5640"
"17","0.1","1","false","false","false","true","false","false","false","1","1","1","0.25","1","0","0","0","100","0","50","0.4","10","2.5","2","60","1.6","0.4","20.5","6.7","16","8.21","365","14","1","0","0","299","299","82","61747","2412","4291","7535","13770","245","10401","false","441267","27","56","162","9268","10127","5761"
"17","0.1","1","false","false","false","true","false","false","false","1","1","1","0.25","1","0","0","0","100","0","50","0.4","10","2.5","2","60","1.6","0.4","20.5","6.7","16","8.21","365","14","1","0","0","299","299","83","61198","2406","4366","7561","14215","254","10476","false","440350","28","60","166","9496","10352","5890"
"17","0.1","1","false","false","false","true","false","false","false","1","1","1","0.25","1","0","0","0","100","0","50","0.4","10","2.5","2","60","1.6","0.4","20.5","6.7","16","8.21","365","14","1","0","0","299","299","84","60650","2388","4421","7615","14667","259","10485","false","439640","28","61","170","9698","10576","6013"
"17","0.1","1","false","false","false","true","false","false","false","1","1","1","0.25","1","0","0","0","100","0","50","0.4","10","2.5","2","60","1.6","0.4","20.5","6.7","16","8.21","365","14","1","0","0","299","299","85","60095","2403","4477","7666","15093","266","10472","false","439177","30","61","175","9910","10809","6127"
"17","0.1","1","false","false","false","true","false","false","false","1","1","1","0.25","1","0","0","0","100","0","50","0.4","10","2.5","2","60","1.6","0.4","20.5","6.7","16","8.21","365","14","1","0","0","299","299","86","59544","2400","4515","7724","15541","276","10482","false","438925","31","65","180","10095","11031","6250"
"17","0.1","1","false","false","false","true","false","false","false","1","1","1","0.25","1","0","0","0","100","0","50","0.4","10","2.5","2","60","1.6","0.4","20.5","6.7","16","8.21","365","14","1","0","0","299","299","87","58962","2403","4568","7795","15989","283","10310","false","438717","32","68","183","10313","11270","6386"
"17","0.1","1","false","false","false","true","false","false","false","1","1","1","0.25","1","0","0","0","100","0","50","0.4","10","2.5","2","60","1.6","0.4","20.5","6.7","16","8.21","365","14","1","0","0","299","299","88","58354","2449","4595","7833","16476","293","10268","false","439890","34","70","189","10532","11479","6518"
"17","0.1","1","false","false","false","true","false","false","false","1","1","1","0.25","1","0","0","0","100","0","50","0.4","10","2.5","2","60","1.6","0.4","20.5","6.7","16","8.21","365","14","1","0","0","299","299","89","57738","2488","4651","7875","16946","302","10300","false","440008","34","73","195","10775","11700","6647"
"17","0.1","1","false","false","false","true","false","false","false","1","1","1","0.25","1","0","0","0","100","0","50","0.4","10","2.5","2","60","1.6","0.4","20.5","6.7","16","8.21","365","14","1","0","0","299","299","90","57149","2490","4652","7945","17455","309","10354","false","439691","35","74","200","10996","11927","6781"
"17","0.1","1","false","false","false","true","false","false","false","1","1","1","0.25","1","0","0","0","100","0","50","0.4","10","2.5","2","60","1.6","0.4","20.5","6.7","16","8.21","365","14","1","0","0","299","299","91","56539","2499","4668","8065","17912","317","10360","false","439194","35","75","207","11222","12146","6902"
"17","0.1","1","false","false","false","true","false","false","false","1","1","1","0.25","1","0","0","0","100","0","50","0.4","10","2.5","2","60","1.6","0.4","20.5","6.7","16","8.21","365","14","1","0","0","299","299","92","55964","2503","4743","8083","18383","324","10487","false","439029","36","77","211","11440","12391","7033"
"17","0.1","1","false","false","false","true","false","false","false","1","1","1","0.25","1","0","0","0","100","0","50","0.4","10","2.5","2","60","1.6","0.4","20.5","6.7","16","8.21","365","14","1","0","0","299","299","93","55362","2500","4782","8120","18899","337","10501","false","437837","38","80","219","11640","12632","7180"
"17","0.1","1","false","false","false","true","false","false","false","1","1","1","0.25","1","0","0","0","100","0","50","0.4","10","2.5","2","60","1.6","0.4","20.5","6.7","16","8.21","365","14","1","0","0","299","299","94","54731","2541","4814","8163","19407","344","10501","false","437492","38","81","225","11852","12876","7315"
"17","0.1","1","false","false","false","true","false","false","false","1","1","1","0.25","1","0","0","0","100","0","50","0.4","10","2.5","2","60","1.6","0.4","20.5","6.7","16","8.21","365","14","1","0","0","299","299","95","54121","2584","4848","8183","19915","349","10679","false","437442","38","82","229","12069","13099","7464"
"17","0.1","1","false","false","false","true","false","false","false","1","1","1","0.25","1","0","0","0","100","0","50","0.4","10","2.5","2","60","1.6","0.4","20.5","6.7","16","8.21","365","14","1","0","0","299","299","96","53557","2546","4891","8231","20416","359","10738","false","435925","40","82","237","12287","13321","7604"
"17","0.1","1","false","false","false","true","false","false","false","1","1","1","0.25","1","0","0","0","100","0","50","0.4","10","2.5","2","60","1.6","0.4","20.5","6.7","16","8.21","365","14","1","0","0","299","299","97","52952","2582","4897","8278","20921","370","10703","false","435440","42","83","245","12473","13548","7742"
"17","0.1","1","false","false","false","true","false","false","false","1","1","1","0.25","1","0","0","0","100","0","50","0.4","10","2.5","2","60","1.6","0.4","20.5","6.7","16","8.21","365","14","1","0","0","299","299","98","52365","2595","4911","8275","21476","378","10776","false","435632","44","85","249","12693","13770","7886"
"17","0.1","1","false","false","false","true","false","false","false","1","1","1","0.25","1","0","0","0","100","0","50","0.4","10","2.5","2","60","1.6","0.4","20.5","6.7","16","8.21","365","14","1","0","0","299","299","99","51749","2610","4947","8314","21991","389","10790","false","434844","48","85","256","12916","13984","8047"
"17","0.1","1","false","false","false","true","false","false","false","1","1","1","0.25","1","0","0","0","100","0","50","0.4","10","2.5","2","60","1.6","0.4","20.5","6.7","16","8.21","365","14","1","0","0","299","299","100","51223","2485","4930","8395","22568","399","10861","false","434597","49","88","262","13144","14237","8203"
"17","0.1","1","false","false","false","true","false","false","false","1","1","1","0.25","1","0","0","0","100","0","50","0.4","10","2.5","2","60","1.6","0.4","20.5","6.7","16","8.21","365","14","1","0","0","299","299","101","50643","2481","4945","8444","23079","408","10846","false","434236","50","90","268","13347","14458","8338"
"17","0.1","1","false","false","false","true","false","false","false","1","1","1","0.25","1","0","0","0","100","0","50","0.4","10","2.5","2","60","1.6","0.4","20.5","6.7","16","8.21","365","14","1","0","0","299","299","102","50133","2380","4936","8488","23647","416","10777","false","434150","53","90","273","13576","14703","8465"
"17","0.1","1","false","false","false","true","false","false","false","1","1","1","0.25","1","0","0","0","100","0","50","0.4","10","2.5","2","60","1.6","0.4","20.5","6.7","16","8.21","365","14","1","0","0","299","299","103","49569","2368","4976","8460","24207","420","10760","false","434587","55","91","274","13788","14944","8614"
"17","0.1","1","false","false","false","true","false","false","false","1","1","1","0.25","1","0","0","0","100","0","50","0.4","10","2.5","2","60","1.6","0.4","20.5","6.7","16","8.21","365","14","1","0","0","299","299","104","48997","2412","5002","8414","24749","426","10706","false","434677","56","92","278","14024","15170","8738"
"17","0.1","1","false","false","false","true","false","false","false","1","1","1","0.25","1","0","0","0","100","0","50","0.4","10","2.5","2","60","1.6","0.4","20.5","6.7","16","8.21","365","14","1","0","0","299","299","105","48447","2411","5022","8360","25318","442","10604","false","434916","58","95","289","14249","15373","8862"
"17","0.1","1","false","false","false","true","false","false","false","1","1","1","0.25","1","0","0","0","100","0","50","0.4","10","2.5","2","60","1.6","0.4","20.5","6.7","16","8.21","365","14","1","0","0","299","299","106","47821","2466","5010","8389","25865","449","10492","false","435394","60","96","293","14443","15595","8976"
"17","0.1","1","false","false","false","true","false","false","false","1","1","1","0.25","1","0","0","0","100","0","50","0.4","10","2.5","2","60","1.6","0.4","20.5","6.7","16","8.21","365","14","1","0","0","299","299","107","47258","2473","5007","8393","26414","455","10437","false","436110","61","96","298","14647","15818","9084"
"17","0.1","1","false","false","false","true","false","false","false","1","1","1","0.25","1","0","0","0","100","0","50","0.4","10","2.5","2","60","1.6","0.4","20.5","6.7","16","8.21","365","14","1","0","0","299","299","108","46687","2460","5015","8403","26973","462","10456","false","436457","63","97","302","14830","16057","9233"
"17","0.1","1","false","false","false","true","false","false","false","1","1","1","0.25","1","0","0","0","100","0","50","0.4","10","2.5","2","60","1.6","0.4","20.5","6.7","16","8.21","365","14","1","0","0","299","299","109","46087","2462","5000","8413","27566","472","10335","false","436108","66","101","305","15061","16287","9384"
"17","0.1","1","false","false","false","true","false","false","false","1","1","1","0.25","1","0","0","0","100","0","50","0.4","10","2.5","2","60","1.6","0.4","20.5","6.7","16","8.21","365","14","1","0","0","299","299","110","45488","2519","5008","8358","28148","479","10325","false","437032","67","104","308","15275","16523","9504"
"17","0.1","1","false","false","false","true","false","false","false","1","1","1","0.25","1","0","0","0","100","0","50","0.4","10","2.5","2","60","1.6","0.4","20.5","6.7","16","8.21","365","14","1","0","0","299","299","111","44881","2523","5033","8346","28728","489","10366","false","437230","67","104","318","15497","16750","9642"
"17","0.1","1","false","false","false","true","false","false","false","1","1","1","0.25","1","0","0","0","100","0","50","0.4","10","2.5","2","60","1.6","0.4","20.5","6.7","16","8.21","365","14","1","0","0","299","299","112","44281","2532","5039","8364","29285","499","10396","false","436624","69","109","321","15713","16978","9774"
"17","0.1","1","false","false","false","true","false","false","false","1","1","1","0.25","1","0","0","0","100","0","50","0.4","10","2.5","2","60","1.6","0.4","20.5","6.7","16","8.21","365","14","1","0","0","299","299","113","43726","2505","5061","8393","29809","506","10317","false","436248","70","109","327","15913","17220","9910"
"17","0.1","1","false","false","false","true","false","false","false","1","1","1","0.25","1","0","0","0","100","0","50","0.4","10","2.5","2","60","1.6","0.4","20.5","6.7","16","8.21","365","14","1","0","0","299","299","114","43169","2434","5072","8437","30371","517","10265","false","436614","71","112","334","16159","17453","10043"
"17","0.1","1","false","false","false","true","false","false","false","1","1","1","0.25","1","0","0","0","100","0","50","0.4","10","2.5","2","60","1.6","0.4","20.5","6.7","16","8.21","365","14","1","0","0","299","299","115","42616","2444","5090","8363","30958","529","10335","false","436898","72","115","342","16368","17667","10165"
"17","0.1","1","false","false","false","true","false","false","false","1","1","1","0.25","1","0","0","0","100","0","50","0.4","10","2.5","2","60","1.6","0.4","20.5","6.7","16","8.21","365","14","1","0","0","299","299","116","42123","2342","5135","8321","31540","539","10279","false","436349","72","118","349","16597","17914","10292"
"17","0.1","1","false","false","false","true","false","false","false","1","1","1","0.25","1","0","0","0","100","0","50","0.4","10","2.5","2","60","1.6","0.4","20.5","6.7","16","8.21","365","14","1","0","0","299","299","117","41570","2370","5123","8258","32126","553","10255","false","436759","73","122","358","16810","18130","10414"
"17","0.1","1","false","false","false","true","false","false","false","1","1","1","0.25","1","0","0","0","100","0","50","0.4","10","2.5","2","60","1.6","0.4","20.5","6.7","16","8.21","365","14","1","0","0","299","299","118","41039","2353","5173","8214","32656","565","10230","false","436932","74","124","367","17018","18375","10548"
"17","0.1","1","false","false","false","true","false","false","false","1","1","1","0.25","1","0","0","0","100","0","50","0.4","10","2.5","2","60","1.6","0.4","20.5","6.7","16","8.21","365","14","1","0","0","299","299","119","40519","2337","5146","8202","33216","580","10221","false","437122","77","128","375","17227","18600","10653"
"17","0.1","1","false","false","false","true","false","false","false","1","1","1","0.25","1","0","0","0","100","0","50","0.4","10","2.5","2","60","1.6","0.4","20.5","6.7","16","8.21","365","14","1","0","0","299","299","120","39988","2370","5175","8121","33756","590","10041","false","437168","78","130","382","17441","18818","10740"
"17","0.1","1","false","false","false","true","false","false","false","1","1","1","0.25","1","0","0","0","100","0","50","0.4","10","2.5","2","60","1.6","0.4","20.5","6.7","16","8.21","365","14","1","0","0","299","299","121","39469","2273","5138","8164","34352","604","9952","false","438518","79","133","392","17663","19040","10878"
"17","0.1","1","false","false","false","true","false","false","false","1","1","1","0.25","1","0","0","0","100","0","50","0.4","10","2.5","2","60","1.6","0.4","20.5","6.7","16","8.21","365","14","1","0","0","299","299","122","38956","2234","5107","8138","34954","611","9846","false","439104","80","137","394","17875","19262","11011"
"17","0.1","1","false","false","false","true","false","false","false","1","1","1","0.25","1","0","0","0","100","0","50","0.4","10","2.5","2","60","1.6","0.4","20.5","6.7","16","8.21","365","14","1","0","0","299","299","123","38440","2211","5106","8088","35532","623","9700","false","440027","80","139","404","18064","19466","11142"
"17","0.1","1","false","false","false","true","false","false","false","1","1","1","0.25","1","0","0","0","100","0","50","0.4","10","2.5","2","60","1.6","0.4","20.5","6.7","16","8.21","365","14","1","0","0","299","299","124","37928","2200","5093","8044","36107","628","9587","false","441023","81","141","406","18259","19665","11277"
"17","0.1","1","false","false","false","true","false","false","false","1","1","1","0.25","1","0","0","0","100","0","50","0.4","10","2.5","2","60","1.6","0.4","20.5","6.7","16","8.21","365","14","1","0","0","299","299","125","37395","2198","5131","7996","36643","637","9541","false","441789","82","144","411","18463","19921","11403"
"17","0.1","1","false","false","false","true","false","false","false","1","1","1","0.25","1","0","0","0","100","0","50","0.4","10","2.5","2","60","1.6","0.4","20.5","6.7","16","8.21","365","14","1","0","0","299","299","126","36885","2152","5080","8025","37207","651","9513","false","442148","86","147","418","18647","20145","11515"
"17","0.1","1","false","false","false","true","false","false","false","1","1","1","0.25","1","0","0","0","100","0","50","0.4","10","2.5","2","60","1.6","0.4","20.5","6.7","16","8.21","365","14","1","0","0","299","299","127","36408","2108","5087","7971","37764","662","9415","false","442256","87","148","427","18844","20352","11664"
"17","0.1","1","false","false","false","true","false","false","false","1","1","1","0.25","1","0","0","0","100","0","50","0.4","10","2.5","2","60","1.6","0.4","20.5","6.7","16","8.21","365","14","1","0","0","299","299","128","35871","2178","5056","7879","38338","678","9361","false","443011","88","150","440","19047","20536","11759"
"17","0.1","1","false","false","false","true","false","false","false","1","1","1","0.25","1","0","0","0","100","0","50","0.4","10","2.5","2","60","1.6","0.4","20.5","6.7","16","8.21","365","14","1","0","0","299","299","129","35383","2183","5021","7809","38920","684","9383","false","443472","88","152","444","19226","20740","11870"
"17","0.1","1","false","false","false","true","false","false","false","1","1","1","0.25","1","0","0","0","100","0","50","0.4","10","2.5","2","60","1.6","0.4","20.5","6.7","16","8.21","365","14","1","0","0","299","299","130","34889","2178","4999","7743","39492","699","9233","false","443467","88","156","455","19418","20959","11960"
"17","0.1","1","false","false","false","true","false","false","false","1","1","1","0.25","1","0","0","0","100","0","50","0.4","10","2.5","2","60","1.6","0.4","20.5","6.7","16","8.21","365","14","1","0","0","299","299","131","34379","2213","4991","7669","40041","707","9065","false","444603","88","159","460","19618","21163","12060"
"17","0.1","1","false","false","false","true","false","false","false","1","1","1","0.25","1","0","0","0","100","0","50","0.4","10","2.5","2","60","1.6","0.4","20.5","6.7","16","8.21","365","14","1","0","0","299","299","132","33869","2210","4922","7683","40597","719","8948","false","445900","91","162","466","19790","21340","12175"
"17","0.1","1","false","false","false","true","false","false","false","1","1","1","0.25","1","0","0","0","100","0","50","0.4","10","2.5","2","60","1.6","0.4","20.5","6.7","16","8.21","365","14","1","0","0","299","299","133","33351","2203","4885","7646","41187","728","8829","false","446583","92","166","470","19986","21542","12296"
"17","0.1","1","false","false","false","true","false","false","false","1","1","1","0.25","1","0","0","0","100","0","50","0.4","10","2.5","2","60","1.6","0.4","20.5","6.7","16","8.21","365","14","1","0","0","299","299","134","32848","2153","4820","7653","41789","737","8764","false","447563","93","169","475","20166","21737","12435"
"17","0.1","1","false","false","false","true","false","false","false","1","1","1","0.25","1","0","0","0","100","0","50","0.4","10","2.5","2","60","1.6","0.4","20.5","6.7","16","8.21","365","14","1","0","0","299","299","135","32351","2148","4798","7643","42316","744","8640","false","447982","94","169","481","20367","21931","12559"
"17","0.1","1","false","false","false","true","false","false","false","1","1","1","0.25","1","0","0","0","100","0","50","0.4","10","2.5","2","60","1.6","0.4","20.5","6.7","16","8.21","365","14","1","0","0","299","299","136","31860","2132","4807","7573","42871","757","8623","false","448888","97","172","488","20567","22155","12689"
"17","0.1","1","false","false","false","true","false","false","false","1","1","1","0.25","1","0","0","0","100","0","50","0.4","10","2.5","2","60","1.6","0.4","20.5","6.7","16","8.21","365","14","1","0","0","299","299","137","31361","2116","4796","7528","43431","768","8612","false","448996","98","174","496","20773","22358","12806"
"17","0.1","1","false","false","false","true","false","false","false","1","1","1","0.25","1","0","0","0","100","0","50","0.4","10","2.5","2","60","1.6","0.4","20.5","6.7","16","8.21","365","14","1","0","0","299","299","138","30897","2108","4754","7476","43989","776","8555","false","449234","100","175","501","20933","22530","12929"
"17","0.1","1","false","false","false","true","false","false","false","1","1","1","0.25","1","0","0","0","100","0","50","0.4","10","2.5","2","60","1.6","0.4","20.5","6.7","16","8.21","365","14","1","0","0","299","299","139","30408","2121","4756","7427","44507","781","8453","false","449651","102","176","503","21113","22707","13062"
"17","0.1","1","false","false","false","true","false","false","false","1","1","1","0.25","1","0","0","0","100","0","50","0.4","10","2.5","2","60","1.6","0.4","20.5","6.7","16","8.21","365","14","1","0","0","299","299","140","29948","2096","4707","7395","45069","785","8385","false","450622","102","176","507","21287","22927","13169"
"17","0.1","1","false","false","false","true","false","false","false","1","1","1","0.25","1","0","0","0","100","0","50","0.4","10","2.5","2","60","1.6","0.4","20.5","6.7","16","8.21","365","14","1","0","0","299","299","141","29497","2032","4630","7390","45654","797","8328","false","451073","102","182","513","21492","23112","13268"
"17","0.1","1","false","false","false","true","false","false","false","1","1","1","0.25","1","0","0","0","100","0","50","0.4","10","2.5","2","60","1.6","0.4","20.5","6.7","16","8.21","365","14","1","0","0","299","299","142","29010","2044","4614","7341","46185","806","8210","false","451431","103","183","520","21665","23317","13372"
"17","0.1","1","false","false","false","true","false","false","false","1","1","1","0.25","1","0","0","0","100","0","50","0.4","10","2.5","2","60","1.6","0.4","20.5","6.7","16","8.21","365","14","1","0","0","299","299","143","28553","2027","4602","7314","46689","815","8239","false","452557","103","184","528","21854","23493","13486"
"17","0.1","1","false","false","false","true","false","false","false","1","1","1","0.25","1","0","0","0","100","0","50","0.4","10","2.5","2","60","1.6","0.4","20.5","6.7","16","8.21","365","14","1","0","0","299","299","144","28118","2002","4584","7276","47199","821","8334","false","452294","103","185","533","22036","23671","13603"
"17","0.1","1","false","false","false","true","false","false","false","1","1","1","0.25","1","0","0","0","100","0","50","0.4","10","2.5","2","60","1.6","0.4","20.5","6.7","16","8.21","365","14","1","0","0","299","299","145","27724","1910","4575","7265","47691","835","8339","false","451777","105","191","539","22214","23874","13717"
"17","0.1","1","false","false","false","true","false","false","false","1","1","1","0.25","1","0","0","0","100","0","50","0.4","10","2.5","2","60","1.6","0.4","20.5","6.7","16","8.21","365","14","1","0","0","299","299","146","27281","1893","4512","7269","48201","844","8274","false","451549","108","194","542","22377","24050","13812"
"17","0.1","1","false","false","false","true","false","false","false","1","1","1","0.25","1","0","0","0","100","0","50","0.4","10","2.5","2","60","1.6","0.4","20.5","6.7","16","8.21","365","14","1","0","0","299","299","147","26861","1867","4502","7200","48718","852","8143","false","452084","109","196","547","22523","24246","13916"
"17","0.1","1","false","false","false","true","false","false","false","1","1","1","0.25","1","0","0","0","100","0","50","0.4","10","2.5","2","60","1.6","0.4","20.5","6.7","16","8.21","365","14","1","0","0","299","299","148","26447","1823","4508","7149","49216","857","8080","false","453265","109","198","550","22693","24443","14033"
"17","0.1","1","false","false","false","true","false","false","false","1","1","1","0.25","1","0","0","0","100","0","50","0.4","10","2.5","2","60","1.6","0.4","20.5","6.7","16","8.21","365","14","1","0","0","299","299","149","26027","1834","4471","7089","49717","862","7965","false","453791","109","199","554","22847","24608","14138"
"17","0.1","1","false","false","false","true","false","false","false","1","1","1","0.25","1","0","0","0","100","0","50","0.4","10","2.5","2","60","1.6","0.4","20.5","6.7","16","8.21","365","14","1","0","0","299","299","150","25636","1797","4427","6976","50293","871","7792","false","454809","111","200","560","22997","24794","14241"
"17","0.1","1","false","false","false","true","false","false","false","1","1","1","0.25","1","0","0","0","100","0","50","0.4","10","2.5","2","60","1.6","0.4","20.5","6.7","16","8.21","365","14","1","0","0","299","299","151","25223","1762","4406","6907","50826","876","7723","false","456050","111","202","563","23167","24988","14348"
"17","0.1","1","false","false","false","true","false","false","false","1","1","1","0.25","1","0","0","0","100","0","50","0.4","10","2.5","2","60","1.6","0.4","20.5","6.7","16","8.21","365","14","1","0","0","299","299","152","24813","1748","4355","6860","51338","886","7602","false","456610","113","202","571","23326","25155","14450"
"17","0.1","1","false","false","false","true","false","false","false","1","1","1","0.25","1","0","0","0","100","0","50","0.4","10","2.5","2","60","1.6","0.4","20.5","6.7","16","8.21","365","14","1","0","0","299","299","153","24442","1712","4287","6816","51848","895","7426","false","457280","114","203","578","23485","25301","14538"
"17","0.1","1","false","false","false","true","false","false","false","1","1","1","0.25","1","0","0","0","100","0","50","0.4","10","2.5","2","60","1.6","0.4","20.5","6.7","16","8.21","365","14","1","0","0","299","299","154","24020","1717","4243","6734","52386","900","7303","false","458486","115","206","579","23653","25476","14654"
"17","0.1","1","false","false","false","true","false","false","false","1","1","1","0.25","1","0","0","0","100","0","50","0.4","10","2.5","2","60","1.6","0.4","20.5","6.7","16","8.21","365","14","1","0","0","299","299","155","23609","1718","4202","6652","52913","906","7263","false","459408","115","207","584","23840","25606","14739"
"17","0.1","1","false","false","false","true","false","false","false","1","1","1","0.25","1","0","0","0","100","0","50","0.4","10","2.5","2","60","1.6","0.4","20.5","6.7","16","8.21","365","14","1","0","0","299","299","156","23240","1676","4188","6579","53406","911","7114","false","459893","117","208","586","23984","25782","14832"
"17","0.1","1","false","false","false","true","false","false","false","1","1","1","0.25","1","0","0","0","100","0","50","0.4","10","2.5","2","60","1.6","0.4","20.5","6.7","16","8.21","365","14","1","0","0","299","299","157","22853","1667","4143","6532","53882","923","7050","false","461017","121","209","593","24142","25944","14922"
"17","0.1","1","false","false","false","true","false","false","false","1","1","1","0.25","1","0","0","0","100","0","50","0.4","10","2.5","2","60","1.6","0.4","20.5","6.7","16","8.21","365","14","1","0","0","299","299","158","22444","1681","4089","6476","54382","928","6975","false","461474","121","211","596","24281","26110","15016"
"17","0.1","1","false","false","false","true","false","false","false","1","1","1","0.25","1","0","0","0","100","0","50","0.4","10","2.5","2","60","1.6","0.4","20.5","6.7","16","8.21","365","14","1","0","0","299","299","159","22047","1710","4051","6384","54876","932","7000","false","462159","121","211","600","24419","26250","15120"
"17","0.1","1","false","false","false","true","false","false","false","1","1","1","0.25","1","0","0","0","100","0","50","0.4","10","2.5","2","60","1.6","0.4","20.5","6.7","16","8.21","365","14","1","0","0","299","299","160","21641","1698","4013","6322","55382","944","7013","false","462101","121","215","608","24579","26423","15209"
"17","0.1","1","false","false","false","true","false","false","false","1","1","1","0.25","1","0","0","0","100","0","50","0.4","10","2.5","2","60","1.6","0.4","20.5","6.7","16","8.21","365","14","1","0","0","299","299","161","21286","1659","3942","6285","55873","955","6949","false","462195","122","216","617","24729","26574","15292"
"17","0.1","1","false","false","false","true","false","false","false","1","1","1","0.25","1","0","0","0","100","0","50","0.4","10","2.5","2","60","1.6","0.4","20.5","6.7","16","8.21","365","14","1","0","0","299","299","162","20903","1659","3912","6225","56339","962","6860","false","462803","123","216","623","24885","26706","15384"
"17","0.1","1","false","false","false","true","false","false","false","1","1","1","0.25","1","0","0","0","100","0","50","0.4","10","2.5","2","60","1.6","0.4","20.5","6.7","16","8.21","365","14","1","0","0","299","299","163","20554","1595","3847","6191","56844","969","6678","false","463447","123","219","627","25026","26869","15469"
"17","0.1","1","false","false","false","true","false","false","false","1","1","1","0.25","1","0","0","0","100","0","50","0.4","10","2.5","2","60","1.6","0.4","20.5","6.7","16","8.21","365","14","1","0","0","299","299","164","20232","1531","3845","6107","57308","977","6583","false","464758","125","220","632","25187","27048","15552"
"17","0.1","1","false","false","false","true","false","false","false","1","1","1","0.25","1","0","0","0","100","0","50","0.4","10","2.5","2","60","1.6","0.4","20.5","6.7","16","8.21","365","14","1","0","0","299","299","165","19913","1474","3766","6085","57778","984","6444","false","465589","125","222","637","25324","27171","15634"
"17","0.1","1","false","false","false","true","false","false","false","1","1","1","0.25","1","0","0","0","100","0","50","0.4","10","2.5","2","60","1.6","0.4","20.5","6.7","16","8.21","365","14","1","0","0","299","299","166","19544","1495","3727","5978","58267","989","6465","false","466766","125","223","641","25478","27323","15721"
"17","0.1","1","false","false","false","true","false","false","false","1","1","1","0.25","1","0","0","0","100","0","50","0.4","10","2.5","2","60","1.6","0.4","20.5","6.7","16","8.21","365","14","1","0","0","299","299","167","19193","1524","3698","5870","58715","1000","6415","false","466621","127","225","648","25617","27458","15809"
"17","0.1","1","false","false","false","true","false","false","false","1","1","1","0.25","1","0","0","0","100","0","50","0.4","10","2.5","2","60","1.6","0.4","20.5","6.7","16","8.21","365","14","1","0","0","299","299","168","18864","1491","3614","5811","59211","1009","6314","false","466913","127","228","654","25757","27588","15884"
"17","0.1","1","false","false","false","true","false","false","false","1","1","1","0.25","1","0","0","0","100","0","50","0.4","10","2.5","2","60","1.6","0.4","20.5","6.7","16","8.21","365","14","1","0","0","299","299","169","18564","1458","3588","5748","59620","1022","6160","false","467786","129","230","663","25875","27724","15970"
"17","0.1","1","false","false","false","true","false","false","false","1","1","1","0.25","1","0","0","0","100","0","50","0.4","10","2.5","2","60","1.6","0.4","20.5","6.7","16","8.21","365","14","1","0","0","299","299","170","18223","1435","3548","5725","60043","1026","6143","false","468933","130","230","666","26011","27852","16059"
"17","0.1","1","false","false","false","true","false","false","false","1","1","1","0.25","1","0","0","0","100","0","50","0.4","10","2.5","2","60","1.6","0.4","20.5","6.7","16","8.21","365","14","1","0","0","299","299","171","17912","1389","3495","5707","60463","1034","5986","false","469197","131","230","673","26141","27985","16137"
"17","0.1","1","false","false","false","true","false","false","false","1","1","1","0.25","1","0","0","0","100","0","50","0.4","10","2.5","2","60","1.6","0.4","20.5","6.7","16","8.21","365","14","1","0","0","299","299","172","17621","1348","3448","5649","60889","1045","5836","false","470324","132","235","678","26261","28113","16210"
"17","0.1","1","false","false","false","true","false","false","false","1","1","1","0.25","1","0","0","0","100","0","50","0.4","10","2.5","2","60","1.6","0.4","20.5","6.7","16","8.21","365","14","1","0","0","299","299","173","17314","1298","3413","5614","61312","1049","5724","false","471459","133","237","679","26386","28257","16308"
"17","0.1","1","false","false","false","true","false","false","false","1","1","1","0.25","1","0","0","0","100","0","50","0.4","10","2.5","2","60","1.6","0.4","20.5","6.7","16","8.21","365","14","1","0","0","299","299","174","17006","1272","3395","5535","61739","1053","5592","false","472457","134","237","682","26534","28378","16401"
"17","0.1","1","false","false","false","true","false","false","false","1","1","1","0.25","1","0","0","0","100","0","50","0.4","10","2.5","2","60","1.6","0.4","20.5","6.7","16","8.21","365","14","1","0","0","299","299","175","16684","1312","3375","5415","62152","1062","5603","false","473628","137","237","688","26649","28517","16458"
"17","0.1","1","false","false","false","true","false","false","false","1","1","1","0.25","1","0","0","0","100","0","50","0.4","10","2.5","2","60","1.6","0.4","20.5","6.7","16","8.21","365","14","1","0","0","299","299","176","16389","1296","3309","5340","62598","1068","5560","false","473645","137","238","693","26771","28639","16528"
"17","0.1","1","false","false","false","true","false","false","false","1","1","1","0.25","1","0","0","0","100","0","50","0.4","10","2.5","2","60","1.6","0.4","20.5","6.7","16","8.21","365","14","1","0","0","299","299","177","16084","1305","3292","5221","63026","1072","5485","false","473943","138","238","696","26889","28756","16592"
"17","0.1","1","false","false","false","true","false","false","false","1","1","1","0.25","1","0","0","0","100","0","50","0.4","10","2.5","2","60","1.6","0.4","20.5","6.7","16","8.21","365","14","1","0","0","299","299","178","15794","1290","3253","5146","63437","1080","5448","false","474543","140","239","701","27016","28882","16658"
"17","0.1","1","false","false","false","true","false","false","false","1","1","1","0.25","1","0","0","0","100","0","50","0.4","10","2.5","2","60","1.6","0.4","20.5","6.7","16","8.21","365","14","1","0","0","299","299","179","15522","1286","3180","5017","63910","1085","5301","false","474858","141","239","705","27120","29006","16727"
"17","0.1","1","false","false","false","true","false","false","false","1","1","1","0.25","1","0","0","0","100","0","50","0.4","10","2.5","2","60","1.6","0.4","20.5","6.7","16","8.21","365","14","1","0","0","299","299","180","15276","1254","3134","4956","64287","1093","5209","false","475971","142","240","711","27218","29126","16784"
"17","0.1","1","false","false","false","true","false","false","false","1","1","1","0.25","1","0","0","0","100","0","50","0.4","10","2.5","2","60","1.6","0.4","20.5","6.7","16","8.21","365","14","1","0","0","299","299","181","14999","1251","3092","4896","64654","1108","5046","false","476814","146","240","722","27321","29254","16844"
"17","0.1","1","false","false","false","true","false","false","false","1","1","1","0.25","1","0","0","0","100","0","50","0.4","10","2.5","2","60","1.6","0.4","20.5","6.7","16","8.21","365","14","1","0","0","299","299","182","14716","1242","3062","4824","65037","1119","4988","false","477909","148","240","731","27428","29370","16922"
"17","0.1","1","false","false","false","true","false","false","false","1","1","1","0.25","1","0","0","0","100","0","50","0.4","10","2.5","2","60","1.6","0.4","20.5","6.7","16","8.21","365","14","1","0","0","299","299","183","14429","1217","3006","4821","65401","1126","4860","false","478303","150","241","735","27530","29480","17013"
"17","0.1","1","false","false","false","true","false","false","false","1","1","1","0.25","1","0","0","0","100","0","50","0.4","10","2.5","2","60","1.6","0.4","20.5","6.7","16","8.21","365","14","1","0","0","299","299","184","14162","1204","2971","4778","65754","1131","4826","false","479444","153","241","737","27632","29584","17076"
"17","0.1","1","false","false","false","true","false","false","false","1","1","1","0.25","1","0","0","0","100","0","50","0.4","10","2.5","2","60","1.6","0.4","20.5","6.7","16","8.21","365","14","1","0","0","299","299","185","13921","1181","2954","4711","66093","1140","4774","false","479706","154","243","743","27744","29689","17128"
"17","0.1","1","false","false","false","true","false","false","false","1","1","1","0.25","1","0","0","0","100","0","50","0.4","10","2.5","2","60","1.6","0.4","20.5","6.7","16","8.21","365","14","1","0","0","299","299","186","13688","1140","2911","4663","66454","1144","4714","false","480070","154","244","746","27859","29787","17183"
"17","0.1","1","false","false","false","true","false","false","false","1","1","1","0.25","1","0","0","0","100","0","50","0.4","10","2.5","2","60","1.6","0.4","20.5","6.7","16","8.21","365","14","1","0","0","299","299","187","13466","1088","2867","4584","66841","1154","4547","false","480589","156","248","750","27961","29904","17249"
"17","0.1","1","false","false","false","true","false","false","false","1","1","1","0.25","1","0","0","0","100","0","50","0.4","10","2.5","2","60","1.6","0.4","20.5","6.7","16","8.21","365","14","1","0","0","299","299","188","13237","1033","2842","4503","67224","1161","4500","false","481862","159","250","752","28048","30034","17323"
"17","0.1","1","false","false","false","true","false","false","false","1","1","1","0.25","1","0","0","0","100","0","50","0.4","10","2.5","2","60","1.6","0.4","20.5","6.7","16","8.21","365","14","1","0","0","299","299","189","12991","1044","2809","4445","67543","1168","4413","false","482249","160","252","756","28138","30129","17386"
"17","0.1","1","false","false","false","true","false","false","false","1","1","1","0.25","1","0","0","0","100","0","50","0.4","10","2.5","2","60","1.6","0.4","20.5","6.7","16","8.21","365","14","1","0","0","299","299","190","12733","1060","2762","4366","67908","1171","4378","false","483087","161","254","756","28244","30220","17441"
"17","0.1","1","false","false","false","true","false","false","false","1","1","1","0.25","1","0","0","0","100","0","50","0.4","10","2.5","2","60","1.6","0.4","20.5","6.7","16","8.21","365","14","1","0","0","299","299","191","12516","1039","2718","4310","68244","1173","4283","false","483412","161","254","758","28333","30322","17494"
"17","0.1","1","false","false","false","true","false","false","false","1","1","1","0.25","1","0","0","0","100","0","50","0.4","10","2.5","2","60","1.6","0.4","20.5","6.7","16","8.21","365","14","1","0","0","299","299","192","12291","1009","2675","4231","68616","1178","4200","false","484172","162","254","762","28424","30431","17546"
"17","0.1","1","false","false","false","true","false","false","false","1","1","1","0.25","1","0","0","0","100","0","50","0.4","10","2.5","2","60","1.6","0.4","20.5","6.7","16","8.21","365","14","1","0","0","299","299","193","12057","1012","2627","4156","68960","1188","4139","false","484979","163","254","771","28520","30530","17609"
"17","0.1","1","false","false","false","true","false","false","false","1","1","1","0.25","1","0","0","0","100","0","50","0.4","10","2.5","2","60","1.6","0.4","20.5","6.7","16","8.21","365","14","1","0","0","299","299","194","11838","977","2571","4115","69304","1195","4084","false","485485","165","255","775","28603","30621","17665"
"17","0.1","1","false","false","false","true","false","false","false","1","1","1","0.25","1","0","0","0","100","0","50","0.4","10","2.5","2","60","1.6","0.4","20.5","6.7","16","8.21","365","14","1","0","0","299","299","195","11624","963","2520","4050","69644","1199","3965","false","485988","166","256","777","28682","30696","17730"
"17","0.1","1","false","false","false","true","false","false","false","1","1","1","0.25","1","0","0","0","100","0","50","0.4","10","2.5","2","60","1.6","0.4","20.5","6.7","16","8.21","365","14","1","0","0","299","299","196","11375","1006","2489","3947","69978","1205","3990","false","486931","166","260","779","28781","30777","17778"
"17","0.1","1","false","false","false","true","false","false","false","1","1","1","0.25","1","0","0","0","100","0","50","0.4","10","2.5","2","60","1.6","0.4","20.5","6.7","16","8.21","365","14","1","0","0","299","299","197","11159","987","2463","3878","70305","1208","3996","false","486819","166","263","779","28882","30871","17835"
"17","0.1","1","false","false","false","true","false","false","false","1","1","1","0.25","1","0","0","0","100","0","50","0.4","10","2.5","2","60","1.6","0.4","20.5","6.7","16","8.21","365","14","1","0","0","299","299","198","10930","991","2430","3799","70638","1212","3939","false","486784","167","263","782","28974","30960","17889"
"17","0.1","1","false","false","false","true","false","false","false","1","1","1","0.25","1","0","0","0","100","0","50","0.4","10","2.5","2","60","1.6","0.4","20.5","6.7","16","8.21","365","14","1","0","0","299","299","199","10728","957","2400","3764","70935","1216","3824","false","487271","168","264","784","29060","31048","17948"
"17","0.1","1","false","false","false","true","false","false","false","1","1","1","0.25","1","0","0","0","100","0","50","0.4","10","2.5","2","60","1.6","0.4","20.5","6.7","16","8.21","365","14","1","0","0","299","299","200","10492","931","2357","3742","71261","1217","3803","false","488157","169","264","784","29140","31131","18006"
"17","0.1","1","false","false","false","true","false","false","false","1","1","1","0.25","1","0","0","0","100","0","50","0.4","10","2.5","2","60","1.6","0.4","20.5","6.7","16","8.21","365","14","1","0","0","299","299","201","10274","926","2321","3715","71541","1223","3784","false","488323","172","265","786","29217","31207","18056"
"17","0.1","1","false","false","false","true","false","false","false","1","1","1","0.25","1","0","0","0","100","0","50","0.4","10","2.5","2","60","1.6","0.4","20.5","6.7","16","8.21","365","14","1","0","0","299","299","202","10067","900","2339","3645","71822","1227","3809","false","488539","173","265","789","29315","31313","18113"
"17","0.1","1","false","false","false","true","false","false","false","1","1","1","0.25","1","0","0","0","100","0","50","0.4","10","2.5","2","60","1.6","0.4","20.5","6.7","16","8.21","365","14","1","0","0","299","299","203","9842","926","2323","3560","72119","1230","3807","false","488279","173","265","792","29383","31406","18164"
"17","0.1","1","false","false","false","true","false","false","false","1","1","1","0.25","1","0","0","0","100","0","50","0.4","10","2.5","2","60","1.6","0.4","20.5","6.7","16","8.21","365","14","1","0","0","299","299","204","9631","949","2294","3487","72402","1237","3829","false","488443","173","268","796","29464","31486","18202"
"17","0.1","1","false","false","false","true","false","false","false","1","1","1","0.25","1","0","0","0","100","0","50","0.4","10","2.5","2","60","1.6","0.4","20.5","6.7","16","8.21","365","14","1","0","0","299","299","205","9439","915","2264","3463","72673","1246","3879","false","488310","173","270","803","29548","31589","18260"
"17","0.1","1","false","false","false","true","false","false","false","1","1","1","0.25","1","0","0","0","100","0","50","0.4","10","2.5","2","60","1.6","0.4","20.5","6.7","16","8.21","365","14","1","0","0","299","299","206","9261","882","2213","3420","72972","1252","3841","false","487914","173","271","808","29630","31661","18307"
"17","0.1","1","false","false","false","true","false","false","false","1","1","1","0.25","1","0","0","0","100","0","50","0.4","10","2.5","2","60","1.6","0.4","20.5","6.7","16","8.21","365","14","1","0","0","299","299","207","9075","845","2182","3381","73257","1260","3767","false","488342","173","275","812","29720","31734","18354"
"17","0.1","1","false","false","false","true","false","false","false","1","1","1","0.25","1","0","0","0","100","0","50","0.4","10","2.5","2","60","1.6","0.4","20.5","6.7","16","8.21","365","14","1","0","0","299","299","208","8909","789","2159","3354","73527","1262","3731","false","488845","174","275","813","29795","31826","18406"
"17","0.1","1","false","false","false","true","false","false","false","1","1","1","0.25","1","0","0","0","100","0","50","0.4","10","2.5","2","60","1.6","0.4","20.5","6.7","16","8.21","365","14","1","0","0","299","299","209","8725","769","2139","3308","73794","1265","3701","false","489140","175","275","815","29875","31919","18450"
"17","0.1","1","false","false","false","true","false","false","false","1","1","1","0.25","1","0","0","0","100","0","50","0.4","10","2.5","2","60","1.6","0.4","20.5","6.7","16","8.21","365","14","1","0","0","299","299","210","8586","726","2143","3260","74013","1272","3620","false","489346","176","276","820","29952","32008","18491"
"17","0.1","1","false","false","false","true","false","false","false","1","1","1","0.25","1","0","0","0","100","0","50","0.4","10","2.5","2","60","1.6","0.4","20.5","6.7","16","8.21","365","14","1","0","0","299","299","211","8416","713","2127","3205","74263","1276","3551","false","489992","176","276","824","30025","32078","18546"
"17","0.1","1","false","false","false","true","false","false","false","1","1","1","0.25","1","0","0","0","100","0","50","0.4","10","2.5","2","60","1.6","0.4","20.5","6.7","16","8.21","365","14","1","0","0","299","299","212","8245","715","2105","3156","74501","1278","3573","false","490577","176","277","825","30086","32144","18586"
"17","0.1","1","false","false","false","true","false","false","false","1","1","1","0.25","1","0","0","0","100","0","50","0.4","10","2.5","2","60","1.6","0.4","20.5","6.7","16","8.21","365","14","1","0","0","299","299","213","8072","725","2066","3096","74757","1284","3520","false","490505","178","278","828","30152","32211","18630"
"17","0.1","1","false","false","false","true","false","false","false","1","1","1","0.25","1","0","0","0","100","0","50","0.4","10","2.5","2","60","1.6","0.4","20.5","6.7","16","8.21","365","14","1","0","0","299","299","214","7887","752","2018","3033","75024","1286","3412","false","490842","178","278","830","30210","32266","18672"
"17","0.1","1","false","false","false","true","false","false","false","1","1","1","0.25","1","0","0","0","100","0","50","0.4","10","2.5","2","60","1.6","0.4","20.5","6.7","16","8.21","365","14","1","0","0","299","299","215","7742","726","1983","2994","75263","1292","3299","false","491643","179","279","834","30254","32337","18716"
"17","0.1","1","false","false","false","true","false","false","false","1","1","1","0.25","1","0","0","0","100","0","50","0.4","10","2.5","2","60","1.6","0.4","20.5","6.7","16","8.21","365","14","1","0","0","299","299","216","7568","722","1932","2961","75517","1300","3214","false","492446","181","282","837","30323","32407","18748"
"17","0.1","1","false","false","false","true","false","false","false","1","1","1","0.25","1","0","0","0","100","0","50","0.4","10","2.5","2","60","1.6","0.4","20.5","6.7","16","8.21","365","14","1","0","0","299","299","217","7398","715","1912","2908","75765","1302","3138","false","493169","182","282","838","30383","32482","18786"
"17","0.1","1","false","false","false","true","false","false","false","1","1","1","0.25","1","0","0","0","100","0","50","0.4","10","2.5","2","60","1.6","0.4","20.5","6.7","16","8.21","365","14","1","0","0","299","299","218","7214","734","1887","2854","76006","1305","3038","false","493824","182","283","840","30449","32557","18832"
"17","0.1","1","false","false","false","true","false","false","false","1","1","1","0.25","1","0","0","0","100","0","50","0.4","10","2.5","2","60","1.6","0.4","20.5","6.7","16","8.21","365","14","1","0","0","299","299","219","7028","753","1860","2814","76235","1310","2997","false","494632","182","286","842","30500","32634","18875"
"17","0.1","1","false","false","false","true","false","false","false","1","1","1","0.25","1","0","0","0","100","0","50","0.4","10","2.5","2","60","1.6","0.4","20.5","6.7","16","8.21","365","14","1","0","0","299","299","220","6840","758","1817","2783","76486","1316","2984","false","494971","182","287","847","30577","32709","18910"
"17","0.1","1","false","false","false","true","false","false","false","1","1","1","0.25","1","0","0","0","100","0","50","0.4","10","2.5","2","60","1.6","0.4","20.5","6.7","16","8.21","365","14","1","0","0","299","299","221","6658","769","1785","2739","76730","1319","2968","false","495019","183","287","849","30642","32777","18959"
"17","0.1","1","false","false","false","true","false","false","false","1","1","1","0.25","1","0","0","0","100","0","50","0.4","10","2.5","2","60","1.6","0.4","20.5","6.7","16","8.21","365","14","1","0","0","299","299","222","6516","736","1751","2700","76977","1320","2875","false","495146","183","288","849","30701","32851","19002"
"17","0.1","1","false","false","false","true","false","false","false","1","1","1","0.25","1","0","0","0","100","0","50","0.4","10","2.5","2","60","1.6","0.4","20.5","6.7","16","8.21","365","14","1","0","0","299","299","223","6357","708","1727","2656","77228","1324","2874","false","495867","184","288","852","30765","32929","19050"
"17","0.1","1","false","false","false","true","false","false","false","1","1","1","0.25","1","0","0","0","100","0","50","0.4","10","2.5","2","60","1.6","0.4","20.5","6.7","16","8.21","365","14","1","0","0","299","299","224","6213","674","1707","2653","77425","1328","2828","false","495911","184","289","855","30830","33000","19083"
"17","0.1","1","false","false","false","true","false","false","false","1","1","1","0.25","1","0","0","0","100","0","50","0.4","10","2.5","2","60","1.6","0.4","20.5","6.7","16","8.21","365","14","1","0","0","299","299","225","6068","655","1699","2632","77616","1330","2782","false","496218","184","289","857","30879","33060","19130"
"17","0.1","1","false","false","false","true","false","false","false","1","1","1","0.25","1","0","0","0","100","0","50","0.4","10","2.5","2","60","1.6","0.4","20.5","6.7","16","8.21","365","14","1","0","0","299","299","226","5918","636","1677","2594","77844","1331","2751","false","496698","184","290","857","30943","33136","19171"
"17","0.1","1","false","false","false","true","false","false","false","1","1","1","0.25","1","0","0","0","100","0","50","0.4","10","2.5","2","60","1.6","0.4","20.5","6.7","16","8.21","365","14","1","0","0","299","299","227","5765","631","1663","2567","78035","1339","2720","false","497008","184","292","863","31005","33200","19211"
"17","0.1","1","false","false","false","true","false","false","false","1","1","1","0.25","1","0","0","0","100","0","50","0.4","10","2.5","2","60","1.6","0.4","20.5","6.7","16","8.21","365","14","1","0","0","299","299","228","5630","626","1638","2526","78239","1341","2711","false","497169","184","293","864","31058","33259","19254"
"17","0.1","1","false","false","false","true","false","false","false","1","1","1","0.25","1","0","0","0","100","0","50","0.4","10","2.5","2","60","1.6","0.4","20.5","6.7","16","8.21","365","14","1","0","0","299","299","229","5494","607","1614","2517","78426","1342","2653","false","497336","184","293","865","31124","33321","19289"
"17","0.1","1","false","false","false","true","false","false","false","1","1","1","0.25","1","0","0","0","100","0","50","0.4","10","2.5","2","60","1.6","0.4","20.5","6.7","16","8.21","365","14","1","0","0","299","299","230","5332","639","1591","2489","78603","1346","2640","false","497960","184","294","868","31174","33380","19319"
"17","0.1","1","false","false","false","true","false","false","false","1","1","1","0.25","1","0","0","0","100","0","50","0.4","10","2.5","2","60","1.6","0.4","20.5","6.7","16","8.21","365","14","1","0","0","299","299","231","5202","604","1574","2464","78808","1348","2568","false","498058","184","294","870","31232","33444","19348"
"17","0.1","1","false","false","false","true","false","false","false","1","1","1","0.25","1","0","0","0","100","0","50","0.4","10","2.5","2","60","1.6","0.4","20.5","6.7","16","8.21","365","14","1","0","0","299","299","232","5069","600","1543","2438","79000","1350","2488","false","498639","184","295","871","31274","33493","19385"
"17","0.1","1","false","false","false","true","false","false","false","1","1","1","0.25","1","0","0","0","100","0","50","0.4","10","2.5","2","60","1.6","0.4","20.5","6.7","16","8.21","365","14","1","0","0","299","299","233","4965","555","1501","2404","79220","1355","2397","false","499301","185","296","874","31328","33544","19414"
"17","0.1","1","false","false","false","true","false","false","false","1","1","1","0.25","1","0","0","0","100","0","50","0.4","10","2.5","2","60","1.6","0.4","20.5","6.7","16","8.21","365","14","1","0","0","299","299","234","4842","540","1478","2378","79405","1357","2339","false","499975","185","297","875","31389","33596","19455"
"17","0.1","1","false","false","false","true","false","false","false","1","1","1","0.25","1","0","0","0","100","0","50","0.4","10","2.5","2","60","1.6","0.4","20.5","6.7","16","8.21","365","14","1","0","0","299","299","235","4707","543","1475","2325","79590","1360","2326","false","500514","185","297","878","31449","33652","19483"
"17","0.1","1","false","false","false","true","false","false","false","1","1","1","0.25","1","0","0","0","100","0","50","0.4","10","2.5","2","60","1.6","0.4","20.5","6.7","16","8.21","365","14","1","0","0","299","299","236","4566","558","1444","2301","79767","1364","2289","false","500640","185","298","881","31489","33708","19513"
"17","0.1","1","false","false","false","true","false","false","false","1","1","1","0.25","1","0","0","0","100","0","50","0.4","10","2.5","2","60","1.6","0.4","20.5","6.7","16","8.21","365","14","1","0","0","299","299","237","4441","565","1424","2265","79940","1365","2257","false","501010","185","298","882","31525","33761","19547"
"17","0.1","1","false","false","false","true","false","false","false","1","1","1","0.25","1","0","0","0","100","0","50","0.4","10","2.5","2","60","1.6","0.4","20.5","6.7","16","8.21","365","14","1","0","0","299","299","238","4309","569","1406","2240","80109","1367","2234","false","501295","186","299","882","31573","33819","19579"
"17","0.1","1","false","false","false","true","false","false","false","1","1","1","0.25","1","0","0","0","100","0","50","0.4","10","2.5","2","60","1.6","0.4","20.5","6.7","16","8.21","365","14","1","0","0","299","299","239","4186","560","1401","2206","80276","1371","2248","false","501537","190","299","882","31632","33873","19612"
"17","0.1","1","false","false","false","true","false","false","false","1","1","1","0.25","1","0","0","0","100","0","50","0.4","10","2.5","2","60","1.6","0.4","20.5","6.7","16","8.21","365","14","1","0","0","299","299","240","4081","545","1375","2166","80457","1376","2224","false","501417","191","300","885","31670","33921","19637"
"17","0.1","1","false","false","false","true","false","false","false","1","1","1","0.25","1","0","0","0","100","0","50","0.4","10","2.5","2","60","1.6","0.4","20.5","6.7","16","8.21","365","14","1","0","0","299","299","241","3969","508","1366","2165","80613","1379","2164","false","501630","192","300","887","31721","33972","19671"
"17","0.1","1","false","false","false","true","false","false","false","1","1","1","0.25","1","0","0","0","100","0","50","0.4","10","2.5","2","60","1.6","0.4","20.5","6.7","16","8.21","365","14","1","0","0","299","299","242","3866","483","1328","2142","80799","1382","2150","false","502100","192","301","889","31774","34030","19693"
"17","0.1","1","false","false","false","true","false","false","false","1","1","1","0.25","1","0","0","0","100","0","50","0.4","10","2.5","2","60","1.6","0.4","20.5","6.7","16","8.21","365","14","1","0","0","299","299","243","3767","478","1301","2092","80979","1383","2141","false","502271","192","301","890","31820","34073","19718"
"17","0.1","1","false","false","false","true","false","false","false","1","1","1","0.25","1","0","0","0","100","0","50","0.4","10","2.5","2","60","1.6","0.4","20.5","6.7","16","8.21","365","14","1","0","0","299","299","244","3682","461","1293","2040","81137","1387","2080","false","502396","193","302","892","31851","34121","19749"
"17","0.1","1","false","false","false","true","false","false","false","1","1","1","0.25","1","0","0","0","100","0","50","0.4","10","2.5","2","60","1.6","0.4","20.5","6.7","16","8.21","365","14","1","0","0","299","299","245","3600","429","1288","2003","81289","1391","2029","false","502833","193","304","894","31885","34174","19784"
"17","0.1","1","false","false","false","true","false","false","false","1","1","1","0.25","1","0","0","0","100","0","50","0.4","10","2.5","2","60","1.6","0.4","20.5","6.7","16","8.21","365","14","1","0","0","299","299","246","3501","400","1261","1992","81455","1391","1998","false","503145","193","304","894","31934","34221","19806"
"17","0.1","1","false","false","false","true","false","false","false","1","1","1","0.25","1","0","0","0","100","0","50","0.4","10","2.5","2","60","1.6","0.4","20.5","6.7","16","8.21","365","14","1","0","0","299","299","247","3388","426","1245","1953","81596","1392","1998","false","503487","193","304","895","31978","34253","19825"
"17","0.1","1","false","false","false","true","false","false","false","1","1","1","0.25","1","0","0","0","100","0","50","0.4","10","2.5","2","60","1.6","0.4","20.5","6.7","16","8.21","365","14","1","0","0","299","299","248","3304","409","1231","1912","81748","1396","1944","false","503577","194","304","898","32012","34291","19854"
"17","0.1","1","false","false","false","true","false","false","false","1","1","1","0.25","1","0","0","0","100","0","50","0.4","10","2.5","2","60","1.6","0.4","20.5","6.7","16","8.21","365","14","1","0","0","299","299","249","3219","401","1209","1869","81904","1398","1848","false","504045","194","305","899","32039","34335","19876"
"17","0.1","1","false","false","false","true","false","false","false","1","1","1","0.25","1","0","0","0","100","0","50","0.4","10","2.5","2","60","1.6","0.4","20.5","6.7","16","8.21","365","14","1","0","0","299","299","250","3123","405","1191","1812","82066","1403","1820","false","504804","194","307","902","32082","34380","19901"
"17","0.1","1","false","false","false","true","false","false","false","1","1","1","0.25","1","0","0","0","100","0","50","0.4","10","2.5","2","60","1.6","0.4","20.5","6.7","16","8.21","365","14","1","0","0","299","299","251","3045","396","1170","1769","82212","1408","1745","false","504963","195","307","906","32115","34411","19925"
"17","0.1","1","false","false","false","true","false","false","false","1","1","1","0.25","1","0","0","0","100","0","50","0.4","10","2.5","2","60","1.6","0.4","20.5","6.7","16","8.21","365","14","1","0","0","299","299","252","2961","371","1142","1741","82374","1411","1688","false","505501","195","309","907","32162","34455","19946"
"17","0.1","1","false","false","false","true","false","false","false","1","1","1","0.25","1","0","0","0","100","0","50","0.4","10","2.5","2","60","1.6","0.4","20.5","6.7","16","8.21","365","14","1","0","0","299","299","253","2874","366","1117","1708","82522","1413","1602","false","505920","195","309","909","32191","34498","19965"
"17","0.1","1","false","false","false","true","false","false","false","1","1","1","0.25","1","0","0","0","100","0","50","0.4","10","2.5","2","60","1.6","0.4","20.5","6.7","16","8.21","365","14","1","0","0","299","299","254","2786","363","1086","1681","82667","1417","1539","false","506584","196","309","912","32227","34531","19980"
"17","0.1","1","false","false","false","true","false","false","false","1","1","1","0.25","1","0","0","0","100","0","50","0.4","10","2.5","2","60","1.6","0.4","20.5","6.7","16","8.21","365","14","1","0","0","299","299","255","2680","394","1046","1641","82818","1421","1479","false","507031","196","311","914","32259","34560","19998"
"17","0.1","1","false","false","false","true","false","false","false","1","1","1","0.25","1","0","0","0","100","0","50","0.4","10","2.5","2","60","1.6","0.4","20.5","6.7","16","8.21","365","14","1","0","0","299","299","256","2587","392","1040","1605","82955","1421","1461","false","507504","196","311","914","32298","34594","20016"
"17","0.1","1","false","false","false","true","false","false","false","1","1","1","0.25","1","0","0","0","100","0","50","0.4","10","2.5","2","60","1.6","0.4","20.5","6.7","16","8.21","365","14","1","0","0","299","299","257","2505","379","1012","1565","83116","1423","1439","false","507750","196","312","915","32325","34631","20037"
"17","0.1","1","false","false","false","true","false","false","false","1","1","1","0.25","1","0","0","0","100","0","50","0.4","10","2.5","2","60","1.6","0.4","20.5","6.7","16","8.21","365","14","1","0","0","299","299","258","2420","365","989","1550","83246","1430","1463","false","507962","196","314","920","32361","34670","20058"
"17","0.1","1","false","false","false","true","false","false","false","1","1","1","0.25","1","0","0","0","100","0","50","0.4","10","2.5","2","60","1.6","0.4","20.5","6.7","16","8.21","365","14","1","0","0","299","299","259","2355","346","963","1507","83397","1432","1445","false","507713","196","315","921","32393","34705","20081"
"17","0.1","1","false","false","false","true","false","false","false","1","1","1","0.25","1","0","0","0","100","0","50","0.4","10","2.5","2","60","1.6","0.4","20.5","6.7","16","8.21","365","14","1","0","0","299","299","260","2270","349","964","1456","83528","1433","1409","false","507820","196","315","922","32424","34741","20113"
"17","0.1","1","false","false","false","true","false","false","false","1","1","1","0.25","1","0","0","0","100","0","50","0.4","10","2.5","2","60","1.6","0.4","20.5","6.7","16","8.21","365","14","1","0","0","299","299","261","2202","324","956","1431","83652","1435","1373","false","508148","196","316","923","32458","34774","20137"
"17","0.1","1","false","false","false","true","false","false","false","1","1","1","0.25","1","0","0","0","100","0","50","0.4","10","2.5","2","60","1.6","0.4","20.5","6.7","16","8.21","365","14","1","0","0","299","299","262","2144","316","946","1392","83766","1436","1364","false","508563","196","316","924","32484","34808","20151"
"17","0.1","1","false","false","false","true","false","false","false","1","1","1","0.25","1","0","0","0","100","0","50","0.4","10","2.5","2","60","1.6","0.4","20.5","6.7","16","8.21","365","14","1","0","0","299","299","263","2089","291","935","1368","83881","1436","1323","false","508720","196","316","924","32519","34835","20168"
"17","0.1","1","false","false","false","true","false","false","false","1","1","1","0.25","1","0","0","0","100","0","50","0.4","10","2.5","2","60","1.6","0.4","20.5","6.7","16","8.21","365","14","1","0","0","299","299","264","2016","302","934","1315","83995","1438","1320","false","509104","196","317","925","32546","34872","20183"
"17","0.1","1","false","false","false","true","false","false","false","1","1","1","0.25","1","0","0","0","100","0","50","0.4","10","2.5","2","60","1.6","0.4","20.5","6.7","16","8.21","365","14","1","0","0","299","299","265","1963","277","886","1303","84131","1440","1274","false","509168","196","317","927","32568","34894","20203"
"17","0.1","1","false","false","false","true","false","false","false","1","1","1","0.25","1","0","0","0","100","0","50","0.4","10","2.5","2","60","1.6","0.4","20.5","6.7","16","8.21","365","14","1","0","0","299","299","266","1906","258","867","1284","84243","1442","1241","false","509532","196","318","928","32598","34925","20217"
"17","0.1","1","false","false","false","true","false","false","false","1","1","1","0.25","1","0","0","0","100","0","50","0.4","10","2.5","2","60","1.6","0.4","20.5","6.7","16","8.21","365","14","1","0","0","299","299","267","1853","243","840","1257","84363","1444","1205","false","509888","196","319","929","32625","34947","20232"
"17","0.1","1","false","false","false","true","false","false","false","1","1","1","0.25","1","0","0","0","100","0","50","0.4","10","2.5","2","60","1.6","0.4","20.5","6.7","16","8.21","365","14","1","0","0","299","299","268","1796","242","834","1196","84487","1445","1184","false","510163","196","320","929","32646","34981","20249"
"17","0.1","1","false","false","false","true","false","false","false","1","1","1","0.25","1","0","0","0","100","0","50","0.4","10","2.5","2","60","1.6","0.4","20.5","6.7","16","8.21","365","14","1","0","0","299","299","269","1745","234","818","1163","84592","1448","1134","false","510407","196","320","932","32672","35008","20264"
"17","0.1","1","false","false","false","true","false","false","false","1","1","1","0.25","1","0","0","0","100","0","50","0.4","10","2.5","2","60","1.6","0.4","20.5","6.7","16","8.21","365","14","1","0","0","299","299","270","1688","237","791","1139","84696","1449","1117","false","510836","196","320","933","32689","35033","20280"
"17","0.1","1","false","false","false","true","false","false","false","1","1","1","0.25","1","0","0","0","100","0","50","0.4","10","2.5","2","60","1.6","0.4","20.5","6.7","16","8.21","365","14","1","0","0","299","299","271","1621","260","781","1087","84802","1449","1074","false","511006","196","320","933","32708","35054","20292"
"17","0.1","1","false","false","false","true","false","false","false","1","1","1","0.25","1","0","0","0","100","0","50","0.4","10","2.5","2","60","1.6","0.4","20.5","6.7","16","8.21","365","14","1","0","0","299","299","272","1571","255","763","1052","84908","1451","1032","false","511364","197","320","934","32742","35071","20302"
"17","0.1","1","false","false","false","true","false","false","false","1","1","1","0.25","1","0","0","0","100","0","50","0.4","10","2.5","2","60","1.6","0.4","20.5","6.7","16","8.21","365","14","1","0","0","299","299","273","1524","235","747","1030","85011","1453","999","false","511709","197","321","935","32765","35090","20315"
"17","0.1","1","false","false","false","true","false","false","false","1","1","1","0.25","1","0","0","0","100","0","50","0.4","10","2.5","2","60","1.6","0.4","20.5","6.7","16","8.21","365","14","1","0","0","299","299","274","1470","225","726","1028","85095","1456","939","false","511927","198","322","936","32784","35115","20330"
"17","0.1","1","false","false","false","true","false","false","false","1","1","1","0.25","1","0","0","0","100","0","50","0.4","10","2.5","2","60","1.6","0.4","20.5","6.7","16","8.21","365","14","1","0","0","299","299","275","1419","227","709","998","85189","1458","903","false","512389","198","323","937","32806","35132","20345"
"17","0.1","1","false","false","false","true","false","false","false","1","1","1","0.25","1","0","0","0","100","0","50","0.4","10","2.5","2","60","1.6","0.4","20.5","6.7","16","8.21","365","14","1","0","0","299","299","276","1378","207","697","985","85275","1458","874","false","512643","198","323","937","32829","35160","20355"
"17","0.1","1","false","false","false","true","false","false","false","1","1","1","0.25","1","0","0","0","100","0","50","0.4","10","2.5","2","60","1.6","0.4","20.5","6.7","16","8.21","365","14","1","0","0","299","299","277","1330","218","675","958","85361","1458","853","false","512917","198","323","937","32846","35178","20366"
"17","0.1","1","false","false","false","true","false","false","false","1","1","1","0.25","1","0","0","0","100","0","50","0.4","10","2.5","2","60","1.6","0.4","20.5","6.7","16","8.21","365","14","1","0","0","299","299","278","1283","222","663","919","85451","1462","823","false","513124","199","324","939","32864","35197","20373"
"17","0.1","1","false","false","false","true","false","false","false","1","1","1","0.25","1","0","0","0","100","0","50","0.4","10","2.5","2","60","1.6","0.4","20.5","6.7","16","8.21","365","14","1","0","0","299","299","279","1229","231","647","877","85553","1463","831","false","513327","199","325","939","32888","35216","20381"
"17","0.1","1","false","false","false","true","false","false","false","1","1","1","0.25","1","0","0","0","100","0","50","0.4","10","2.5","2","60","1.6","0.4","20.5","6.7","16","8.21","365","14","1","0","0","299","299","280","1181","228","631","858","85639","1463","806","false","513296","199","325","939","32910","35238","20394"
"17","0.1","1","false","false","false","true","false","false","false","1","1","1","0.25","1","0","0","0","100","0","50","0.4","10","2.5","2","60","1.6","0.4","20.5","6.7","16","8.21","365","14","1","0","0","299","299","281","1136","215","610","861","85714","1464","773","false","513514","199","325","940","32931","35257","20407"
"17","0.1","1","false","false","false","true","false","false","false","1","1","1","0.25","1","0","0","0","100","0","50","0.4","10","2.5","2","60","1.6","0.4","20.5","6.7","16","8.21","365","14","1","0","0","299","299","282","1094","196","607","852","85786","1465","769","false","513734","199","326","940","32948","35287","20422"
"17","0.1","1","false","false","false","true","false","false","false","1","1","1","0.25","1","0","0","0","100","0","50","0.4","10","2.5","2","60","1.6","0.4","20.5","6.7","16","8.21","365","14","1","0","0","299","299","283","1052","188","584","854","85856","1466","741","false","513812","199","326","941","32965","35303","20427"
"17","0.1","1","false","false","false","true","false","false","false","1","1","1","0.25","1","0","0","0","100","0","50","0.4","10","2.5","2","60","1.6","0.4","20.5","6.7","16","8.21","365","14","1","0","0","299","299","284","1014","189","561","834","85935","1467","715","false","514025","199","326","942","32979","35319","20435"
"17","0.1","1","false","false","false","true","false","false","false","1","1","1","0.25","1","0","0","0","100","0","50","0.4","10","2.5","2","60","1.6","0.4","20.5","6.7","16","8.21","365","14","1","0","0","299","299","285","966","189","551","818","86008","1468","719","false","514250","199","327","942","32993","35340","20449"
"17","0.1","1","false","false","false","true","false","false","false","1","1","1","0.25","1","0","0","0","100","0","50","0.4","10","2.5","2","60","1.6","0.4","20.5","6.7","16","8.21","365","14","1","0","0","299","299","286","926","179","533","808","86085","1469","701","false","514279","199","327","943","33010","35352","20463"
"17","0.1","1","false","false","false","true","false","false","false","1","1","1","0.25","1","0","0","0","100","0","50","0.4","10","2.5","2","60","1.6","0.4","20.5","6.7","16","8.21","365","14","1","0","0","299","299","287","892","170","538","786","86144","1470","699","false","514467","199","327","944","33022","35380","20473"
"17","0.1","1","false","false","false","true","false","false","false","1","1","1","0.25","1","0","0","0","100","0","50","0.4","10","2.5","2","60","1.6","0.4","20.5","6.7","16","8.21","365","14","1","0","0","299","299","288","857","173","529","756","86215","1470","692","false","514503","199","327","944","33035","35394","20480"
"17","0.1","1","false","false","false","true","false","false","false","1","1","1","0.25","1","0","0","0","100","0","50","0.4","10","2.5","2","60","1.6","0.4","20.5","6.7","16","8.21","365","14","1","0","0","299","299","289","838","144","524","742","86282","1470","665","false","514627","199","327","944","33051","35411","20493"
"17","0.1","1","false","false","false","true","false","false","false","1","1","1","0.25","1","0","0","0","100","0","50","0.4","10","2.5","2","60","1.6","0.4","20.5","6.7","16","8.21","365","14","1","0","0","299","299","290","812","128","513","723","86352","1472","638","false","514850","199","328","945","33063","35431","20500"
"17","0.1","1","false","false","false","true","false","false","false","1","1","1","0.25","1","0","0","0","100","0","50","0.4","10","2.5","2","60","1.6","0.4","20.5","6.7","16","8.21","365","14","1","0","0","299","299","291","783","124","498","701","86419","1475","635","false","515032","201","328","946","33073","35449","20510"
"17","0.1","1","false","false","false","true","false","false","false","1","1","1","0.25","1","0","0","0","100","0","50","0.4","10","2.5","2","60","1.6","0.4","20.5","6.7","16","8.21","365","14","1","0","0","299","299","292","762","114","489","678","86482","1475","599","false","515051","201","328","946","33083","35462","20522"
"17","0.1","1","false","false","false","true","false","false","false","1","1","1","0.25","1","0","0","0","100","0","50","0.4","10","2.5","2","60","1.6","0.4","20.5","6.7","16","8.21","365","14","1","0","0","299","299","293","737","123","480","639","86545","1476","580","false","515390","201","328","947","33096","35473","20533"
"17","0.1","1","false","false","false","true","false","false","false","1","1","1","0.25","1","0","0","0","100","0","50","0.4","10","2.5","2","60","1.6","0.4","20.5","6.7","16","8.21","365","14","1","0","0","299","299","294","711","120","467","624","86601","1477","578","false","515577","201","328","948","33107","35488","20541"
"17","0.1","1","false","false","false","true","false","false","false","1","1","1","0.25","1","0","0","0","100","0","50","0.4","10","2.5","2","60","1.6","0.4","20.5","6.7","16","8.21","365","14","1","0","0","299","299","295","692","97","453","619","86661","1478","539","false","515602","201","328","949","33120","35499","20551"
"17","0.1","1","false","false","false","true","false","false","false","1","1","1","0.25","1","0","0","0","100","0","50","0.4","10","2.5","2","60","1.6","0.4","20.5","6.7","16","8.21","365","14","1","0","0","299","299","296","666","100","449","593","86714","1478","509","false","515860","201","328","949","33132","35510","20559"
"17","0.1","1","false","false","false","true","false","false","false","1","1","1","0.25","1","0","0","0","100","0","50","0.4","10","2.5","2","60","1.6","0.4","20.5","6.7","16","8.21","365","14","1","0","0","299","299","297","639","98","436","576","86771","1480","498","false","516137","201","328","951","33146","35516","20564"
"17","0.1","1","false","false","false","true","false","false","false","1","1","1","0.25","1","0","0","0","100","0","50","0.4","10","2.5","2","60","1.6","0.4","20.5","6.7","16","8.21","365","14","1","0","0","299","299","298","611","105","422","541","86840","1481","467","false","516216","201","328","952","33155","35526","20569"
"17","0.1","1","false","false","false","true","false","false","false","1","1","1","0.25","1","0","0","0","100","0","50","0.4","10","2.5","2","60","1.6","0.4","20.5","6.7","16","8.21","365","14","1","0","0","299","299","299","585","113","415","518","86888","1481","435","false","516478","201","328","952","33166","35531","20577"
"17","0.1","1","false","false","false","true","false","false","false","1","1","1","0.25","1","0","0","0","100","0","50","0.4","10","2.5","2","60","1.6","0.4","20.5","6.7","16","8.21","365","14","1","0","0","299","299","300","557","124","407","495","86935","1482","421","false","516740","202","328","952","33172","35538","20580"
"17","0.1","1","false","false","false","true","false","false","false","1","1","1","0.25","1","0","0","0","100","0","50","0.4","10","2.5","2","60","1.6","0.4","20.5","6.7","16","8.21","365","14","1","0","0","299","299","301","536","112","392","483","86994","1483","395","false","516870","202","328","953","33188","35548","20588"
"17","0.1","1","false","false","false","true","false","false","false","1","1","1","0.25","1","0","0","0","100","0","50","0.4","10","2.5","2","60","1.6","0.4","20.5","6.7","16","8.21","365","14","1","0","0","299","299","302","517","105","376","474","87044","1484","383","false","517068","202","328","954","33197","35558","20593"
"17","0.1","1","false","false","false","true","false","false","false","1","1","1","0.25","1","0","0","0","100","0","50","0.4","10","2.5","2","60","1.6","0.4","20.5","6.7","16","8.21","365","14","1","0","0","299","299","303","493","101","359","462","87101","1484","369","false","517163","202","328","954","33209","35564","20600"
"17","0.1","1","false","false","false","true","false","false","false","1","1","1","0.25","1","0","0","0","100","0","50","0.4","10","2.5","2","60","1.6","0.4","20.5","6.7","16","8.21","365","14","1","0","0","299","299","304","473","94","355","447","87145","1486","371","false","517261","202","329","955","33226","35571","20605"
"17","0.1","1","false","false","false","true","false","false","false","1","1","1","0.25","1","0","0","0","100","0","50","0.4","10","2.5","2","60","1.6","0.4","20.5","6.7","16","8.21","365","14","1","0","0","299","299","305","450","102","343","425","87193","1487","363","false","517253","202","329","956","33234","35576","20612"
"17","0.1","1","false","false","false","true","false","false","false","1","1","1","0.25","1","0","0","0","100","0","50","0.4","10","2.5","2","60","1.6","0.4","20.5","6.7","16","8.21","365","14","1","0","0","299","299","306","426","95","324","425","87242","1488","368","false","517315","203","329","956","33241","35590","20618"
"17","0.1","1","false","false","false","true","false","false","false","1","1","1","0.25","1","0","0","0","100","0","50","0.4","10","2.5","2","60","1.6","0.4","20.5","6.7","16","8.21","365","14","1","0","0","299","299","307","409","93","313","419","87276","1490","338","false","517321","204","329","957","33248","35593","20627"
"17","0.1","1","false","false","false","true","false","false","false","1","1","1","0.25","1","0","0","0","100","0","50","0.4","10","2.5","2","60","1.6","0.4","20.5","6.7","16","8.21","365","14","1","0","0","299","299","308","394","86","312","403","87314","1491","312","false","517565","204","330","957","33255","35609","20632"
"17","0.1","1","false","false","false","true","false","false","false","1","1","1","0.25","1","0","0","0","100","0","50","0.4","10","2.5","2","60","1.6","0.4","20.5","6.7","16","8.21","365","14","1","0","0","299","299","309","374","86","301","390","87357","1492","308","false","517780","204","330","958","33261","35621","20636"
"17","0.1","1","false","false","false","true","false","false","false","1","1","1","0.25","1","0","0","0","100","0","50","0.4","10","2.5","2","60","1.6","0.4","20.5","6.7","16","8.21","365","14","1","0","0","299","299","310","357","87","283","381","87399","1493","307","false","517824","204","330","959","33266","35633","20639"
"17","0.1","1","false","false","false","true","false","false","false","1","1","1","0.25","1","0","0","0","100","0","50","0.4","10","2.5","2","60","1.6","0.4","20.5","6.7","16","8.21","365","14","1","0","0","299","299","311","343","80","272","366","87444","1495","308","false","517830","204","330","961","33276","35640","20647"
"17","0.1","1","false","false","false","true","false","false","false","1","1","1","0.25","1","0","0","0","100","0","50","0.4","10","2.5","2","60","1.6","0.4","20.5","6.7","16","8.21","365","14","1","0","0","299","299","312","324","78","261","360","87481","1496","305","false","517832","204","331","961","33282","35645","20652"
"17","0.1","1","false","false","false","true","false","false","false","1","1","1","0.25","1","0","0","0","100","0","50","0.4","10","2.5","2","60","1.6","0.4","20.5","6.7","16","8.21","365","14","1","0","0","299","299","313","307","78","249","355","87515","1496","296","false","517826","204","331","961","33288","35653","20656"
"17","0.1","1","false","false","false","true","false","false","false","1","1","1","0.25","1","0","0","0","100","0","50","0.4","10","2.5","2","60","1.6","0.4","20.5","6.7","16","8.21","365","14","1","0","0","299","299","314","298","68","233","353","87551","1497","290","false","517903","204","331","962","33299","35658","20658"
"17","0.1","1","false","false","false","true","false","false","false","1","1","1","0.25","1","0","0","0","100","0","50","0.4","10","2.5","2","60","1.6","0.4","20.5","6.7","16","8.21","365","14","1","0","0","299","299","315","290","56","214","349","87592","1499","269","false","517958","206","331","962","33305","35666","20664"
"17","0.1","1","false","false","false","true","false","false","false","1","1","1","0.25","1","0","0","0","100","0","50","0.4","10","2.5","2","60","1.6","0.4","20.5","6.7","16","8.21","365","14","1","0","0","299","299","316","279","46","212","338","87626","1499","244","false","518137","206","331","962","33314","35674","20668"
"17","0.1","1","false","false","false","true","false","false","false","1","1","1","0.25","1","0","0","0","100","0","50","0.4","10","2.5","2","60","1.6","0.4","20.5","6.7","16","8.21","365","14","1","0","0","299","299","317","269","45","210","324","87652","1500","221","false","518344","206","332","962","33321","35679","20670"
"17","0.1","1","false","false","false","true","false","false","false","1","1","1","0.25","1","0","0","0","100","0","50","0.4","10","2.5","2","60","1.6","0.4","20.5","6.7","16","8.21","365","14","1","0","0","299","299","318","253","52","197","311","87686","1501","187","false","518504","206","333","962","33329","35683","20674"
"17","0.1","1","false","false","false","true","false","false","false","1","1","1","0.25","1","0","0","0","100","0","50","0.4","10","2.5","2","60","1.6","0.4","20.5","6.7","16","8.21","365","14","1","0","0","299","299","319","237","57","196","300","87709","1501","166","false","518790","206","333","962","33331","35693","20677"
"17","0.1","1","false","false","false","true","false","false","false","1","1","1","0.25","1","0","0","0","100","0","50","0.4","10","2.5","2","60","1.6","0.4","20.5","6.7","16","8.21","365","14","1","0","0","299","299","320","224","58","183","296","87738","1501","144","false","518988","206","333","962","33333","35698","20679"
"17","0.1","1","false","false","false","true","false","false","false","1","1","1","0.25","1","0","0","0","100","0","50","0.4","10","2.5","2","60","1.6","0.4","20.5","6.7","16","8.21","365","14","1","0","0","299","299","321","215","53","173","300","87756","1503","128","false","519204","206","333","964","33339","35700","20683"
"17","0.1","1","false","false","false","true","false","false","false","1","1","1","0.25","1","0","0","0","100","0","50","0.4","10","2.5","2","60","1.6","0.4","20.5","6.7","16","8.21","365","14","1","0","0","299","299","322","206","49","163","301","87778","1503","110","false","519323","206","333","964","33343","35703","20685"
"17","0.1","1","false","false","false","true","false","false","false","1","1","1","0.25","1","0","0","0","100","0","50","0.4","10","2.5","2","60","1.6","0.4","20.5","6.7","16","8.21","365","14","1","0","0","299","299","323","200","43","154","296","87804","1503","83","false","519488","206","333","964","33345","35711","20686"
"17","0.1","1","false","false","false","true","false","false","false","1","1","1","0.25","1","0","0","0","100","0","50","0.4","10","2.5","2","60","1.6","0.4","20.5","6.7","16","8.21","365","14","1","0","0","299","299","324","186","48","144","277","87842","1503","53","false","519727","206","333","964","33351","35714","20690"
"17","0.1","1","false","false","false","true","false","false","false","1","1","1","0.25","1","0","0","0","100","0","50","0.4","10","2.5","2","60","1.6","0.4","20.5","6.7","16","8.21","365","14","1","0","0","299","299","325","174","52","143","262","87865","1504","34","false","520016","206","333","965","33356","35714","20694"
"17","0.1","1","false","false","false","true","false","false","false","1","1","1","0.25","1","0","0","0","100","0","50","0.4","10","2.5","2","60","1.6","0.4","20.5","6.7","16","8.21","365","14","1","0","0","299","299","326","149","63","130","248","87905","1505","21","false","520207","206","333","966","33361","35720","20695"
"17","0.1","1","false","false","false","true","false","false","false","1","1","1","0.25","1","0","0","0","100","0","50","0.4","10","2.5","2","60","1.6","0.4","20.5","6.7","16","8.21","365","14","1","0","0","299","299","327","130","73","127","245","87920","1505","7","false","520325","206","333","966","33364","35724","20695"
"17","0.1","1","false","false","false","true","false","false","false","1","1","1","0.25","1","0","0","0","100","0","50","0.4","10","2.5","2","60","1.6","0.4","20.5","6.7","16","8.21","365","14","1","0","0","299","299","328","112","76","123","247","87937","1505","0","false","520479","206","333","966","33368","35727","20698"
"17","0.1","1","false","false","false","true","false","false","false","1","1","1","0.25","1","0","0","0","100","0","50","0.4","10","2.5","2","60","1.6","0.4","20.5","6.7","16","8.21","365","14","1","0","0","299","299","329","97","74","119","243","87962","1505","0","false","520553","206","333","966","33375","35734","20702"
"17","0.1","1","false","false","false","true","false","false","false","1","1","1","0.25","1","0","0","0","100","0","50","0.4","10","2.5","2","60","1.6","0.4","20.5","6.7","16","8.21","365","14","1","0","0","299","299","330","85","68","120","239","87983","1505","0","false","520553","206","333","966","33378","35741","20709"
"17","0.1","1","false","false","false","true","false","false","false","1","1","1","0.25","1","0","0","0","100","0","50","0.4","10","2.5","2","60","1.6","0.4","20.5","6.7","16","8.21","365","14","1","0","0","299","299","331","75","59","119","237","88005","1505","0","false","520553","206","333","966","33384","35747","20716"
"17","0.1","1","false","false","false","true","false","false","false","1","1","1","0.25","1","0","0","0","100","0","50","0.4","10","2.5","2","60","1.6","0.4","20.5","6.7","16","8.21","365","14","1","0","0","299","299","332","73","45","120","227","88030","1505","0","false","520553","206","333","966","33390","35754","20720"
"17","0.1","1","false","false","false","true","false","false","false","1","1","1","0.25","1","0","0","0","100","0","50","0.4","10","2.5","2","60","1.6","0.4","20.5","6.7","16","8.21","365","14","1","0","0","299","299","333","61","41","116","230","88046","1506","0","false","520553","206","334","966","33396","35757","20721"
"17","0.1","1","false","false","false","true","false","false","false","1","1","1","0.25","1","0","0","0","100","0","50","0.4","10","2.5","2","60","1.6","0.4","20.5","6.7","16","8.21","365","14","1","0","0","299","299","334","54","37","117","226","88060","1506","0","false","520541","206","334","966","33400","35763","20723"
"17","0.1","1","false","false","false","true","false","false","false","1","1","1","0.25","1","0","0","0","100","0","50","0.4","10","2.5","2","60","1.6","0.4","20.5","6.7","16","8.21","365","14","1","0","0","299","299","335","48","32","117","215","88081","1507","0","false","520541","207","334","966","33405","35771","20725"
"17","0.1","1","false","false","false","true","false","false","false","1","1","1","0.25","1","0","0","0","100","0","50","0.4","10","2.5","2","60","1.6","0.4","20.5","6.7","16","8.21","365","14","1","0","0","299","299","336","40","30","121","205","88097","1507","0","false","520533","207","334","966","33408","35777","20731"
"17","0.1","1","false","false","false","true","false","false","false","1","1","1","0.25","1","0","0","0","100","0","50","0.4","10","2.5","2","60","1.6","0.4","20.5","6.7","16","8.21","365","14","1","0","0","299","299","337","38","23","120","201","88110","1508","0","false","520533","207","335","966","33413","35779","20733"
"17","0.1","1","false","false","false","true","false","false","false","1","1","1","0.25","1","0","0","0","100","0","50","0.4","10","2.5","2","60","1.6","0.4","20.5","6.7","16","8.21","365","14","1","0","0","299","299","338","34","20","116","190","88131","1509","0","false","520521","207","335","967","33417","35780","20736"
"17","0.1","1","false","false","false","true","false","false","false","1","1","1","0.25","1","0","0","0","100","0","50","0.4","10","2.5","2","60","1.6","0.4","20.5","6.7","16","8.21","365","14","1","0","0","299","299","339","31","16","115","180","88147","1511","0","false","520509","207","335","969","33420","35786","20738"
"17","0.1","1","false","false","false","true","false","false","false","1","1","1","0.25","1","0","0","0","100","0","50","0.4","10","2.5","2","60","1.6","0.4","20.5","6.7","16","8.21","365","14","1","0","0","299","299","340","29","15","113","173","88159","1511","0","false","520486","207","335","969","33421","35788","20740"
"17","0.1","1","false","false","false","true","false","false","false","1","1","1","0.25","1","0","0","0","100","0","50","0.4","10","2.5","2","60","1.6","0.4","20.5","6.7","16","8.21","365","14","1","0","0","299","299","341","25","18","107","164","88175","1511","0","false","520486","207","335","969","33424","35790","20740"
"17","0.1","1","false","false","false","true","false","false","false","1","1","1","0.25","1","0","0","0","100","0","50","0.4","10","2.5","2","60","1.6","0.4","20.5","6.7","16","8.21","365","14","1","0","0","299","299","342","24","11","106","161","88187","1511","0","false","520486","207","335","969","33427","35791","20743"
"17","0.1","1","false","false","false","true","false","false","false","1","1","1","0.25","1","0","0","0","100","0","50","0.4","10","2.5","2","60","1.6","0.4","20.5","6.7","16","8.21","365","14","1","0","0","299","299","343","23","7","105","156","88197","1512","0","false","520486","207","336","969","33428","35792","20743"
"17","0.1","1","false","false","false","true","false","false","false","1","1","1","0.25","1","0","0","0","100","0","50","0.4","10","2.5","2","60","1.6","0.4","20.5","6.7","16","8.21","365","14","1","0","0","299","299","344","22","8","101","144","88213","1512","0","false","520474","207","336","969","33428","35793","20743"
"17","0.1","1","false","false","false","true","false","false","false","1","1","1","0.25","1","0","0","0","100","0","50","0.4","10","2.5","2","60","1.6","0.4","20.5","6.7","16","8.21","365","14","1","0","0","299","299","345","21","9","99","133","88226","1512","0","false","520474","207","336","969","33428","35793","20744"
"17","0.1","1","false","false","false","true","false","false","false","1","1","1","0.25","1","0","0","0","100","0","50","0.4","10","2.5","2","60","1.6","0.4","20.5","6.7","16","8.21","365","14","1","0","0","299","299","346","20","8","99","123","88238","1512","0","false","520474","207","336","969","33430","35794","20746"
"17","0.1","1","false","false","false","true","false","false","false","1","1","1","0.25","1","0","0","0","100","0","50","0.4","10","2.5","2","60","1.6","0.4","20.5","6.7","16","8.21","365","14","1","0","0","299","299","347","19","7","95","113","88253","1513","0","false","520474","207","336","970","33431","35794","20747"
"17","0.1","1","false","false","false","true","false","false","false","1","1","1","0.25","1","0","0","0","100","0","50","0.4","10","2.5","2","60","1.6","0.4","20.5","6.7","16","8.21","365","14","1","0","0","299","299","348","19","5","87","107","88269","1513","0","false","520466","207","336","970","33431","35794","20747"
"17","0.1","1","false","false","false","true","false","false","false","1","1","1","0.25","1","0","0","0","100","0","50","0.4","10","2.5","2","60","1.6","0.4","20.5","6.7","16","8.21","365","14","1","0","0","299","299","349","19","5","86","101","88276","1513","0","false","520466","207","336","970","33431","35794","20747"
"17","0.1","1","false","false","false","true","false","false","false","1","1","1","0.25","1","0","0","0","100","0","50","0.4","10","2.5","2","60","1.6","0.4","20.5","6.7","16","8.21","365","14","1","0","0","299","299","350","19","3","85","88","88292","1513","0","false","520466","207","336","970","33431","35795","20748"
"17","0.1","1","false","false","false","true","false","false","false","1","1","1","0.25","1","0","0","0","100","0","50","0.4","10","2.5","2","60","1.6","0.4","20.5","6.7","16","8.21","365","14","1","0","0","299","299","351","19","1","83","75","88309","1513","0","false","520466","207","336","970","33431","35796","20751"
"17","0.1","1","false","false","false","true","false","false","false","1","1","1","0.25","1","0","0","0","100","0","50","0.4","10","2.5","2","60","1.6","0.4","20.5","6.7","16","8.21","365","14","1","0","0","299","299","352","19","0","80","69","88318","1514","0","false","520466","208","336","970","33432","35796","20751"
"17","0.1","1","false","false","false","true","false","false","false","1","1","1","0.25","1","0","0","0","100","0","50","0.4","10","2.5","2","60","1.6","0.4","20.5","6.7","16","8.21","365","14","1","0","0","299","299","353","19","0","78","62","88327","1514","0","false","520455","208","336","970","33432","35797","20751"
"17","0.1","1","false","false","false","true","false","false","false","1","1","1","0.25","1","0","0","0","100","0","50","0.4","10","2.5","2","60","1.6","0.4","20.5","6.7","16","8.21","365","14","1","0","0","299","299","354","19","0","75","55","88337","1514","0","false","520455","208","336","970","33432","35798","20751"
"17","0.1","1","false","false","false","true","false","false","false","1","1","1","0.25","1","0","0","0","100","0","50","0.4","10","2.5","2","60","1.6","0.4","20.5","6.7","16","8.21","365","14","1","0","0","299","299","355","19","0","69","51","88347","1514","0","false","520455","208","336","970","33432","35798","20751"
"17","0.1","1","false","false","false","true","false","false","false","1","1","1","0.25","1","0","0","0","100","0","50","0.4","10","2.5","2","60","1.6","0.4","20.5","6.7","16","8.21","365","14","1","0","0","299","299","356","19","0","63","48","88356","1514","0","false","520455","208","336","970","33432","35798","20751"
"17","0.1","1","false","false","false","true","false","false","false","1","1","1","0.25","1","0","0","0","100","0","50","0.4","10","2.5","2","60","1.6","0.4","20.5","6.7","16","8.21","365","14","1","0","0","299","299","357","19","0","57","42","88368","1514","0","false","520455","208","336","970","33432","35798","20751"
"17","0.1","1","false","false","false","true","false","false","false","1","1","1","0.25","1","0","0","0","100","0","50","0.4","10","2.5","2","60","1.6","0.4","20.5","6.7","16","8.21","365","14","1","0","0","299","299","358","19","0","52","36","88379","1514","0","false","520455","208","336","970","33432","35798","20751"
"17","0.1","1","false","false","false","true","false","false","false","1","1","1","0.25","1","0","0","0","100","0","50","0.4","10","2.5","2","60","1.6","0.4","20.5","6.7","16","8.21","365","14","1","0","0","299","299","359","19","0","47","30","88390","1514","0","false","520455","208","336","970","33432","35798","20751"
"17","0.1","1","false","false","false","true","false","false","false","1","1","1","0.25","1","0","0","0","100","0","50","0.4","10","2.5","2","60","1.6","0.4","20.5","6.7","16","8.21","365","14","1","0","0","299","299","360","19","0","44","24","88399","1514","0","false","520455","208","336","970","33432","35798","20751"
"17","0.1","1","false","false","false","true","false","false","false","1","1","1","0.25","1","0","0","0","100","0","50","0.4","10","2.5","2","60","1.6","0.4","20.5","6.7","16","8.21","365","14","1","0","0","299","299","361","19","0","36","20","88411","1514","0","false","520455","208","336","970","33432","35798","20751"
"17","0.1","1","false","false","false","true","false","false","false","1","1","1","0.25","1","0","0","0","100","0","50","0.4","10","2.5","2","60","1.6","0.4","20.5","6.7","16","8.21","365","14","1","0","0","299","299","362","19","0","28","12","88427","1514","0","false","520455","208","336","970","33432","35798","20751"
"17","0.1","1","false","false","false","true","false","false","false","1","1","1","0.25","1","0","0","0","100","0","50","0.4","10","2.5","2","60","1.6","0.4","20.5","6.7","16","8.21","365","14","1","0","0","299","299","363","19","0","25","12","88430","1514","0","false","520455","208","336","970","33432","35798","20751"
"17","0.1","1","false","false","false","true","false","false","false","1","1","1","0.25","1","0","0","0","100","0","50","0.4","10","2.5","2","60","1.6","0.4","20.5","6.7","16","8.21","365","14","1","0","0","299","299","364","19","0","23","11","88433","1514","0","false","520455","208","336","970","33432","35798","20751"
"17","0.1","1","false","false","false","true","false","false","false","1","1","1","0.25","1","0","0","0","100","0","50","0.4","10","2.5","2","60","1.6","0.4","20.5","6.7","16","8.21","365","14","1","0","0","299","299","365","19","0","20","9","88438","1514","0","false","520455","208","336","970","33432","35798","20751"
"18","0.1","1","false","false","false","true","false","false","false","1","1","1","0.25","1","0","0","0","100","0","50","0.5","10","2.5","2","60","1.6","0.4","20.5","6.7","16","8.21","365","14","1","0","0","299","299","0","89910","90","0","0","0","0","0","false","0","0","0","0","0","0","0"
"18","0.1","1","false","false","false","true","false","false","false","1","1","1","0.25","1","0","0","0","100","0","50","0.5","10","2.5","2","60","1.6","0.4","20.5","6.7","16","8.21","365","14","1","0","0","299","299","1","89910","82","0","8","0","0","0","false","538610","0","0","0","3","2","0"
"18","0.1","1","false","false","false","true","false","false","false","1","1","1","0.25","1","0","0","0","100","0","50","0.5","10","2.5","2","60","1.6","0.4","20.5","6.7","16","8.21","365","14","1","0","0","299","299","2","89900","79","0","21","0","0","0","false","538610","0","0","0","7","4","2"
"18","0.1","1","false","false","false","true","false","false","false","1","1","1","0.25","1","0","0","0","100","0","50","0.5","10","2.5","2","60","1.6","0.4","20.5","6.7","16","8.21","365","14","1","0","0","299","299","3","89881","78","2","39","0","0","0","false","538610","0","0","0","10","12","6"
"18","0.1","1","false","false","false","true","false","false","false","1","1","1","0.25","1","0","0","0","100","0","50","0.5","10","2.5","2","60","1.6","0.4","20.5","6.7","16","8.21","365","14","1","0","0","299","299","4","89845","96","3","56","0","0","0","false","538610","0","0","0","15","17","8"
"18","0.1","1","false","false","false","true","false","false","false","1","1","1","0.25","1","0","0","0","100","0","50","0.5","10","2.5","2","60","1.6","0.4","20.5","6.7","16","8.21","365","14","1","0","0","299","299","5","89781","143","6","70","0","0","0","false","538610","0","0","0","22","18","14"
"18","0.1","1","false","false","false","true","false","false","false","1","1","1","0.25","1","0","0","0","100","0","50","0.5","10","2.5","2","60","1.6","0.4","20.5","6.7","16","8.21","365","14","1","0","0","299","299","6","89705","190","16","89","0","0","0","false","538610","0","0","0","30","26","25"
"18","0.1","1","false","false","false","true","false","false","false","1","1","1","0.25","1","0","0","0","100","0","50","0.5","10","2.5","2","60","1.6","0.4","20.5","6.7","16","8.21","365","14","1","0","0","299","299","7","89608","249","22","121","0","0","0","false","538610","0","0","0","39","41","31"
"18","0.1","1","false","false","false","true","false","false","false","1","1","1","0.25","1","0","0","0","100","0","50","0.5","10","2.5","2","60","1.6","0.4","20.5","6.7","16","8.21","365","14","1","0","0","299","299","8","89513","301","31","155","0","0","0","false","538610","0","0","0","49","49","45"
"18","0.1","1","false","false","false","true","false","false","false","1","1","1","0.25","1","0","0","0","100","0","50","0.5","10","2.5","2","60","1.6","0.4","20.5","6.7","16","8.21","365","14","1","0","0","299","299","9","89395","354","40","211","0","0","0","false","538610","0","0","0","71","63","58"
"18","0.1","1","false","false","false","true","false","false","false","1","1","1","0.25","1","0","0","0","100","0","50","0.5","10","2.5","2","60","1.6","0.4","20.5","6.7","16","8.21","365","14","1","0","0","299","299","10","89267","413","52","268","0","0","0","false","538610","0","0","0","88","86","72"
"18","0.1","1","false","false","false","true","false","false","false","1","1","1","0.25","1","0","0","0","100","0","50","0.5","10","2.5","2","60","1.6","0.4","20.5","6.7","16","8.21","365","14","1","0","0","299","299","11","89098","509","75","318","0","0","0","false","538610","0","0","0","111","107","92"
"18","0.1","1","false","false","false","true","false","false","false","1","1","1","0.25","1","0","0","0","100","0","50","0.5","10","2.5","2","60","1.6","0.4","20.5","6.7","16","8.21","365","14","1","0","0","299","299","12","88938","567","97","398","0","0","0","false","538610","0","0","0","142","143","104"
"18","0.1","1","false","false","false","true","false","false","false","1","1","1","0.25","1","0","0","0","100","0","50","0.5","10","2.5","2","60","1.6","0.4","20.5","6.7","16","8.21","365","14","1","0","0","299","299","13","88734","659","128","479","0","0","0","false","538610","0","0","0","177","176","130"
"18","0.1","1","false","false","false","true","false","false","false","1","1","1","0.25","1","0","0","0","100","0","50","0.5","10","2.5","2","60","1.6","0.4","20.5","6.7","16","8.21","365","14","1","0","0","299","299","14","88495","752","158","595","0","0","0","false","538610","0","0","0","217","226","159"
"18","0.1","1","false","false","false","true","false","false","false","1","1","1","0.25","1","0","0","0","100","0","50","0.5","10","2.5","2","60","1.6","0.4","20.5","6.7","16","8.21","365","14","1","0","0","299","299","15","88225","859","202","714","0","0","0","false","538610","0","0","0","266","297","187"
"18","0.1","1","false","false","false","true","false","false","false","1","1","1","0.25","1","0","0","0","100","0","50","0.5","10","2.5","2","60","1.6","0.4","20.5","6.7","16","8.21","365","14","1","0","0","299","299","16","87967","932","247","854","0","0","140","false","538610","0","0","0","330","359","224"
"18","0.1","1","false","false","false","true","false","false","false","1","1","1","0.25","1","0","0","0","100","0","50","0.5","10","2.5","2","60","1.6","0.4","20.5","6.7","16","8.21","365","14","1","0","0","299","299","17","87733","979","316","970","2","0","600","false","536978","0","0","0","389","442","271"
"18","0.1","1","false","false","false","true","false","false","false","1","1","1","0.25","1","0","0","0","100","0","50","0.5","10","2.5","2","60","1.6","0.4","20.5","6.7","16","8.21","365","14","1","0","0","299","299","18","87461","1028","371","1138","2","0","1058","false","532437","0","0","0","448","518","319"
"18","0.1","1","false","false","false","true","false","false","false","1","1","1","0.25","1","0","0","0","100","0","50","0.5","10","2.5","2","60","1.6","0.4","20.5","6.7","16","8.21","365","14","1","0","0","299","299","19","87181","1091","430","1292","6","0","1483","false","528230","0","0","0","510","600","358"
"18","0.1","1","false","false","false","true","false","false","false","1","1","1","0.25","1","0","0","0","100","0","50","0.5","10","2.5","2","60","1.6","0.4","20.5","6.7","16","8.21","365","14","1","0","0","299","299","20","86919","1115","509","1444","13","0","1914","false","524464","0","0","0","584","696","403"
"18","0.1","1","false","false","false","true","false","false","false","1","1","1","0.25","1","0","0","0","100","0","50","0.5","10","2.5","2","60","1.6","0.4","20.5","6.7","16","8.21","365","14","1","0","0","299","299","21","86682","1110","596","1595","17","0","2499","false","520736","0","0","0","663","798","460"
"18","0.1","1","false","false","false","true","false","false","false","1","1","1","0.25","1","0","0","0","100","0","50","0.5","10","2.5","2","60","1.6","0.4","20.5","6.7","16","8.21","365","14","1","0","0","299","299","22","86457","1075","701","1743","24","0","3082","false","515740","0","0","0","761","902","523"
"18","0.1","1","false","false","false","true","false","false","false","1","1","1","0.25","1","0","0","0","100","0","50","0.5","10","2.5","2","60","1.6","0.4","20.5","6.7","16","8.21","365","14","1","0","0","299","299","23","86244","1023","792","1907","34","0","3496","false","511016","0","0","0","860","996","575"
"18","0.1","1","false","false","false","true","false","false","false","1","1","1","0.25","1","0","0","0","100","0","50","0.5","10","2.5","2","60","1.6","0.4","20.5","6.7","16","8.21","365","14","1","0","0","299","299","24","86050","966","871","2064","49","0","3952","false","507754","0","0","0","969","1063","632"
"18","0.1","1","false","false","false","true","false","false","false","1","1","1","0.25","1","0","0","0","100","0","50","0.5","10","2.5","2","60","1.6","0.4","20.5","6.7","16","8.21","365","14","1","0","0","299","299","25","85858","932","963","2174","70","3","4330","false","504308","1","0","2","1062","1150","690"
"18","0.1","1","false","false","false","true","false","false","false","1","1","1","0.25","1","0","0","0","100","0","50","0.5","10","2.5","2","60","1.6","0.4","20.5","6.7","16","8.21","365","14","1","0","0","299","299","26","85671","869","1064","2294","95","7","4784","false","501341","2","0","5","1153","1269","747"
"18","0.1","1","false","false","false","true","false","false","false","1","1","1","0.25","1","0","0","0","100","0","50","0.5","10","2.5","2","60","1.6","0.4","20.5","6.7","16","8.21","365","14","1","0","0","299","299","27","85498","806","1159","2409","120","8","5215","false","497958","2","0","6","1242","1362","801"
"18","0.1","1","false","false","false","true","false","false","false","1","1","1","0.25","1","0","0","0","100","0","50","0.5","10","2.5","2","60","1.6","0.4","20.5","6.7","16","8.21","365","14","1","0","0","299","299","28","85334","781","1239","2477","161","8","5565","false","494622","2","0","6","1325","1439","855"
"18","0.1","1","false","false","false","true","false","false","false","1","1","1","0.25","1","0","0","0","100","0","50","0.5","10","2.5","2","60","1.6","0.4","20.5","6.7","16","8.21","365","14","1","0","0","299","299","29","85186","726","1320","2552","207","9","5732","false","491654","3","0","6","1408","1523","907"
"18","0.1","1","false","false","false","true","false","false","false","1","1","1","0.25","1","0","0","0","100","0","50","0.5","10","2.5","2","60","1.6","0.4","20.5","6.7","16","8.21","365","14","1","0","0","299","299","30","85022","689","1405","2611","264","9","5779","false","489791","3","0","6","1494","1609","966"
"18","0.1","1","false","false","false","true","false","false","false","1","1","1","0.25","1","0","0","0","100","0","50","0.5","10","2.5","2","60","1.6","0.4","20.5","6.7","16","8.21","365","14","1","0","0","299","299","31","84827","719","1475","2633","335","11","5886","false","488887","3","1","7","1558","1680","1003"
"18","0.1","1","false","false","false","true","false","false","false","1","1","1","0.25","1","0","0","0","100","0","50","0.5","10","2.5","2","60","1.6","0.4","20.5","6.7","16","8.21","365","14","1","0","0","299","299","32","84570","799","1526","2682","410","13","5903","false","487472","3","1","9","1638","1750","1041"
"18","0.1","1","false","false","false","true","false","false","false","1","1","1","0.25","1","0","0","0","100","0","50","0.5","10","2.5","2","60","1.6","0.4","20.5","6.7","16","8.21","365","14","1","0","0","299","299","33","84309","887","1547","2732","509","16","5897","false","486930","4","1","11","1691","1820","1077"
"18","0.1","1","false","false","false","true","false","false","false","1","1","1","0.25","1","0","0","0","100","0","50","0.5","10","2.5","2","60","1.6","0.4","20.5","6.7","16","8.21","365","14","1","0","0","299","299","34","83996","1019","1598","2755","615","17","5895","false","486423","4","1","12","1764","1895","1124"
"18","0.1","1","false","false","false","true","false","false","false","1","1","1","0.25","1","0","0","0","100","0","50","0.5","10","2.5","2","60","1.6","0.4","20.5","6.7","16","8.21","365","14","1","0","0","299","299","35","83639","1189","1628","2803","723","18","5892","false","486130","4","2","12","1820","1971","1165"
"18","0.1","1","false","false","false","true","false","false","false","1","1","1","0.25","1","0","0","0","100","0","50","0.5","10","2.5","2","60","1.6","0.4","20.5","6.7","16","8.21","365","14","1","0","0","299","299","36","83293","1297","1670","2877","844","19","5881","false","485680","4","3","12","1907","2053","1215"
"18","0.1","1","false","false","false","true","false","false","false","1","1","1","0.25","1","0","0","0","100","0","50","0.5","10","2.5","2","60","1.6","0.4","20.5","6.7","16","8.21","365","14","1","0","0","299","299","37","82882","1428","1678","2995","995","22","6043","false","485346","4","4","14","2004","2139","1278"
"18","0.1","1","false","false","false","true","false","false","false","1","1","1","0.25","1","0","0","0","100","0","50","0.5","10","2.5","2","60","1.6","0.4","20.5","6.7","16","8.21","365","14","1","0","0","299","299","38","82494","1546","1700","3101","1134","25","6140","false","483749","4","4","17","2090","2241","1339"
"18","0.1","1","false","false","false","true","false","false","false","1","1","1","0.25","1","0","0","0","100","0","50","0.5","10","2.5","2","60","1.6","0.4","20.5","6.7","16","8.21","365","14","1","0","0","299","299","39","82111","1596","1738","3235","1295","25","6258","false","482658","4","4","17","2200","2356","1409"
"18","0.1","1","false","false","false","true","false","false","false","1","1","1","0.25","1","0","0","0","100","0","50","0.5","10","2.5","2","60","1.6","0.4","20.5","6.7","16","8.21","365","14","1","0","0","299","299","40","81715","1637","1764","3379","1478","27","6311","false","481133","4","5","18","2339","2472","1476"
"18","0.1","1","false","false","false","true","false","false","false","1","1","1","0.25","1","0","0","0","100","0","50","0.5","10","2.5","2","60","1.6","0.4","20.5","6.7","16","8.21","365","14","1","0","0","299","299","41","81347","1634","1805","3529","1657","28","6341","false","480496","4","5","19","2446","2602","1547"
"18","0.1","1","false","false","false","true","false","false","false","1","1","1","0.25","1","0","0","0","100","0","50","0.5","10","2.5","2","60","1.6","0.4","20.5","6.7","16","8.21","365","14","1","0","0","299","299","42","80937","1659","1853","3664","1855","32","6426","false","480167","4","7","21","2576","2739","1636"
"18","0.1","1","false","false","false","true","false","false","false","1","1","1","0.25","1","0","0","0","100","0","50","0.5","10","2.5","2","60","1.6","0.4","20.5","6.7","16","8.21","365","14","1","0","0","299","299","43","80514","1675","1930","3793","2053","35","6501","false","479222","4","7","24","2740","2914","1721"
"18","0.1","1","false","false","false","true","false","false","false","1","1","1","0.25","1","0","0","0","100","0","50","0.5","10","2.5","2","60","1.6","0.4","20.5","6.7","16","8.21","365","14","1","0","0","299","299","44","80092","1692","1998","3920","2259","39","6530","false","478113","5","8","26","2861","3077","1822"
"18","0.1","1","false","false","false","true","false","false","false","1","1","1","0.25","1","0","0","0","100","0","50","0.5","10","2.5","2","60","1.6","0.4","20.5","6.7","16","8.21","365","14","1","0","0","299","299","45","79651","1766","2081","4017","2443","42","6727","false","477647","5","9","28","2995","3227","1909"
"18","0.1","1","false","false","false","true","false","false","false","1","1","1","0.25","1","0","0","0","100","0","50","0.5","10","2.5","2","60","1.6","0.4","20.5","6.7","16","8.21","365","14","1","0","0","299","299","46","79178","1835","2171","4143","2630","43","6892","false","475785","5","10","28","3134","3385","2009"
"18","0.1","1","false","false","false","true","false","false","false","1","1","1","0.25","1","0","0","0","100","0","50","0.5","10","2.5","2","60","1.6","0.4","20.5","6.7","16","8.21","365","14","1","0","0","299","299","47","78744","1843","2228","4305","2833","47","6927","false","474349","6","11","30","3296","3558","2102"
"18","0.1","1","false","false","false","true","false","false","false","1","1","1","0.25","1","0","0","0","100","0","50","0.5","10","2.5","2","60","1.6","0.4","20.5","6.7","16","8.21","365","14","1","0","0","299","299","48","78296","1880","2288","4429","3056","51","7065","false","473892","6","13","32","3440","3711","2200"
"18","0.1","1","false","false","false","true","false","false","false","1","1","1","0.25","1","0","0","0","100","0","50","0.5","10","2.5","2","60","1.6","0.4","20.5","6.7","16","8.21","365","14","1","0","0","299","299","49","77867","1865","2376","4588","3249","55","7090","false","472528","6","15","34","3590","3896","2304"
"18","0.1","1","false","false","false","true","false","false","false","1","1","1","0.25","1","0","0","0","100","0","50","0.5","10","2.5","2","60","1.6","0.4","20.5","6.7","16","8.21","365","14","1","0","0","299","299","50","77419","1876","2449","4743","3451","62","7165","false","472167","7","18","37","3729","4068","2401"
"18","0.1","1","false","false","false","true","false","false","false","1","1","1","0.25","1","0","0","0","100","0","50","0.5","10","2.5","2","60","1.6","0.4","20.5","6.7","16","8.21","365","14","1","0","0","299","299","51","76949","1897","2517","4890","3681","66","7294","false","471398","7","20","39","3887","4226","2496"
"18","0.1","1","false","false","false","true","false","false","false","1","1","1","0.25","1","0","0","0","100","0","50","0.5","10","2.5","2","60","1.6","0.4","20.5","6.7","16","8.21","365","14","1","0","0","299","299","52","76468","1940","2619","5020","3882","71","7620","false","470285","7","22","42","4042","4418","2602"
"18","0.1","1","false","false","false","true","false","false","false","1","1","1","0.25","1","0","0","0","100","0","50","0.5","10","2.5","2","60","1.6","0.4","20.5","6.7","16","8.21","365","14","1","0","0","299","299","53","76069","1899","2709","5173","4075","75","7767","false","467408","8","23","44","4210","4586","2704"
"18","0.1","1","false","false","false","true","false","false","false","1","1","1","0.25","1","0","0","0","100","0","50","0.5","10","2.5","2","60","1.6","0.4","20.5","6.7","16","8.21","365","14","1","0","0","299","299","54","75651","1864","2793","5308","4304","80","7971","false","466191","9","25","46","4379","4767","2804"
"18","0.1","1","false","false","false","true","false","false","false","1","1","1","0.25","1","0","0","0","100","0","50","0.5","10","2.5","2","60","1.6","0.4","20.5","6.7","16","8.21","365","14","1","0","0","299","299","55","75241","1796","2907","5429","4540","87","8091","false","464508","10","26","51","4558","4971","2901"
"18","0.1","1","false","false","false","true","false","false","false","1","1","1","0.25","1","0","0","0","100","0","50","0.5","10","2.5","2","60","1.6","0.4","20.5","6.7","16","8.21","365","14","1","0","0","299","299","56","74808","1818","2988","5533","4762","91","8261","false","463352","11","27","53","4718","5146","2994"
"18","0.1","1","false","false","false","true","false","false","false","1","1","1","0.25","1","0","0","0","100","0","50","0.5","10","2.5","2","60","1.6","0.4","20.5","6.7","16","8.21","365","14","1","0","0","299","299","57","74385","1800","3071","5645","5002","97","8340","false","461680","11","28","58","4864","5327","3103"
"18","0.1","1","false","false","false","true","false","false","false","1","1","1","0.25","1","0","0","0","100","0","50","0.5","10","2.5","2","60","1.6","0.4","20.5","6.7","16","8.21","365","14","1","0","0","299","299","58","73953","1800","3154","5720","5271","102","8353","false","461097","11","29","62","5042","5486","3201"
"18","0.1","1","false","false","false","true","false","false","false","1","1","1","0.25","1","0","0","0","100","0","50","0.5","10","2.5","2","60","1.6","0.4","20.5","6.7","16","8.21","365","14","1","0","0","299","299","59","73494","1858","3218","5769","5554","107","8352","false","460772","11","30","66","5206","5641","3291"
"18","0.1","1","false","false","false","true","false","false","false","1","1","1","0.25","1","0","0","0","100","0","50","0.5","10","2.5","2","60","1.6","0.4","20.5","6.7","16","8.21","365","14","1","0","0","299","299","60","73039","1896","3303","5834","5814","114","8322","false","460585","13","32","69","5366","5809","3385"
"18","0.1","1","false","false","false","true","false","false","false","1","1","1","0.25","1","0","0","0","100","0","50","0.5","10","2.5","2","60","1.6","0.4","20.5","6.7","16","8.21","365","14","1","0","0","299","299","61","72514","1972","3365","5905","6122","122","8494","false","460483","14","34","74","5533","5988","3493"
"18","0.1","1","false","false","false","true","false","false","false","1","1","1","0.25","1","0","0","0","100","0","50","0.5","10","2.5","2","60","1.6","0.4","20.5","6.7","16","8.21","365","14","1","0","0","299","299","62","72014","2074","3418","5948","6420","126","8668","false","458948","15","35","76","5667","6148","3588"
"18","0.1","1","false","false","false","true","false","false","false","1","1","1","0.25","1","0","0","0","100","0","50","0.5","10","2.5","2","60","1.6","0.4","20.5","6.7","16","8.21","365","14","1","0","0","299","299","63","71497","2128","3450","6043","6748","134","8767","false","457449","17","35","82","5832","6316","3699"
"18","0.1","1","false","false","false","true","false","false","false","1","1","1","0.25","1","0","0","0","100","0","50","0.5","10","2.5","2","60","1.6","0.4","20.5","6.7","16","8.21","365","14","1","0","0","299","299","64","71010","2119","3523","6135","7068","145","8864","false","456267","18","38","89","6027","6516","3819"
"18","0.1","1","false","false","false","true","false","false","false","1","1","1","0.25","1","0","0","0","100","0","50","0.5","10","2.5","2","60","1.6","0.4","20.5","6.7","16","8.21","365","14","1","0","0","299","299","65","70509","2124","3587","6260","7369","151","8916","false","455122","18","38","95","6222","6708","3903"
"18","0.1","1","false","false","false","true","false","false","false","1","1","1","0.25","1","0","0","0","100","0","50","0.5","10","2.5","2","60","1.6","0.4","20.5","6.7","16","8.21","365","14","1","0","0","299","299","66","69991","2131","3627","6402","7692","157","9053","false","454487","19","38","100","6408","6873","4009"
"18","0.1","1","false","false","false","true","false","false","false","1","1","1","0.25","1","0","0","0","100","0","50","0.5","10","2.5","2","60","1.6","0.4","20.5","6.7","16","8.21","365","14","1","0","0","299","299","67","69423","2197","3669","6495","8052","164","9148","false","453315","20","40","104","6588","7066","4112"
"18","0.1","1","false","false","false","true","false","false","false","1","1","1","0.25","1","0","0","0","100","0","50","0.5","10","2.5","2","60","1.6","0.4","20.5","6.7","16","8.21","365","14","1","0","0","299","299","68","68854","2238","3731","6586","8420","171","9232","false","452224","21","41","109","6778","7266","4241"
"18","0.1","1","false","false","false","true","false","false","false","1","1","1","0.25","1","0","0","0","100","0","50","0.5","10","2.5","2","60","1.6","0.4","20.5","6.7","16","8.21","365","14","1","0","0","299","299","69","68307","2286","3790","6653","8782","182","9440","false","451375","25","43","114","6937","7463","4363"
"18","0.1","1","false","false","false","true","false","false","false","1","1","1","0.25","1","0","0","0","100","0","50","0.5","10","2.5","2","60","1.6","0.4","20.5","6.7","16","8.21","365","14","1","0","0","299","299","70","67729","2318","3834","6738","9193","188","9503","false","449409","26","44","118","7110","7678","4496"
"18","0.1","1","false","false","false","true","false","false","false","1","1","1","0.25","1","0","0","0","100","0","50","0.5","10","2.5","2","60","1.6","0.4","20.5","6.7","16","8.21","365","14","1","0","0","299","299","71","67142","2369","3910","6797","9588","194","9697","false","448630","28","44","122","7322","7904","4619"
"18","0.1","1","false","false","false","true","false","false","false","1","1","1","0.25","1","0","0","0","100","0","50","0.5","10","2.5","2","60","1.6","0.4","20.5","6.7","16","8.21","365","14","1","0","0","299","299","72","66537","2442","3953","6856","10010","202","9912","false","446854","30","47","125","7527","8105","4740"
"18","0.1","1","false","false","false","true","false","false","false","1","1","1","0.25","1","0","0","0","100","0","50","0.5","10","2.5","2","60","1.6","0.4","20.5","6.7","16","8.21","365","14","1","0","0","299","299","73","66006","2410","4029","6936","10412","207","9960","false","445054","31","47","129","7753","8315","4852"
"18","0.1","1","false","false","false","true","false","false","false","1","1","1","0.25","1","0","0","0","100","0","50","0.5","10","2.5","2","60","1.6","0.4","20.5","6.7","16","8.21","365","14","1","0","0","299","299","74","65462","2374","4068","7061","10820","215","10091","false","444383","31","49","135","7968","8539","4975"
"18","0.1","1","false","false","false","true","false","false","false","1","1","1","0.25","1","0","0","0","100","0","50","0.5","10","2.5","2","60","1.6","0.4","20.5","6.7","16","8.21","365","14","1","0","0","299","299","75","64900","2397","4109","7131","11239","224","10177","false","443185","32","49","143","8182","8741","5105"
"18","0.1","1","false","false","false","true","false","false","false","1","1","1","0.25","1","0","0","0","100","0","50","0.5","10","2.5","2","60","1.6","0.4","20.5","6.7","16","8.21","365","14","1","0","0","299","299","76","64310","2446","4168","7200","11645","231","10203","false","442141","32","50","149","8394","8964","5221"
"18","0.1","1","false","false","false","true","false","false","false","1","1","1","0.25","1","0","0","0","100","0","50","0.5","10","2.5","2","60","1.6","0.4","20.5","6.7","16","8.21","365","14","1","0","0","299","299","77","63719","2438","4219","7285","12101","238","10320","false","441696","32","51","155","8604","9222","5344"
"18","0.1","1","false","false","false","true","false","false","false","1","1","1","0.25","1","0","0","0","100","0","50","0.5","10","2.5","2","60","1.6","0.4","20.5","6.7","16","8.21","365","14","1","0","0","299","299","78","63111","2460","4261","7391","12529","248","10401","false","440630","33","55","160","8815","9447","5479"
"18","0.1","1","false","false","false","true","false","false","false","1","1","1","0.25","1","0","0","0","100","0","50","0.5","10","2.5","2","60","1.6","0.4","20.5","6.7","16","8.21","365","14","1","0","0","299","299","79","62524","2493","4308","7473","12945","257","10540","false","439838","33","58","166","9005","9673","5619"
"18","0.1","1","false","false","false","true","false","false","false","1","1","1","0.25","1","0","0","0","100","0","50","0.5","10","2.5","2","60","1.6","0.4","20.5","6.7","16","8.21","365","14","1","0","0","299","299","80","61922","2506","4329","7567","13408","268","10530","false","438461","34","60","174","9214","9899","5751"
"18","0.1","1","false","false","false","true","false","false","false","1","1","1","0.25","1","0","0","0","100","0","50","0.5","10","2.5","2","60","1.6","0.4","20.5","6.7","16","8.21","365","14","1","0","0","299","299","81","61352","2510","4414","7609","13839","276","10659","false","438375","36","63","177","9422","10148","5892"
"18","0.1","1","false","false","false","true","false","false","false","1","1","1","0.25","1","0","0","0","100","0","50","0.5","10","2.5","2","60","1.6","0.4","20.5","6.7","16","8.21","365","14","1","0","0","299","299","82","60754","2518","4504","7655","14287","282","10748","false","437291","36","67","179","9641","10409","6026"
"18","0.1","1","false","false","false","true","false","false","false","1","1","1","0.25","1","0","0","0","100","0","50","0.5","10","2.5","2","60","1.6","0.4","20.5","6.7","16","8.21","365","14","1","0","0","299","299","83","60172","2510","4531","7750","14744","293","10788","false","436395","36","71","186","9864","10640","6162"
"18","0.1","1","false","false","false","true","false","false","false","1","1","1","0.25","1","0","0","0","100","0","50","0.5","10","2.5","2","60","1.6","0.4","20.5","6.7","16","8.21","365","14","1","0","0","299","299","84","59581","2520","4581","7818","15194","306","10980","false","435909","36","77","193","10090","10881","6291"
"18","0.1","1","false","false","false","true","false","false","false","1","1","1","0.25","1","0","0","0","100","0","50","0.5","10","2.5","2","60","1.6","0.4","20.5","6.7","16","8.21","365","14","1","0","0","299","299","85","59045","2455","4606","7919","15663","312","10947","false","434235","38","78","196","10280","11105","6423"
"18","0.1","1","false","false","false","true","false","false","false","1","1","1","0.25","1","0","0","0","100","0","50","0.5","10","2.5","2","60","1.6","0.4","20.5","6.7","16","8.21","365","14","1","0","0","299","299","86","58437","2483","4641","8017","16105","317","10904","false","434419","38","81","198","10479","11326","6569"
"18","0.1","1","false","false","false","true","false","false","false","1","1","1","0.25","1","0","0","0","100","0","50","0.5","10","2.5","2","60","1.6","0.4","20.5","6.7","16","8.21","365","14","1","0","0","299","299","87","57807","2498","4666","8115","16592","322","10997","false","434524","39","82","201","10694","11547","6715"
"18","0.1","1","false","false","false","true","false","false","false","1","1","1","0.25","1","0","0","0","100","0","50","0.5","10","2.5","2","60","1.6","0.4","20.5","6.7","16","8.21","365","14","1","0","0","299","299","88","57193","2527","4706","8148","17097","329","10954","false","433601","41","82","206","10904","11795","6846"
"18","0.1","1","false","false","false","true","false","false","false","1","1","1","0.25","1","0","0","0","100","0","50","0.5","10","2.5","2","60","1.6","0.4","20.5","6.7","16","8.21","365","14","1","0","0","299","299","89","56549","2597","4779","8176","17564","335","11064","false","433473","42","84","209","11132","12041","6974"
"18","0.1","1","false","false","false","true","false","false","false","1","1","1","0.25","1","0","0","0","100","0","50","0.5","10","2.5","2","60","1.6","0.4","20.5","6.7","16","8.21","365","14","1","0","0","299","299","90","55966","2587","4852","8250","18000","345","11101","false","432459","43","89","213","11350","12302","7090"
"18","0.1","1","false","false","false","true","false","false","false","1","1","1","0.25","1","0","0","0","100","0","50","0.5","10","2.5","2","60","1.6","0.4","20.5","6.7","16","8.21","365","14","1","0","0","299","299","91","55348","2654","4897","8227","18524","350","11102","false","432019","44","89","217","11551","12550","7242"
"18","0.1","1","false","false","false","true","false","false","false","1","1","1","0.25","1","0","0","0","100","0","50","0.5","10","2.5","2","60","1.6","0.4","20.5","6.7","16","8.21","365","14","1","0","0","299","299","92","54715","2668","4953","8262","19045","357","11076","false","431896","45","92","220","11767","12827","7387"
"18","0.1","1","false","false","false","true","false","false","false","1","1","1","0.25","1","0","0","0","100","0","50","0.5","10","2.5","2","60","1.6","0.4","20.5","6.7","16","8.21","365","14","1","0","0","299","299","93","54101","2674","4941","8342","19579","363","11036","false","431858","45","93","225","11956","13056","7526"
"18","0.1","1","false","false","false","true","false","false","false","1","1","1","0.25","1","0","0","0","100","0","50","0.5","10","2.5","2","60","1.6","0.4","20.5","6.7","16","8.21","365","14","1","0","0","299","299","94","53502","2678","4950","8395","20105","370","10952","false","431956","45","94","231","12178","13294","7658"
"18","0.1","1","false","false","false","true","false","false","false","1","1","1","0.25","1","0","0","0","100","0","50","0.5","10","2.5","2","60","1.6","0.4","20.5","6.7","16","8.21","365","14","1","0","0","299","299","95","52910","2628","4955","8492","20632","383","11063","false","432343","49","94","240","12421","13535","7783"
"18","0.1","1","false","false","false","true","false","false","false","1","1","1","0.25","1","0","0","0","100","0","50","0.5","10","2.5","2","60","1.6","0.4","20.5","6.7","16","8.21","365","14","1","0","0","299","299","96","52263","2669","4955","8543","21174","396","11130","false","431359","51","96","249","12631","13784","7915"
"18","0.1","1","false","false","false","true","false","false","false","1","1","1","0.25","1","0","0","0","100","0","50","0.5","10","2.5","2","60","1.6","0.4","20.5","6.7","16","8.21","365","14","1","0","0","299","299","97","51643","2675","4960","8576","21739","407","11082","false","430551","52","99","256","12856","14031","8047"
"18","0.1","1","false","false","false","true","false","false","false","1","1","1","0.25","1","0","0","0","100","0","50","0.5","10","2.5","2","60","1.6","0.4","20.5","6.7","16","8.21","365","14","1","0","0","299","299","98","50997","2715","4998","8604","22274","412","11083","false","430759","52","102","258","13076","14280","8180"
"18","0.1","1","false","false","false","true","false","false","false","1","1","1","0.25","1","0","0","0","100","0","50","0.5","10","2.5","2","60","1.6","0.4","20.5","6.7","16","8.21","365","14","1","0","0","299","299","99","50351","2720","5028","8651","22830","420","11093","false","430918","52","104","264","13303","14548","8334"
"18","0.1","1","false","false","false","true","false","false","false","1","1","1","0.25","1","0","0","0","100","0","50","0.5","10","2.5","2","60","1.6","0.4","20.5","6.7","16","8.21","365","14","1","0","0","299","299","100","49737","2687","5076","8736","23341","423","11120","false","430689","52","105","266","13535","14807","8472"
"18","0.1","1","false","false","false","true","false","false","false","1","1","1","0.25","1","0","0","0","100","0","50","0.5","10","2.5","2","60","1.6","0.4","20.5","6.7","16","8.21","365","14","1","0","0","299","299","101","49115","2681","5103","8759","23909","433","11097","false","430438","53","107","273","13769","15057","8610"
"18","0.1","1","false","false","false","true","false","false","false","1","1","1","0.25","1","0","0","0","100","0","50","0.5","10","2.5","2","60","1.6","0.4","20.5","6.7","16","8.21","365","14","1","0","0","299","299","102","48493","2688","5127","8749","24502","441","11170","false","430449","53","107","281","13991","15325","8748"
"18","0.1","1","false","false","false","true","false","false","false","1","1","1","0.25","1","0","0","0","100","0","50","0.5","10","2.5","2","60","1.6","0.4","20.5","6.7","16","8.21","365","14","1","0","0","299","299","103","47901","2650","5202","8773","25024","450","11165","false","429825","54","108","288","14255","15564","8899"
"18","0.1","1","false","false","false","true","false","false","false","1","1","1","0.25","1","0","0","0","100","0","50","0.5","10","2.5","2","60","1.6","0.4","20.5","6.7","16","8.21","365","14","1","0","0","299","299","104","47258","2653","5223","8808","25598","460","11207","false","429759","57","111","292","14479","15811","9046"
"18","0.1","1","false","false","false","true","false","false","false","1","1","1","0.25","1","0","0","0","100","0","50","0.5","10","2.5","2","60","1.6","0.4","20.5","6.7","16","8.21","365","14","1","0","0","299","299","105","46614","2665","5254","8821","26173","473","11202","false","429106","58","113","302","14727","16045","9207"
"18","0.1","1","false","false","false","true","false","false","false","1","1","1","0.25","1","0","0","0","100","0","50","0.5","10","2.5","2","60","1.6","0.4","20.5","6.7","16","8.21","365","14","1","0","0","299","299","106","45983","2677","5289","8848","26721","482","11404","false","429110","58","113","311","14962","16315","9346"
"18","0.1","1","false","false","false","true","false","false","false","1","1","1","0.25","1","0","0","0","100","0","50","0.5","10","2.5","2","60","1.6","0.4","20.5","6.7","16","8.21","365","14","1","0","0","299","299","107","45336","2727","5304","8849","27294","490","11269","false","427466","60","113","317","15165","16572","9494"
"18","0.1","1","false","false","false","true","false","false","false","1","1","1","0.25","1","0","0","0","100","0","50","0.5","10","2.5","2","60","1.6","0.4","20.5","6.7","16","8.21","365","14","1","0","0","299","299","108","44725","2690","5319","8932","27830","504","11277","false","428396","63","115","326","15393","16811","9643"
"18","0.1","1","false","false","false","true","false","false","false","1","1","1","0.25","1","0","0","0","100","0","50","0.5","10","2.5","2","60","1.6","0.4","20.5","6.7","16","8.21","365","14","1","0","0","299","299","109","44094","2717","5313","8954","28413","509","11187","false","428191","63","117","329","15616","17037","9784"
"18","0.1","1","false","false","false","true","false","false","false","1","1","1","0.25","1","0","0","0","100","0","50","0.5","10","2.5","2","60","1.6","0.4","20.5","6.7","16","8.21","365","14","1","0","0","299","299","110","43530","2656","5345","8973","28977","519","11191","false","428905","65","119","335","15849","17287","9925"
"18","0.1","1","false","false","false","true","false","false","false","1","1","1","0.25","1","0","0","0","100","0","50","0.5","10","2.5","2","60","1.6","0.4","20.5","6.7","16","8.21","365","14","1","0","0","299","299","111","42919","2656","5339","8979","29577","530","11133","false","428700","65","122","343","16067","17539","10053"
"18","0.1","1","false","false","false","true","false","false","false","1","1","1","0.25","1","0","0","0","100","0","50","0.5","10","2.5","2","60","1.6","0.4","20.5","6.7","16","8.21","365","14","1","0","0","299","299","112","42314","2667","5362","8952","30159","546","11176","false","429083","69","126","351","16302","17766","10201"
"18","0.1","1","false","false","false","true","false","false","false","1","1","1","0.25","1","0","0","0","100","0","50","0.5","10","2.5","2","60","1.6","0.4","20.5","6.7","16","8.21","365","14","1","0","0","299","299","113","41696","2650","5394","8940","30759","561","11188","false","428452","72","131","358","16540","18012","10351"
"18","0.1","1","false","false","false","true","false","false","false","1","1","1","0.25","1","0","0","0","100","0","50","0.5","10","2.5","2","60","1.6","0.4","20.5","6.7","16","8.21","365","14","1","0","0","299","299","114","41134","2620","5359","8915","31398","574","11139","false","428432","74","132","368","16737","18249","10505"
"18","0.1","1","false","false","false","true","false","false","false","1","1","1","0.25","1","0","0","0","100","0","50","0.5","10","2.5","2","60","1.6","0.4","20.5","6.7","16","8.21","365","14","1","0","0","299","299","115","40527","2610","5380","8845","32052","586","11221","false","428641","75","135","376","16964","18493","10644"
"18","0.1","1","false","false","false","true","false","false","false","1","1","1","0.25","1","0","0","0","100","0","50","0.5","10","2.5","2","60","1.6","0.4","20.5","6.7","16","8.21","365","14","1","0","0","299","299","116","39966","2582","5412","8828","32615","597","11061","false","427724","75","138","384","17199","18753","10771"
"18","0.1","1","false","false","false","true","false","false","false","1","1","1","0.25","1","0","0","0","100","0","50","0.5","10","2.5","2","60","1.6","0.4","20.5","6.7","16","8.21","365","14","1","0","0","299","299","117","39348","2585","5399","8822","33239","607","10964","false","428973","77","143","387","17440","19015","10891"
"18","0.1","1","false","false","false","true","false","false","false","1","1","1","0.25","1","0","0","0","100","0","50","0.5","10","2.5","2","60","1.6","0.4","20.5","6.7","16","8.21","365","14","1","0","0","299","299","118","38759","2563","5390","8824","33846","618","10877","false","429686","78","144","396","17667","19250","11023"
"18","0.1","1","false","false","false","true","false","false","false","1","1","1","0.25","1","0","0","0","100","0","50","0.5","10","2.5","2","60","1.6","0.4","20.5","6.7","16","8.21","365","14","1","0","0","299","299","119","38208","2468","5403","8864","34431","626","10756","false","430413","79","147","400","17890","19506","11162"
"18","0.1","1","false","false","false","true","false","false","false","1","1","1","0.25","1","0","0","0","100","0","50","0.5","10","2.5","2","60","1.6","0.4","20.5","6.7","16","8.21","365","14","1","0","0","299","299","120","37594","2530","5407","8825","35013","631","10665","false","431456","80","148","403","18114","19721","11316"
"18","0.1","1","false","false","false","true","false","false","false","1","1","1","0.25","1","0","0","0","100","0","50","0.5","10","2.5","2","60","1.6","0.4","20.5","6.7","16","8.21","365","14","1","0","0","299","299","121","37000","2539","5427","8800","35596","638","10767","false","432181","81","149","408","18331","19980","11460"
"18","0.1","1","false","false","false","true","false","false","false","1","1","1","0.25","1","0","0","0","100","0","50","0.5","10","2.5","2","60","1.6","0.4","20.5","6.7","16","8.21","365","14","1","0","0","299","299","122","36452","2505","5419","8766","36204","654","10732","false","431508","84","152","418","18547","20230","11591"
"18","0.1","1","false","false","false","true","false","false","false","1","1","1","0.25","1","0","0","0","100","0","50","0.5","10","2.5","2","60","1.6","0.4","20.5","6.7","16","8.21","365","14","1","0","0","299","299","123","35946","2417","5401","8743","36827","666","10633","false","431737","85","153","428","18788","20464","11722"
"18","0.1","1","false","false","false","true","false","false","false","1","1","1","0.25","1","0","0","0","100","0","50","0.5","10","2.5","2","60","1.6","0.4","20.5","6.7","16","8.21","365","14","1","0","0","299","299","124","35370","2465","5376","8691","37420","678","10480","false","432262","86","156","436","18989","20674","11845"
"18","0.1","1","false","false","false","true","false","false","false","1","1","1","0.25","1","0","0","0","100","0","50","0.5","10","2.5","2","60","1.6","0.4","20.5","6.7","16","8.21","365","14","1","0","0","299","299","125","34770","2467","5338","8673","38066","686","10422","false","433419","86","158","442","19207","20901","11979"
"18","0.1","1","false","false","false","true","false","false","false","1","1","1","0.25","1","0","0","0","100","0","50","0.5","10","2.5","2","60","1.6","0.4","20.5","6.7","16","8.21","365","14","1","0","0","299","299","126","34198","2491","5327","8616","38674","694","10289","false","433928","88","161","445","19420","21133","12107"
"18","0.1","1","false","false","false","true","false","false","false","1","1","1","0.25","1","0","0","0","100","0","50","0.5","10","2.5","2","60","1.6","0.4","20.5","6.7","16","8.21","365","14","1","0","0","299","299","127","33641","2451","5332","8609","39260","707","10255","false","434912","89","166","452","19639","21368","12244"
"18","0.1","1","false","false","false","true","false","false","false","1","1","1","0.25","1","0","0","0","100","0","50","0.5","10","2.5","2","60","1.6","0.4","20.5","6.7","16","8.21","365","14","1","0","0","299","299","128","33082","2422","5289","8644","39844","719","10115","false","435015","89","167","463","19850","21580","12370"
"18","0.1","1","false","false","false","true","false","false","false","1","1","1","0.25","1","0","0","0","100","0","50","0.5","10","2.5","2","60","1.6","0.4","20.5","6.7","16","8.21","365","14","1","0","0","299","299","129","32552","2374","5264","8615","40465","730","9918","false","436145","89","172","469","20071","21819","12499"
"18","0.1","1","false","false","false","true","false","false","false","1","1","1","0.25","1","0","0","0","100","0","50","0.5","10","2.5","2","60","1.6","0.4","20.5","6.7","16","8.21","365","14","1","0","0","299","299","130","31977","2369","5242","8624","41052","736","9837","false","437688","90","174","472","20279","22042","12637"
"18","0.1","1","false","false","false","true","false","false","false","1","1","1","0.25","1","0","0","0","100","0","50","0.5","10","2.5","2","60","1.6","0.4","20.5","6.7","16","8.21","365","14","1","0","0","299","299","131","31419","2364","5223","8584","41657","753","9694","false","438194","92","178","483","20492","22271","12784"
"18","0.1","1","false","false","false","true","false","false","false","1","1","1","0.25","1","0","0","0","100","0","50","0.5","10","2.5","2","60","1.6","0.4","20.5","6.7","16","8.21","365","14","1","0","0","299","299","132","30897","2335","5204","8527","42273","764","9715","false","439178","93","180","491","20704","22504","12909"
"18","0.1","1","false","false","false","true","false","false","false","1","1","1","0.25","1","0","0","0","100","0","50","0.5","10","2.5","2","60","1.6","0.4","20.5","6.7","16","8.21","365","14","1","0","0","299","299","133","30374","2306","5196","8494","42859","771","9599","false","439002","94","182","495","20894","22747","13037"
"18","0.1","1","false","false","false","true","false","false","false","1","1","1","0.25","1","0","0","0","100","0","50","0.5","10","2.5","2","60","1.6","0.4","20.5","6.7","16","8.21","365","14","1","0","0","299","299","134","29864","2267","5151","8482","43459","777","9533","false","439946","96","182","499","21087","22957","13141"
"18","0.1","1","false","false","false","true","false","false","false","1","1","1","0.25","1","0","0","0","100","0","50","0.5","10","2.5","2","60","1.6","0.4","20.5","6.7","16","8.21","365","14","1","0","0","299","299","135","29364","2210","5092","8455","44088","791","9279","false","440539","98","184","509","21295","23171","13269"
"18","0.1","1","false","false","false","true","false","false","false","1","1","1","0.25","1","0","0","0","100","0","50","0.5","10","2.5","2","60","1.6","0.4","20.5","6.7","16","8.21","365","14","1","0","0","299","299","136","28826","2198","5079","8383","44715","799","9339","false","442465","101","186","512","21488","23440","13390"
"18","0.1","1","false","false","false","true","false","false","false","1","1","1","0.25","1","0","0","0","100","0","50","0.5","10","2.5","2","60","1.6","0.4","20.5","6.7","16","8.21","365","14","1","0","0","299","299","137","28310","2198","5077","8311","45292","812","9331","false","441940","102","188","522","21696","23680","13513"
"18","0.1","1","false","false","false","true","false","false","false","1","1","1","0.25","1","0","0","0","100","0","50","0.5","10","2.5","2","60","1.6","0.4","20.5","6.7","16","8.21","365","14","1","0","0","299","299","138","27821","2170","5026","8294","45864","825","9190","false","442083","104","189","532","21895","23883","13635"
"18","0.1","1","false","false","false","true","false","false","false","1","1","1","0.25","1","0","0","0","100","0","50","0.5","10","2.5","2","60","1.6","0.4","20.5","6.7","16","8.21","365","14","1","0","0","299","299","139","27312","2186","4978","8233","46459","832","9070","false","443285","105","190","537","22090","24082","13741"
"18","0.1","1","false","false","false","true","false","false","false","1","1","1","0.25","1","0","0","0","100","0","50","0.5","10","2.5","2","60","1.6","0.4","20.5","6.7","16","8.21","365","14","1","0","0","299","299","140","26855","2102","4932","8198","47076","837","8955","false","444147","107","192","538","22273","24302","13859"
"18","0.1","1","false","false","false","true","false","false","false","1","1","1","0.25","1","0","0","0","100","0","50","0.5","10","2.5","2","60","1.6","0.4","20.5","6.7","16","8.21","365","14","1","0","0","299","299","141","26392","2084","4857","8143","47678","846","8956","false","445101","108","193","545","22423","24522","13958"
"18","0.1","1","false","false","false","true","false","false","false","1","1","1","0.25","1","0","0","0","100","0","50","0.5","10","2.5","2","60","1.6","0.4","20.5","6.7","16","8.21","365","14","1","0","0","299","299","142","25918","2066","4856","8045","48255","860","8924","false","445183","110","195","555","22599","24737","14082"
"18","0.1","1","false","false","false","true","false","false","false","1","1","1","0.25","1","0","0","0","100","0","50","0.5","10","2.5","2","60","1.6","0.4","20.5","6.7","16","8.21","365","14","1","0","0","299","299","143","25451","2063","4845","7943","48828","870","8798","false","445470","112","198","560","22773","24938","14205"
"18","0.1","1","false","false","false","true","false","false","false","1","1","1","0.25","1","0","0","0","100","0","50","0.5","10","2.5","2","60","1.6","0.4","20.5","6.7","16","8.21","365","14","1","0","0","299","299","144","25009","2006","4847","7868","49386","884","8705","false","446571","115","201","568","22948","25145","14315"
"18","0.1","1","false","false","false","true","false","false","false","1","1","1","0.25","1","0","0","0","100","0","50","0.5","10","2.5","2","60","1.6","0.4","20.5","6.7","16","8.21","365","14","1","0","0","299","299","145","24572","1953","4787","7825","49976","887","8533","false","447221","116","202","569","23106","25350","14419"
"18","0.1","1","false","false","false","true","false","false","false","1","1","1","0.25","1","0","0","0","100","0","50","0.5","10","2.5","2","60","1.6","0.4","20.5","6.7","16","8.21","365","14","1","0","0","299","299","146","24122","1948","4727","7744","50553","906","8546","false","448606","121","206","579","23284","25527","14531"
"18","0.1","1","false","false","false","true","false","false","false","1","1","1","0.25","1","0","0","0","100","0","50","0.5","10","2.5","2","60","1.6","0.4","20.5","6.7","16","8.21","365","14","1","0","0","299","299","147","23680","1935","4736","7606","51125","918","8345","false","448485","123","208","587","23463","25724","14646"
"18","0.1","1","false","false","false","true","false","false","false","1","1","1","0.25","1","0","0","0","100","0","50","0.5","10","2.5","2","60","1.6","0.4","20.5","6.7","16","8.21","365","14","1","0","0","299","299","148","23242","1897","4669","7520","51745","927","8284","false","450007","123","212","592","23632","25921","14750"
"18","0.1","1","false","false","false","true","false","false","false","1","1","1","0.25","1","0","0","0","100","0","50","0.5","10","2.5","2","60","1.6","0.4","20.5","6.7","16","8.21","365","14","1","0","0","299","299","149","22766","1926","4631","7416","52330","931","8242","false","450590","124","213","594","23792","26113","14863"
"18","0.1","1","false","false","false","true","false","false","false","1","1","1","0.25","1","0","0","0","100","0","50","0.5","10","2.5","2","60","1.6","0.4","20.5","6.7","16","8.21","365","14","1","0","0","299","299","150","22310","1963","4568","7335","52880","944","8173","false","450932","128","215","601","23956","26286","14955"
"18","0.1","1","false","false","false","true","false","false","false","1","1","1","0.25","1","0","0","0","100","0","50","0.5","10","2.5","2","60","1.6","0.4","20.5","6.7","16","8.21","365","14","1","0","0","299","299","151","21904","1922","4503","7261","53452","958","8127","false","451477","129","218","611","24154","26456","15047"
"18","0.1","1","false","false","false","true","false","false","false","1","1","1","0.25","1","0","0","0","100","0","50","0.5","10","2.5","2","60","1.6","0.4","20.5","6.7","16","8.21","365","14","1","0","0","299","299","152","21474","1891","4464","7186","54019","966","8145","false","451747","129","221","616","24326","26637","15151"
"18","0.1","1","false","false","false","true","false","false","false","1","1","1","0.25","1","0","0","0","100","0","50","0.5","10","2.5","2","60","1.6","0.4","20.5","6.7","16","8.21","365","14","1","0","0","299","299","153","21067","1842","4398","7206","54511","976","7982","false","451626","131","225","620","24471","26828","15258"
"18","0.1","1","false","false","false","true","false","false","false","1","1","1","0.25","1","0","0","0","100","0","50","0.5","10","2.5","2","60","1.6","0.4","20.5","6.7","16","8.21","365","14","1","0","0","299","299","154","20641","1840","4378","7151","55009","981","7940","false","452845","132","225","624","24632","27006","15370"
"18","0.1","1","false","false","false","true","false","false","false","1","1","1","0.25","1","0","0","0","100","0","50","0.5","10","2.5","2","60","1.6","0.4","20.5","6.7","16","8.21","365","14","1","0","0","299","299","155","20212","1831","4348","7073","55546","990","7864","false","453219","132","226","632","24788","27167","15473"
"18","0.1","1","false","false","false","true","false","false","false","1","1","1","0.25","1","0","0","0","100","0","50","0.5","10","2.5","2","60","1.6","0.4","20.5","6.7","16","8.21","365","14","1","0","0","299","299","156","19814","1808","4318","6999","56064","997","7729","false","453954","133","228","636","24960","27331","15565"
"18","0.1","1","false","false","false","true","false","false","false","1","1","1","0.25","1","0","0","0","100","0","50","0.5","10","2.5","2","60","1.6","0.4","20.5","6.7","16","8.21","365","14","1","0","0","299","299","157","19413","1764","4287","6946","56586","1004","7662","false","455034","133","231","640","25128","27517","15661"
"18","0.1","1","false","false","false","true","false","false","false","1","1","1","0.25","1","0","0","0","100","0","50","0.5","10","2.5","2","60","1.6","0.4","20.5","6.7","16","8.21","365","14","1","0","0","299","299","158","19027","1722","4225","6876","57140","1010","7648","false","455562","135","232","643","25273","27689","15753"
"18","0.1","1","false","false","false","true","false","false","false","1","1","1","0.25","1","0","0","0","100","0","50","0.5","10","2.5","2","60","1.6","0.4","20.5","6.7","16","8.21","365","14","1","0","0","299","299","159","18665","1680","4167","6778","57692","1018","7503","false","455687","136","233","649","25409","27857","15862"
"18","0.1","1","false","false","false","true","false","false","false","1","1","1","0.25","1","0","0","0","100","0","50","0.5","10","2.5","2","60","1.6","0.4","20.5","6.7","16","8.21","365","14","1","0","0","299","299","160","18284","1677","4176","6655","58183","1025","7399","false","456911","136","234","655","25574","28021","15959"
"18","0.1","1","false","false","false","true","false","false","false","1","1","1","0.25","1","0","0","0","100","0","50","0.5","10","2.5","2","60","1.6","0.4","20.5","6.7","16","8.21","365","14","1","0","0","299","299","161","17892","1687","4131","6542","58712","1036","7360","false","457719","137","237","662","25731","28168","16062"
"18","0.1","1","false","false","false","true","false","false","false","1","1","1","0.25","1","0","0","0","100","0","50","0.5","10","2.5","2","60","1.6","0.4","20.5","6.7","16","8.21","365","14","1","0","0","299","299","162","17485","1728","4072","6458","59211","1046","7213","false","457966","139","238","669","25882","28324","16143"
"18","0.1","1","false","false","false","true","false","false","false","1","1","1","0.25","1","0","0","0","100","0","50","0.5","10","2.5","2","60","1.6","0.4","20.5","6.7","16","8.21","365","14","1","0","0","299","299","163","17087","1707","4016","6427","59710","1053","7095","false","458981","140","243","670","26019","28488","16240"
"18","0.1","1","false","false","false","true","false","false","false","1","1","1","0.25","1","0","0","0","100","0","50","0.5","10","2.5","2","60","1.6","0.4","20.5","6.7","16","8.21","365","14","1","0","0","299","299","164","16671","1720","3965","6372","60210","1062","6978","false","459759","141","245","676","26143","28647","16335"
"18","0.1","1","false","false","false","true","false","false","false","1","1","1","0.25","1","0","0","0","100","0","50","0.5","10","2.5","2","60","1.6","0.4","20.5","6.7","16","8.21","365","14","1","0","0","299","299","165","16297","1728","3925","6320","60661","1069","6885","false","460578","143","246","680","26297","28789","16415"
"18","0.1","1","false","false","false","true","false","false","false","1","1","1","0.25","1","0","0","0","100","0","50","0.5","10","2.5","2","60","1.6","0.4","20.5","6.7","16","8.21","365","14","1","0","0","299","299","166","15895","1706","3892","6286","61147","1074","6873","false","461349","144","248","682","26441","28960","16523"
"18","0.1","1","false","false","false","true","false","false","false","1","1","1","0.25","1","0","0","0","100","0","50","0.5","10","2.5","2","60","1.6","0.4","20.5","6.7","16","8.21","365","14","1","0","0","299","299","167","15510","1669","3830","6268","61637","1086","6798","false","461445","146","250","690","26604","29117","16621"
"18","0.1","1","false","false","false","true","false","false","false","1","1","1","0.25","1","0","0","0","100","0","50","0.5","10","2.5","2","60","1.6","0.4","20.5","6.7","16","8.21","365","14","1","0","0","299","299","168","15161","1604","3786","6236","62120","1093","6697","false","461921","147","252","694","26753","29295","16719"
"18","0.1","1","false","false","false","true","false","false","false","1","1","1","0.25","1","0","0","0","100","0","50","0.5","10","2.5","2","60","1.6","0.4","20.5","6.7","16","8.21","365","14","1","0","0","299","299","169","14798","1583","3730","6166","62625","1098","6649","false","462709","147","254","697","26896","29445","16808"
"18","0.1","1","false","false","false","true","false","false","false","1","1","1","0.25","1","0","0","0","100","0","50","0.5","10","2.5","2","60","1.6","0.4","20.5","6.7","16","8.21","365","14","1","0","0","299","299","170","14439","1580","3719","6083","63078","1101","6618","false","463219","147","254","700","27035","29574","16900"
"18","0.1","1","false","false","false","true","false","false","false","1","1","1","0.25","1","0","0","0","100","0","50","0.5","10","2.5","2","60","1.6","0.4","20.5","6.7","16","8.21","365","14","1","0","0","299","299","171","14078","1555","3675","6053","63531","1108","6546","false","463701","147","256","705","27169","29714","16978"
"18","0.1","1","false","false","false","true","false","false","false","1","1","1","0.25","1","0","0","0","100","0","50","0.5","10","2.5","2","60","1.6","0.4","20.5","6.7","16","8.21","365","14","1","0","0","299","299","172","13741","1534","3644","5965","63994","1122","6440","false","464388","147","261","714","27322","29861","17069"
"18","0.1","1","false","false","false","true","false","false","false","1","1","1","0.25","1","0","0","0","100","0","50","0.5","10","2.5","2","60","1.6","0.4","20.5","6.7","16","8.21","365","14","1","0","0","299","299","173","13407","1507","3625","5905","64429","1127","6447","false","465360","148","263","716","27456","30009","17159"
"18","0.1","1","false","false","false","true","false","false","false","1","1","1","0.25","1","0","0","0","100","0","50","0.5","10","2.5","2","60","1.6","0.4","20.5","6.7","16","8.21","365","14","1","0","0","299","299","174","13039","1540","3593","5805","64891","1132","6344","false","465483","149","264","719","27596","30138","17241"
"18","0.1","1","false","false","false","true","false","false","false","1","1","1","0.25","1","0","0","0","100","0","50","0.5","10","2.5","2","60","1.6","0.4","20.5","6.7","16","8.21","365","14","1","0","0","299","299","175","12731","1501","3571","5741","65313","1143","6270","false","466473","150","270","723","27744","30274","17328"
"18","0.1","1","false","false","false","true","false","false","false","1","1","1","0.25","1","0","0","0","100","0","50","0.5","10","2.5","2","60","1.6","0.4","20.5","6.7","16","8.21","365","14","1","0","0","299","299","176","12379","1479","3547","5704","65739","1152","6233","false","467212","152","270","730","27879","30416","17423"
"18","0.1","1","false","false","false","true","false","false","false","1","1","1","0.25","1","0","0","0","100","0","50","0.5","10","2.5","2","60","1.6","0.4","20.5","6.7","16","8.21","365","14","1","0","0","299","299","177","12073","1469","3492","5638","66161","1167","6151","false","467587","153","277","737","27977","30551","17498"
"18","0.1","1","false","false","false","true","false","false","false","1","1","1","0.25","1","0","0","0","100","0","50","0.5","10","2.5","2","60","1.6","0.4","20.5","6.7","16","8.21","365","14","1","0","0","299","299","178","11759","1403","3488","5621","66558","1171","6048","false","468227","153","278","740","28118","30707","17577"
"18","0.1","1","false","false","false","true","false","false","false","1","1","1","0.25","1","0","0","0","100","0","50","0.5","10","2.5","2","60","1.6","0.4","20.5","6.7","16","8.21","365","14","1","0","0","299","299","179","11474","1331","3433","5572","67010","1180","5888","false","469128","155","280","745","28230","30869","17675"
"18","0.1","1","false","false","false","true","false","false","false","1","1","1","0.25","1","0","0","0","100","0","50","0.5","10","2.5","2","60","1.6","0.4","20.5","6.7","16","8.21","365","14","1","0","0","299","299","180","11184","1308","3418","5462","67441","1187","5799","false","470328","158","281","748","28373","30998","17751"
"18","0.1","1","false","false","false","true","false","false","false","1","1","1","0.25","1","0","0","0","100","0","50","0.5","10","2.5","2","60","1.6","0.4","20.5","6.7","16","8.21","365","14","1","0","0","299","299","181","10873","1322","3404","5387","67821","1193","5740","false","471071","160","283","750","28484","31131","17822"
"18","0.1","1","false","false","false","true","false","false","false","1","1","1","0.25","1","0","0","0","100","0","50","0.5","10","2.5","2","60","1.6","0.4","20.5","6.7","16","8.21","365","14","1","0","0","299","299","182","10587","1296","3354","5337","68228","1198","5692","false","471549","161","284","753","28587","31266","17895"
"18","0.1","1","false","false","false","true","false","false","false","1","1","1","0.25","1","0","0","0","100","0","50","0.5","10","2.5","2","60","1.6","0.4","20.5","6.7","16","8.21","365","14","1","0","0","299","299","183","10304","1278","3300","5258","68658","1202","5593","false","471981","161","285","756","28710","31391","17968"
"18","0.1","1","false","false","false","true","false","false","false","1","1","1","0.25","1","0","0","0","100","0","50","0.5","10","2.5","2","60","1.6","0.4","20.5","6.7","16","8.21","365","14","1","0","0","299","299","184","10010","1269","3251","5194","69065","1211","5467","false","472914","161","287","763","28808","31509","18044"
"18","0.1","1","false","false","false","true","false","false","false","1","1","1","0.25","1","0","0","0","100","0","50","0.5","10","2.5","2","60","1.6","0.4","20.5","6.7","16","8.21","365","14","1","0","0","299","299","185","9740","1226","3179","5144","69494","1217","5311","false","473910","161","287","769","28905","31632","18112"
"18","0.1","1","false","false","false","true","false","false","false","1","1","1","0.25","1","0","0","0","100","0","50","0.5","10","2.5","2","60","1.6","0.4","20.5","6.7","16","8.21","365","14","1","0","0","299","299","186","9481","1205","3139","5036","69916","1223","5234","false","475056","162","287","774","29010","31751","18190"
"18","0.1","1","false","false","false","true","false","false","false","1","1","1","0.25","1","0","0","0","100","0","50","0.5","10","2.5","2","60","1.6","0.4","20.5","6.7","16","8.21","365","14","1","0","0","299","299","187","9204","1180","3106","4951","70331","1228","5144","false","475516","162","290","776","29126","31870","18266"
"18","0.1","1","false","false","false","true","false","false","false","1","1","1","0.25","1","0","0","0","100","0","50","0.5","10","2.5","2","60","1.6","0.4","20.5","6.7","16","8.21","365","14","1","0","0","299","299","188","8934","1165","3074","4893","70701","1233","5074","false","476437","163","290","780","29226","31983","18332"
"18","0.1","1","false","false","false","true","false","false","false","1","1","1","0.25","1","0","0","0","100","0","50","0.5","10","2.5","2","60","1.6","0.4","20.5","6.7","16","8.21","365","14","1","0","0","299","299","189","8666","1179","3043","4809","71060","1243","4971","false","477090","165","290","788","29326","32084","18393"
"18","0.1","1","false","false","false","true","false","false","false","1","1","1","0.25","1","0","0","0","100","0","50","0.5","10","2.5","2","60","1.6","0.4","20.5","6.7","16","8.21","365","14","1","0","0","299","299","190","8392","1164","2989","4738","71471","1246","4926","false","477917","165","290","791","29437","32181","18460"
"18","0.1","1","false","false","false","true","false","false","false","1","1","1","0.25","1","0","0","0","100","0","50","0.5","10","2.5","2","60","1.6","0.4","20.5","6.7","16","8.21","365","14","1","0","0","299","299","191","8123","1151","2977","4640","71859","1250","4871","false","478281","166","290","794","29547","32300","18532"
"18","0.1","1","false","false","false","true","false","false","false","1","1","1","0.25","1","0","0","0","100","0","50","0.5","10","2.5","2","60","1.6","0.4","20.5","6.7","16","8.21","365","14","1","0","0","299","299","192","7848","1144","2961","4583","72211","1253","4817","false","478745","166","291","796","29648","32417","18599"
"18","0.1","1","false","false","false","true","false","false","false","1","1","1","0.25","1","0","0","0","100","0","50","0.5","10","2.5","2","60","1.6","0.4","20.5","6.7","16","8.21","365","14","1","0","0","299","299","193","7604","1135","2918","4532","72555","1256","4757","false","479226","166","292","798","29744","32518","18656"
"18","0.1","1","false","false","false","true","false","false","false","1","1","1","0.25","1","0","0","0","100","0","50","0.5","10","2.5","2","60","1.6","0.4","20.5","6.7","16","8.21","365","14","1","0","0","299","299","194","7374","1082","2897","4471","72916","1260","4703","false","479820","167","292","801","29860","32625","18721"
"18","0.1","1","false","false","false","true","false","false","false","1","1","1","0.25","1","0","0","0","100","0","50","0.5","10","2.5","2","60","1.6","0.4","20.5","6.7","16","8.21","365","14","1","0","0","299","299","195","7137","1058","2853","4417","73267","1268","4586","false","480290","167","294","807","29965","32729","18773"
"18","0.1","1","false","false","false","true","false","false","false","1","1","1","0.25","1","0","0","0","100","0","50","0.5","10","2.5","2","60","1.6","0.4","20.5","6.7","16","8.21","365","14","1","0","0","299","299","196","6927","998","2833","4336","73631","1275","4469","false","481171","168","296","811","30059","32852","18830"
"18","0.1","1","false","false","false","true","false","false","false","1","1","1","0.25","1","0","0","0","100","0","50","0.5","10","2.5","2","60","1.6","0.4","20.5","6.7","16","8.21","365","14","1","0","0","299","299","197","6705","965","2808","4256","73987","1279","4416","false","482183","169","296","814","30162","32948","18904"
"18","0.1","1","false","false","false","true","false","false","false","1","1","1","0.25","1","0","0","0","100","0","50","0.5","10","2.5","2","60","1.6","0.4","20.5","6.7","16","8.21","365","14","1","0","0","299","299","198","6502","932","2768","4178","74334","1286","4311","false","482646","170","296","820","30268","33069","18953"
"18","0.1","1","false","false","false","true","false","false","false","1","1","1","0.25","1","0","0","0","100","0","50","0.5","10","2.5","2","60","1.6","0.4","20.5","6.7","16","8.21","365","14","1","0","0","299","299","199","6299","919","2713","4110","74668","1291","4262","false","483503","170","298","823","30353","33165","19006"
"18","0.1","1","false","false","false","true","false","false","false","1","1","1","0.25","1","0","0","0","100","0","50","0.5","10","2.5","2","60","1.6","0.4","20.5","6.7","16","8.21","365","14","1","0","0","299","299","200","6113","884","2671","4032","75003","1297","4115","false","483998","170","300","827","30449","33246","19065"
"18","0.1","1","false","false","false","true","false","false","false","1","1","1","0.25","1","0","0","0","100","0","50","0.5","10","2.5","2","60","1.6","0.4","20.5","6.7","16","8.21","365","14","1","0","0","299","299","201","5931","836","2624","3975","75331","1303","3959","false","485210","171","300","832","30542","33336","19103"
"18","0.1","1","false","false","false","true","false","false","false","1","1","1","0.25","1","0","0","0","100","0","50","0.5","10","2.5","2","60","1.6","0.4","20.5","6.7","16","8.21","365","14","1","0","0","299","299","202","5724","842","2579","3905","75641","1309","3908","false","486513","172","300","837","30604","33427","19152"
"18","0.1","1","false","false","false","true","false","false","false","1","1","1","0.25","1","0","0","0","100","0","50","0.5","10","2.5","2","60","1.6","0.4","20.5","6.7","16","8.21","365","14","1","0","0","299","299","203","5542","828","2532","3837","75948","1313","3810","false","486923","172","301","840","30673","33500","19192"
"18","0.1","1","false","false","false","true","false","false","false","1","1","1","0.25","1","0","0","0","100","0","50","0.5","10","2.5","2","60","1.6","0.4","20.5","6.7","16","8.21","365","14","1","0","0","299","299","204","5377","800","2477","3731","76296","1319","3627","false","487771","173","301","845","30747","33576","19229"
"18","0.1","1","false","false","false","true","false","false","false","1","1","1","0.25","1","0","0","0","100","0","50","0.5","10","2.5","2","60","1.6","0.4","20.5","6.7","16","8.21","365","14","1","0","0","299","299","205","5192","790","2427","3652","76613","1326","3503","false","489249","173","302","851","30828","33651","19276"
"18","0.1","1","false","false","false","true","false","false","false","1","1","1","0.25","1","0","0","0","100","0","50","0.5","10","2.5","2","60","1.6","0.4","20.5","6.7","16","8.21","365","14","1","0","0","299","299","206","5013","794","2387","3560","76912","1334","3430","false","490275","174","306","854","30905","33721","19325"
"18","0.1","1","false","false","false","true","false","false","false","1","1","1","0.25","1","0","0","0","100","0","50","0.5","10","2.5","2","60","1.6","0.4","20.5","6.7","16","8.21","365","14","1","0","0","299","299","207","4837","784","2341","3494","77206","1338","3348","false","490950","175","306","857","30985","33794","19370"
"18","0.1","1","false","false","false","true","false","false","false","1","1","1","0.25","1","0","0","0","100","0","50","0.5","10","2.5","2","60","1.6","0.4","20.5","6.7","16","8.21","365","14","1","0","0","299","299","208","4675","756","2309","3451","77470","1339","3252","false","491602","175","306","858","31060","33873","19428"
"18","0.1","1","false","false","false","true","false","false","false","1","1","1","0.25","1","0","0","0","100","0","50","0.5","10","2.5","2","60","1.6","0.4","20.5","6.7","16","8.21","365","14","1","0","0","299","299","209","4507","756","2262","3363","77767","1345","3139","false","492481","175","309","861","31127","33932","19471"
"18","0.1","1","false","false","false","true","false","false","false","1","1","1","0.25","1","0","0","0","100","0","50","0.5","10","2.5","2","60","1.6","0.4","20.5","6.7","16","8.21","365","14","1","0","0","299","299","210","4357","694","2216","3308","78075","1350","3053","false","493454","175","312","863","31194","34024","19517"
"18","0.1","1","false","false","false","true","false","false","false","1","1","1","0.25","1","0","0","0","100","0","50","0.5","10","2.5","2","60","1.6","0.4","20.5","6.7","16","8.21","365","14","1","0","0","299","299","211","4205","691","2156","3220","78373","1355","2930","false","494054","178","312","865","31252","34101","19553"
"18","0.1","1","false","false","false","true","false","false","false","1","1","1","0.25","1","0","0","0","100","0","50","0.5","10","2.5","2","60","1.6","0.4","20.5","6.7","16","8.21","365","14","1","0","0","299","299","212","4034","689","2124","3161","78633","1359","2874","false","495048","178","313","868","31311","34176","19592"
"18","0.1","1","false","false","false","true","false","false","false","1","1","1","0.25","1","0","0","0","100","0","50","0.5","10","2.5","2","60","1.6","0.4","20.5","6.7","16","8.21","365","14","1","0","0","299","299","213","3881","687","2076","3077","78913","1366","2783","false","495586","178","317","871","31372","34243","19636"
"18","0.1","1","false","false","false","true","false","false","false","1","1","1","0.25","1","0","0","0","100","0","50","0.5","10","2.5","2","60","1.6","0.4","20.5","6.7","16","8.21","365","14","1","0","0","299","299","214","3747","648","2033","3035","79168","1369","2694","false","496210","178","318","873","31424","34321","19673"
"18","0.1","1","false","false","false","true","false","false","false","1","1","1","0.25","1","0","0","0","100","0","50","0.5","10","2.5","2","60","1.6","0.4","20.5","6.7","16","8.21","365","14","1","0","0","299","299","215","3618","607","1974","2983","79443","1375","2621","false","497022","178","320","877","31497","34390","19700"
"18","0.1","1","false","false","false","true","false","false","false","1","1","1","0.25","1","0","0","0","100","0","50","0.5","10","2.5","2","60","1.6","0.4","20.5","6.7","16","8.21","365","14","1","0","0","299","299","216","3498","572","1933","2909","79706","1382","2508","false","497625","179","322","881","31560","34441","19744"
"18","0.1","1","false","false","false","true","false","false","false","1","1","1","0.25","1","0","0","0","100","0","50","0.5","10","2.5","2","60","1.6","0.4","20.5","6.7","16","8.21","365","14","1","0","0","299","299","217","3345","578","1882","2829","79980","1386","2478","false","498535","180","324","882","31609","34506","19775"
"18","0.1","1","false","false","false","true","false","false","false","1","1","1","0.25","1","0","0","0","100","0","50","0.5","10","2.5","2","60","1.6","0.4","20.5","6.7","16","8.21","365","14","1","0","0","299","299","218","3214","575","1818","2751","80254","1388","2419","false","498886","180","325","883","31663","34561","19812"
"18","0.1","1","false","false","false","true","false","false","false","1","1","1","0.25","1","0","0","0","100","0","50","0.5","10","2.5","2","60","1.6","0.4","20.5","6.7","16","8.21","365","14","1","0","0","299","299","219","3095","557","1758","2676","80522","1392","2341","false","499454","182","325","885","31731","34610","19836"
"18","0.1","1","false","false","false","true","false","false","false","1","1","1","0.25","1","0","0","0","100","0","50","0.5","10","2.5","2","60","1.6","0.4","20.5","6.7","16","8.21","365","14","1","0","0","299","299","220","2980","542","1717","2585","80779","1397","2269","false","500147","183","327","887","31792","34666","19873"
"18","0.1","1","false","false","false","true","false","false","false","1","1","1","0.25","1","0","0","0","100","0","50","0.5","10","2.5","2","60","1.6","0.4","20.5","6.7","16","8.21","365","14","1","0","0","299","299","221","2855","541","1675","2557","80972","1400","2187","false","500809","183","327","890","31839","34702","19912"
"18","0.1","1","false","false","false","true","false","false","false","1","1","1","0.25","1","0","0","0","100","0","50","0.5","10","2.5","2","60","1.6","0.4","20.5","6.7","16","8.21","365","14","1","0","0","299","299","222","2755","504","1627","2503","81210","1401","2090","false","501507","183","327","891","31886","34755","19938"
"18","0.1","1","false","false","false","true","false","false","false","1","1","1","0.25","1","0","0","0","100","0","50","0.5","10","2.5","2","60","1.6","0.4","20.5","6.7","16","8.21","365","14","1","0","0","299","299","223","2668","459","1601","2449","81419","1404","2036","false","502312","183","328","893","31940","34804","19974"
"18","0.1","1","false","false","false","true","false","false","false","1","1","1","0.25","1","0","0","0","100","0","50","0.5","10","2.5","2","60","1.6","0.4","20.5","6.7","16","8.21","365","14","1","0","0","299","299","224","2578","445","1560","2380","81629","1408","1988","false","502784","183","330","895","31972","34861","19999"
"18","0.1","1","false","false","false","true","false","false","false","1","1","1","0.25","1","0","0","0","100","0","50","0.5","10","2.5","2","60","1.6","0.4","20.5","6.7","16","8.21","365","14","1","0","0","299","299","225","2468","438","1516","2330","81836","1412","1920","false","503336","184","332","896","32005","34910","20030"
"18","0.1","1","false","false","false","true","false","false","false","1","1","1","0.25","1","0","0","0","100","0","50","0.5","10","2.5","2","60","1.6","0.4","20.5","6.7","16","8.21","365","14","1","0","0","299","299","226","2367","431","1468","2261","82054","1419","1883","false","503917","185","335","899","32047","34957","20058"
"18","0.1","1","false","false","false","true","false","false","false","1","1","1","0.25","1","0","0","0","100","0","50","0.5","10","2.5","2","60","1.6","0.4","20.5","6.7","16","8.21","365","14","1","0","0","299","299","227","2271","406","1429","2217","82253","1424","1830","false","504241","185","337","902","32098","35001","20087"
"18","0.1","1","false","false","false","true","false","false","false","1","1","1","0.25","1","0","0","0","100","0","50","0.5","10","2.5","2","60","1.6","0.4","20.5","6.7","16","8.21","365","14","1","0","0","299","299","228","2187","400","1385","2150","82452","1426","1786","false","504686","185","338","903","32134","35044","20111"
"18","0.1","1","false","false","false","true","false","false","false","1","1","1","0.25","1","0","0","0","100","0","50","0.5","10","2.5","2","60","1.6","0.4","20.5","6.7","16","8.21","365","14","1","0","0","299","299","229","2114","384","1357","2065","82652","1428","1740","false","505131","185","339","904","32171","35091","20130"
"18","0.1","1","false","false","false","true","false","false","false","1","1","1","0.25","1","0","0","0","100","0","50","0.5","10","2.5","2","60","1.6","0.4","20.5","6.7","16","8.21","365","14","1","0","0","299","299","230","2026","387","1304","2011","82843","1429","1671","false","505520","185","339","905","32206","35128","20145"
"18","0.1","1","false","false","false","true","false","false","false","1","1","1","0.25","1","0","0","0","100","0","50","0.5","10","2.5","2","60","1.6","0.4","20.5","6.7","16","8.21","365","14","1","0","0","299","299","231","1962","356","1281","1950","83019","1432","1597","false","506091","185","341","906","32243","35171","20162"
"18","0.1","1","false","false","false","true","false","false","false","1","1","1","0.25","1","0","0","0","100","0","50","0.5","10","2.5","2","60","1.6","0.4","20.5","6.7","16","8.21","365","14","1","0","0","299","299","232","1893","327","1244","1897","83204","1435","1531","false","506726","185","344","906","32270","35204","20187"
"18","0.1","1","false","false","false","true","false","false","false","1","1","1","0.25","1","0","0","0","100","0","50","0.5","10","2.5","2","60","1.6","0.4","20.5","6.7","16","8.21","365","14","1","0","0","299","299","233","1813","324","1213","1830","83380","1440","1474","false","507297","186","346","908","32306","35234","20200"
"18","0.1","1","false","false","false","true","false","false","false","1","1","1","0.25","1","0","0","0","100","0","50","0.5","10","2.5","2","60","1.6","0.4","20.5","6.7","16","8.21","365","14","1","0","0","299","299","234","1750","298","1197","1766","83544","1445","1429","false","507744","187","346","912","32344","35273","20219"
"18","0.1","1","false","false","false","true","false","false","false","1","1","1","0.25","1","0","0","0","100","0","50","0.5","10","2.5","2","60","1.6","0.4","20.5","6.7","16","8.21","365","14","1","0","0","299","299","235","1691","295","1154","1696","83714","1450","1359","false","508087","187","346","917","32364","35299","20238"
"18","0.1","1","false","false","false","true","false","false","false","1","1","1","0.25","1","0","0","0","100","0","50","0.5","10","2.5","2","60","1.6","0.4","20.5","6.7","16","8.21","365","14","1","0","0","299","299","236","1630","283","1137","1618","83877","1455","1326","false","508621","188","346","921","32396","35332","20259"
"18","0.1","1","false","false","false","true","false","false","false","1","1","1","0.25","1","0","0","0","100","0","50","0.5","10","2.5","2","60","1.6","0.4","20.5","6.7","16","8.21","365","14","1","0","0","299","299","237","1576","261","1112","1565","84031","1455","1263","false","508887","188","346","921","32430","35368","20279"
"18","0.1","1","false","false","false","true","false","false","false","1","1","1","0.25","1","0","0","0","100","0","50","0.5","10","2.5","2","60","1.6","0.4","20.5","6.7","16","8.21","365","14","1","0","0","299","299","238","1509","264","1081","1509","84179","1458","1205","false","509477","188","348","922","32449","35394","20300"
"18","0.1","1","false","false","false","true","false","false","false","1","1","1","0.25","1","0","0","0","100","0","50","0.5","10","2.5","2","60","1.6","0.4","20.5","6.7","16","8.21","365","14","1","0","0","299","299","239","1450","256","1040","1460","84335","1459","1154","false","510030","188","348","923","32475","35423","20310"
"18","0.1","1","false","false","false","true","false","false","false","1","1","1","0.25","1","0","0","0","100","0","50","0.5","10","2.5","2","60","1.6","0.4","20.5","6.7","16","8.21","365","14","1","0","0","299","299","240","1397","241","1013","1407","84480","1462","1092","false","510533","188","348","926","32507","35450","20325"
"18","0.1","1","false","false","false","true","false","false","false","1","1","1","0.25","1","0","0","0","100","0","50","0.5","10","2.5","2","60","1.6","0.4","20.5","6.7","16","8.21","365","14","1","0","0","299","299","241","1327","255","968","1348","84633","1469","1078","false","511024","189","350","930","32534","35475","20333"
"18","0.1","1","false","false","false","true","false","false","false","1","1","1","0.25","1","0","0","0","100","0","50","0.5","10","2.5","2","60","1.6","0.4","20.5","6.7","16","8.21","365","14","1","0","0","299","299","242","1281","255","917","1276","84800","1471","1028","false","511108","189","351","931","32550","35493","20348"
"18","0.1","1","false","false","false","true","false","false","false","1","1","1","0.25","1","0","0","0","100","0","50","0.5","10","2.5","2","60","1.6","0.4","20.5","6.7","16","8.21","365","14","1","0","0","299","299","243","1234","248","900","1230","84914","1474","1019","false","511492","189","351","934","32570","35524","20360"
"18","0.1","1","false","false","false","true","false","false","false","1","1","1","0.25","1","0","0","0","100","0","50","0.5","10","2.5","2","60","1.6","0.4","20.5","6.7","16","8.21","365","14","1","0","0","299","299","244","1178","239","860","1191","85056","1476","988","false","511514","189","352","935","32594","35557","20369"
"18","0.1","1","false","false","false","true","false","false","false","1","1","1","0.25","1","0","0","0","100","0","50","0.5","10","2.5","2","60","1.6","0.4","20.5","6.7","16","8.21","365","14","1","0","0","299","299","245","1133","225","827","1161","85176","1478","953","false","511833","189","353","936","32612","35578","20383"
"18","0.1","1","false","false","false","true","false","false","false","1","1","1","0.25","1","0","0","0","100","0","50","0.5","10","2.5","2","60","1.6","0.4","20.5","6.7","16","8.21","365","14","1","0","0","299","299","246","1076","220","800","1136","85289","1479","915","false","512128","190","353","936","32636","35596","20399"
"18","0.1","1","false","false","false","true","false","false","false","1","1","1","0.25","1","0","0","0","100","0","50","0.5","10","2.5","2","60","1.6","0.4","20.5","6.7","16","8.21","365","14","1","0","0","299","299","247","1032","213","773","1106","85395","1481","906","false","512444","191","353","937","32656","35616","20410"
"18","0.1","1","false","false","false","true","false","false","false","1","1","1","0.25","1","0","0","0","100","0","50","0.5","10","2.5","2","60","1.6","0.4","20.5","6.7","16","8.21","365","14","1","0","0","299","299","248","989","210","750","1064","85505","1482","869","false","512544","191","354","937","32675","35641","20422"
"18","0.1","1","false","false","false","true","false","false","false","1","1","1","0.25","1","0","0","0","100","0","50","0.5","10","2.5","2","60","1.6","0.4","20.5","6.7","16","8.21","365","14","1","0","0","299","299","249","949","196","724","1039","85609","1483","839","false","512811","191","354","938","32703","35659","20431"
"18","0.1","1","false","false","false","true","false","false","false","1","1","1","0.25","1","0","0","0","100","0","50","0.5","10","2.5","2","60","1.6","0.4","20.5","6.7","16","8.21","365","14","1","0","0","299","299","250","900","193","706","1004","85713","1484","795","false","513015","191","355","938","32720","35685","20438"
"18","0.1","1","false","false","false","true","false","false","false","1","1","1","0.25","1","0","0","0","100","0","50","0.5","10","2.5","2","60","1.6","0.4","20.5","6.7","16","8.21","365","14","1","0","0","299","299","251","853","197","687","969","85809","1485","766","false","513394","192","355","938","32739","35701","20448"
"18","0.1","1","false","false","false","true","false","false","false","1","1","1","0.25","1","0","0","0","100","0","50","0.5","10","2.5","2","60","1.6","0.4","20.5","6.7","16","8.21","365","14","1","0","0","299","299","252","810","191","659","930","85924","1486","790","false","513678","192","355","939","32762","35720","20462"
"18","0.1","1","false","false","false","true","false","false","false","1","1","1","0.25","1","0","0","0","100","0","50","0.5","10","2.5","2","60","1.6","0.4","20.5","6.7","16","8.21","365","14","1","0","0","299","299","253","782","168","638","911","86014","1487","752","false","513612","193","355","939","32776","35736","20478"
"18","0.1","1","false","false","false","true","false","false","false","1","1","1","0.25","1","0","0","0","100","0","50","0.5","10","2.5","2","60","1.6","0.4","20.5","6.7","16","8.21","365","14","1","0","0","299","299","254","741","173","614","884","86100","1488","739","false","513928","193","355","940","32793","35752","20487"
"18","0.1","1","false","false","false","true","false","false","false","1","1","1","0.25","1","0","0","0","100","0","50","0.5","10","2.5","2","60","1.6","0.4","20.5","6.7","16","8.21","365","14","1","0","0","299","299","255","712","165","583","857","86190","1493","700","false","514034","194","356","943","32810","35763","20494"
"18","0.1","1","false","false","false","true","false","false","false","1","1","1","0.25","1","0","0","0","100","0","50","0.5","10","2.5","2","60","1.6","0.4","20.5","6.7","16","8.21","365","14","1","0","0","299","299","256","675","163","559","827","86283","1493","683","false","514348","194","356","943","32828","35789","20497"
"18","0.1","1","false","false","false","true","false","false","false","1","1","1","0.25","1","0","0","0","100","0","50","0.5","10","2.5","2","60","1.6","0.4","20.5","6.7","16","8.21","365","14","1","0","0","299","299","257","651","153","539","796","86367","1494","648","false","514520","194","356","944","32843","35804","20504"
"18","0.1","1","false","false","false","true","false","false","false","1","1","1","0.25","1","0","0","0","100","0","50","0.5","10","2.5","2","60","1.6","0.4","20.5","6.7","16","8.21","365","14","1","0","0","299","299","258","624","143","526","760","86452","1495","620","false","514903","194","356","945","32857","35818","20514"
"18","0.1","1","false","false","false","true","false","false","false","1","1","1","0.25","1","0","0","0","100","0","50","0.5","10","2.5","2","60","1.6","0.4","20.5","6.7","16","8.21","365","14","1","0","0","299","299","259","595","138","510","742","86518","1497","605","false","515148","194","357","946","32867","35838","20520"
"18","0.1","1","false","false","false","true","false","false","false","1","1","1","0.25","1","0","0","0","100","0","50","0.5","10","2.5","2","60","1.6","0.4","20.5","6.7","16","8.21","365","14","1","0","0","299","299","260","565","137","495","720","86585","1498","579","false","515257","194","358","946","32881","35849","20529"
"18","0.1","1","false","false","false","true","false","false","false","1","1","1","0.25","1","0","0","0","100","0","50","0.5","10","2.5","2","60","1.6","0.4","20.5","6.7","16","8.21","365","14","1","0","0","299","299","261","545","120","491","679","86667","1498","543","false","515453","194","358","946","32896","35866","20539"
"18","0.1","1","false","false","false","true","false","false","false","1","1","1","0.25","1","0","0","0","100","0","50","0.5","10","2.5","2","60","1.6","0.4","20.5","6.7","16","8.21","365","14","1","0","0","299","299","262","521","110","462","660","86748","1499","537","false","515755","195","358","946","32908","35872","20546"
"18","0.1","1","false","false","false","true","false","false","false","1","1","1","0.25","1","0","0","0","100","0","50","0.5","10","2.5","2","60","1.6","0.4","20.5","6.7","16","8.21","365","14","1","0","0","299","299","263","491","106","452","640","86812","1499","526","false","515814","195","358","946","32920","35884","20556"
"18","0.1","1","false","false","false","true","false","false","false","1","1","1","0.25","1","0","0","0","100","0","50","0.5","10","2.5","2","60","1.6","0.4","20.5","6.7","16","8.21","365","14","1","0","0","299","299","264","470","106","434","604","86885","1501","505","false","515926","195","360","946","32927","35896","20565"
"18","0.1","1","false","false","false","true","false","false","false","1","1","1","0.25","1","0","0","0","100","0","50","0.5","10","2.5","2","60","1.6","0.4","20.5","6.7","16","8.21","365","14","1","0","0","299","299","265","452","97","427","581","86941","1502","468","false","516084","195","360","947","32936","35911","20576"
"18","0.1","1","false","false","false","true","false","false","false","1","1","1","0.25","1","0","0","0","100","0","50","0.5","10","2.5","2","60","1.6","0.4","20.5","6.7","16","8.21","365","14","1","0","0","299","299","266","431","90","413","566","86998","1502","428","false","516378","195","360","947","32944","35925","20586"
"18","0.1","1","false","false","false","true","false","false","false","1","1","1","0.25","1","0","0","0","100","0","50","0.5","10","2.5","2","60","1.6","0.4","20.5","6.7","16","8.21","365","14","1","0","0","299","299","267","405","97","393","537","87065","1503","419","false","516712","195","361","947","32953","35929","20591"
"18","0.1","1","false","false","false","true","false","false","false","1","1","1","0.25","1","0","0","0","100","0","50","0.5","10","2.5","2","60","1.6","0.4","20.5","6.7","16","8.21","365","14","1","0","0","299","299","268","373","106","381","522","87114","1504","405","false","516774","195","361","948","32962","35938","20593"
"18","0.1","1","false","false","false","true","false","false","false","1","1","1","0.25","1","0","0","0","100","0","50","0.5","10","2.5","2","60","1.6","0.4","20.5","6.7","16","8.21","365","14","1","0","0","299","299","269","355","93","362","523","87161","1506","386","false","516900","195","362","949","32973","35949","20598"
"18","0.1","1","false","false","false","true","false","false","false","1","1","1","0.25","1","0","0","0","100","0","50","0.5","10","2.5","2","60","1.6","0.4","20.5","6.7","16","8.21","365","14","1","0","0","299","299","270","333","96","342","500","87222","1507","385","false","517055","196","362","949","32976","35963","20603"
"18","0.1","1","false","false","false","true","false","false","false","1","1","1","0.25","1","0","0","0","100","0","50","0.5","10","2.5","2","60","1.6","0.4","20.5","6.7","16","8.21","365","14","1","0","0","299","299","271","319","91","331","480","87272","1507","358","false","517063","196","362","949","32983","35973","20610"
"18","0.1","1","false","false","false","true","false","false","false","1","1","1","0.25","1","0","0","0","100","0","50","0.5","10","2.5","2","60","1.6","0.4","20.5","6.7","16","8.21","365","14","1","0","0","299","299","272","297","89","315","472","87319","1508","353","false","517306","196","363","949","32988","35987","20615"
"18","0.1","1","false","false","false","true","false","false","false","1","1","1","0.25","1","0","0","0","100","0","50","0.5","10","2.5","2","60","1.6","0.4","20.5","6.7","16","8.21","365","14","1","0","0","299","299","273","283","83","308","459","87359","1508","363","false","517335","196","363","949","32996","35993","20621"
"18","0.1","1","false","false","false","true","false","false","false","1","1","1","0.25","1","0","0","0","100","0","50","0.5","10","2.5","2","60","1.6","0.4","20.5","6.7","16","8.21","365","14","1","0","0","299","299","274","269","74","296","455","87397","1509","337","false","517321","196","363","950","33000","36000","20627"
"18","0.1","1","false","false","false","true","false","false","false","1","1","1","0.25","1","0","0","0","100","0","50","0.5","10","2.5","2","60","1.6","0.4","20.5","6.7","16","8.21","365","14","1","0","0","299","299","275","254","72","285","428","87451","1510","321","false","517492","197","363","950","33007","36009","20631"
"18","0.1","1","false","false","false","true","false","false","false","1","1","1","0.25","1","0","0","0","100","0","50","0.5","10","2.5","2","60","1.6","0.4","20.5","6.7","16","8.21","365","14","1","0","0","299","299","276","242","68","273","411","87495","1511","296","false","517628","197","363","951","33015","36019","20633"
"18","0.1","1","false","false","false","true","false","false","false","1","1","1","0.25","1","0","0","0","100","0","50","0.5","10","2.5","2","60","1.6","0.4","20.5","6.7","16","8.21","365","14","1","0","0","299","299","277","225","66","264","405","87528","1512","291","false","517811","197","363","952","33021","36028","20638"
"18","0.1","1","false","false","false","true","false","false","false","1","1","1","0.25","1","0","0","0","100","0","50","0.5","10","2.5","2","60","1.6","0.4","20.5","6.7","16","8.21","365","14","1","0","0","299","299","278","218","60","262","377","87569","1514","274","false","517870","197","364","953","33030","36032","20642"
"18","0.1","1","false","false","false","true","false","false","false","1","1","1","0.25","1","0","0","0","100","0","50","0.5","10","2.5","2","60","1.6","0.4","20.5","6.7","16","8.21","365","14","1","0","0","299","299","279","203","61","248","359","87612","1517","272","false","518014","197","365","955","33036","36041","20643"
"18","0.1","1","false","false","false","true","false","false","false","1","1","1","0.25","1","0","0","0","100","0","50","0.5","10","2.5","2","60","1.6","0.4","20.5","6.7","16","8.21","365","14","1","0","0","299","299","280","191","57","230","348","87656","1518","254","false","518029","198","365","955","33040","36047","20644"
"18","0.1","1","false","false","false","true","false","false","false","1","1","1","0.25","1","0","0","0","100","0","50","0.5","10","2.5","2","60","1.6","0.4","20.5","6.7","16","8.21","365","14","1","0","0","299","299","281","181","54","222","332","87692","1519","214","false","518166","198","365","956","33046","36052","20649"
"18","0.1","1","false","false","false","true","false","false","false","1","1","1","0.25","1","0","0","0","100","0","50","0.5","10","2.5","2","60","1.6","0.4","20.5","6.7","16","8.21","365","14","1","0","0","299","299","282","165","59","216","308","87731","1521","188","false","518488","198","365","958","33049","36061","20655"
"18","0.1","1","false","false","false","true","false","false","false","1","1","1","0.25","1","0","0","0","100","0","50","0.5","10","2.5","2","60","1.6","0.4","20.5","6.7","16","8.21","365","14","1","0","0","299","299","283","157","57","208","292","87765","1521","164","false","518683","198","365","958","33054","36064","20659"
"18","0.1","1","false","false","false","true","false","false","false","1","1","1","0.25","1","0","0","0","100","0","50","0.5","10","2.5","2","60","1.6","0.4","20.5","6.7","16","8.21","365","14","1","0","0","299","299","284","149","51","197","286","87796","1521","152","false","518893","198","365","958","33057","36070","20661"
"18","0.1","1","false","false","false","true","false","false","false","1","1","1","0.25","1","0","0","0","100","0","50","0.5","10","2.5","2","60","1.6","0.4","20.5","6.7","16","8.21","365","14","1","0","0","299","299","285","137","56","191","278","87817","1521","130","false","518999","198","365","958","33059","36071","20663"
"18","0.1","1","false","false","false","true","false","false","false","1","1","1","0.25","1","0","0","0","100","0","50","0.5","10","2.5","2","60","1.6","0.4","20.5","6.7","16","8.21","365","14","1","0","0","299","299","286","120","58","182","270","87847","1523","114","false","519191","198","365","960","33064","36075","20666"
"18","0.1","1","false","false","false","true","false","false","false","1","1","1","0.25","1","0","0","0","100","0","50","0.5","10","2.5","2","60","1.6","0.4","20.5","6.7","16","8.21","365","14","1","0","0","299","299","287","113","54","176","254","87880","1523","87","false","519321","198","365","960","33069","36077","20671"
"18","0.1","1","false","false","false","true","false","false","false","1","1","1","0.25","1","0","0","0","100","0","50","0.5","10","2.5","2","60","1.6","0.4","20.5","6.7","16","8.21","365","14","1","0","0","299","299","288","100","58","170","242","87907","1523","68","false","519580","198","365","960","33072","36083","20673"
"18","0.1","1","false","false","false","true","false","false","false","1","1","1","0.25","1","0","0","0","100","0","50","0.5","10","2.5","2","60","1.6","0.4","20.5","6.7","16","8.21","365","14","1","0","0","299","299","289","90","48","160","248","87931","1523","54","false","519767","198","365","960","33076","36091","20674"
"18","0.1","1","false","false","false","true","false","false","false","1","1","1","0.25","1","0","0","0","100","0","50","0.5","10","2.5","2","60","1.6","0.4","20.5","6.7","16","8.21","365","14","1","0","0","299","299","290","76","51","159","233","87958","1523","47","false","519911","198","365","960","33081","36098","20677"
"18","0.1","1","false","false","false","true","false","false","false","1","1","1","0.25","1","0","0","0","100","0","50","0.5","10","2.5","2","60","1.6","0.4","20.5","6.7","16","8.21","365","14","1","0","0","299","299","291","71","45","155","227","87978","1524","30","false","519990","198","366","960","33086","36105","20678"
"18","0.1","1","false","false","false","true","false","false","false","1","1","1","0.25","1","0","0","0","100","0","50","0.5","10","2.5","2","60","1.6","0.4","20.5","6.7","16","8.21","365","14","1","0","0","299","299","292","60","47","146","218","88005","1524","12","false","520162","198","366","960","33091","36110","20679"
"18","0.1","1","false","false","false","true","false","false","false","1","1","1","0.25","1","0","0","0","100","0","50","0.5","10","2.5","2","60","1.6","0.4","20.5","6.7","16","8.21","365","14","1","0","0","299","299","293","54","46","145","201","88030","1524","4","false","520348","198","366","960","33099","36114","20681"
"18","0.1","1","false","false","false","true","false","false","false","1","1","1","0.25","1","0","0","0","100","0","50","0.5","10","2.5","2","60","1.6","0.4","20.5","6.7","16","8.21","365","14","1","0","0","299","299","294","46","39","139","199","88053","1524","0","false","520435","198","366","960","33103","36119","20683"
"18","0.1","1","false","false","false","true","false","false","false","1","1","1","0.25","1","0","0","0","100","0","50","0.5","10","2.5","2","60","1.6","0.4","20.5","6.7","16","8.21","365","14","1","0","0","299","299","295","42","30","128","201","88075","1524","0","false","520482","198","366","960","33106","36123","20687"
"18","0.1","1","false","false","false","true","false","false","false","1","1","1","0.25","1","0","0","0","100","0","50","0.5","10","2.5","2","60","1.6","0.4","20.5","6.7","16","8.21","365","14","1","0","0","299","299","296","36","30","124","184","88101","1525","0","false","520482","198","367","960","33111","36127","20688"
"18","0.1","1","false","false","false","true","false","false","false","1","1","1","0.25","1","0","0","0","100","0","50","0.5","10","2.5","2","60","1.6","0.4","20.5","6.7","16","8.21","365","14","1","0","0","299","299","297","32","24","118","181","88120","1525","0","false","520470","198","367","960","33117","36132","20688"
"18","0.1","1","false","false","false","true","false","false","false","1","1","1","0.25","1","0","0","0","100","0","50","0.5","10","2.5","2","60","1.6","0.4","20.5","6.7","16","8.21","365","14","1","0","0","299","299","298","32","20","108","176","88138","1526","0","false","520470","198","367","961","33118","36132","20689"
"18","0.1","1","false","false","false","true","false","false","false","1","1","1","0.25","1","0","0","0","100","0","50","0.5","10","2.5","2","60","1.6","0.4","20.5","6.7","16","8.21","365","14","1","0","0","299","299","299","30","16","101","164","88163","1526","0","false","520458","198","367","961","33120","36133","20690"
"18","0.1","1","false","false","false","true","false","false","false","1","1","1","0.25","1","0","0","0","100","0","50","0.5","10","2.5","2","60","1.6","0.4","20.5","6.7","16","8.21","365","14","1","0","0","299","299","300","29","11","96","158","88179","1527","0","false","520458","198","367","962","33123","36136","20692"
"18","0.1","1","false","false","false","true","false","false","false","1","1","1","0.25","1","0","0","0","100","0","50","0.5","10","2.5","2","60","1.6","0.4","20.5","6.7","16","8.21","365","14","1","0","0","299","299","301","28","11","91","147","88194","1529","0","false","520446","198","367","964","33124","36138","20692"
"18","0.1","1","false","false","false","true","false","false","false","1","1","1","0.25","1","0","0","0","100","0","50","0.5","10","2.5","2","60","1.6","0.4","20.5","6.7","16","8.21","365","14","1","0","0","299","299","302","28","6","92","142","88203","1529","0","false","520422","198","367","964","33126","36141","20692"
"18","0.1","1","false","false","false","true","false","false","false","1","1","1","0.25","1","0","0","0","100","0","50","0.5","10","2.5","2","60","1.6","0.4","20.5","6.7","16","8.21","365","14","1","0","0","299","299","303","28","3","89","136","88215","1529","0","false","520422","198","367","964","33127","36144","20692"
"18","0.1","1","false","false","false","true","false","false","false","1","1","1","0.25","1","0","0","0","100","0","50","0.5","10","2.5","2","60","1.6","0.4","20.5","6.7","16","8.21","365","14","1","0","0","299","299","304","27","3","86","125","88230","1529","0","false","520422","198","367","964","33127","36145","20694"
"18","0.1","1","false","false","false","true","false","false","false","1","1","1","0.25","1","0","0","0","100","0","50","0.5","10","2.5","2","60","1.6","0.4","20.5","6.7","16","8.21","365","14","1","0","0","299","299","305","25","5","83","116","88241","1530","0","false","520422","198","367","965","33127","36146","20694"
"18","0.1","1","false","false","false","true","false","false","false","1","1","1","0.25","1","0","0","0","100","0","50","0.5","10","2.5","2","60","1.6","0.4","20.5","6.7","16","8.21","365","14","1","0","0","299","299","306","25","2","83","103","88257","1530","0","false","520410","198","367","965","33128","36149","20694"
"18","0.1","1","false","false","false","true","false","false","false","1","1","1","0.25","1","0","0","0","100","0","50","0.5","10","2.5","2","60","1.6","0.4","20.5","6.7","16","8.21","365","14","1","0","0","299","299","307","24","3","81","98","88264","1530","0","false","520410","198","367","965","33129","36150","20694"
"18","0.1","1","false","false","false","true","false","false","false","1","1","1","0.25","1","0","0","0","100","0","50","0.5","10","2.5","2","60","1.6","0.4","20.5","6.7","16","8.21","365","14","1","0","0","299","299","308","24","2","74","91","88279","1530","0","false","520410","198","367","965","33129","36150","20694"
"18","0.1","1","false","false","false","true","false","false","false","1","1","1","0.25","1","0","0","0","100","0","50","0.5","10","2.5","2","60","1.6","0.4","20.5","6.7","16","8.21","365","14","1","0","0","299","299","309","24","2","68","85","88291","1530","0","false","520410","198","367","965","33129","36150","20694"
"18","0.1","1","false","false","false","true","false","false","false","1","1","1","0.25","1","0","0","0","100","0","50","0.5","10","2.5","2","60","1.6","0.4","20.5","6.7","16","8.21","365","14","1","0","0","299","299","310","24","2","63","78","88303","1530","0","false","520410","198","367","965","33129","36150","20694"
"18","0.1","1","false","false","false","true","false","false","false","1","1","1","0.25","1","0","0","0","100","0","50","0.5","10","2.5","2","60","1.6","0.4","20.5","6.7","16","8.21","365","14","1","0","0","299","299","311","24","2","58","74","88311","1531","0","false","520410","199","367","965","33129","36150","20694"
"18","0.1","1","false","false","false","true","false","false","false","1","1","1","0.25","1","0","0","0","100","0","50","0.5","10","2.5","2","60","1.6","0.4","20.5","6.7","16","8.21","365","14","1","0","0","299","299","312","24","2","57","62","88324","1531","0","false","520399","199","367","965","33129","36151","20694"
"18","0.1","1","false","false","false","true","false","false","false","1","1","1","0.25","1","0","0","0","100","0","50","0.5","10","2.5","2","60","1.6","0.4","20.5","6.7","16","8.21","365","14","1","0","0","299","299","313","24","2","51","53","88339","1531","0","false","520399","199","367","965","33129","36151","20694"
"18","0.1","1","false","false","false","true","false","false","false","1","1","1","0.25","1","0","0","0","100","0","50","0.5","10","2.5","2","60","1.6","0.4","20.5","6.7","16","8.21","365","14","1","0","0","299","299","314","24","2","47","50","88346","1531","0","false","520399","199","367","965","33129","36151","20694"
"18","0.1","1","false","false","false","true","false","false","false","1","1","1","0.25","1","0","0","0","100","0","50","0.5","10","2.5","2","60","1.6","0.4","20.5","6.7","16","8.21","365","14","1","0","0","299","299","315","24","0","42","45","88358","1531","0","false","520399","199","367","965","33129","36152","20695"
"18","0.1","1","false","false","false","true","false","false","false","1","1","1","0.25","1","0","0","0","100","0","50","0.5","10","2.5","2","60","1.6","0.4","20.5","6.7","16","8.21","365","14","1","0","0","299","299","316","24","0","37","39","88368","1532","0","false","520399","199","367","966","33129","36152","20695"
"18","0.1","1","false","false","false","true","false","false","false","1","1","1","0.25","1","0","0","0","100","0","50","0.5","10","2.5","2","60","1.6","0.4","20.5","6.7","16","8.21","365","14","1","0","0","299","299","317","24","0","36","31","88377","1532","0","false","520387","199","367","966","33129","36152","20695"
"18","0.1","1","false","false","false","true","false","false","false","1","1","1","0.25","1","0","0","0","100","0","50","0.5","10","2.5","2","60","1.6","0.4","20.5","6.7","16","8.21","365","14","1","0","0","299","299","318","24","0","31","27","88386","1532","0","false","520387","199","367","966","33129","36152","20695"
"18","0.1","1","false","false","false","true","false","false","false","1","1","1","0.25","1","0","0","0","100","0","50","0.5","10","2.5","2","60","1.6","0.4","20.5","6.7","16","8.21","365","14","1","0","0","299","299","319","24","0","26","23","88395","1532","0","false","520387","199","367","966","33129","36152","20695"
"18","0.1","1","false","false","false","true","false","false","false","1","1","1","0.25","1","0","0","0","100","0","50","0.5","10","2.5","2","60","1.6","0.4","20.5","6.7","16","8.21","365","14","1","0","0","299","299","320","24","0","24","20","88400","1532","0","false","520387","199","367","966","33129","36152","20695"
"18","0.1","1","false","false","false","true","false","false","false","1","1","1","0.25","1","0","0","0","100","0","50","0.5","10","2.5","2","60","1.6","0.4","20.5","6.7","16","8.21","365","14","1","0","0","299","299","321","24","0","20","15","88409","1532","0","false","520387","199","367","966","33129","36152","20695"
"18","0.1","1","false","false","false","true","false","false","false","1","1","1","0.25","1","0","0","0","100","0","50","0.5","10","2.5","2","60","1.6","0.4","20.5","6.7","16","8.21","365","14","1","0","0","299","299","322","24","0","17","11","88416","1532","0","false","520387","199","367","966","33129","36152","20695"
"18","0.1","1","false","false","false","true","false","false","false","1","1","1","0.25","1","0","0","0","100","0","50","0.5","10","2.5","2","60","1.6","0.4","20.5","6.7","16","8.21","365","14","1","0","0","299","299","323","24","0","16","11","88417","1532","0","false","520387","199","367","966","33129","36152","20695"
"18","0.1","1","false","false","false","true","false","false","false","1","1","1","0.25","1","0","0","0","100","0","50","0.5","10","2.5","2","60","1.6","0.4","20.5","6.7","16","8.21","365","14","1","0","0","299","299","324","24","0","16","10","88418","1532","0","false","520387","199","367","966","33129","36152","20695"
"18","0.1","1","false","false","false","true","false","false","false","1","1","1","0.25","1","0","0","0","100","0","50","0.5","10","2.5","2","60","1.6","0.4","20.5","6.7","16","8.21","365","14","1","0","0","299","299","325","24","0","14","8","88422","1532","0","false","520387","199","367","966","33129","36152","20695"
"18","0.1","1","false","false","false","true","false","false","false","1","1","1","0.25","1","0","0","0","100","0","50","0.5","10","2.5","2","60","1.6","0.4","20.5","6.7","16","8.21","365","14","1","0","0","299","299","326","24","0","12","7","88425","1532","0","false","520387","199","367","966","33129","36152","20695"
"18","0.1","1","false","false","false","true","false","false","false","1","1","1","0.25","1","0","0","0","100","0","50","0.5","10","2.5","2","60","1.6","0.4","20.5","6.7","16","8.21","365","14","1","0","0","299","299","327","24","0","12","5","88427","1532","0","false","520387","199","367","966","33129","36152","20695"
"18","0.1","1","false","false","false","true","false","false","false","1","1","1","0.25","1","0","0","0","100","0","50","0.5","10","2.5","2","60","1.6","0.4","20.5","6.7","16","8.21","365","14","1","0","0","299","299","328","24","0","10","4","88430","1532","0","false","520387","199","367","966","33129","36152","20695"
"18","0.1","1","false","false","false","true","false","false","false","1","1","1","0.25","1","0","0","0","100","0","50","0.5","10","2.5","2","60","1.6","0.4","20.5","6.7","16","8.21","365","14","1","0","0","299","299","329","24","0","9","3","88432","1532","0","false","520387","199","367","966","33129","36152","20695"
"18","0.1","1","false","false","false","true","false","false","false","1","1","1","0.25","1","0","0","0","100","0","50","0.5","10","2.5","2","60","1.6","0.4","20.5","6.7","16","8.21","365","14","1","0","0","299","299","330","24","0","9","3","88432","1532","0","false","520387","199","367","966","33129","36152","20695"
"18","0.1","1","false","false","false","true","false","false","false","1","1","1","0.25","1","0","0","0","100","0","50","0.5","10","2.5","2","60","1.6","0.4","20.5","6.7","16","8.21","365","14","1","0","0","299","299","331","24","0","6","3","88435","1532","0","false","520387","199","367","966","33129","36152","20695"
"18","0.1","1","false","false","false","true","false","false","false","1","1","1","0.25","1","0","0","0","100","0","50","0.5","10","2.5","2","60","1.6","0.4","20.5","6.7","16","8.21","365","14","1","0","0","299","299","332","24","0","4","3","88437","1532","0","false","520387","199","367","966","33129","36152","20695"
"18","0.1","1","false","false","false","true","false","false","false","1","1","1","0.25","1","0","0","0","100","0","50","0.5","10","2.5","2","60","1.6","0.4","20.5","6.7","16","8.21","365","14","1","0","0","299","299","333","24","0","4","3","88437","1532","0","false","520387","199","367","966","33129","36152","20695"
"18","0.1","1","false","false","false","true","false","false","false","1","1","1","0.25","1","0","0","0","100","0","50","0.5","10","2.5","2","60","1.6","0.4","20.5","6.7","16","8.21","365","14","1","0","0","299","299","334","24","0","4","3","88437","1532","0","false","520387","199","367","966","33129","36152","20695"
"18","0.1","1","false","false","false","true","false","false","false","1","1","1","0.25","1","0","0","0","100","0","50","0.5","10","2.5","2","60","1.6","0.4","20.5","6.7","16","8.21","365","14","1","0","0","299","299","335","24","0","4","3","88437","1532","0","false","520387","199","367","966","33129","36152","20695"
"18","0.1","1","false","false","false","true","false","false","false","1","1","1","0.25","1","0","0","0","100","0","50","0.5","10","2.5","2","60","1.6","0.4","20.5","6.7","16","8.21","365","14","1","0","0","299","299","336","24","0","3","3","88438","1532","0","false","520387","199","367","966","33129","36152","20695"
"18","0.1","1","false","false","false","true","false","false","false","1","1","1","0.25","1","0","0","0","100","0","50","0.5","10","2.5","2","60","1.6","0.4","20.5","6.7","16","8.21","365","14","1","0","0","299","299","337","24","0","3","3","88438","1532","0","false","520387","199","367","966","33129","36152","20695"
"18","0.1","1","false","false","false","true","false","false","false","1","1","1","0.25","1","0","0","0","100","0","50","0.5","10","2.5","2","60","1.6","0.4","20.5","6.7","16","8.21","365","14","1","0","0","299","299","338","24","0","3","3","88438","1532","0","false","520387","199","367","966","33129","36152","20695"
"18","0.1","1","false","false","false","true","false","false","false","1","1","1","0.25","1","0","0","0","100","0","50","0.5","10","2.5","2","60","1.6","0.4","20.5","6.7","16","8.21","365","14","1","0","0","299","299","339","24","0","3","2","88439","1532","0","false","520387","199","367","966","33129","36152","20695"
"18","0.1","1","false","false","false","true","false","false","false","1","1","1","0.25","1","0","0","0","100","0","50","0.5","10","2.5","2","60","1.6","0.4","20.5","6.7","16","8.21","365","14","1","0","0","299","299","340","24","0","3","2","88439","1532","0","false","520387","199","367","966","33129","36152","20695"
"18","0.1","1","false","false","false","true","false","false","false","1","1","1","0.25","1","0","0","0","100","0","50","0.5","10","2.5","2","60","1.6","0.4","20.5","6.7","16","8.21","365","14","1","0","0","299","299","341","24","0","2","2","88440","1532","0","false","520387","199","367","966","33129","36152","20695"
"18","0.1","1","false","false","false","true","false","false","false","1","1","1","0.25","1","0","0","0","100","0","50","0.5","10","2.5","2","60","1.6","0.4","20.5","6.7","16","8.21","365","14","1","0","0","299","299","342","24","0","1","1","88442","1532","0","false","520387","199","367","966","33129","36152","20695"
"18","0.1","1","false","false","false","true","false","false","false","1","1","1","0.25","1","0","0","0","100","0","50","0.5","10","2.5","2","60","1.6","0.4","20.5","6.7","16","8.21","365","14","1","0","0","299","299","343","24","0","0","0","88444","1532","0","false","520387","199","367","966","33129","36152","20695"
"18","0.1","1","false","false","false","true","false","false","false","1","1","1","0.25","1","0","0","0","100","0","50","0.5","10","2.5","2","60","1.6","0.4","20.5","6.7","16","8.21","365","14","1","0","0","299","299","344","24","0","0","0","88444","1532","0","false","520387","199","367","966","33129","36152","20695"
"18","0.1","1","false","false","false","true","false","false","false","1","1","1","0.25","1","0","0","0","100","0","50","0.5","10","2.5","2","60","1.6","0.4","20.5","6.7","16","8.21","365","14","1","0","0","299","299","345","24","0","0","0","88444","1532","0","false","520387","199","367","966","33129","36152","20695"
"18","0.1","1","false","false","false","true","false","false","false","1","1","1","0.25","1","0","0","0","100","0","50","0.5","10","2.5","2","60","1.6","0.4","20.5","6.7","16","8.21","365","14","1","0","0","299","299","346","24","0","0","0","88444","1532","0","false","520387","199","367","966","33129","36152","20695"
"18","0.1","1","false","false","false","true","false","false","false","1","1","1","0.25","1","0","0","0","100","0","50","0.5","10","2.5","2","60","1.6","0.4","20.5","6.7","16","8.21","365","14","1","0","0","299","299","347","24","0","0","0","88444","1532","0","false","520387","199","367","966","33129","36152","20695"
"18","0.1","1","false","false","false","true","false","false","false","1","1","1","0.25","1","0","0","0","100","0","50","0.5","10","2.5","2","60","1.6","0.4","20.5","6.7","16","8.21","365","14","1","0","0","299","299","348","24","0","0","0","88444","1532","0","false","520387","199","367","966","33129","36152","20695"
"18","0.1","1","false","false","false","true","false","false","false","1","1","1","0.25","1","0","0","0","100","0","50","0.5","10","2.5","2","60","1.6","0.4","20.5","6.7","16","8.21","365","14","1","0","0","299","299","349","24","0","0","0","88444","1532","0","false","520387","199","367","966","33129","36152","20695"
"18","0.1","1","false","false","false","true","false","false","false","1","1","1","0.25","1","0","0","0","100","0","50","0.5","10","2.5","2","60","1.6","0.4","20.5","6.7","16","8.21","365","14","1","0","0","299","299","350","24","0","0","0","88444","1532","0","false","520387","199","367","966","33129","36152","20695"
"18","0.1","1","false","false","false","true","false","false","false","1","1","1","0.25","1","0","0","0","100","0","50","0.5","10","2.5","2","60","1.6","0.4","20.5","6.7","16","8.21","365","14","1","0","0","299","299","351","24","0","0","0","88444","1532","0","false","520387","199","367","966","33129","36152","20695"
"18","0.1","1","false","false","false","true","false","false","false","1","1","1","0.25","1","0","0","0","100","0","50","0.5","10","2.5","2","60","1.6","0.4","20.5","6.7","16","8.21","365","14","1","0","0","299","299","352","24","0","0","0","88444","1532","0","false","520387","199","367","966","33129","36152","20695"
"18","0.1","1","false","false","false","true","false","false","false","1","1","1","0.25","1","0","0","0","100","0","50","0.5","10","2.5","2","60","1.6","0.4","20.5","6.7","16","8.21","365","14","1","0","0","299","299","353","24","0","0","0","88444","1532","0","false","520387","199","367","966","33129","36152","20695"
"18","0.1","1","false","false","false","true","false","false","false","1","1","1","0.25","1","0","0","0","100","0","50","0.5","10","2.5","2","60","1.6","0.4","20.5","6.7","16","8.21","365","14","1","0","0","299","299","354","24","0","0","0","88444","1532","0","false","520387","199","367","966","33129","36152","20695"
"18","0.1","1","false","false","false","true","false","false","false","1","1","1","0.25","1","0","0","0","100","0","50","0.5","10","2.5","2","60","1.6","0.4","20.5","6.7","16","8.21","365","14","1","0","0","299","299","355","24","0","0","0","88444","1532","0","false","520387","199","367","966","33129","36152","20695"
"18","0.1","1","false","false","false","true","false","false","false","1","1","1","0.25","1","0","0","0","100","0","50","0.5","10","2.5","2","60","1.6","0.4","20.5","6.7","16","8.21","365","14","1","0","0","299","299","356","24","0","0","0","88444","1532","0","false","520387","199","367","966","33129","36152","20695"
"18","0.1","1","false","false","false","true","false","false","false","1","1","1","0.25","1","0","0","0","100","0","50","0.5","10","2.5","2","60","1.6","0.4","20.5","6.7","16","8.21","365","14","1","0","0","299","299","357","24","0","0","0","88444","1532","0","false","520387","199","367","966","33129","36152","20695"
"18","0.1","1","false","false","false","true","false","false","false","1","1","1","0.25","1","0","0","0","100","0","50","0.5","10","2.5","2","60","1.6","0.4","20.5","6.7","16","8.21","365","14","1","0","0","299","299","358","24","0","0","0","88444","1532","0","false","520387","199","367","966","33129","36152","20695"
"18","0.1","1","false","false","false","true","false","false","false","1","1","1","0.25","1","0","0","0","100","0","50","0.5","10","2.5","2","60","1.6","0.4","20.5","6.7","16","8.21","365","14","1","0","0","299","299","359","24","0","0","0","88444","1532","0","false","520387","199","367","966","33129","36152","20695"
"18","0.1","1","false","false","false","true","false","false","false","1","1","1","0.25","1","0","0","0","100","0","50","0.5","10","2.5","2","60","1.6","0.4","20.5","6.7","16","8.21","365","14","1","0","0","299","299","360","24","0","0","0","88444","1532","0","false","520387","199","367","966","33129","36152","20695"
"18","0.1","1","false","false","false","true","false","false","false","1","1","1","0.25","1","0","0","0","100","0","50","0.5","10","2.5","2","60","1.6","0.4","20.5","6.7","16","8.21","365","14","1","0","0","299","299","361","24","0","0","0","88444","1532","0","false","520387","199","367","966","33129","36152","20695"
"18","0.1","1","false","false","false","true","false","false","false","1","1","1","0.25","1","0","0","0","100","0","50","0.5","10","2.5","2","60","1.6","0.4","20.5","6.7","16","8.21","365","14","1","0","0","299","299","362","24","0","0","0","88444","1532","0","false","520387","199","367","966","33129","36152","20695"
"18","0.1","1","false","false","false","true","false","false","false","1","1","1","0.25","1","0","0","0","100","0","50","0.5","10","2.5","2","60","1.6","0.4","20.5","6.7","16","8.21","365","14","1","0","0","299","299","363","24","0","0","0","88444","1532","0","false","520387","199","367","966","33129","36152","20695"
"18","0.1","1","false","false","false","true","false","false","false","1","1","1","0.25","1","0","0","0","100","0","50","0.5","10","2.5","2","60","1.6","0.4","20.5","6.7","16","8.21","365","14","1","0","0","299","299","364","24","0","0","0","88444","1532","0","false","520387","199","367","966","33129","36152","20695"
"18","0.1","1","false","false","false","true","false","false","false","1","1","1","0.25","1","0","0","0","100","0","50","0.5","10","2.5","2","60","1.6","0.4","20.5","6.7","16","8.21","365","14","1","0","0","299","299","365","24","0","0","0","88444","1532","0","false","520387","199","367","966","33129","36152","20695"
"19","0.1","1","false","false","false","true","false","false","false","1","1","1","0.25","1","0","0","0","100","0","75","0","10","2.5","2","60","1.6","0.4","20.5","6.7","16","8.21","365","14","1","0","0","299","299","0","89910","90","0","0","0","0","0","false","0","0","0","0","0","0","0"
"19","0.1","1","false","false","false","true","false","false","false","1","1","1","0.25","1","0","0","0","100","0","75","0","10","2.5","2","60","1.6","0.4","20.5","6.7","16","8.21","365","14","1","0","0","299","299","1","89910","80","0","10","0","0","0","false","538703","0","0","0","2","1","4"
"19","0.1","1","false","false","false","true","false","false","false","1","1","1","0.25","1","0","0","0","100","0","75","0","10","2.5","2","60","1.6","0.4","20.5","6.7","16","8.21","365","14","1","0","0","299","299","2","89896","76","0","28","0","0","0","false","538703","0","0","0","3","9","5"
"19","0.1","1","false","false","false","true","false","false","false","1","1","1","0.25","1","0","0","0","100","0","75","0","10","2.5","2","60","1.6","0.4","20.5","6.7","16","8.21","365","14","1","0","0","299","299","3","89860","95","1","44","0","0","0","false","538703","0","0","0","6","11","8"
"19","0.1","1","false","false","false","true","false","false","false","1","1","1","0.25","1","0","0","0","100","0","75","0","10","2.5","2","60","1.6","0.4","20.5","6.7","16","8.21","365","14","1","0","0","299","299","4","89812","122","4","62","0","0","0","false","538703","0","0","0","11","17","13"
"19","0.1","1","false","false","false","true","false","false","false","1","1","1","0.25","1","0","0","0","100","0","75","0","10","2.5","2","60","1.6","0.4","20.5","6.7","16","8.21","365","14","1","0","0","299","299","5","89742","174","13","71","0","0","0","false","538703","0","0","0","15","27","18"
"19","0.1","1","false","false","false","true","false","false","false","1","1","1","0.25","1","0","0","0","100","0","75","0","10","2.5","2","60","1.6","0.4","20.5","6.7","16","8.21","365","14","1","0","0","299","299","6","89668","217","21","94","0","0","0","false","538703","0","0","0","26","38","21"
"19","0.1","1","false","false","false","true","false","false","false","1","1","1","0.25","1","0","0","0","100","0","75","0","10","2.5","2","60","1.6","0.4","20.5","6.7","16","8.21","365","14","1","0","0","299","299","7","89566","272","31","131","0","0","0","false","538703","0","0","0","38","59","29"
"19","0.1","1","false","false","false","true","false","false","false","1","1","1","0.25","1","0","0","0","100","0","75","0","10","2.5","2","60","1.6","0.4","20.5","6.7","16","8.21","365","14","1","0","0","299","299","8","89461","330","40","169","0","0","0","false","538703","0","0","0","54","75","38"
"19","0.1","1","false","false","false","true","false","false","false","1","1","1","0.25","1","0","0","0","100","0","75","0","10","2.5","2","60","1.6","0.4","20.5","6.7","16","8.21","365","14","1","0","0","299","299","9","89328","399","49","224","0","0","0","false","538703","0","0","0","78","89","48"
"19","0.1","1","false","false","false","true","false","false","false","1","1","1","0.25","1","0","0","0","100","0","75","0","10","2.5","2","60","1.6","0.4","20.5","6.7","16","8.21","365","14","1","0","0","299","299","10","89163","479","66","292","0","0","0","false","538703","0","0","0","103","113","64"
"19","0.1","1","false","false","false","true","false","false","false","1","1","1","0.25","1","0","0","0","100","0","75","0","10","2.5","2","60","1.6","0.4","20.5","6.7","16","8.21","365","14","1","0","0","299","299","11","89006","538","89","367","0","0","0","false","538703","0","0","0","131","144","82"
"19","0.1","1","false","false","false","true","false","false","false","1","1","1","0.25","1","0","0","0","100","0","75","0","10","2.5","2","60","1.6","0.4","20.5","6.7","16","8.21","365","14","1","0","0","299","299","12","88819","623","114","444","0","0","0","false","538703","0","0","0","156","181","101"
"19","0.1","1","false","false","false","true","false","false","false","1","1","1","0.25","1","0","0","0","100","0","75","0","10","2.5","2","60","1.6","0.4","20.5","6.7","16","8.21","365","14","1","0","0","299","299","13","88612","711","148","529","0","0","0","false","538703","0","0","0","202","219","123"
"19","0.1","1","false","false","false","true","false","false","false","1","1","1","0.25","1","0","0","0","100","0","75","0","10","2.5","2","60","1.6","0.4","20.5","6.7","16","8.21","365","14","1","0","0","299","299","14","88371","814","194","621","0","0","0","false","538703","0","0","0","250","273","147"
"19","0.1","1","false","false","false","true","false","false","false","1","1","1","0.25","1","0","0","0","100","0","75","0","10","2.5","2","60","1.6","0.4","20.5","6.7","16","8.21","365","14","1","0","0","299","299","15","88118","892","228","762","0","0","165","false","538703","0","0","0","305","329","167"
"19","0.1","1","false","false","false","true","false","false","false","1","1","1","0.25","1","0","0","0","100","0","75","0","10","2.5","2","60","1.6","0.4","20.5","6.7","16","8.21","365","14","1","0","0","299","299","16","87871","941","280","907","1","0","616","false","536799","0","0","0","373","384","212"
"19","0.1","1","false","false","false","true","false","false","false","1","1","1","0.25","1","0","0","0","100","0","75","0","10","2.5","2","60","1.6","0.4","20.5","6.7","16","8.21","365","14","1","0","0","299","299","17","87634","968","338","1055","5","0","1007","false","532436","0","0","0","445","455","253"
"19","0.1","1","false","false","false","true","false","false","false","1","1","1","0.25","1","0","0","0","100","0","75","0","10","2.5","2","60","1.6","0.4","20.5","6.7","16","8.21","365","14","1","0","0","299","299","18","87392","994","414","1192","8","0","1466","false","528782","0","0","0","515","538","304"
"19","0.1","1","false","false","false","true","false","false","false","1","1","1","0.25","1","0","0","0","100","0","75","0","10","2.5","2","60","1.6","0.4","20.5","6.7","16","8.21","365","14","1","0","0","299","299","19","87135","1037","497","1321","9","1","1928","false","524632","0","0","1","595","619","356"
"19","0.1","1","false","false","false","true","false","false","false","1","1","1","0.25","1","0","0","0","100","0","75","0","10","2.5","2","60","1.6","0.4","20.5","6.7","16","8.21","365","14","1","0","0","299","299","20","86935","1006","591","1452","15","1","2411","false","520642","0","0","1","667","720","420"
"19","0.1","1","false","false","false","true","false","false","false","1","1","1","0.25","1","0","0","0","100","0","75","0","10","2.5","2","60","1.6","0.4","20.5","6.7","16","8.21","365","14","1","0","0","299","299","21","86711","997","674","1593","24","1","2871","false","516752","0","0","1","754","803","476"
"19","0.1","1","false","false","false","true","false","false","false","1","1","1","0.25","1","0","0","0","100","0","75","0","10","2.5","2","60","1.6","0.4","20.5","6.7","16","8.21","365","14","1","0","0","299","299","22","86517","982","751","1714","35","1","3248","false","513051","0","0","1","826","889","527"
"19","0.1","1","false","false","false","true","false","false","false","1","1","1","0.25","1","0","0","0","100","0","75","0","10","2.5","2","60","1.6","0.4","20.5","6.7","16","8.21","365","14","1","0","0","299","299","23","86307","930","843","1869","50","1","3702","false","510053","0","0","1","936","983","590"
"19","0.1","1","false","false","false","true","false","false","false","1","1","1","0.25","1","0","0","0","100","0","75","0","10","2.5","2","60","1.6","0.4","20.5","6.7","16","8.21","365","14","1","0","0","299","299","24","86101","897","923","2010","66","3","4139","false","506539","0","0","3","1014","1079","637"
"19","0.1","1","false","false","false","true","false","false","false","1","1","1","0.25","1","0","0","0","100","0","75","0","10","2.5","2","60","1.6","0.4","20.5","6.7","16","8.21","365","14","1","0","0","299","299","25","85913","863","1007","2124","90","3","4450","false","503152","0","0","3","1100","1153","688"
"19","0.1","1","false","false","false","true","false","false","false","1","1","1","0.25","1","0","0","0","100","0","75","0","10","2.5","2","60","1.6","0.4","20.5","6.7","16","8.21","365","14","1","0","0","299","299","26","85723","852","1091","2215","114","5","4842","false","500701","0","1","4","1177","1240","739"
"19","0.1","1","false","false","false","true","false","false","false","1","1","1","0.25","1","0","0","0","100","0","75","0","10","2.5","2","60","1.6","0.4","20.5","6.7","16","8.21","365","14","1","0","0","299","299","27","85555","830","1170","2298","141","6","5156","false","497547","0","2","4","1254","1314","794"
"19","0.1","1","false","false","false","true","false","false","false","1","1","1","0.25","1","0","0","0","100","0","75","0","10","2.5","2","60","1.6","0.4","20.5","6.7","16","8.21","365","14","1","0","0","299","299","28","85384","807","1242","2373","187","7","5289","false","494950","0","2","5","1315","1397","838"
"19","0.1","1","false","false","false","true","false","false","false","1","1","1","0.25","1","0","0","0","100","0","75","0","10","2.5","2","60","1.6","0.4","20.5","6.7","16","8.21","365","14","1","0","0","299","299","29","85188","777","1303","2481","244","7","5397","false","493521","0","2","5","1382","1486","894"
"19","0.1","1","false","false","false","true","false","false","false","1","1","1","0.25","1","0","0","0","100","0","75","0","10","2.5","2","60","1.6","0.4","20.5","6.7","16","8.21","365","14","1","0","0","299","299","30","84975","796","1370","2552","300","7","5382","false","492083","0","2","5","1456","1549","943"
"19","0.1","1","false","false","false","true","false","false","false","1","1","1","0.25","1","0","0","0","100","0","75","0","10","2.5","2","60","1.6","0.4","20.5","6.7","16","8.21","365","14","1","0","0","299","299","31","84717","876","1435","2592","370","10","5421","false","491635","1","2","7","1537","1631","986"
"19","0.1","1","false","false","false","true","false","false","false","1","1","1","0.25","1","0","0","0","100","0","75","0","10","2.5","2","60","1.6","0.4","20.5","6.7","16","8.21","365","14","1","0","0","299","299","32","84403","1012","1506","2606","459","14","5512","false","490751","1","2","11","1621","1706","1047"
"19","0.1","1","false","false","false","true","false","false","false","1","1","1","0.25","1","0","0","0","100","0","75","0","10","2.5","2","60","1.6","0.4","20.5","6.7","16","8.21","365","14","1","0","0","299","299","33","84082","1125","1550","2671","556","16","5569","false","489637","1","2","13","1697","1787","1091"
"19","0.1","1","false","false","false","true","false","false","false","1","1","1","0.25","1","0","0","0","100","0","75","0","10","2.5","2","60","1.6","0.4","20.5","6.7","16","8.21","365","14","1","0","0","299","299","34","83723","1225","1586","2801","647","18","5619","false","488766","2","2","14","1791","1869","1140"
"19","0.1","1","false","false","false","true","false","false","false","1","1","1","0.25","1","0","0","0","100","0","75","0","10","2.5","2","60","1.6","0.4","20.5","6.7","16","8.21","365","14","1","0","0","299","299","35","83336","1353","1609","2925","755","22","5756","false","487899","3","3","16","1882","1958","1189"
"19","0.1","1","false","false","false","true","false","false","false","1","1","1","0.25","1","0","0","0","100","0","75","0","10","2.5","2","60","1.6","0.4","20.5","6.7","16","8.21","365","14","1","0","0","299","299","36","82935","1445","1656","3071","868","25","5826","false","486491","4","3","18","1976","2053","1256"
"19","0.1","1","false","false","false","true","false","false","false","1","1","1","0.25","1","0","0","0","100","0","75","0","10","2.5","2","60","1.6","0.4","20.5","6.7","16","8.21","365","14","1","0","0","299","299","37","82547","1519","1701","3217","987","29","5947","false","485549","4","3","22","2070","2163","1317"
"19","0.1","1","false","false","false","true","false","false","false","1","1","1","0.25","1","0","0","0","100","0","75","0","10","2.5","2","60","1.6","0.4","20.5","6.7","16","8.21","365","14","1","0","0","299","299","38","82114","1629","1759","3296","1168","34","6188","false","484137","5","4","25","2214","2281","1384"
"19","0.1","1","false","false","false","true","false","false","false","1","1","1","0.25","1","0","0","0","100","0","75","0","10","2.5","2","60","1.6","0.4","20.5","6.7","16","8.21","365","14","1","0","0","299","299","39","81696","1671","1843","3415","1340","35","6402","false","481858","5","4","26","2358","2408","1462"
"19","0.1","1","false","false","false","true","false","false","false","1","1","1","0.25","1","0","0","0","100","0","75","0","10","2.5","2","60","1.6","0.4","20.5","6.7","16","8.21","365","14","1","0","0","299","299","40","81302","1676","1912","3595","1479","36","6533","false","479853","5","5","26","2512","2544","1531"
"19","0.1","1","false","false","false","true","false","false","false","1","1","1","0.25","1","0","0","0","100","0","75","0","10","2.5","2","60","1.6","0.4","20.5","6.7","16","8.21","365","14","1","0","0","299","299","41","80883","1730","1981","3715","1652","39","6646","false","478494","5","6","28","2641","2678","1623"
"19","0.1","1","false","false","false","true","false","false","false","1","1","1","0.25","1","0","0","0","100","0","75","0","10","2.5","2","60","1.6","0.4","20.5","6.7","16","8.21","365","14","1","0","0","299","299","42","80465","1740","2026","3891","1835","43","6824","false","477316","5","6","32","2780","2847","1704"
"19","0.1","1","false","false","false","true","false","false","false","1","1","1","0.25","1","0","0","0","100","0","75","0","10","2.5","2","60","1.6","0.4","20.5","6.7","16","8.21","365","14","1","0","0","299","299","43","80036","1795","2103","3971","2048","47","6886","false","475429","5","6","36","2933","2993","1783"
"19","0.1","1","false","false","false","true","false","false","false","1","1","1","0.25","1","0","0","0","100","0","75","0","10","2.5","2","60","1.6","0.4","20.5","6.7","16","8.21","365","14","1","0","0","299","299","44","79559","1856","2183","4095","2256","51","7047","false","474835","6","7","38","3100","3154","1869"
"19","0.1","1","false","false","false","true","false","false","false","1","1","1","0.25","1","0","0","0","100","0","75","0","10","2.5","2","60","1.6","0.4","20.5","6.7","16","8.21","365","14","1","0","0","299","299","45","79122","1908","2239","4230","2448","53","7071","false","473290","6","7","40","3240","3302","1952"
"19","0.1","1","false","false","false","true","false","false","false","1","1","1","0.25","1","0","0","0","100","0","75","0","10","2.5","2","60","1.6","0.4","20.5","6.7","16","8.21","365","14","1","0","0","299","299","46","78671","1925","2333","4362","2651","58","7158","false","472969","6","9","43","3405","3477","2060"
"19","0.1","1","false","false","false","true","false","false","false","1","1","1","0.25","1","0","0","0","100","0","75","0","10","2.5","2","60","1.6","0.4","20.5","6.7","16","8.21","365","14","1","0","0","299","299","47","78201","1955","2391","4510","2882","61","7263","false","471989","7","9","45","3554","3642","2156"
"19","0.1","1","false","false","false","true","false","false","false","1","1","1","0.25","1","0","0","0","100","0","75","0","10","2.5","2","60","1.6","0.4","20.5","6.7","16","8.21","365","14","1","0","0","299","299","48","77774","1922","2475","4687","3077","65","7343","false","470882","7","9","49","3703","3844","2240"
"19","0.1","1","false","false","false","true","false","false","false","1","1","1","0.25","1","0","0","0","100","0","75","0","10","2.5","2","60","1.6","0.4","20.5","6.7","16","8.21","365","14","1","0","0","299","299","49","77297","1947","2563","4850","3276","67","7463","false","470028","7","10","50","3869","4004","2325"
"19","0.1","1","false","false","false","true","false","false","false","1","1","1","0.25","1","0","0","0","100","0","75","0","10","2.5","2","60","1.6","0.4","20.5","6.7","16","8.21","365","14","1","0","0","299","299","50","76797","1997","2663","5005","3468","70","7604","false","468929","7","11","52","4021","4194","2421"
"19","0.1","1","false","false","false","true","false","false","false","1","1","1","0.25","1","0","0","0","100","0","75","0","10","2.5","2","60","1.6","0.4","20.5","6.7","16","8.21","365","14","1","0","0","299","299","51","76320","2012","2757","5141","3698","72","7720","false","467671","7","12","53","4183","4388","2517"
"19","0.1","1","false","false","false","true","false","false","false","1","1","1","0.25","1","0","0","0","100","0","75","0","10","2.5","2","60","1.6","0.4","20.5","6.7","16","8.21","365","14","1","0","0","299","299","52","75881","2023","2878","5229","3916","73","7864","false","466442","7","13","53","4335","4567","2633"
"19","0.1","1","false","false","false","true","false","false","false","1","1","1","0.25","1","0","0","0","100","0","75","0","10","2.5","2","60","1.6","0.4","20.5","6.7","16","8.21","365","14","1","0","0","299","299","53","75390","2032","2966","5388","4150","74","8018","false","465047","8","13","53","4523","4752","2760"
"19","0.1","1","false","false","false","true","false","false","false","1","1","1","0.25","1","0","0","0","100","0","75","0","10","2.5","2","60","1.6","0.4","20.5","6.7","16","8.21","365","14","1","0","0","299","299","54","74939","1989","3080","5547","4365","80","8147","false","463753","9","14","57","4713","4948","2838"
"19","0.1","1","false","false","false","true","false","false","false","1","1","1","0.25","1","0","0","0","100","0","75","0","10","2.5","2","60","1.6","0.4","20.5","6.7","16","8.21","365","14","1","0","0","299","299","55","74457","2032","3151","5662","4610","88","8216","false","462475","10","17","61","4875","5111","2936"
"19","0.1","1","false","false","false","true","false","false","false","1","1","1","0.25","1","0","0","0","100","0","75","0","10","2.5","2","60","1.6","0.4","20.5","6.7","16","8.21","365","14","1","0","0","299","299","56","73970","2025","3250","5807","4857","91","8336","false","461692","11","18","62","5039","5313","3063"
"19","0.1","1","false","false","false","true","false","false","false","1","1","1","0.25","1","0","0","0","100","0","75","0","10","2.5","2","60","1.6","0.4","20.5","6.7","16","8.21","365","14","1","0","0","299","299","57","73463","2071","3340","5893","5135","98","8413","false","460622","12","22","64","5217","5500","3178"
"19","0.1","1","false","false","false","true","false","false","false","1","1","1","0.25","1","0","0","0","100","0","75","0","10","2.5","2","60","1.6","0.4","20.5","6.7","16","8.21","365","14","1","0","0","299","299","58","72990","2081","3408","6010","5409","102","8560","false","459781","12","24","66","5386","5691","3288"
"19","0.1","1","false","false","false","true","false","false","false","1","1","1","0.25","1","0","0","0","100","0","75","0","10","2.5","2","60","1.6","0.4","20.5","6.7","16","8.21","365","14","1","0","0","299","299","59","72466","2123","3488","6095","5722","106","8779","false","458532","12","24","70","5564","5881","3415"
"19","0.1","1","false","false","false","true","false","false","false","1","1","1","0.25","1","0","0","0","100","0","75","0","10","2.5","2","60","1.6","0.4","20.5","6.7","16","8.21","365","14","1","0","0","299","299","60","71917","2190","3558","6172","6053","110","8894","false","456454","13","26","71","5756","6105","3517"
"19","0.1","1","false","false","false","true","false","false","false","1","1","1","0.25","1","0","0","0","100","0","75","0","10","2.5","2","60","1.6","0.4","20.5","6.7","16","8.21","365","14","1","0","0","299","299","61","71398","2206","3604","6275","6405","112","8909","false","455429","13","26","73","5923","6287","3635"
"19","0.1","1","false","false","false","true","false","false","false","1","1","1","0.25","1","0","0","0","100","0","75","0","10","2.5","2","60","1.6","0.4","20.5","6.7","16","8.21","365","14","1","0","0","299","299","62","70829","2254","3621","6409","6766","121","8976","false","455162","14","28","79","6088","6485","3743"
"19","0.1","1","false","false","false","true","false","false","false","1","1","1","0.25","1","0","0","0","100","0","75","0","10","2.5","2","60","1.6","0.4","20.5","6.7","16","8.21","365","14","1","0","0","299","299","63","70300","2243","3705","6557","7066","129","9078","false","454291","15","31","83","6270","6686","3855"
"19","0.1","1","false","false","false","true","false","false","false","1","1","1","0.25","1","0","0","0","100","0","75","0","10","2.5","2","60","1.6","0.4","20.5","6.7","16","8.21","365","14","1","0","0","299","299","64","69756","2234","3791","6680","7406","133","9239","false","453216","16","33","84","6485","6913","3985"
"19","0.1","1","false","false","false","true","false","false","false","1","1","1","0.25","1","0","0","0","100","0","75","0","10","2.5","2","60","1.6","0.4","20.5","6.7","16","8.21","365","14","1","0","0","299","299","65","69166","2314","3882","6735","7768","135","9232","false","451907","16","33","86","6654","7106","4106"
"19","0.1","1","false","false","false","true","false","false","false","1","1","1","0.25","1","0","0","0","100","0","75","0","10","2.5","2","60","1.6","0.4","20.5","6.7","16","8.21","365","14","1","0","0","299","299","66","68546","2361","3967","6864","8118","144","9345","false","451693","16","37","91","6851","7330","4229"
"19","0.1","1","false","false","false","true","false","false","false","1","1","1","0.25","1","0","0","0","100","0","75","0","10","2.5","2","60","1.6","0.4","20.5","6.7","16","8.21","365","14","1","0","0","299","299","67","67935","2443","4017","6943","8515","147","9423","false","450577","16","37","94","7059","7545","4341"
"19","0.1","1","false","false","false","true","false","false","false","1","1","1","0.25","1","0","0","0","100","0","75","0","10","2.5","2","60","1.6","0.4","20.5","6.7","16","8.21","365","14","1","0","0","299","299","68","67329","2521","4119","6997","8879","155","9645","false","449745","19","41","95","7276","7762","4467"
"19","0.1","1","false","false","false","true","false","false","false","1","1","1","0.25","1","0","0","0","100","0","75","0","10","2.5","2","60","1.6","0.4","20.5","6.7","16","8.21","365","14","1","0","0","299","299","69","66778","2491","4172","7123","9275","161","9766","false","447709","20","43","98","7506","7985","4596"
"19","0.1","1","false","false","false","true","false","false","false","1","1","1","0.25","1","0","0","0","100","0","75","0","10","2.5","2","60","1.6","0.4","20.5","6.7","16","8.21","365","14","1","0","0","299","299","70","66162","2523","4249","7219","9680","167","10005","false","446601","20","44","103","7712","8200","4733"
"19","0.1","1","false","false","false","true","false","false","false","1","1","1","0.25","1","0","0","0","100","0","75","0","10","2.5","2","60","1.6","0.4","20.5","6.7","16","8.21","365","14","1","0","0","299","299","71","65553","2560","4295","7274","10145","173","10022","false","444700","22","45","106","7903","8440","4866"
"19","0.1","1","false","false","false","true","false","false","false","1","1","1","0.25","1","0","0","0","100","0","75","0","10","2.5","2","60","1.6","0.4","20.5","6.7","16","8.21","365","14","1","0","0","299","299","72","64938","2578","4304","7421","10581","178","10075","false","444180","22","45","111","8108","8676","5000"
"19","0.1","1","false","false","false","true","false","false","false","1","1","1","0.25","1","0","0","0","100","0","75","0","10","2.5","2","60","1.6","0.4","20.5","6.7","16","8.21","365","14","1","0","0","299","299","73","64344","2536","4393","7560","10983","184","10167","false","443544","23","46","115","8323","8935","5130"
"19","0.1","1","false","false","false","true","false","false","false","1","1","1","0.25","1","0","0","0","100","0","75","0","10","2.5","2","60","1.6","0.4","20.5","6.7","16","8.21","365","14","1","0","0","299","299","74","63703","2604","4422","7646","11431","194","10383","false","442669","24","48","122","8526","9172","5248"
"19","0.1","1","false","false","false","true","false","false","false","1","1","1","0.25","1","0","0","0","100","0","75","0","10","2.5","2","60","1.6","0.4","20.5","6.7","16","8.21","365","14","1","0","0","299","299","75","63056","2634","4504","7726","11876","204","10635","false","440748","26","49","129","8774","9426","5398"
"19","0.1","1","false","false","false","true","false","false","false","1","1","1","0.25","1","0","0","0","100","0","75","0","10","2.5","2","60","1.6","0.4","20.5","6.7","16","8.21","365","14","1","0","0","299","299","76","62447","2614","4535","7874","12318","212","10816","false","438651","27","50","135","8990","9673","5524"
"19","0.1","1","false","false","false","true","false","false","false","1","1","1","0.25","1","0","0","0","100","0","75","0","10","2.5","2","60","1.6","0.4","20.5","6.7","16","8.21","365","14","1","0","0","299","299","77","61859","2610","4620","7950","12741","220","10818","false","437008","28","52","140","9247","9911","5652"
"19","0.1","1","false","false","false","true","false","false","false","1","1","1","0.25","1","0","0","0","100","0","75","0","10","2.5","2","60","1.6","0.4","20.5","6.7","16","8.21","365","14","1","0","0","299","299","78","61227","2637","4681","8036","13194","225","10994","false","436781","29","53","143","9474","10147","5788"
"19","0.1","1","false","false","false","true","false","false","false","1","1","1","0.25","1","0","0","0","100","0","75","0","10","2.5","2","60","1.6","0.4","20.5","6.7","16","8.21","365","14","1","0","0","299","299","79","60659","2572","4749","8110","13673","237","10981","false","435295","31","55","151","9728","10372","5923"
"19","0.1","1","false","false","false","true","false","false","false","1","1","1","0.25","1","0","0","0","100","0","75","0","10","2.5","2","60","1.6","0.4","20.5","6.7","16","8.21","365","14","1","0","0","299","299","80","60092","2527","4789","8175","14175","242","11013","false","435204","31","57","154","9964","10627","6063"
"19","0.1","1","false","false","false","true","false","false","false","1","1","1","0.25","1","0","0","0","100","0","75","0","10","2.5","2","60","1.6","0.4","20.5","6.7","16","8.21","365","14","1","0","0","299","299","81","59468","2535","4830","8252","14657","258","11083","false","434921","32","60","166","10191","10856","6197"
"19","0.1","1","false","false","false","true","false","false","false","1","1","1","0.25","1","0","0","0","100","0","75","0","10","2.5","2","60","1.6","0.4","20.5","6.7","16","8.21","365","14","1","0","0","299","299","82","58883","2518","4904","8281","15146","268","11064","false","433941","34","62","172","10421","11101","6334"
"19","0.1","1","false","false","false","true","false","false","false","1","1","1","0.25","1","0","0","0","100","0","75","0","10","2.5","2","60","1.6","0.4","20.5","6.7","16","8.21","365","14","1","0","0","299","299","83","58297","2507","4937","8296","15687","276","11066","false","433730","36","63","177","10667","11317","6475"
"19","0.1","1","false","false","false","true","false","false","false","1","1","1","0.25","1","0","0","0","100","0","75","0","10","2.5","2","60","1.6","0.4","20.5","6.7","16","8.21","365","14","1","0","0","299","299","84","57641","2589","4981","8325","16179","285","11026","false","433464","36","66","183","10863","11549","6599"
"19","0.1","1","false","false","false","true","false","false","false","1","1","1","0.25","1","0","0","0","100","0","75","0","10","2.5","2","60","1.6","0.4","20.5","6.7","16","8.21","365","14","1","0","0","299","299","85","56998","2664","5024","8340","16683","291","11139","false","433631","36","68","187","11085","11797","6729"
"19","0.1","1","false","false","false","true","false","false","false","1","1","1","0.25","1","0","0","0","100","0","75","0","10","2.5","2","60","1.6","0.4","20.5","6.7","16","8.21","365","14","1","0","0","299","299","86","56405","2644","5082","8385","17187","297","11105","false","432839","36","68","193","11337","12033","6877"
"19","0.1","1","false","false","false","true","false","false","false","1","1","1","0.25","1","0","0","0","100","0","75","0","10","2.5","2","60","1.6","0.4","20.5","6.7","16","8.21","365","14","1","0","0","299","299","87","55798","2611","5117","8471","17698","305","10982","false","432902","37","70","198","11558","12316","7005"
"19","0.1","1","false","false","false","true","false","false","false","1","1","1","0.25","1","0","0","0","100","0","75","0","10","2.5","2","60","1.6","0.4","20.5","6.7","16","8.21","365","14","1","0","0","299","299","88","55141","2667","5127","8517","18237","311","10976","false","433632","38","70","203","11800","12550","7127"
"19","0.1","1","false","false","false","true","false","false","false","1","1","1","0.25","1","0","0","0","100","0","75","0","10","2.5","2","60","1.6","0.4","20.5","6.7","16","8.21","365","14","1","0","0","299","299","89","54506","2700","5153","8555","18767","319","10937","false","433680","40","71","208","12023","12781","7254"
"19","0.1","1","false","false","false","true","false","false","false","1","1","1","0.25","1","0","0","0","100","0","75","0","10","2.5","2","60","1.6","0.4","20.5","6.7","16","8.21","365","14","1","0","0","299","299","90","53848","2712","5140","8636","19337","327","10998","false","433817","44","71","212","12272","13013","7412"
"19","0.1","1","false","false","false","true","false","false","false","1","1","1","0.25","1","0","0","0","100","0","75","0","10","2.5","2","60","1.6","0.4","20.5","6.7","16","8.21","365","14","1","0","0","299","299","91","53223","2724","5169","8660","19888","336","10993","false","433275","45","72","219","12497","13239","7556"
"19","0.1","1","false","false","false","true","false","false","false","1","1","1","0.25","1","0","0","0","100","0","75","0","10","2.5","2","60","1.6","0.4","20.5","6.7","16","8.21","365","14","1","0","0","299","299","92","52549","2778","5210","8664","20452","347","11024","false","432955","48","72","227","12718","13516","7697"
"19","0.1","1","false","false","false","true","false","false","false","1","1","1","0.25","1","0","0","0","100","0","75","0","10","2.5","2","60","1.6","0.4","20.5","6.7","16","8.21","365","14","1","0","0","299","299","93","51904","2780","5266","8683","21007","360","10974","false","432470","51","76","233","12948","13772","7854"
"19","0.1","1","false","false","false","true","false","false","false","1","1","1","0.25","1","0","0","0","100","0","75","0","10","2.5","2","60","1.6","0.4","20.5","6.7","16","8.21","365","14","1","0","0","299","299","94","51260","2755","5278","8796","21539","372","11025","false","432613","53","79","240","13206","14024","7998"
"19","0.1","1","false","false","false","true","false","false","false","1","1","1","0.25","1","0","0","0","100","0","75","0","10","2.5","2","60","1.6","0.4","20.5","6.7","16","8.21","365","14","1","0","0","299","299","95","50608","2766","5291","8861","22090","384","10924","false","431899","54","81","249","13452","14264","8132"
"19","0.1","1","false","false","false","true","false","false","false","1","1","1","0.25","1","0","0","0","100","0","75","0","10","2.5","2","60","1.6","0.4","20.5","6.7","16","8.21","365","14","1","0","0","299","299","96","49933","2807","5320","8883","22664","393","10902","false","432704","55","85","253","13692","14523","8278"
"19","0.1","1","false","false","false","true","false","false","false","1","1","1","0.25","1","0","0","0","100","0","75","0","10","2.5","2","60","1.6","0.4","20.5","6.7","16","8.21","365","14","1","0","0","299","299","97","49287","2774","5338","8961","23242","398","11013","false","432778","55","87","256","13923","14832","8417"
"19","0.1","1","false","false","false","true","false","false","false","1","1","1","0.25","1","0","0","0","100","0","75","0","10","2.5","2","60","1.6","0.4","20.5","6.7","16","8.21","365","14","1","0","0","299","299","98","48631","2775","5356","9022","23811","405","11123","false","431816","55","89","261","14158","15089","8572"
"19","0.1","1","false","false","false","true","false","false","false","1","1","1","0.25","1","0","0","0","100","0","75","0","10","2.5","2","60","1.6","0.4","20.5","6.7","16","8.21","365","14","1","0","0","299","299","99","48005","2765","5370","9065","24383","412","11070","false","431057","56","91","265","14394","15356","8738"
"19","0.1","1","false","false","false","true","false","false","false","1","1","1","0.25","1","0","0","0","100","0","75","0","10","2.5","2","60","1.6","0.4","20.5","6.7","16","8.21","365","14","1","0","0","299","299","100","47364","2754","5406","9094","24962","420","10978","false","431419","57","95","268","14634","15608","8911"
"19","0.1","1","false","false","false","true","false","false","false","1","1","1","0.25","1","0","0","0","100","0","75","0","10","2.5","2","60","1.6","0.4","20.5","6.7","16","8.21","365","14","1","0","0","299","299","101","46729","2785","5388","9125","25543","430","11037","false","431825","59","95","276","14832","15859","9048"
"19","0.1","1","false","false","false","true","false","false","false","1","1","1","0.25","1","0","0","0","100","0","75","0","10","2.5","2","60","1.6","0.4","20.5","6.7","16","8.21","365","14","1","0","0","299","299","102","46132","2686","5413","9150","26180","439","11012","false","431294","59","98","282","15086","16138","9223"
"19","0.1","1","false","false","false","true","false","false","false","1","1","1","0.25","1","0","0","0","100","0","75","0","10","2.5","2","60","1.6","0.4","20.5","6.7","16","8.21","365","14","1","0","0","299","299","103","45519","2642","5408","9187","26798","446","10966","false","431539","61","98","287","15328","16386","9372"
"19","0.1","1","false","false","false","true","false","false","false","1","1","1","0.25","1","0","0","0","100","0","75","0","10","2.5","2","60","1.6","0.4","20.5","6.7","16","8.21","365","14","1","0","0","299","299","104","44933","2624","5451","9186","27344","462","11046","false","431915","65","102","295","15577","16617","9502"
"19","0.1","1","false","false","false","true","false","false","false","1","1","1","0.25","1","0","0","0","100","0","75","0","10","2.5","2","60","1.6","0.4","20.5","6.7","16","8.21","365","14","1","0","0","299","299","105","44297","2602","5482","9235","27911","473","11049","false","431009","66","106","301","15824","16878","9642"
"19","0.1","1","false","false","false","true","false","false","false","1","1","1","0.25","1","0","0","0","100","0","75","0","10","2.5","2","60","1.6","0.4","20.5","6.7","16","8.21","365","14","1","0","0","299","299","106","43664","2597","5486","9227","28544","482","11070","false","430957","66","110","306","16075","17139","9780"
"19","0.1","1","false","false","false","true","false","false","false","1","1","1","0.25","1","0","0","0","100","0","75","0","10","2.5","2","60","1.6","0.4","20.5","6.7","16","8.21","365","14","1","0","0","299","299","107","43016","2634","5484","9210","29162","494","10961","false","430715","66","112","316","16296","17418","9907"
"19","0.1","1","false","false","false","true","false","false","false","1","1","1","0.25","1","0","0","0","100","0","75","0","10","2.5","2","60","1.6","0.4","20.5","6.7","16","8.21","365","14","1","0","0","299","299","108","42406","2641","5462","9212","29774","505","10861","false","431474","66","115","324","16487","17658","10067"
"19","0.1","1","false","false","false","true","false","false","false","1","1","1","0.25","1","0","0","0","100","0","75","0","10","2.5","2","60","1.6","0.4","20.5","6.7","16","8.21","365","14","1","0","0","299","299","109","41797","2624","5467","9218","30384","510","10856","false","432371","67","116","327","16713","17900","10226"
"19","0.1","1","false","false","false","true","false","false","false","1","1","1","0.25","1","0","0","0","100","0","75","0","10","2.5","2","60","1.6","0.4","20.5","6.7","16","8.21","365","14","1","0","0","299","299","110","41195","2581","5453","9270","30977","524","10833","false","432444","67","122","335","16934","18173","10374"
"19","0.1","1","false","false","false","true","false","false","false","1","1","1","0.25","1","0","0","0","100","0","75","0","10","2.5","2","60","1.6","0.4","20.5","6.7","16","8.21","365","14","1","0","0","299","299","111","40562","2639","5416","9234","31614","535","10653","false","432271","68","125","342","17147","18388","10509"
"19","0.1","1","false","false","false","true","false","false","false","1","1","1","0.25","1","0","0","0","100","0","75","0","10","2.5","2","60","1.6","0.4","20.5","6.7","16","8.21","365","14","1","0","0","299","299","112","39978","2610","5403","9228","32236","545","10585","false","433571","70","129","346","17384","18622","10645"
"19","0.1","1","false","false","false","true","false","false","false","1","1","1","0.25","1","0","0","0","100","0","75","0","10","2.5","2","60","1.6","0.4","20.5","6.7","16","8.21","365","14","1","0","0","299","299","113","39297","2682","5424","9218","32820","559","10678","false","434156","74","132","353","17624","18874","10805"
"19","0.1","1","false","false","false","true","false","false","false","1","1","1","0.25","1","0","0","0","100","0","75","0","10","2.5","2","60","1.6","0.4","20.5","6.7","16","8.21","365","14","1","0","0","299","299","114","38723","2637","5412","9168","33494","566","10651","false","433297","75","134","357","17856","19101","10959"
"19","0.1","1","false","false","false","true","false","false","false","1","1","1","0.25","1","0","0","0","100","0","75","0","10","2.5","2","60","1.6","0.4","20.5","6.7","16","8.21","365","14","1","0","0","299","299","115","38135","2641","5381","9116","34149","578","10518","false","433532","76","135","367","18073","19329","11101"
"19","0.1","1","false","false","false","true","false","false","false","1","1","1","0.25","1","0","0","0","100","0","75","0","10","2.5","2","60","1.6","0.4","20.5","6.7","16","8.21","365","14","1","0","0","299","299","116","37542","2592","5389","9179","34709","589","10427","false","434519","78","138","373","18282","19578","11245"
"19","0.1","1","false","false","false","true","false","false","false","1","1","1","0.25","1","0","0","0","100","0","75","0","10","2.5","2","60","1.6","0.4","20.5","6.7","16","8.21","365","14","1","0","0","299","299","117","36957","2559","5388","9157","35342","597","10395","false","435103","79","140","378","18501","19832","11389"
"19","0.1","1","false","false","false","true","false","false","false","1","1","1","0.25","1","0","0","0","100","0","75","0","10","2.5","2","60","1.6","0.4","20.5","6.7","16","8.21","365","14","1","0","0","299","299","118","36410","2493","5409","9133","35951","604","10297","false","435262","79","140","385","18721","20092","11526"
"19","0.1","1","false","false","false","true","false","false","false","1","1","1","0.25","1","0","0","0","100","0","75","0","10","2.5","2","60","1.6","0.4","20.5","6.7","16","8.21","365","14","1","0","0","299","299","119","35805","2497","5406","9041","36633","618","10266","false","435936","81","143","394","18971","20340","11660"
"19","0.1","1","false","false","false","true","false","false","false","1","1","1","0.25","1","0","0","0","100","0","75","0","10","2.5","2","60","1.6","0.4","20.5","6.7","16","8.21","365","14","1","0","0","299","299","120","35233","2473","5397","9012","37252","633","10296","false","436167","84","148","401","19186","20593","11807"
"19","0.1","1","false","false","false","true","false","false","false","1","1","1","0.25","1","0","0","0","100","0","75","0","10","2.5","2","60","1.6","0.4","20.5","6.7","16","8.21","365","14","1","0","0","299","299","121","34672","2438","5395","8952","37902","641","10278","false","435934","86","149","406","19404","20814","11961"
"19","0.1","1","false","false","false","true","false","false","false","1","1","1","0.25","1","0","0","0","100","0","75","0","10","2.5","2","60","1.6","0.4","20.5","6.7","16","8.21","365","14","1","0","0","299","299","122","34091","2439","5383","8946","38488","653","10338","false","435917","87","151","415","19618","21034","12111"
"19","0.1","1","false","false","false","true","false","false","false","1","1","1","0.25","1","0","0","0","100","0","75","0","10","2.5","2","60","1.6","0.4","20.5","6.7","16","8.21","365","14","1","0","0","299","299","123","33534","2406","5378","8927","39091","664","10137","false","435661","88","157","419","19851","21252","12248"
"19","0.1","1","false","false","false","true","false","false","false","1","1","1","0.25","1","0","0","0","100","0","75","0","10","2.5","2","60","1.6","0.4","20.5","6.7","16","8.21","365","14","1","0","0","299","299","124","32958","2416","5390","8845","39718","673","10059","false","437043","88","159","426","20087","21470","12380"
"19","0.1","1","false","false","false","true","false","false","false","1","1","1","0.25","1","0","0","0","100","0","75","0","10","2.5","2","60","1.6","0.4","20.5","6.7","16","8.21","365","14","1","0","0","299","299","125","32447","2331","5379","8773","40384","686","9984","false","437644","91","160","435","20304","21702","12512"
"19","0.1","1","false","false","false","true","false","false","false","1","1","1","0.25","1","0","0","0","100","0","75","0","10","2.5","2","60","1.6","0.4","20.5","6.7","16","8.21","365","14","1","0","0","299","299","126","31936","2272","5383","8744","40972","693","9892","false","438139","91","164","438","20517","21938","12663"
"19","0.1","1","false","false","false","true","false","false","false","1","1","1","0.25","1","0","0","0","100","0","75","0","10","2.5","2","60","1.6","0.4","20.5","6.7","16","8.21","365","14","1","0","0","299","299","127","31400","2298","5349","8660","41586","707","9814","false","438796","92","169","446","20714","22130","12781"
"19","0.1","1","false","false","false","true","false","false","false","1","1","1","0.25","1","0","0","0","100","0","75","0","10","2.5","2","60","1.6","0.4","20.5","6.7","16","8.21","365","14","1","0","0","299","299","128","30869","2289","5346","8574","42204","718","9636","false","439127","93","170","455","20914","22374","12898"
"19","0.1","1","false","false","false","true","false","false","false","1","1","1","0.25","1","0","0","0","100","0","75","0","10","2.5","2","60","1.6","0.4","20.5","6.7","16","8.21","365","14","1","0","0","299","299","129","30384","2250","5333","8494","42814","725","9575","false","440475","93","172","460","21106","22589","13028"
"19","0.1","1","false","false","false","true","false","false","false","1","1","1","0.25","1","0","0","0","100","0","75","0","10","2.5","2","60","1.6","0.4","20.5","6.7","16","8.21","365","14","1","0","0","299","299","130","29876","2231","5289","8473","43395","736","9486","false","440807","95","173","468","21287","22806","13156"
"19","0.1","1","false","false","false","true","false","false","false","1","1","1","0.25","1","0","0","0","100","0","75","0","10","2.5","2","60","1.6","0.4","20.5","6.7","16","8.21","365","14","1","0","0","299","299","131","29338","2259","5285","8360","44012","746","9436","false","441427","97","177","472","21484","23007","13285"
"19","0.1","1","false","false","false","true","false","false","false","1","1","1","0.25","1","0","0","0","100","0","75","0","10","2.5","2","60","1.6","0.4","20.5","6.7","16","8.21","365","14","1","0","0","299","299","132","28844","2211","5236","8282","44666","761","9176","false","442019","99","180","482","21680","23227","13410"
"19","0.1","1","false","false","false","true","false","false","false","1","1","1","0.25","1","0","0","0","100","0","75","0","10","2.5","2","60","1.6","0.4","20.5","6.7","16","8.21","365","14","1","0","0","299","299","133","28358","2174","5215","8242","45242","769","9064","false","444137","100","181","488","21881","23444","13523"
"19","0.1","1","false","false","false","true","false","false","false","1","1","1","0.25","1","0","0","0","100","0","75","0","10","2.5","2","60","1.6","0.4","20.5","6.7","16","8.21","365","14","1","0","0","299","299","134","27853","2143","5162","8173","45886","783","8896","false","445048","100","183","500","22076","23663","13652"
"19","0.1","1","false","false","false","true","false","false","false","1","1","1","0.25","1","0","0","0","100","0","75","0","10","2.5","2","60","1.6","0.4","20.5","6.7","16","8.21","365","14","1","0","0","299","299","135","27362","2124","5066","8144","46508","796","8828","false","446264","100","186","510","22277","23870","13761"
"19","0.1","1","false","false","false","true","false","false","false","1","1","1","0.25","1","0","0","0","100","0","75","0","10","2.5","2","60","1.6","0.4","20.5","6.7","16","8.21","365","14","1","0","0","299","299","136","26856","2163","5031","8017","47128","805","8664","false","446845","102","188","515","22443","24058","13880"
"19","0.1","1","false","false","false","true","false","false","false","1","1","1","0.25","1","0","0","0","100","0","75","0","10","2.5","2","60","1.6","0.4","20.5","6.7","16","8.21","365","14","1","0","0","299","299","137","26355","2161","4968","8000","47702","814","8555","false","448002","103","190","521","22631","24238","14006"
"19","0.1","1","false","false","false","true","false","false","false","1","1","1","0.25","1","0","0","0","100","0","75","0","10","2.5","2","60","1.6","0.4","20.5","6.7","16","8.21","365","14","1","0","0","299","299","138","25864","2135","4906","7948","48316","831","8566","false","448778","105","194","532","22832","24452","14109"
"19","0.1","1","false","false","false","true","false","false","false","1","1","1","0.25","1","0","0","0","100","0","75","0","10","2.5","2","60","1.6","0.4","20.5","6.7","16","8.21","365","14","1","0","0","299","299","139","25369","2140","4884","7867","48899","841","8410","false","448730","105","198","538","23022","24646","14218"
"19","0.1","1","false","false","false","true","false","false","false","1","1","1","0.25","1","0","0","0","100","0","75","0","10","2.5","2","60","1.6","0.4","20.5","6.7","16","8.21","365","14","1","0","0","299","299","140","24905","2126","4840","7790","49486","853","8270","false","449913","105","202","546","23205","24839","14342"
"19","0.1","1","false","false","false","true","false","false","false","1","1","1","0.25","1","0","0","0","100","0","75","0","10","2.5","2","60","1.6","0.4","20.5","6.7","16","8.21","365","14","1","0","0","299","299","141","24452","2078","4767","7729","50109","865","8155","false","451074","106","205","554","23392","25042","14465"
"19","0.1","1","false","false","false","true","false","false","false","1","1","1","0.25","1","0","0","0","100","0","75","0","10","2.5","2","60","1.6","0.4","20.5","6.7","16","8.21","365","14","1","0","0","299","299","142","23992","2067","4731","7632","50704","874","8083","false","451913","106","209","559","23567","25234","14600"
"19","0.1","1","false","false","false","true","false","false","false","1","1","1","0.25","1","0","0","0","100","0","75","0","10","2.5","2","60","1.6","0.4","20.5","6.7","16","8.21","365","14","1","0","0","299","299","143","23502","2046","4660","7618","51282","892","8031","false","452463","110","215","567","23742","25428","14701"
"19","0.1","1","false","false","false","true","false","false","false","1","1","1","0.25","1","0","0","0","100","0","75","0","10","2.5","2","60","1.6","0.4","20.5","6.7","16","8.21","365","14","1","0","0","299","299","144","22981","2075","4625","7585","51830","904","7998","false","452909","113","216","575","23940","25607","14826"
"19","0.1","1","false","false","false","true","false","false","false","1","1","1","0.25","1","0","0","0","100","0","75","0","10","2.5","2","60","1.6","0.4","20.5","6.7","16","8.21","365","14","1","0","0","299","299","145","22504","2068","4579","7527","52411","911","7849","false","453170","113","220","578","24121","25790","14940"
"19","0.1","1","false","false","false","true","false","false","false","1","1","1","0.25","1","0","0","0","100","0","75","0","10","2.5","2","60","1.6","0.4","20.5","6.7","16","8.21","365","14","1","0","0","299","299","146","22035","2065","4544","7472","52966","918","7856","false","454446","114","222","582","24308","25966","15052"
"19","0.1","1","false","false","false","true","false","false","false","1","1","1","0.25","1","0","0","0","100","0","75","0","10","2.5","2","60","1.6","0.4","20.5","6.7","16","8.21","365","14","1","0","0","299","299","147","21648","1959","4522","7436","53512","923","7779","false","454450","114","223","586","24485","26158","15156"
"19","0.1","1","false","false","false","true","false","false","false","1","1","1","0.25","1","0","0","0","100","0","75","0","10","2.5","2","60","1.6","0.4","20.5","6.7","16","8.21","365","14","1","0","0","299","299","148","21213","1900","4482","7390","54081","934","7737","false","455271","117","223","594","24653","26364","15267"
"19","0.1","1","false","false","false","true","false","false","false","1","1","1","0.25","1","0","0","0","100","0","75","0","10","2.5","2","60","1.6","0.4","20.5","6.7","16","8.21","365","14","1","0","0","299","299","149","20804","1876","4432","7327","54621","940","7551","false","455522","117","223","600","24832","26531","15360"
"19","0.1","1","false","false","false","true","false","false","false","1","1","1","0.25","1","0","0","0","100","0","75","0","10","2.5","2","60","1.6","0.4","20.5","6.7","16","8.21","365","14","1","0","0","299","299","150","20416","1845","4388","7210","55191","950","7535","false","457178","118","225","607","24991","26709","15468"
"19","0.1","1","false","false","false","true","false","false","false","1","1","1","0.25","1","0","0","0","100","0","75","0","10","2.5","2","60","1.6","0.4","20.5","6.7","16","8.21","365","14","1","0","0","299","299","151","20032","1785","4376","7162","55685","960","7524","false","457267","118","226","616","25157","26899","15570"
"19","0.1","1","false","false","false","true","false","false","false","1","1","1","0.25","1","0","0","0","100","0","75","0","10","2.5","2","60","1.6","0.4","20.5","6.7","16","8.21","365","14","1","0","0","299","299","152","19658","1710","4368","7100","56192","972","7413","false","457233","120","229","623","25312","27104","15676"
"19","0.1","1","false","false","false","true","false","false","false","1","1","1","0.25","1","0","0","0","100","0","75","0","10","2.5","2","60","1.6","0.4","20.5","6.7","16","8.21","365","14","1","0","0","299","299","153","19280","1725","4347","6955","56715","978","7336","false","458259","120","231","627","25476","27246","15761"
"19","0.1","1","false","false","false","true","false","false","false","1","1","1","0.25","1","0","0","0","100","0","75","0","10","2.5","2","60","1.6","0.4","20.5","6.7","16","8.21","365","14","1","0","0","299","299","154","18930","1652","4322","6872","57238","986","7184","false","459021","122","232","632","25637","27430","15870"
"19","0.1","1","false","false","false","true","false","false","false","1","1","1","0.25","1","0","0","0","100","0","75","0","10","2.5","2","60","1.6","0.4","20.5","6.7","16","8.21","365","14","1","0","0","299","299","155","18544","1647","4299","6769","57745","996","7101","false","460400","124","234","638","25770","27615","15958"
"19","0.1","1","false","false","false","true","false","false","false","1","1","1","0.25","1","0","0","0","100","0","75","0","10","2.5","2","60","1.6","0.4","20.5","6.7","16","8.21","365","14","1","0","0","299","299","156","18191","1603","4252","6714","58239","1001","6942","false","460836","124","234","643","25892","27774","16061"
"19","0.1","1","false","false","false","true","false","false","false","1","1","1","0.25","1","0","0","0","100","0","75","0","10","2.5","2","60","1.6","0.4","20.5","6.7","16","8.21","365","14","1","0","0","299","299","157","17810","1595","4196","6656","58733","1010","6829","false","461982","125","238","647","26032","27946","16140"
"19","0.1","1","false","false","false","true","false","false","false","1","1","1","0.25","1","0","0","0","100","0","75","0","10","2.5","2","60","1.6","0.4","20.5","6.7","16","8.21","365","14","1","0","0","299","299","158","17438","1604","4138","6537","59269","1014","6739","false","462952","126","238","650","26170","28104","16220"
"19","0.1","1","false","false","false","true","false","false","false","1","1","1","0.25","1","0","0","0","100","0","75","0","10","2.5","2","60","1.6","0.4","20.5","6.7","16","8.21","365","14","1","0","0","299","299","159","17070","1584","4086","6458","59776","1026","6584","false","463740","129","241","656","26310","28254","16299"
"19","0.1","1","false","false","false","true","false","false","false","1","1","1","0.25","1","0","0","0","100","0","75","0","10","2.5","2","60","1.6","0.4","20.5","6.7","16","8.21","365","14","1","0","0","299","299","160","16689","1584","4063","6352","60280","1032","6525","false","464899","131","243","658","26442","28423","16390"
"19","0.1","1","false","false","false","true","false","false","false","1","1","1","0.25","1","0","0","0","100","0","75","0","10","2.5","2","60","1.6","0.4","20.5","6.7","16","8.21","365","14","1","0","0","299","299","161","16328","1590","4022","6230","60789","1041","6429","false","465536","131","245","665","26591","28583","16485"
"19","0.1","1","false","false","false","true","false","false","false","1","1","1","0.25","1","0","0","0","100","0","75","0","10","2.5","2","60","1.6","0.4","20.5","6.7","16","8.21","365","14","1","0","0","299","299","162","15966","1599","3964","6181","61240","1050","6267","false","466317","131","249","670","26706","28730","16574"
"19","0.1","1","false","false","false","true","false","false","false","1","1","1","0.25","1","0","0","0","100","0","75","0","10","2.5","2","60","1.6","0.4","20.5","6.7","16","8.21","365","14","1","0","0","299","299","163","15599","1581","3881","6138","61741","1060","6199","false","467559","132","253","675","26839","28869","16658"
"19","0.1","1","false","false","false","true","false","false","false","1","1","1","0.25","1","0","0","0","100","0","75","0","10","2.5","2","60","1.6","0.4","20.5","6.7","16","8.21","365","14","1","0","0","299","299","164","15260","1538","3844","6065","62226","1067","6124","false","467968","133","254","680","26981","29023","16748"
"19","0.1","1","false","false","false","true","false","false","false","1","1","1","0.25","1","0","0","0","100","0","75","0","10","2.5","2","60","1.6","0.4","20.5","6.7","16","8.21","365","14","1","0","0","299","299","165","14940","1470","3783","6038","62696","1073","6022","false","468612","133","254","686","27120","29174","16835"
"19","0.1","1","false","false","false","true","false","false","false","1","1","1","0.25","1","0","0","0","100","0","75","0","10","2.5","2","60","1.6","0.4","20.5","6.7","16","8.21","365","14","1","0","0","299","299","166","14608","1453","3749","5944","63165","1081","5962","false","469534","137","256","688","27243","29311","16911"
"19","0.1","1","false","false","false","true","false","false","false","1","1","1","0.25","1","0","0","0","100","0","75","0","10","2.5","2","60","1.6","0.4","20.5","6.7","16","8.21","365","14","1","0","0","299","299","167","14284","1443","3713","5827","63643","1090","5959","false","470008","138","258","694","27382","29459","16977"
"19","0.1","1","false","false","false","true","false","false","false","1","1","1","0.25","1","0","0","0","100","0","75","0","10","2.5","2","60","1.6","0.4","20.5","6.7","16","8.21","365","14","1","0","0","299","299","168","13955","1392","3700","5748","64103","1102","5920","false","470090","141","261","700","27513","29633","17070"
"19","0.1","1","false","false","false","true","false","false","false","1","1","1","0.25","1","0","0","0","100","0","75","0","10","2.5","2","60","1.6","0.4","20.5","6.7","16","8.21","365","14","1","0","0","299","299","169","13642","1395","3673","5609","64577","1104","5873","false","470386","141","261","702","27635","29769","17144"
"19","0.1","1","false","false","false","true","false","false","false","1","1","1","0.25","1","0","0","0","100","0","75","0","10","2.5","2","60","1.6","0.4","20.5","6.7","16","8.21","365","14","1","0","0","299","299","170","13358","1334","3630","5551","65014","1113","5781","false","470924","141","265","707","27769","29926","17230"
"19","0.1","1","false","false","false","true","false","false","false","1","1","1","0.25","1","0","0","0","100","0","75","0","10","2.5","2","60","1.6","0.4","20.5","6.7","16","8.21","365","14","1","0","0","299","299","171","13088","1299","3586","5426","65478","1123","5676","false","471706","142","269","712","27878","30050","17313"
"19","0.1","1","false","false","false","true","false","false","false","1","1","1","0.25","1","0","0","0","100","0","75","0","10","2.5","2","60","1.6","0.4","20.5","6.7","16","8.21","365","14","1","0","0","299","299","172","12786","1291","3523","5361","65908","1131","5569","false","472620","143","272","716","27989","30179","17388"
"19","0.1","1","false","false","false","true","false","false","false","1","1","1","0.25","1","0","0","0","100","0","75","0","10","2.5","2","60","1.6","0.4","20.5","6.7","16","8.21","365","14","1","0","0","299","299","173","12512","1240","3469","5302","66339","1138","5467","false","473470","145","272","721","28120","30298","17466"
"19","0.1","1","false","false","false","true","false","false","false","1","1","1","0.25","1","0","0","0","100","0","75","0","10","2.5","2","60","1.6","0.4","20.5","6.7","16","8.21","365","14","1","0","0","299","299","174","12232","1250","3427","5189","66758","1144","5364","false","474393","147","272","725","28225","30408","17547"
"19","0.1","1","false","false","false","true","false","false","false","1","1","1","0.25","1","0","0","0","100","0","75","0","10","2.5","2","60","1.6","0.4","20.5","6.7","16","8.21","365","14","1","0","0","299","299","175","11948","1270","3349","5100","67186","1147","5283","false","475301","148","272","727","28338","30502","17602"
"19","0.1","1","false","false","false","true","false","false","false","1","1","1","0.25","1","0","0","0","100","0","75","0","10","2.5","2","60","1.6","0.4","20.5","6.7","16","8.21","365","14","1","0","0","299","299","176","11695","1214","3299","5042","67597","1153","5093","false","475922","149","273","731","28439","30645","17657"
"19","0.1","1","false","false","false","true","false","false","false","1","1","1","0.25","1","0","0","0","100","0","75","0","10","2.5","2","60","1.6","0.4","20.5","6.7","16","8.21","365","14","1","0","0","299","299","177","11460","1175","3246","4913","68045","1161","4950","false","477472","152","276","733","28546","30752","17703"
"19","0.1","1","false","false","false","true","false","false","false","1","1","1","0.25","1","0","0","0","100","0","75","0","10","2.5","2","60","1.6","0.4","20.5","6.7","16","8.21","365","14","1","0","0","299","299","178","11187","1173","3181","4842","68446","1171","4919","false","478654","152","278","741","28654","30861","17775"
"19","0.1","1","false","false","false","true","false","false","false","1","1","1","0.25","1","0","0","0","100","0","75","0","10","2.5","2","60","1.6","0.4","20.5","6.7","16","8.21","365","14","1","0","0","299","299","179","10919","1137","3157","4792","68817","1178","4820","false","478868","152","281","745","28771","31005","17832"
"19","0.1","1","false","false","false","true","false","false","false","1","1","1","0.25","1","0","0","0","100","0","75","0","10","2.5","2","60","1.6","0.4","20.5","6.7","16","8.21","365","14","1","0","0","299","299","180","10666","1156","3109","4682","69205","1182","4685","false","479819","153","282","747","28858","31114","17873"
"19","0.1","1","false","false","false","true","false","false","false","1","1","1","0.25","1","0","0","0","100","0","75","0","10","2.5","2","60","1.6","0.4","20.5","6.7","16","8.21","365","14","1","0","0","299","299","181","10408","1141","3029","4598","69637","1187","4575","false","480991","153","285","749","28973","31207","17938"
"19","0.1","1","false","false","false","true","false","false","false","1","1","1","0.25","1","0","0","0","100","0","75","0","10","2.5","2","60","1.6","0.4","20.5","6.7","16","8.21","365","14","1","0","0","299","299","182","10161","1092","2983","4539","70031","1194","4492","false","481917","154","286","754","29078","31332","18014"
"19","0.1","1","false","false","false","true","false","false","false","1","1","1","0.25","1","0","0","0","100","0","75","0","10","2.5","2","60","1.6","0.4","20.5","6.7","16","8.21","365","14","1","0","0","299","299","183","9910","1090","2943","4445","70412","1200","4404","false","482534","155","287","758","29167","31422","18084"
"19","0.1","1","false","false","false","true","false","false","false","1","1","1","0.25","1","0","0","0","100","0","75","0","10","2.5","2","60","1.6","0.4","20.5","6.7","16","8.21","365","14","1","0","0","299","299","184","9670","1088","2887","4356","70792","1207","4277","false","483242","156","289","762","29248","31523","18136"
"19","0.1","1","false","false","false","true","false","false","false","1","1","1","0.25","1","0","0","0","100","0","75","0","10","2.5","2","60","1.6","0.4","20.5","6.7","16","8.21","365","14","1","0","0","299","299","185","9419","1094","2855","4253","71161","1218","4226","false","484204","159","291","768","29343","31631","18207"
"19","0.1","1","false","false","false","true","false","false","false","1","1","1","0.25","1","0","0","0","100","0","75","0","10","2.5","2","60","1.6","0.4","20.5","6.7","16","8.21","365","14","1","0","0","299","299","186","9172","1083","2787","4210","71528","1220","4150","false","484618","160","291","769","29431","31741","18263"
"19","0.1","1","false","false","false","true","false","false","false","1","1","1","0.25","1","0","0","0","100","0","75","0","10","2.5","2","60","1.6","0.4","20.5","6.7","16","8.21","365","14","1","0","0","299","299","187","8955","1059","2755","4139","71866","1226","4060","false","485280","160","291","775","29515","31838","18334"
"19","0.1","1","false","false","false","true","false","false","false","1","1","1","0.25","1","0","0","0","100","0","75","0","10","2.5","2","60","1.6","0.4","20.5","6.7","16","8.21","365","14","1","0","0","299","299","188","8734","1017","2707","4103","72208","1231","4001","false","486083","160","294","777","29619","31932","18386"
"19","0.1","1","false","false","false","true","false","false","false","1","1","1","0.25","1","0","0","0","100","0","75","0","10","2.5","2","60","1.6","0.4","20.5","6.7","16","8.21","365","14","1","0","0","299","299","189","8538","942","2646","4092","72541","1241","3954","false","486682","161","298","782","29712","32044","18449"
"19","0.1","1","false","false","false","true","false","false","false","1","1","1","0.25","1","0","0","0","100","0","75","0","10","2.5","2","60","1.6","0.4","20.5","6.7","16","8.21","365","14","1","0","0","299","299","190","8347","899","2596","4021","72888","1249","3869","false","487050","162","298","789","29793","32156","18484"
"19","0.1","1","false","false","false","true","false","false","false","1","1","1","0.25","1","0","0","0","100","0","75","0","10","2.5","2","60","1.6","0.4","20.5","6.7","16","8.21","365","14","1","0","0","299","299","191","8163","862","2589","3941","73193","1252","3815","false","487650","162","299","791","29884","32239","18529"
"19","0.1","1","false","false","false","true","false","false","false","1","1","1","0.25","1","0","0","0","100","0","75","0","10","2.5","2","60","1.6","0.4","20.5","6.7","16","8.21","365","14","1","0","0","299","299","192","7959","830","2552","3874","73528","1257","3710","false","488158","164","299","794","29980","32318","18594"
"19","0.1","1","false","false","false","true","false","false","false","1","1","1","0.25","1","0","0","0","100","0","75","0","10","2.5","2","60","1.6","0.4","20.5","6.7","16","8.21","365","14","1","0","0","299","299","193","7759","838","2535","3761","73841","1266","3687","false","489067","165","300","801","30060","32409","18650"
"19","0.1","1","false","false","false","true","false","false","false","1","1","1","0.25","1","0","0","0","100","0","75","0","10","2.5","2","60","1.6","0.4","20.5","6.7","16","8.21","365","14","1","0","0","299","299","194","7589","829","2491","3684","74134","1273","3599","false","489326","165","302","806","30137","32487","18705"
"19","0.1","1","false","false","false","true","false","false","false","1","1","1","0.25","1","0","0","0","100","0","75","0","10","2.5","2","60","1.6","0.4","20.5","6.7","16","8.21","365","14","1","0","0","299","299","195","7410","799","2459","3573","74482","1277","3544","false","490086","166","304","807","30223","32580","18768"
"19","0.1","1","false","false","false","true","false","false","false","1","1","1","0.25","1","0","0","0","100","0","75","0","10","2.5","2","60","1.6","0.4","20.5","6.7","16","8.21","365","14","1","0","0","299","299","196","7234","780","2419","3498","74788","1281","3391","false","490553","167","305","809","30286","32671","18817"
"19","0.1","1","false","false","false","true","false","false","false","1","1","1","0.25","1","0","0","0","100","0","75","0","10","2.5","2","60","1.6","0.4","20.5","6.7","16","8.21","365","14","1","0","0","299","299","197","7061","754","2353","3444","75104","1284","3255","false","491872","167","307","810","30343","32761","18855"
"19","0.1","1","false","false","false","true","false","false","false","1","1","1","0.25","1","0","0","0","100","0","75","0","10","2.5","2","60","1.6","0.4","20.5","6.7","16","8.21","365","14","1","0","0","299","299","198","6894","743","2288","3371","75414","1290","3172","false","492929","168","308","814","30414","32826","18909"
"19","0.1","1","false","false","false","true","false","false","false","1","1","1","0.25","1","0","0","0","100","0","75","0","10","2.5","2","60","1.6","0.4","20.5","6.7","16","8.21","365","14","1","0","0","299","299","199","6729","714","2247","3337","75681","1292","3085","false","493713","170","308","814","30486","32897","18956"
"19","0.1","1","false","false","false","true","false","false","false","1","1","1","0.25","1","0","0","0","100","0","75","0","10","2.5","2","60","1.6","0.4","20.5","6.7","16","8.21","365","14","1","0","0","299","299","200","6563","708","2199","3271","75960","1299","3021","false","494456","170","309","820","30544","32967","19009"
"19","0.1","1","false","false","false","true","false","false","false","1","1","1","0.25","1","0","0","0","100","0","75","0","10","2.5","2","60","1.6","0.4","20.5","6.7","16","8.21","365","14","1","0","0","299","299","201","6420","681","2179","3187","76228","1305","2913","false","495048","171","311","823","30620","33042","19046"
"19","0.1","1","false","false","false","true","false","false","false","1","1","1","0.25","1","0","0","0","100","0","75","0","10","2.5","2","60","1.6","0.4","20.5","6.7","16","8.21","365","14","1","0","0","299","299","202","6257","689","2132","3134","76481","1307","2865","false","495917","171","311","825","30675","33101","19083"
"19","0.1","1","false","false","false","true","false","false","false","1","1","1","0.25","1","0","0","0","100","0","75","0","10","2.5","2","60","1.6","0.4","20.5","6.7","16","8.21","365","14","1","0","0","299","299","203","6124","677","2076","3054","76761","1308","2757","false","496363","171","311","826","30721","33173","19117"
"19","0.1","1","false","false","false","true","false","false","false","1","1","1","0.25","1","0","0","0","100","0","75","0","10","2.5","2","60","1.6","0.4","20.5","6.7","16","8.21","365","14","1","0","0","299","299","204","5993","617","2021","3032","77025","1312","2631","false","497374","172","312","828","30784","33241","19152"
"19","0.1","1","false","false","false","true","false","false","false","1","1","1","0.25","1","0","0","0","100","0","75","0","10","2.5","2","60","1.6","0.4","20.5","6.7","16","8.21","365","14","1","0","0","299","299","205","5836","624","1978","2985","77261","1316","2580","false","498342","172","313","831","30848","33296","19175"
"19","0.1","1","false","false","false","true","false","false","false","1","1","1","0.25","1","0","0","0","100","0","75","0","10","2.5","2","60","1.6","0.4","20.5","6.7","16","8.21","365","14","1","0","0","299","299","206","5685","638","1930","2901","77529","1317","2492","false","498749","172","313","832","30903","33361","19215"
"19","0.1","1","false","false","false","true","false","false","false","1","1","1","0.25","1","0","0","0","100","0","75","0","10","2.5","2","60","1.6","0.4","20.5","6.7","16","8.21","365","14","1","0","0","299","299","207","5551","616","1874","2856","77779","1324","2411","false","499471","173","313","838","30960","33427","19249"
"19","0.1","1","false","false","false","true","false","false","false","1","1","1","0.25","1","0","0","0","100","0","75","0","10","2.5","2","60","1.6","0.4","20.5","6.7","16","8.21","365","14","1","0","0","299","299","208","5403","629","1834","2767","78040","1327","2401","false","500277","174","313","840","31029","33487","19283"
"19","0.1","1","false","false","false","true","false","false","false","1","1","1","0.25","1","0","0","0","100","0","75","0","10","2.5","2","60","1.6","0.4","20.5","6.7","16","8.21","365","14","1","0","0","299","299","209","5283","613","1779","2706","78285","1334","2375","false","500386","175","313","846","31087","33553","19307"
"19","0.1","1","false","false","false","true","false","false","false","1","1","1","0.25","1","0","0","0","100","0","75","0","10","2.5","2","60","1.6","0.4","20.5","6.7","16","8.21","365","14","1","0","0","299","299","210","5157","585","1736","2657","78527","1338","2343","false","500740","175","314","849","31153","33616","19333"
"19","0.1","1","false","false","false","true","false","false","false","1","1","1","0.25","1","0","0","0","100","0","75","0","10","2.5","2","60","1.6","0.4","20.5","6.7","16","8.21","365","14","1","0","0","299","299","211","5052","564","1691","2600","78754","1339","2291","false","500998","176","314","849","31191","33676","19369"
"19","0.1","1","false","false","false","true","false","false","false","1","1","1","0.25","1","0","0","0","100","0","75","0","10","2.5","2","60","1.6","0.4","20.5","6.7","16","8.21","365","14","1","0","0","299","299","212","4966","517","1628","2537","79010","1342","2202","false","501409","177","314","851","31231","33723","19402"
"19","0.1","1","false","false","false","true","false","false","false","1","1","1","0.25","1","0","0","0","100","0","75","0","10","2.5","2","60","1.6","0.4","20.5","6.7","16","8.21","365","14","1","0","0","299","299","213","4851","507","1603","2469","79226","1344","2116","false","502184","177","314","853","31281","33768","19428"
"19","0.1","1","false","false","false","true","false","false","false","1","1","1","0.25","1","0","0","0","100","0","75","0","10","2.5","2","60","1.6","0.4","20.5","6.7","16","8.21","365","14","1","0","0","299","299","214","4741","492","1563","2403","79451","1350","2080","false","502929","178","316","856","31322","33823","19460"
"19","0.1","1","false","false","false","true","false","false","false","1","1","1","0.25","1","0","0","0","100","0","75","0","10","2.5","2","60","1.6","0.4","20.5","6.7","16","8.21","365","14","1","0","0","299","299","215","4624","489","1531","2331","79673","1352","2058","false","503292","178","317","857","31367","33870","19492"
"19","0.1","1","false","false","false","true","false","false","false","1","1","1","0.25","1","0","0","0","100","0","75","0","10","2.5","2","60","1.6","0.4","20.5","6.7","16","8.21","365","14","1","0","0","299","299","216","4523","476","1492","2267","79887","1355","2021","false","503444","179","318","858","31408","33921","19528"
"19","0.1","1","false","false","false","true","false","false","false","1","1","1","0.25","1","0","0","0","100","0","75","0","10","2.5","2","60","1.6","0.4","20.5","6.7","16","8.21","365","14","1","0","0","299","299","217","4446","437","1464","2224","80071","1358","1953","false","503803","179","318","861","31456","33969","19562"
"19","0.1","1","false","false","false","true","false","false","false","1","1","1","0.25","1","0","0","0","100","0","75","0","10","2.5","2","60","1.6","0.4","20.5","6.7","16","8.21","365","14","1","0","0","299","299","218","4351","426","1421","2166","80276","1360","1906","false","504331","180","318","862","31500","34005","19584"
"19","0.1","1","false","false","false","true","false","false","false","1","1","1","0.25","1","0","0","0","100","0","75","0","10","2.5","2","60","1.6","0.4","20.5","6.7","16","8.21","365","14","1","0","0","299","299","219","4277","397","1389","2097","80479","1361","1837","false","504730","181","318","862","31542","34044","19601"
"19","0.1","1","false","false","false","true","false","false","false","1","1","1","0.25","1","0","0","0","100","0","75","0","10","2.5","2","60","1.6","0.4","20.5","6.7","16","8.21","365","14","1","0","0","299","299","220","4188","384","1355","2027","80685","1361","1774","false","505404","181","318","862","31581","34087","19625"
"19","0.1","1","false","false","false","true","false","false","false","1","1","1","0.25","1","0","0","0","100","0","75","0","10","2.5","2","60","1.6","0.4","20.5","6.7","16","8.21","365","14","1","0","0","299","299","221","4096","378","1319","1967","80879","1361","1706","false","505936","181","318","862","31617","34129","19646"
"19","0.1","1","false","false","false","true","false","false","false","1","1","1","0.25","1","0","0","0","100","0","75","0","10","2.5","2","60","1.6","0.4","20.5","6.7","16","8.21","365","14","1","0","0","299","299","222","4011","368","1291","1904","81060","1366","1643","false","506588","181","320","865","31654","34168","19671"
"19","0.1","1","false","false","false","true","false","false","false","1","1","1","0.25","1","0","0","0","100","0","75","0","10","2.5","2","60","1.6","0.4","20.5","6.7","16","8.21","365","14","1","0","0","299","299","223","3941","343","1260","1822","81267","1367","1576","false","507091","181","320","866","31688","34216","19694"
"19","0.1","1","false","false","false","true","false","false","false","1","1","1","0.25","1","0","0","0","100","0","75","0","10","2.5","2","60","1.6","0.4","20.5","6.7","16","8.21","365","14","1","0","0","299","299","224","3866","332","1219","1790","81421","1372","1528","false","507712","182","321","869","31713","34255","19718"
"19","0.1","1","false","false","false","true","false","false","false","1","1","1","0.25","1","0","0","0","100","0","75","0","10","2.5","2","60","1.6","0.4","20.5","6.7","16","8.21","365","14","1","0","0","299","299","225","3767","356","1197","1746","81559","1375","1530","false","508063","182","321","872","31740","34297","19733"
"19","0.1","1","false","false","false","true","false","false","false","1","1","1","0.25","1","0","0","0","100","0","75","0","10","2.5","2","60","1.6","0.4","20.5","6.7","16","8.21","365","14","1","0","0","299","299","226","3699","351","1166","1689","81716","1379","1475","false","508071","183","321","875","31766","34331","19755"
"19","0.1","1","false","false","false","true","false","false","false","1","1","1","0.25","1","0","0","0","100","0","75","0","10","2.5","2","60","1.6","0.4","20.5","6.7","16","8.21","365","14","1","0","0","299","299","227","3614","352","1149","1644","81861","1380","1448","false","508524","183","321","876","31786","34378","19775"
"19","0.1","1","false","false","false","true","false","false","false","1","1","1","0.25","1","0","0","0","100","0","75","0","10","2.5","2","60","1.6","0.4","20.5","6.7","16","8.21","365","14","1","0","0","299","299","228","3547","318","1111","1611","82031","1382","1398","false","508824","183","323","876","31827","34409","19800"
"19","0.1","1","false","false","false","true","false","false","false","1","1","1","0.25","1","0","0","0","100","0","75","0","10","2.5","2","60","1.6","0.4","20.5","6.7","16","8.21","365","14","1","0","0","299","299","229","3477","311","1077","1564","82187","1384","1325","false","509253","183","323","878","31847","34442","19818"
"19","0.1","1","false","false","false","true","false","false","false","1","1","1","0.25","1","0","0","0","100","0","75","0","10","2.5","2","60","1.6","0.4","20.5","6.7","16","8.21","365","14","1","0","0","299","299","230","3398","307","1052","1522","82334","1387","1278","false","509894","183","324","880","31887","34477","19837"
"19","0.1","1","false","false","false","true","false","false","false","1","1","1","0.25","1","0","0","0","100","0","75","0","10","2.5","2","60","1.6","0.4","20.5","6.7","16","8.21","365","14","1","0","0","299","299","231","3346","291","1023","1479","82471","1390","1210","false","510300","183","326","881","31923","34498","19851"
"19","0.1","1","false","false","false","true","false","false","false","1","1","1","0.25","1","0","0","0","100","0","75","0","10","2.5","2","60","1.6","0.4","20.5","6.7","16","8.21","365","14","1","0","0","299","299","232","3290","277","996","1417","82627","1393","1145","false","510826","183","327","883","31953","34539","19865"
"19","0.1","1","false","false","false","true","false","false","false","1","1","1","0.25","1","0","0","0","100","0","75","0","10","2.5","2","60","1.6","0.4","20.5","6.7","16","8.21","365","14","1","0","0","299","299","233","3206","295","972","1384","82749","1394","1143","false","511314","183","327","884","31974","34570","19877"
"19","0.1","1","false","false","false","true","false","false","false","1","1","1","0.25","1","0","0","0","100","0","75","0","10","2.5","2","60","1.6","0.4","20.5","6.7","16","8.21","365","14","1","0","0","299","299","234","3155","273","941","1351","82885","1395","1075","false","511406","184","327","884","31999","34599","19895"
"19","0.1","1","false","false","false","true","false","false","false","1","1","1","0.25","1","0","0","0","100","0","75","0","10","2.5","2","60","1.6","0.4","20.5","6.7","16","8.21","365","14","1","0","0","299","299","235","3107","254","902","1322","83019","1396","1014","false","511998","184","327","885","32023","34624","19910"
"19","0.1","1","false","false","false","true","false","false","false","1","1","1","0.25","1","0","0","0","100","0","75","0","10","2.5","2","60","1.6","0.4","20.5","6.7","16","8.21","365","14","1","0","0","299","299","236","3060","234","864","1298","83146","1398","965","false","512514","184","329","885","32035","34652","19930"
"19","0.1","1","false","false","false","true","false","false","false","1","1","1","0.25","1","0","0","0","100","0","75","0","10","2.5","2","60","1.6","0.4","20.5","6.7","16","8.21","365","14","1","0","0","299","299","237","3002","223","861","1264","83250","1400","912","false","512870","184","329","887","32055","34690","19948"
"19","0.1","1","false","false","false","true","false","false","false","1","1","1","0.25","1","0","0","0","100","0","75","0","10","2.5","2","60","1.6","0.4","20.5","6.7","16","8.21","365","14","1","0","0","299","299","238","2951","219","831","1226","83371","1402","915","false","513337","184","330","888","32079","34717","19963"
"19","0.1","1","false","false","false","true","false","false","false","1","1","1","0.25","1","0","0","0","100","0","75","0","10","2.5","2","60","1.6","0.4","20.5","6.7","16","8.21","365","14","1","0","0","299","299","239","2898","224","802","1190","83482","1404","882","false","513397","185","330","889","32106","34732","19973"
"19","0.1","1","false","false","false","true","false","false","false","1","1","1","0.25","1","0","0","0","100","0","75","0","10","2.5","2","60","1.6","0.4","20.5","6.7","16","8.21","365","14","1","0","0","299","299","240","2868","208","777","1164","83578","1405","824","false","513727","185","330","890","32120","34748","19986"
"19","0.1","1","false","false","false","true","false","false","false","1","1","1","0.25","1","0","0","0","100","0","75","0","10","2.5","2","60","1.6","0.4","20.5","6.7","16","8.21","365","14","1","0","0","299","299","241","2829","208","751","1110","83696","1406","807","false","514161","185","330","891","32141","34772","19996"
"19","0.1","1","false","false","false","true","false","false","false","1","1","1","0.25","1","0","0","0","100","0","75","0","10","2.5","2","60","1.6","0.4","20.5","6.7","16","8.21","365","14","1","0","0","299","299","242","2776","203","722","1075","83816","1408","773","false","514327","185","332","891","32156","34797","20007"
"19","0.1","1","false","false","false","true","false","false","false","1","1","1","0.25","1","0","0","0","100","0","75","0","10","2.5","2","60","1.6","0.4","20.5","6.7","16","8.21","365","14","1","0","0","299","299","243","2725","199","704","1036","83928","1408","773","false","514627","185","332","891","32182","34816","20017"
"19","0.1","1","false","false","false","true","false","false","false","1","1","1","0.25","1","0","0","0","100","0","75","0","10","2.5","2","60","1.6","0.4","20.5","6.7","16","8.21","365","14","1","0","0","299","299","244","2691","183","678","1007","84032","1409","753","false","514641","185","333","891","32198","34837","20027"
"19","0.1","1","false","false","false","true","false","false","false","1","1","1","0.25","1","0","0","0","100","0","75","0","10","2.5","2","60","1.6","0.4","20.5","6.7","16","8.21","365","14","1","0","0","299","299","245","2652","185","659","957","84138","1409","746","false","514843","185","333","891","32208","34855","20038"
"19","0.1","1","false","false","false","true","false","false","false","1","1","1","0.25","1","0","0","0","100","0","75","0","10","2.5","2","60","1.6","0.4","20.5","6.7","16","8.21","365","14","1","0","0","299","299","246","2609","179","646","926","84231","1409","710","false","514910","185","333","891","32223","34882","20047"
"19","0.1","1","false","false","false","true","false","false","false","1","1","1","0.25","1","0","0","0","100","0","75","0","10","2.5","2","60","1.6","0.4","20.5","6.7","16","8.21","365","14","1","0","0","299","299","247","2574","183","628","899","84307","1409","702","false","515237","185","333","891","32233","34900","20053"
"19","0.1","1","false","false","false","true","false","false","false","1","1","1","0.25","1","0","0","0","100","0","75","0","10","2.5","2","60","1.6","0.4","20.5","6.7","16","8.21","365","14","1","0","0","299","299","248","2524","186","603","876","84400","1411","697","false","515375","187","333","891","32252","34921","20066"
"19","0.1","1","false","false","false","true","false","false","false","1","1","1","0.25","1","0","0","0","100","0","75","0","10","2.5","2","60","1.6","0.4","20.5","6.7","16","8.21","365","14","1","0","0","299","299","249","2487","183","579","837","84500","1414","681","false","515436","188","333","893","32274","34942","20075"
"19","0.1","1","false","false","false","true","false","false","false","1","1","1","0.25","1","0","0","0","100","0","75","0","10","2.5","2","60","1.6","0.4","20.5","6.7","16","8.21","365","14","1","0","0","299","299","250","2443","187","563","808","84584","1415","685","false","515566","188","333","894","32285","34959","20086"
"19","0.1","1","false","false","false","true","false","false","false","1","1","1","0.25","1","0","0","0","100","0","75","0","10","2.5","2","60","1.6","0.4","20.5","6.7","16","8.21","365","14","1","0","0","299","299","251","2415","180","546","780","84663","1416","649","false","515557","188","334","894","32301","34967","20091"
"19","0.1","1","false","false","false","true","false","false","false","1","1","1","0.25","1","0","0","0","100","0","75","0","10","2.5","2","60","1.6","0.4","20.5","6.7","16","8.21","365","14","1","0","0","299","299","252","2382","169","523","754","84754","1418","606","false","515854","188","335","895","32322","34981","20098"
"19","0.1","1","false","false","false","true","false","false","false","1","1","1","0.25","1","0","0","0","100","0","75","0","10","2.5","2","60","1.6","0.4","20.5","6.7","16","8.21","365","14","1","0","0","299","299","253","2347","167","508","733","84826","1419","602","false","516188","188","335","896","32337","34994","20107"
"19","0.1","1","false","false","false","true","false","false","false","1","1","1","0.25","1","0","0","0","100","0","75","0","10","2.5","2","60","1.6","0.4","20.5","6.7","16","8.21","365","14","1","0","0","299","299","254","2316","160","494","723","84887","1420","591","false","516200","188","336","896","32351","35009","20115"
"19","0.1","1","false","false","false","true","false","false","false","1","1","1","0.25","1","0","0","0","100","0","75","0","10","2.5","2","60","1.6","0.4","20.5","6.7","16","8.21","365","14","1","0","0","299","299","255","2285","146","482","724","84943","1420","562","false","516294","188","336","896","32365","35029","20124"
"19","0.1","1","false","false","false","true","false","false","false","1","1","1","0.25","1","0","0","0","100","0","75","0","10","2.5","2","60","1.6","0.4","20.5","6.7","16","8.21","365","14","1","0","0","299","299","256","2239","155","469","717","84998","1422","553","false","516550","189","336","897","32379","35042","20133"
"19","0.1","1","false","false","false","true","false","false","false","1","1","1","0.25","1","0","0","0","100","0","75","0","10","2.5","2","60","1.6","0.4","20.5","6.7","16","8.21","365","14","1","0","0","299","299","257","2203","157","455","688","85074","1423","534","false","516643","189","337","897","32389","35058","20147"
"19","0.1","1","false","false","false","true","false","false","false","1","1","1","0.25","1","0","0","0","100","0","75","0","10","2.5","2","60","1.6","0.4","20.5","6.7","16","8.21","365","14","1","0","0","299","299","258","2172","158","449","660","85137","1424","533","false","516801","189","337","898","32401","35076","20162"
"19","0.1","1","false","false","false","true","false","false","false","1","1","1","0.25","1","0","0","0","100","0","75","0","10","2.5","2","60","1.6","0.4","20.5","6.7","16","8.21","365","14","1","0","0","299","299","259","2137","158","435","654","85191","1425","532","false","516772","189","338","898","32415","35092","20168"
"19","0.1","1","false","false","false","true","false","false","false","1","1","1","0.25","1","0","0","0","100","0","75","0","10","2.5","2","60","1.6","0.4","20.5","6.7","16","8.21","365","14","1","0","0","299","299","260","2115","136","410","660","85250","1429","515","false","516805","190","339","900","32424","35107","20177"
"19","0.1","1","false","false","false","true","false","false","false","1","1","1","0.25","1","0","0","0","100","0","75","0","10","2.5","2","60","1.6","0.4","20.5","6.7","16","8.21","365","14","1","0","0","299","299","261","2086","129","397","644","85313","1431","488","false","516948","190","340","901","32438","35119","20182"
"19","0.1","1","false","false","false","true","false","false","false","1","1","1","0.25","1","0","0","0","100","0","75","0","10","2.5","2","60","1.6","0.4","20.5","6.7","16","8.21","365","14","1","0","0","299","299","262","2053","135","376","627","85377","1432","496","false","517181","190","341","901","32448","35129","20190"
"19","0.1","1","false","false","false","true","false","false","false","1","1","1","0.25","1","0","0","0","100","0","75","0","10","2.5","2","60","1.6","0.4","20.5","6.7","16","8.21","365","14","1","0","0","299","299","263","2025","137","372","614","85419","1433","493","false","517093","190","341","902","32461","35144","20194"
"19","0.1","1","false","false","false","true","false","false","false","1","1","1","0.25","1","0","0","0","100","0","75","0","10","2.5","2","60","1.6","0.4","20.5","6.7","16","8.21","365","14","1","0","0","299","299","264","1993","148","368","580","85476","1435","505","false","517170","190","342","903","32476","35153","20200"
"19","0.1","1","false","false","false","true","false","false","false","1","1","1","0.25","1","0","0","0","100","0","75","0","10","2.5","2","60","1.6","0.4","20.5","6.7","16","8.21","365","14","1","0","0","299","299","265","1962","138","353","580","85532","1435","497","false","517102","190","342","903","32487","35168","20207"
"19","0.1","1","false","false","false","true","false","false","false","1","1","1","0.25","1","0","0","0","100","0","75","0","10","2.5","2","60","1.6","0.4","20.5","6.7","16","8.21","365","14","1","0","0","299","299","266","1940","131","346","554","85594","1435","483","false","517160","190","342","903","32492","35189","20214"
"19","0.1","1","false","false","false","true","false","false","false","1","1","1","0.25","1","0","0","0","100","0","75","0","10","2.5","2","60","1.6","0.4","20.5","6.7","16","8.21","365","14","1","0","0","299","299","267","1917","127","334","533","85653","1436","479","false","517308","190","342","904","32506","35197","20223"
"19","0.1","1","false","false","false","true","false","false","false","1","1","1","0.25","1","0","0","0","100","0","75","0","10","2.5","2","60","1.6","0.4","20.5","6.7","16","8.21","365","14","1","0","0","299","299","268","1890","110","324","523","85717","1436","468","false","517319","190","342","904","32516","35213","20230"
"19","0.1","1","false","false","false","true","false","false","false","1","1","1","0.25","1","0","0","0","100","0","75","0","10","2.5","2","60","1.6","0.4","20.5","6.7","16","8.21","365","14","1","0","0","299","299","269","1857","105","312","532","85756","1438","475","false","517372","190","343","905","32534","35224","20236"
"19","0.1","1","false","false","false","true","false","false","false","1","1","1","0.25","1","0","0","0","100","0","75","0","10","2.5","2","60","1.6","0.4","20.5","6.7","16","8.21","365","14","1","0","0","299","299","270","1839","95","311","521","85796","1438","500","false","517307","190","343","905","32545","35238","20244"
"19","0.1","1","false","false","false","true","false","false","false","1","1","1","0.25","1","0","0","0","100","0","75","0","10","2.5","2","60","1.6","0.4","20.5","6.7","16","8.21","365","14","1","0","0","299","299","271","1811","101","302","503","85844","1439","496","false","517158","190","344","905","32551","35248","20255"
"19","0.1","1","false","false","false","true","false","false","false","1","1","1","0.25","1","0","0","0","100","0","75","0","10","2.5","2","60","1.6","0.4","20.5","6.7","16","8.21","365","14","1","0","0","299","299","272","1783","105","306","474","85893","1439","501","false","517162","190","344","905","32562","35263","20261"
"19","0.1","1","false","false","false","true","false","false","false","1","1","1","0.25","1","0","0","0","100","0","75","0","10","2.5","2","60","1.6","0.4","20.5","6.7","16","8.21","365","14","1","0","0","299","299","273","1761","107","301","466","85926","1439","503","false","517206","190","344","905","32570","35271","20264"
"19","0.1","1","false","false","false","true","false","false","false","1","1","1","0.25","1","0","0","0","100","0","75","0","10","2.5","2","60","1.6","0.4","20.5","6.7","16","8.21","365","14","1","0","0","299","299","274","1743","100","286","466","85964","1441","499","false","517204","190","344","907","32575","35279","20270"
"19","0.1","1","false","false","false","true","false","false","false","1","1","1","0.25","1","0","0","0","100","0","75","0","10","2.5","2","60","1.6","0.4","20.5","6.7","16","8.21","365","14","1","0","0","299","299","275","1721","101","285","449","86003","1441","493","false","517211","190","344","907","32587","35288","20278"
"19","0.1","1","false","false","false","true","false","false","false","1","1","1","0.25","1","0","0","0","100","0","75","0","10","2.5","2","60","1.6","0.4","20.5","6.7","16","8.21","365","14","1","0","0","299","299","276","1707","91","278","438","86044","1442","474","false","517221","191","344","907","32598","35296","20282"
"19","0.1","1","false","false","false","true","false","false","false","1","1","1","0.25","1","0","0","0","100","0","75","0","10","2.5","2","60","1.6","0.4","20.5","6.7","16","8.21","365","14","1","0","0","299","299","277","1692","83","273","431","86079","1442","448","false","517339","191","344","907","32604","35309","20287"
"19","0.1","1","false","false","false","true","false","false","false","1","1","1","0.25","1","0","0","0","100","0","75","0","10","2.5","2","60","1.6","0.4","20.5","6.7","16","8.21","365","14","1","0","0","299","299","278","1666","89","273","417","86112","1443","454","false","517526","191","345","907","32613","35321","20290"
"19","0.1","1","false","false","false","true","false","false","false","1","1","1","0.25","1","0","0","0","100","0","75","0","10","2.5","2","60","1.6","0.4","20.5","6.7","16","8.21","365","14","1","0","0","299","299","279","1642","88","259","425","86143","1443","441","false","517505","191","345","907","32621","35329","20291"
"19","0.1","1","false","false","false","true","false","false","false","1","1","1","0.25","1","0","0","0","100","0","75","0","10","2.5","2","60","1.6","0.4","20.5","6.7","16","8.21","365","14","1","0","0","299","299","280","1623","84","257","415","86178","1443","435","false","517604","191","345","907","32629","35337","20299"
"19","0.1","1","false","false","false","true","false","false","false","1","1","1","0.25","1","0","0","0","100","0","75","0","10","2.5","2","60","1.6","0.4","20.5","6.7","16","8.21","365","14","1","0","0","299","299","281","1600","93","256","399","86207","1445","425","false","517683","191","346","908","32643","35340","20301"
"19","0.1","1","false","false","false","true","false","false","false","1","1","1","0.25","1","0","0","0","100","0","75","0","10","2.5","2","60","1.6","0.4","20.5","6.7","16","8.21","365","14","1","0","0","299","299","282","1581","94","248","384","86248","1445","432","false","517716","191","346","908","32649","35349","20305"
"19","0.1","1","false","false","false","true","false","false","false","1","1","1","0.25","1","0","0","0","100","0","75","0","10","2.5","2","60","1.6","0.4","20.5","6.7","16","8.21","365","14","1","0","0","299","299","283","1561","89","244","375","86286","1445","409","false","517675","191","346","908","32653","35360","20313"
"19","0.1","1","false","false","false","true","false","false","false","1","1","1","0.25","1","0","0","0","100","0","75","0","10","2.5","2","60","1.6","0.4","20.5","6.7","16","8.21","365","14","1","0","0","299","299","284","1530","102","239","359","86324","1446","392","false","517840","191","346","909","32660","35368","20317"
"19","0.1","1","false","false","false","true","false","false","false","1","1","1","0.25","1","0","0","0","100","0","75","0","10","2.5","2","60","1.6","0.4","20.5","6.7","16","8.21","365","14","1","0","0","299","299","285","1501","112","228","358","86355","1446","376","false","517938","191","346","909","32665","35374","20319"
"19","0.1","1","false","false","false","true","false","false","false","1","1","1","0.25","1","0","0","0","100","0","75","0","10","2.5","2","60","1.6","0.4","20.5","6.7","16","8.21","365","14","1","0","0","299","299","286","1480","114","220","360","86380","1446","334","false","518054","191","346","909","32675","35381","20322"
"19","0.1","1","false","false","false","true","false","false","false","1","1","1","0.25","1","0","0","0","100","0","75","0","10","2.5","2","60","1.6","0.4","20.5","6.7","16","8.21","365","14","1","0","0","299","299","287","1451","109","222","365","86407","1446","312","false","518407","191","346","909","32687","35400","20329"
"19","0.1","1","false","false","false","true","false","false","false","1","1","1","0.25","1","0","0","0","100","0","75","0","10","2.5","2","60","1.6","0.4","20.5","6.7","16","8.21","365","14","1","0","0","299","299","288","1427","112","209","366","86440","1446","281","false","518554","191","346","909","32695","35405","20336"
"19","0.1","1","false","false","false","true","false","false","false","1","1","1","0.25","1","0","0","0","100","0","75","0","10","2.5","2","60","1.6","0.4","20.5","6.7","16","8.21","365","14","1","0","0","299","299","289","1401","105","210","367","86470","1447","252","false","518798","191","346","910","32708","35412","20344"
"19","0.1","1","false","false","false","true","false","false","false","1","1","1","0.25","1","0","0","0","100","0","75","0","10","2.5","2","60","1.6","0.4","20.5","6.7","16","8.21","365","14","1","0","0","299","299","290","1369","120","199","351","86513","1448","232","false","519017","191","346","911","32718","35419","20348"
"19","0.1","1","false","false","false","true","false","false","false","1","1","1","0.25","1","0","0","0","100","0","75","0","10","2.5","2","60","1.6","0.4","20.5","6.7","16","8.21","365","14","1","0","0","299","299","291","1342","107","199","367","86536","1449","208","false","519184","192","346","911","32730","35431","20357"
"19","0.1","1","false","false","false","true","false","false","false","1","1","1","0.25","1","0","0","0","100","0","75","0","10","2.5","2","60","1.6","0.4","20.5","6.7","16","8.21","365","14","1","0","0","299","299","292","1310","120","202","355","86564","1449","176","false","519387","192","346","911","32740","35438","20362"
"19","0.1","1","false","false","false","true","false","false","false","1","1","1","0.25","1","0","0","0","100","0","75","0","10","2.5","2","60","1.6","0.4","20.5","6.7","16","8.21","365","14","1","0","0","299","299","293","1268","130","193","360","86600","1449","144","false","519697","192","346","911","32751","35448","20369"
"19","0.1","1","false","false","false","true","false","false","false","1","1","1","0.25","1","0","0","0","100","0","75","0","10","2.5","2","60","1.6","0.4","20.5","6.7","16","8.21","365","14","1","0","0","299","299","294","1224","145","194","370","86615","1452","113","false","519997","192","346","914","32759","35460","20377"
"19","0.1","1","false","false","false","true","false","false","false","1","1","1","0.25","1","0","0","0","100","0","75","0","10","2.5","2","60","1.6","0.4","20.5","6.7","16","8.21","365","14","1","0","0","299","299","295","1188","152","198","369","86641","1452","81","false","520264","192","346","914","32766","35473","20385"
"19","0.1","1","false","false","false","true","false","false","false","1","1","1","0.25","1","0","0","0","100","0","75","0","10","2.5","2","60","1.6","0.4","20.5","6.7","16","8.21","365","14","1","0","0","299","299","296","1147","164","198","377","86662","1452","52","false","520578","192","346","914","32781","35485","20387"
"19","0.1","1","false","false","false","true","false","false","false","1","1","1","0.25","1","0","0","0","100","0","75","0","10","2.5","2","60","1.6","0.4","20.5","6.7","16","8.21","365","14","1","0","0","299","299","297","1106","159","199","391","86693","1452","30","false","520891","192","346","914","32791","35503","20398"
"19","0.1","1","false","false","false","true","false","false","false","1","1","1","0.25","1","0","0","0","100","0","75","0","10","2.5","2","60","1.6","0.4","20.5","6.7","16","8.21","365","14","1","0","0","299","299","298","1068","167","196","397","86720","1452","10","false","521122","192","346","914","32806","35513","20405"
"19","0.1","1","false","false","false","true","false","false","false","1","1","1","0.25","1","0","0","0","100","0","75","0","10","2.5","2","60","1.6","0.4","20.5","6.7","16","8.21","365","14","1","0","0","299","299","299","1032","163","204","410","86739","1452","0","false","521330","192","346","914","32819","35526","20418"
"19","0.1","1","false","false","false","true","false","false","false","1","1","1","0.25","1","0","0","0","100","0","75","0","10","2.5","2","60","1.6","0.4","20.5","6.7","16","8.21","365","14","1","0","0","299","299","300","998","156","212","420","86762","1452","0","false","521450","192","346","914","32832","35542","20431"
"19","0.1","1","false","false","false","true","false","false","false","1","1","1","0.25","1","0","0","0","100","0","75","0","10","2.5","2","60","1.6","0.4","20.5","6.7","16","8.21","365","14","1","0","0","299","299","301","960","150","229","430","86779","1452","234","false","521450","192","346","914","32840","35566","20449"
"19","0.1","1","false","false","false","true","false","false","false","1","1","1","0.25","1","0","0","0","100","0","75","0","10","2.5","2","60","1.6","0.4","20.5","6.7","16","8.21","365","14","1","0","0","299","299","302","930","137","229","449","86801","1454","281","false","519169","193","346","915","32855","35579","20461"
"19","0.1","1","false","false","false","true","false","false","false","1","1","1","0.25","1","0","0","0","100","0","75","0","10","2.5","2","60","1.6","0.4","20.5","6.7","16","8.21","365","14","1","0","0","299","299","303","915","119","236","452","86824","1454","322","false","518744","193","346","915","32870","35590","20469"
"19","0.1","1","false","false","false","true","false","false","false","1","1","1","0.25","1","0","0","0","100","0","75","0","10","2.5","2","60","1.6","0.4","20.5","6.7","16","8.21","365","14","1","0","0","299","299","304","902","93","238","471","86842","1454","352","false","518395","193","346","915","32887","35602","20475"
"19","0.1","1","false","false","false","true","false","false","false","1","1","1","0.25","1","0","0","0","100","0","75","0","10","2.5","2","60","1.6","0.4","20.5","6.7","16","8.21","365","14","1","0","0","299","299","305","879","89","249","470","86857","1456","401","false","518151","194","346","916","32898","35615","20481"
"19","0.1","1","false","false","false","true","false","false","false","1","1","1","0.25","1","0","0","0","100","0","75","0","10","2.5","2","60","1.6","0.4","20.5","6.7","16","8.21","365","14","1","0","0","299","299","306","862","87","252","463","86879","1457","407","false","517760","194","346","917","32906","35624","20489"
"19","0.1","1","false","false","false","true","false","false","false","1","1","1","0.25","1","0","0","0","100","0","75","0","10","2.5","2","60","1.6","0.4","20.5","6.7","16","8.21","365","14","1","0","0","299","299","307","848","72","259","458","86906","1457","418","false","517721","194","346","917","32924","35630","20498"
"19","0.1","1","false","false","false","true","false","false","false","1","1","1","0.25","1","0","0","0","100","0","75","0","10","2.5","2","60","1.6","0.4","20.5","6.7","16","8.21","365","14","1","0","0","299","299","308","838","63","256","452","86933","1458","417","false","517644","195","346","917","32934","35638","20501"
"19","0.1","1","false","false","false","true","false","false","false","1","1","1","0.25","1","0","0","0","100","0","75","0","10","2.5","2","60","1.6","0.4","20.5","6.7","16","8.21","365","14","1","0","0","299","299","309","824","63","256","441","86958","1458","447","false","517610","195","346","917","32940","35645","20505"
"19","0.1","1","false","false","false","true","false","false","false","1","1","1","0.25","1","0","0","0","100","0","75","0","10","2.5","2","60","1.6","0.4","20.5","6.7","16","8.21","365","14","1","0","0","299","299","310","809","65","255","433","86979","1459","468","false","517389","196","346","917","32945","35649","20512"
"19","0.1","1","false","false","false","true","false","false","false","1","1","1","0.25","1","0","0","0","100","0","75","0","10","2.5","2","60","1.6","0.4","20.5","6.7","16","8.21","365","14","1","0","0","299","299","311","798","57","253","423","87009","1460","475","false","517240","196","346","918","32952","35657","20518"
"19","0.1","1","false","false","false","true","false","false","false","1","1","1","0.25","1","0","0","0","100","0","75","0","10","2.5","2","60","1.6","0.4","20.5","6.7","16","8.21","365","14","1","0","0","299","299","312","791","49","251","410","87038","1461","502","false","517190","196","347","918","32959","35664","20520"
"19","0.1","1","false","false","false","true","false","false","false","1","1","1","0.25","1","0","0","0","100","0","75","0","10","2.5","2","60","1.6","0.4","20.5","6.7","16","8.21","365","14","1","0","0","299","299","313","783","44","246","403","87062","1462","482","false","516995","196","347","919","32966","35668","20521"
"19","0.1","1","false","false","false","true","false","false","false","1","1","1","0.25","1","0","0","0","100","0","75","0","10","2.5","2","60","1.6","0.4","20.5","6.7","16","8.21","365","14","1","0","0","299","299","314","772","38","243","393","87092","1462","457","false","517119","196","347","919","32970","35676","20525"
"19","0.1","1","false","false","false","true","false","false","false","1","1","1","0.25","1","0","0","0","100","0","75","0","10","2.5","2","60","1.6","0.4","20.5","6.7","16","8.21","365","14","1","0","0","299","299","315","767","37","243","376","87115","1462","380","false","517376","196","347","919","32970","35680","20528"
"19","0.1","1","false","false","false","true","false","false","false","1","1","1","0.25","1","0","0","0","100","0","75","0","10","2.5","2","60","1.6","0.4","20.5","6.7","16","8.21","365","14","1","0","0","299","299","316","753","42","237","361","87145","1462","371","false","518086","196","347","919","32973","35685","20533"
"19","0.1","1","false","false","false","true","false","false","false","1","1","1","0.25","1","0","0","0","100","0","75","0","10","2.5","2","60","1.6","0.4","20.5","6.7","16","8.21","365","14","1","0","0","299","299","317","736","48","226","336","87192","1462","348","false","518188","196","347","919","32978","35688","20537"
"19","0.1","1","false","false","false","true","false","false","false","1","1","1","0.25","1","0","0","0","100","0","75","0","10","2.5","2","60","1.6","0.4","20.5","6.7","16","8.21","365","14","1","0","0","299","299","318","714","58","221","327","87217","1463","308","false","518376","196","347","920","32983","35692","20537"
"19","0.1","1","false","false","false","true","false","false","false","1","1","1","0.25","1","0","0","0","100","0","75","0","10","2.5","2","60","1.6","0.4","20.5","6.7","16","8.21","365","14","1","0","0","299","299","319","694","72","214","310","87247","1463","284","false","518658","196","347","920","32987","35695","20537"
"19","0.1","1","false","false","false","true","false","false","false","1","1","1","0.25","1","0","0","0","100","0","75","0","10","2.5","2","60","1.6","0.4","20.5","6.7","16","8.21","365","14","1","0","0","299","299","320","675","78","207","298","87278","1464","262","false","518846","196","347","921","32990","35703","20537"
"19","0.1","1","false","false","false","true","false","false","false","1","1","1","0.25","1","0","0","0","100","0","75","0","10","2.5","2","60","1.6","0.4","20.5","6.7","16","8.21","365","14","1","0","0","299","299","321","658","69","204","298","87304","1467","225","false","518989","196","347","924","33000","35711","20542"
"19","0.1","1","false","false","false","true","false","false","false","1","1","1","0.25","1","0","0","0","100","0","75","0","10","2.5","2","60","1.6","0.4","20.5","6.7","16","8.21","365","14","1","0","0","299","299","322","630","78","196","291","87337","1468","195","false","519238","196","347","925","33005","35718","20545"
"19","0.1","1","false","false","false","true","false","false","false","1","1","1","0.25","1","0","0","0","100","0","75","0","10","2.5","2","60","1.6","0.4","20.5","6.7","16","8.21","365","14","1","0","0","299","299","323","603","84","191","287","87366","1469","174","false","519484","197","347","925","33014","35728","20549"
"19","0.1","1","false","false","false","true","false","false","false","1","1","1","0.25","1","0","0","0","100","0","75","0","10","2.5","2","60","1.6","0.4","20.5","6.7","16","8.21","365","14","1","0","0","299","299","324","580","89","184","279","87399","1469","146","false","519641","197","347","925","33021","35732","20555"
"19","0.1","1","false","false","false","true","false","false","false","1","1","1","0.25","1","0","0","0","100","0","75","0","10","2.5","2","60","1.6","0.4","20.5","6.7","16","8.21","365","14","1","0","0","299","299","325","552","100","176","273","87430","1469","121","false","519882","197","347","925","33029","35739","20562"
"19","0.1","1","false","false","false","true","false","false","false","1","1","1","0.25","1","0","0","0","100","0","75","0","10","2.5","2","60","1.6","0.4","20.5","6.7","16","8.21","365","14","1","0","0","299","299","326","529","105","169","255","87473","1469","92","false","520075","197","347","925","33037","35748","20563"
"19","0.1","1","false","false","false","true","false","false","false","1","1","1","0.25","1","0","0","0","100","0","75","0","10","2.5","2","60","1.6","0.4","20.5","6.7","16","8.21","365","14","1","0","0","299","299","327","504","110","155","255","87505","1471","70","false","520311","198","347","926","33042","35755","20567"
"19","0.1","1","false","false","false","true","false","false","false","1","1","1","0.25","1","0","0","0","100","0","75","0","10","2.5","2","60","1.6","0.4","20.5","6.7","16","8.21","365","14","1","0","0","299","299","328","484","107","149","264","87525","1471","42","false","520489","198","347","926","33052","35763","20569"
"19","0.1","1","false","false","false","true","false","false","false","1","1","1","0.25","1","0","0","0","100","0","75","0","10","2.5","2","60","1.6","0.4","20.5","6.7","16","8.21","365","14","1","0","0","299","299","329","442","125","150","261","87551","1471","24","false","520775","198","347","926","33060","35770","20575"
"19","0.1","1","false","false","false","true","false","false","false","1","1","1","0.25","1","0","0","0","100","0","75","0","10","2.5","2","60","1.6","0.4","20.5","6.7","16","8.21","365","14","1","0","0","299","299","330","410","135","148","264","87570","1473","8","false","520956","198","347","928","33069","35776","20580"
"19","0.1","1","false","false","false","true","false","false","false","1","1","1","0.25","1","0","0","0","100","0","75","0","10","2.5","2","60","1.6","0.4","20.5","6.7","16","8.21","365","14","1","0","0","299","299","331","376","139","143","277","87591","1474","0","false","521107","198","347","929","33078","35789","20585"
"19","0.1","1","false","false","false","true","false","false","false","1","1","1","0.25","1","0","0","0","100","0","75","0","10","2.5","2","60","1.6","0.4","20.5","6.7","16","8.21","365","14","1","0","0","299","299","332","349","139","149","274","87615","1474","0","false","521189","198","347","929","33087","35800","20593"
"19","0.1","1","false","false","false","true","false","false","false","1","1","1","0.25","1","0","0","0","100","0","75","0","10","2.5","2","60","1.6","0.4","20.5","6.7","16","8.21","365","14","1","0","0","299","299","333","328","127","153","290","87627","1475","0","false","521189","198","348","929","33093","35814","20604"
"19","0.1","1","false","false","false","true","false","false","false","1","1","1","0.25","1","0","0","0","100","0","75","0","10","2.5","2","60","1.6","0.4","20.5","6.7","16","8.21","365","14","1","0","0","299","299","334","307","117","152","300","87648","1476","0","false","521177","199","348","929","33101","35821","20613"
"19","0.1","1","false","false","false","true","false","false","false","1","1","1","0.25","1","0","0","0","100","0","75","0","10","2.5","2","60","1.6","0.4","20.5","6.7","16","8.21","365","14","1","0","0","299","299","335","282","114","166","305","87657","1476","0","false","521166","199","348","929","33114","35830","20624"
"19","0.1","1","false","false","false","true","false","false","false","1","1","1","0.25","1","0","0","0","100","0","75","0","10","2.5","2","60","1.6","0.4","20.5","6.7","16","8.21","365","14","1","0","0","299","299","336","264","107","174","310","87669","1476","0","false","521166","199","348","929","33127","35836","20631"
"19","0.1","1","false","false","false","true","false","false","false","1","1","1","0.25","1","0","0","0","100","0","75","0","10","2.5","2","60","1.6","0.4","20.5","6.7","16","8.21","365","14","1","0","0","299","299","337","250","94","180","311","87689","1476","0","false","521166","199","348","929","33138","35848","20639"
"19","0.1","1","false","false","false","true","false","false","false","1","1","1","0.25","1","0","0","0","100","0","75","0","10","2.5","2","60","1.6","0.4","20.5","6.7","16","8.21","365","14","1","0","0","299","299","338","236","78","182","316","87712","1476","0","false","521166","199","348","929","33148","35863","20642"
"19","0.1","1","false","false","false","true","false","false","false","1","1","1","0.25","1","0","0","0","100","0","75","0","10","2.5","2","60","1.6","0.4","20.5","6.7","16","8.21","365","14","1","0","0","299","299","339","218","73","187","317","87729","1476","0","false","521166","199","348","929","33156","35872","20651"
"19","0.1","1","false","false","false","true","false","false","false","1","1","1","0.25","1","0","0","0","100","0","75","0","10","2.5","2","60","1.6","0.4","20.5","6.7","16","8.21","365","14","1","0","0","299","299","340","209","68","190","312","87744","1477","0","false","521166","199","348","930","33166","35881","20654"
"19","0.1","1","false","false","false","true","false","false","false","1","1","1","0.25","1","0","0","0","100","0","75","0","10","2.5","2","60","1.6","0.4","20.5","6.7","16","8.21","365","14","1","0","0","299","299","341","194","61","195","317","87756","1477","0","false","521154","199","348","930","33172","35891","20658"
"19","0.1","1","false","false","false","true","false","false","false","1","1","1","0.25","1","0","0","0","100","0","75","0","10","2.5","2","60","1.6","0.4","20.5","6.7","16","8.21","365","14","1","0","0","299","299","342","182","59","197","313","87771","1478","0","false","521154","199","348","931","33178","35901","20659"
"19","0.1","1","false","false","false","true","false","false","false","1","1","1","0.25","1","0","0","0","100","0","75","0","10","2.5","2","60","1.6","0.4","20.5","6.7","16","8.21","365","14","1","0","0","299","299","343","170","57","197","309","87788","1479","0","false","521142","200","348","931","33184","35907","20660"
"19","0.1","1","false","false","false","true","false","false","false","1","1","1","0.25","1","0","0","0","100","0","75","0","10","2.5","2","60","1.6","0.4","20.5","6.7","16","8.21","365","14","1","0","0","299","299","344","160","51","194","306","87810","1479","0","false","521130","200","348","931","33190","35915","20662"
"19","0.1","1","false","false","false","true","false","false","false","1","1","1","0.25","1","0","0","0","100","0","75","0","10","2.5","2","60","1.6","0.4","20.5","6.7","16","8.21","365","14","1","0","0","299","299","345","147","50","194","297","87833","1479","0","false","521130","200","348","931","33195","35919","20668"
"19","0.1","1","false","false","false","true","false","false","false","1","1","1","0.25","1","0","0","0","100","0","75","0","10","2.5","2","60","1.6","0.4","20.5","6.7","16","8.21","365","14","1","0","0","299","299","346","137","51","190","291","87852","1479","0","false","521130","200","348","931","33195","35923","20672"
"19","0.1","1","false","false","false","true","false","false","false","1","1","1","0.25","1","0","0","0","100","0","75","0","10","2.5","2","60","1.6","0.4","20.5","6.7","16","8.21","365","14","1","0","0","299","299","347","130","45","193","284","87869","1479","0","false","521130","200","348","931","33204","35927","20679"
"19","0.1","1","false","false","false","true","false","false","false","1","1","1","0.25","1","0","0","0","100","0","75","0","10","2.5","2","60","1.6","0.4","20.5","6.7","16","8.21","365","14","1","0","0","299","299","348","120","44","192","269","87895","1480","0","false","521130","200","348","932","33212","35932","20681"
"19","0.1","1","false","false","false","true","false","false","false","1","1","1","0.25","1","0","0","0","100","0","75","0","10","2.5","2","60","1.6","0.4","20.5","6.7","16","8.21","365","14","1","0","0","299","299","349","113","47","190","258","87911","1481","0","false","521118","200","348","933","33214","35937","20683"
"19","0.1","1","false","false","false","true","false","false","false","1","1","1","0.25","1","0","0","0","100","0","75","0","10","2.5","2","60","1.6","0.4","20.5","6.7","16","8.21","365","14","1","0","0","299","299","350","104","39","186","264","87925","1482","0","false","521107","200","348","934","33223","35940","20687"
"19","0.1","1","false","false","false","true","false","false","false","1","1","1","0.25","1","0","0","0","100","0","75","0","10","2.5","2","60","1.6","0.4","20.5","6.7","16","8.21","365","14","1","0","0","299","299","351","101","32","180","261","87943","1483","0","false","521095","201","348","934","33226","35942","20690"
"19","0.1","1","false","false","false","true","false","false","false","1","1","1","0.25","1","0","0","0","100","0","75","0","10","2.5","2","60","1.6","0.4","20.5","6.7","16","8.21","365","14","1","0","0","299","299","352","93","32","174","254","87964","1483","0","false","521084","201","348","934","33228","35947","20691"
"19","0.1","1","false","false","false","true","false","false","false","1","1","1","0.25","1","0","0","0","100","0","75","0","10","2.5","2","60","1.6","0.4","20.5","6.7","16","8.21","365","14","1","0","0","299","299","353","91","25","161","243","87997","1483","0","false","521084","201","348","934","33232","35947","20696"
"19","0.1","1","false","false","false","true","false","false","false","1","1","1","0.25","1","0","0","0","100","0","75","0","10","2.5","2","60","1.6","0.4","20.5","6.7","16","8.21","365","14","1","0","0","299","299","354","88","22","147","230","88029","1484","0","false","521084","201","349","934","33235","35948","20696"
"19","0.1","1","false","false","false","true","false","false","false","1","1","1","0.25","1","0","0","0","100","0","75","0","10","2.5","2","60","1.6","0.4","20.5","6.7","16","8.21","365","14","1","0","0","299","299","355","87","17","150","210","88052","1484","0","false","521072","201","349","934","33240","35949","20698"
"19","0.1","1","false","false","false","true","false","false","false","1","1","1","0.25","1","0","0","0","100","0","75","0","10","2.5","2","60","1.6","0.4","20.5","6.7","16","8.21","365","14","1","0","0","299","299","356","85","16","146","192","88077","1484","0","false","521072","201","349","934","33242","35950","20701"
"19","0.1","1","false","false","false","true","false","false","false","1","1","1","0.25","1","0","0","0","100","0","75","0","10","2.5","2","60","1.6","0.4","20.5","6.7","16","8.21","365","14","1","0","0","299","299","357","78","20","137","179","88102","1484","0","false","521072","201","349","934","33244","35953","20702"
"19","0.1","1","false","false","false","true","false","false","false","1","1","1","0.25","1","0","0","0","100","0","75","0","10","2.5","2","60","1.6","0.4","20.5","6.7","16","8.21","365","14","1","0","0","299","299","358","73","20","127","173","88122","1485","0","false","521072","201","349","935","33248","35954","20702"
"19","0.1","1","false","false","false","true","false","false","false","1","1","1","0.25","1","0","0","0","100","0","75","0","10","2.5","2","60","1.6","0.4","20.5","6.7","16","8.21","365","14","1","0","0","299","299","359","69","16","122","164","88143","1486","0","false","521064","202","349","935","33252","35956","20703"
"19","0.1","1","false","false","false","true","false","false","false","1","1","1","0.25","1","0","0","0","100","0","75","0","10","2.5","2","60","1.6","0.4","20.5","6.7","16","8.21","365","14","1","0","0","299","299","360","67","16","115","157","88159","1486","0","false","521053","202","349","935","33253","35956","20703"
"19","0.1","1","false","false","false","true","false","false","false","1","1","1","0.25","1","0","0","0","100","0","75","0","10","2.5","2","60","1.6","0.4","20.5","6.7","16","8.21","365","14","1","0","0","299","299","361","61","19","109","147","88178","1486","0","false","521053","202","349","935","33253","35958","20704"
"19","0.1","1","false","false","false","true","false","false","false","1","1","1","0.25","1","0","0","0","100","0","75","0","10","2.5","2","60","1.6","0.4","20.5","6.7","16","8.21","365","14","1","0","0","299","299","362","58","17","98","144","88197","1486","0","false","521053","202","349","935","33256","35960","20706"
"19","0.1","1","false","false","false","true","false","false","false","1","1","1","0.25","1","0","0","0","100","0","75","0","10","2.5","2","60","1.6","0.4","20.5","6.7","16","8.21","365","14","1","0","0","299","299","363","54","20","96","136","88208","1486","0","false","521053","202","349","935","33257","35960","20707"
"19","0.1","1","false","false","false","true","false","false","false","1","1","1","0.25","1","0","0","0","100","0","75","0","10","2.5","2","60","1.6","0.4","20.5","6.7","16","8.21","365","14","1","0","0","299","299","364","53","17","92","134","88218","1486","0","false","521053","202","349","935","33257","35961","20710"
"19","0.1","1","false","false","false","true","false","false","false","1","1","1","0.25","1","0","0","0","100","0","75","0","10","2.5","2","60","1.6","0.4","20.5","6.7","16","8.21","365","14","1","0","0","299","299","365","50","13","84","131","88236","1486","0","false","521053","202","349","935","33259","35964","20711"
"20","0.1","1","false","false","false","true","false","false","false","1","1","1","0.25","1","0","0","0","100","0","75","0.1","10","2.5","2","60","1.6","0.4","20.5","6.7","16","8.21","365","14","1","0","0","299","299","0","89910","90","0","0","0","0","0","false","0","0","0","0","0","0","0"
"20","0.1","1","false","false","false","true","false","false","false","1","1","1","0.25","1","0","0","0","100","0","75","0.1","10","2.5","2","60","1.6","0.4","20.5","6.7","16","8.21","365","14","1","0","0","299","299","1","89910","83","0","7","0","0","0","false","538568","0","0","0","3","2","1"
"20","0.1","1","false","false","false","true","false","false","false","1","1","1","0.25","1","0","0","0","100","0","75","0.1","10","2.5","2","60","1.6","0.4","20.5","6.7","16","8.21","365","14","1","0","0","299","299","2","89904","74","0","22","0","0","0","false","538568","0","0","0","8","4","2"
"20","0.1","1","false","false","false","true","false","false","false","1","1","1","0.25","1","0","0","0","100","0","75","0.1","10","2.5","2","60","1.6","0.4","20.5","6.7","16","8.21","365","14","1","0","0","299","299","3","89886","67","0","47","0","0","0","false","538568","0","0","0","13","11","4"
"20","0.1","1","false","false","false","true","false","false","false","1","1","1","0.25","1","0","0","0","100","0","75","0.1","10","2.5","2","60","1.6","0.4","20.5","6.7","16","8.21","365","14","1","0","0","299","299","4","89830","106","0","64","0","0","0","false","538568","0","0","0","14","16","4"
"20","0.1","1","false","false","false","true","false","false","false","1","1","1","0.25","1","0","0","0","100","0","75","0.1","10","2.5","2","60","1.6","0.4","20.5","6.7","16","8.21","365","14","1","0","0","299","299","5","89769","152","4","75","0","0","0","false","538568","0","0","0","17","23","8"
"20","0.1","1","false","false","false","true","false","false","false","1","1","1","0.25","1","0","0","0","100","0","75","0.1","10","2.5","2","60","1.6","0.4","20.5","6.7","16","8.21","365","14","1","0","0","299","299","6","89701","192","22","85","0","0","0","false","538568","0","0","0","27","39","21"
"20","0.1","1","false","false","false","true","false","false","false","1","1","1","0.25","1","0","0","0","100","0","75","0.1","10","2.5","2","60","1.6","0.4","20.5","6.7","16","8.21","365","14","1","0","0","299","299","7","89607","256","32","105","0","0","0","false","538568","0","0","0","36","51","26"
"20","0.1","1","false","false","false","true","false","false","false","1","1","1","0.25","1","0","0","0","100","0","75","0.1","10","2.5","2","60","1.6","0.4","20.5","6.7","16","8.21","365","14","1","0","0","299","299","8","89506","308","34","152","0","0","0","false","538568","0","0","0","52","60","38"
"20","0.1","1","false","false","false","true","false","false","false","1","1","1","0.25","1","0","0","0","100","0","75","0.1","10","2.5","2","60","1.6","0.4","20.5","6.7","16","8.21","365","14","1","0","0","299","299","9","89378","381","43","198","0","0","0","false","538568","0","0","0","67","77","46"
"20","0.1","1","false","false","false","true","false","false","false","1","1","1","0.25","1","0","0","0","100","0","75","0.1","10","2.5","2","60","1.6","0.4","20.5","6.7","16","8.21","365","14","1","0","0","299","299","10","89232","445","58","265","0","0","0","false","538568","0","0","0","94","103","59"
"20","0.1","1","false","false","false","true","false","false","false","1","1","1","0.25","1","0","0","0","100","0","75","0.1","10","2.5","2","60","1.6","0.4","20.5","6.7","16","8.21","365","14","1","0","0","299","299","11","89068","519","76","337","0","0","0","false","538568","0","0","0","118","127","72"
"20","0.1","1","false","false","false","true","false","false","false","1","1","1","0.25","1","0","0","0","100","0","75","0.1","10","2.5","2","60","1.6","0.4","20.5","6.7","16","8.21","365","14","1","0","0","299","299","12","88890","590","97","423","0","0","0","false","538568","0","0","0","150","154","94"
"20","0.1","1","false","false","false","true","false","false","false","1","1","1","0.25","1","0","0","0","100","0","75","0.1","10","2.5","2","60","1.6","0.4","20.5","6.7","16","8.21","365","14","1","0","0","299","299","13","88683","690","130","497","0","0","0","false","538568","0","0","0","195","188","111"
"20","0.1","1","false","false","false","true","false","false","false","1","1","1","0.25","1","0","0","0","100","0","75","0.1","10","2.5","2","60","1.6","0.4","20.5","6.7","16","8.21","365","14","1","0","0","299","299","14","88458","776","168","597","0","1","0","false","538568","0","0","1","248","238","134"
"20","0.1","1","false","false","false","true","false","false","false","1","1","1","0.25","1","0","0","0","100","0","75","0.1","10","2.5","2","60","1.6","0.4","20.5","6.7","16","8.21","365","14","1","0","0","299","299","15","88197","847","221","733","0","2","0","false","538556","1","0","1","304","301","177"
"20","0.1","1","false","false","false","true","false","false","false","1","1","1","0.25","1","0","0","0","100","0","75","0.1","10","2.5","2","60","1.6","0.4","20.5","6.7","16","8.21","365","14","1","0","0","299","299","16","87914","945","263","876","0","2","197","false","538544","1","0","1","364","354","211"
"20","0.1","1","false","false","false","true","false","false","false","1","1","1","0.25","1","0","0","0","100","0","75","0.1","10","2.5","2","60","1.6","0.4","20.5","6.7","16","8.21","365","14","1","0","0","299","299","17","87657","1013","323","1003","2","2","660","false","536302","1","0","1","419","423","246"
"20","0.1","1","false","false","false","true","false","false","false","1","1","1","0.25","1","0","0","0","100","0","75","0.1","10","2.5","2","60","1.6","0.4","20.5","6.7","16","8.21","365","14","1","0","0","299","299","18","87424","1026","396","1150","2","2","1113","false","531830","1","0","1","487","520","292"
"20","0.1","1","false","false","false","true","false","false","false","1","1","1","0.25","1","0","0","0","100","0","75","0.1","10","2.5","2","60","1.6","0.4","20.5","6.7","16","8.21","365","14","1","0","0","299","299","19","87179","1042","483","1288","6","2","1609","false","527704","1","0","1","585","601","342"
"20","0.1","1","false","false","false","true","false","false","false","1","1","1","0.25","1","0","0","0","100","0","75","0.1","10","2.5","2","60","1.6","0.4","20.5","6.7","16","8.21","365","14","1","0","0","299","299","20","86945","992","554","1496","11","2","2031","false","523296","1","0","1","669","712","398"
"20","0.1","1","false","false","false","true","false","false","false","1","1","1","0.25","1","0","0","0","100","0","75","0.1","10","2.5","2","60","1.6","0.4","20.5","6.7","16","8.21","365","14","1","0","0","299","299","21","86694","1018","631","1630","23","4","2437","false","519679","1","0","3","756","790","453"
"20","0.1","1","false","false","false","true","false","false","false","1","1","1","0.25","1","0","0","0","100","0","75","0.1","10","2.5","2","60","1.6","0.4","20.5","6.7","16","8.21","365","14","1","0","0","299","299","22","86465","1016","721","1763","31","4","2891","false","516304","1","0","3","847","877","508"
"20","0.1","1","false","false","false","true","false","false","false","1","1","1","0.25","1","0","0","0","100","0","75","0.1","10","2.5","2","60","1.6","0.4","20.5","6.7","16","8.21","365","14","1","0","0","299","299","23","86240","992","812","1908","43","5","3364","false","512652","1","0","4","944","981","558"
"20","0.1","1","false","false","false","true","false","false","false","1","1","1","0.25","1","0","0","0","100","0","75","0.1","10","2.5","2","60","1.6","0.4","20.5","6.7","16","8.21","365","14","1","0","0","299","299","24","86023","967","900","2049","55","6","3756","false","508908","1","0","5","1035","1070","615"
"20","0.1","1","false","false","false","true","false","false","false","1","1","1","0.25","1","0","0","0","100","0","75","0.1","10","2.5","2","60","1.6","0.4","20.5","6.7","16","8.21","365","14","1","0","0","299","299","25","85807","947","993","2168","79","6","4235","false","505929","1","0","5","1131","1165","656"
"20","0.1","1","false","false","false","true","false","false","false","1","1","1","0.25","1","0","0","0","100","0","75","0.1","10","2.5","2","60","1.6","0.4","20.5","6.7","16","8.21","365","14","1","0","0","299","299","26","85635","898","1085","2275","101","6","4598","false","502261","1","0","5","1226","1246","710"
"20","0.1","1","false","false","false","true","false","false","false","1","1","1","0.25","1","0","0","0","100","0","75","0.1","10","2.5","2","60","1.6","0.4","20.5","6.7","16","8.21","365","14","1","0","0","299","299","27","85445","870","1173","2365","141","6","4965","false","499503","1","0","5","1304","1337","757"
"20","0.1","1","false","false","false","true","false","false","false","1","1","1","0.25","1","0","0","0","100","0","75","0.1","10","2.5","2","60","1.6","0.4","20.5","6.7","16","8.21","365","14","1","0","0","299","299","28","85276","809","1254","2464","190","7","5324","false","496584","1","1","5","1384","1433","818"
"20","0.1","1","false","false","false","true","false","false","false","1","1","1","0.25","1","0","0","0","100","0","75","0.1","10","2.5","2","60","1.6","0.4","20.5","6.7","16","8.21","365","14","1","0","0","299","299","29","85087","796","1336","2536","235","10","5522","false","493432","3","2","5","1458","1526","869"
"20","0.1","1","false","false","false","true","false","false","false","1","1","1","0.25","1","0","0","0","100","0","75","0.1","10","2.5","2","60","1.6","0.4","20.5","6.7","16","8.21","365","14","1","0","0","299","299","30","84872","825","1415","2585","290","13","5636","false","491364","3","3","7","1538","1611","912"
"20","0.1","1","false","false","false","true","false","false","false","1","1","1","0.25","1","0","0","0","100","0","75","0.1","10","2.5","2","60","1.6","0.4","20.5","6.7","16","8.21","365","14","1","0","0","299","299","31","84622","892","1477","2636","359","14","5661","false","489839","3","3","8","1613","1690","945"
"20","0.1","1","false","false","false","true","false","false","false","1","1","1","0.25","1","0","0","0","100","0","75","0.1","10","2.5","2","60","1.6","0.4","20.5","6.7","16","8.21","365","14","1","0","0","299","299","32","84355","957","1540","2691","442","15","5639","false","489075","3","3","9","1685","1781","999"
"20","0.1","1","false","false","false","true","false","false","false","1","1","1","0.25","1","0","0","0","100","0","75","0.1","10","2.5","2","60","1.6","0.4","20.5","6.7","16","8.21","365","14","1","0","0","299","299","33","84054","1040","1575","2781","533","17","5703","false","488796","3","3","11","1759","1861","1050"
"20","0.1","1","false","false","false","true","false","false","false","1","1","1","0.25","1","0","0","0","100","0","75","0.1","10","2.5","2","60","1.6","0.4","20.5","6.7","16","8.21","365","14","1","0","0","299","299","34","83730","1152","1613","2841","645","19","5834","false","487786","4","4","11","1836","1943","1094"
"20","0.1","1","false","false","false","true","false","false","false","1","1","1","0.25","1","0","0","0","100","0","75","0.1","10","2.5","2","60","1.6","0.4","20.5","6.7","16","8.21","365","14","1","0","0","299","299","35","83371","1247","1658","2941","763","20","5981","false","486296","4","4","12","1937","2041","1139"
"20","0.1","1","false","false","false","true","false","false","false","1","1","1","0.25","1","0","0","0","100","0","75","0.1","10","2.5","2","60","1.6","0.4","20.5","6.7","16","8.21","365","14","1","0","0","299","299","36","83000","1348","1702","3054","876","20","6080","false","484680","4","4","12","2012","2142","1198"
"20","0.1","1","false","false","false","true","false","false","false","1","1","1","0.25","1","0","0","0","100","0","75","0.1","10","2.5","2","60","1.6","0.4","20.5","6.7","16","8.21","365","14","1","0","0","299","299","37","82574","1477","1736","3173","1016","24","6208","false","483552","5","5","14","2105","2268","1262"
"20","0.1","1","false","false","false","true","false","false","false","1","1","1","0.25","1","0","0","0","100","0","75","0.1","10","2.5","2","60","1.6","0.4","20.5","6.7","16","8.21","365","14","1","0","0","299","299","38","82188","1521","1777","3308","1179","27","6313","false","482151","5","6","16","2212","2394","1337"
"20","0.1","1","false","false","false","true","false","false","false","1","1","1","0.25","1","0","0","0","100","0","75","0.1","10","2.5","2","60","1.6","0.4","20.5","6.7","16","8.21","365","14","1","0","0","299","299","39","81799","1563","1818","3440","1352","28","6421","false","480957","5","6","17","2334","2504","1410"
"20","0.1","1","false","false","false","true","false","false","false","1","1","1","0.25","1","0","0","0","100","0","75","0.1","10","2.5","2","60","1.6","0.4","20.5","6.7","16","8.21","365","14","1","0","0","299","299","40","81393","1616","1879","3537","1545","30","6528","false","479864","5","7","18","2457","2643","1466"
"20","0.1","1","false","false","false","true","false","false","false","1","1","1","0.25","1","0","0","0","100","0","75","0.1","10","2.5","2","60","1.6","0.4","20.5","6.7","16","8.21","365","14","1","0","0","299","299","41","80999","1628","1949","3659","1734","31","6644","false","478633","5","8","18","2609","2774","1564"
"20","0.1","1","false","false","false","true","false","false","false","1","1","1","0.25","1","0","0","0","100","0","75","0.1","10","2.5","2","60","1.6","0.4","20.5","6.7","16","8.21","365","14","1","0","0","299","299","42","80599","1615","2021","3811","1921","33","6669","false","477267","5","9","19","2761","2938","1654"
"20","0.1","1","false","false","false","true","false","false","false","1","1","1","0.25","1","0","0","0","100","0","75","0.1","10","2.5","2","60","1.6","0.4","20.5","6.7","16","8.21","365","14","1","0","0","299","299","43","80138","1702","2086","3931","2109","34","6729","false","476628","5","10","19","2911","3064","1736"
"20","0.1","1","false","false","false","true","false","false","false","1","1","1","0.25","1","0","0","0","100","0","75","0.1","10","2.5","2","60","1.6","0.4","20.5","6.7","16","8.21","365","14","1","0","0","299","299","44","79683","1782","2179","4024","2295","37","6800","false","475683","5","10","22","3055","3221","1821"
"20","0.1","1","false","false","false","true","false","false","false","1","1","1","0.25","1","0","0","0","100","0","75","0.1","10","2.5","2","60","1.6","0.4","20.5","6.7","16","8.21","365","14","1","0","0","299","299","45","79255","1808","2228","4181","2484","44","6901","false","474859","7","11","26","3198","3372","1917"
"20","0.1","1","false","false","false","true","false","false","false","1","1","1","0.25","1","0","0","0","100","0","75","0.1","10","2.5","2","60","1.6","0.4","20.5","6.7","16","8.21","365","14","1","0","0","299","299","46","78766","1885","2293","4313","2696","47","7023","false","473771","7","13","27","3339","3545","1998"
"20","0.1","1","false","false","false","true","false","false","false","1","1","1","0.25","1","0","0","0","100","0","75","0.1","10","2.5","2","60","1.6","0.4","20.5","6.7","16","8.21","365","14","1","0","0","299","299","47","78292","1978","2358","4414","2906","52","7168","false","472433","8","15","29","3481","3705","2092"
"20","0.1","1","false","false","false","true","false","false","false","1","1","1","0.25","1","0","0","0","100","0","75","0.1","10","2.5","2","60","1.6","0.4","20.5","6.7","16","8.21","365","14","1","0","0","299","299","48","77783","2015","2415","4622","3109","56","7232","false","471052","8","17","31","3631","3883","2192"
"20","0.1","1","false","false","false","true","false","false","false","1","1","1","0.25","1","0","0","0","100","0","75","0.1","10","2.5","2","60","1.6","0.4","20.5","6.7","16","8.21","365","14","1","0","0","299","299","49","77349","1993","2469","4791","3336","62","7297","false","470461","9","18","35","3790","4045","2297"
"20","0.1","1","false","false","false","true","false","false","false","1","1","1","0.25","1","0","0","0","100","0","75","0.1","10","2.5","2","60","1.6","0.4","20.5","6.7","16","8.21","365","14","1","0","0","299","299","50","76895","1971","2551","4964","3554","65","7358","false","470013","9","18","38","3965","4219","2394"
"20","0.1","1","false","false","false","true","false","false","false","1","1","1","0.25","1","0","0","0","100","0","75","0.1","10","2.5","2","60","1.6","0.4","20.5","6.7","16","8.21","365","14","1","0","0","299","299","51","76429","1954","2646","5139","3762","70","7529","false","469359","10","18","42","4129","4428","2493"
"20","0.1","1","false","false","false","true","false","false","false","1","1","1","0.25","1","0","0","0","100","0","75","0.1","10","2.5","2","60","1.6","0.4","20.5","6.7","16","8.21","365","14","1","0","0","299","299","52","75967","1952","2754","5256","3994","77","7710","false","467938","12","20","45","4302","4617","2608"
"20","0.1","1","false","false","false","true","false","false","false","1","1","1","0.25","1","0","0","0","100","0","75","0.1","10","2.5","2","60","1.6","0.4","20.5","6.7","16","8.21","365","14","1","0","0","299","299","53","75487","1967","2846","5387","4229","84","7896","false","466332","13","23","48","4465","4833","2691"
"20","0.1","1","false","false","false","true","false","false","false","1","1","1","0.25","1","0","0","0","100","0","75","0.1","10","2.5","2","60","1.6","0.4","20.5","6.7","16","8.21","365","14","1","0","0","299","299","54","75006","2008","2929","5485","4482","90","8068","false","464782","14","23","53","4630","5011","2799"
"20","0.1","1","false","false","false","true","false","false","false","1","1","1","0.25","1","0","0","0","100","0","75","0.1","10","2.5","2","60","1.6","0.4","20.5","6.7","16","8.21","365","14","1","0","0","299","299","55","74559","1985","3019","5642","4704","91","8174","false","463303","15","23","53","4804","5192","2908"
"20","0.1","1","false","false","false","true","false","false","false","1","1","1","0.25","1","0","0","0","100","0","75","0.1","10","2.5","2","60","1.6","0.4","20.5","6.7","16","8.21","365","14","1","0","0","299","299","56","74069","2007","3108","5779","4940","97","8296","false","462430","15","27","55","4973","5376","3024"
"20","0.1","1","false","false","false","true","false","false","false","1","1","1","0.25","1","0","0","0","100","0","75","0.1","10","2.5","2","60","1.6","0.4","20.5","6.7","16","8.21","365","14","1","0","0","299","299","57","73581","2028","3186","5879","5223","103","8416","false","461251","18","29","56","5125","5570","3140"
"20","0.1","1","false","false","false","true","false","false","false","1","1","1","0.25","1","0","0","0","100","0","75","0.1","10","2.5","2","60","1.6","0.4","20.5","6.7","16","8.21","365","14","1","0","0","299","299","58","73085","2060","3268","5972","5508","107","8499","false","459825","18","30","59","5301","5759","3244"
"20","0.1","1","false","false","false","true","false","false","false","1","1","1","0.25","1","0","0","0","100","0","75","0.1","10","2.5","2","60","1.6","0.4","20.5","6.7","16","8.21","365","14","1","0","0","299","299","59","72587","2070","3324","6120","5785","114","8545","false","458975","19","32","63","5474","5938","3352"
"20","0.1","1","false","false","false","true","false","false","false","1","1","1","0.25","1","0","0","0","100","0","75","0.1","10","2.5","2","60","1.6","0.4","20.5","6.7","16","8.21","365","14","1","0","0","299","299","60","72042","2139","3409","6222","6067","121","8658","false","458332","20","32","69","5666","6116","3480"
"20","0.1","1","false","false","false","true","false","false","false","1","1","1","0.25","1","0","0","0","100","0","75","0.1","10","2.5","2","60","1.6","0.4","20.5","6.7","16","8.21","365","14","1","0","0","299","299","61","71551","2155","3468","6298","6405","123","8798","false","457377","20","34","69","5819","6301","3584"
"20","0.1","1","false","false","false","true","false","false","false","1","1","1","0.25","1","0","0","0","100","0","75","0.1","10","2.5","2","60","1.6","0.4","20.5","6.7","16","8.21","365","14","1","0","0","299","299","62","71031","2164","3560","6391","6727","127","8989","false","456208","20","36","71","6018","6486","3696"
"20","0.1","1","false","false","false","true","false","false","false","1","1","1","0.25","1","0","0","0","100","0","75","0.1","10","2.5","2","60","1.6","0.4","20.5","6.7","16","8.21","365","14","1","0","0","299","299","63","70482","2210","3611","6495","7071","131","9112","false","454361","21","36","74","6177","6698","3809"
"20","0.1","1","false","false","false","true","false","false","false","1","1","1","0.25","1","0","0","0","100","0","75","0.1","10","2.5","2","60","1.6","0.4","20.5","6.7","16","8.21","365","14","1","0","0","299","299","64","69955","2267","3689","6539","7415","135","9290","false","453107","21","37","77","6333","6915","3909"
"20","0.1","1","false","false","false","true","false","false","false","1","1","1","0.25","1","0","0","0","100","0","75","0.1","10","2.5","2","60","1.6","0.4","20.5","6.7","16","8.21","365","14","1","0","0","299","299","65","69404","2292","3793","6596","7773","142","9440","false","451586","22","38","82","6550","7123","4035"
"20","0.1","1","false","false","false","true","false","false","false","1","1","1","0.25","1","0","0","0","100","0","75","0.1","10","2.5","2","60","1.6","0.4","20.5","6.7","16","8.21","365","14","1","0","0","299","299","66","68876","2287","3834","6710","8140","153","9513","false","450250","22","43","88","6762","7325","4148"
"20","0.1","1","false","false","false","true","false","false","false","1","1","1","0.25","1","0","0","0","100","0","75","0.1","10","2.5","2","60","1.6","0.4","20.5","6.7","16","8.21","365","14","1","0","0","299","299","67","68326","2283","3893","6827","8514","157","9528","false","449494","22","43","92","6956","7543","4260"
"20","0.1","1","false","false","false","true","false","false","false","1","1","1","0.25","1","0","0","0","100","0","75","0.1","10","2.5","2","60","1.6","0.4","20.5","6.7","16","8.21","365","14","1","0","0","299","299","68","67753","2337","3964","6905","8880","161","9590","false","449002","23","43","95","7143","7740","4385"
"20","0.1","1","false","false","false","true","false","false","false","1","1","1","0.25","1","0","0","0","100","0","75","0.1","10","2.5","2","60","1.6","0.4","20.5","6.7","16","8.21","365","14","1","0","0","299","299","69","67206","2363","4007","6958","9297","169","9712","false","448422","24","45","100","7330","7953","4512"
"20","0.1","1","false","false","false","true","false","false","false","1","1","1","0.25","1","0","0","0","100","0","75","0.1","10","2.5","2","60","1.6","0.4","20.5","6.7","16","8.21","365","14","1","0","0","299","299","70","66626","2390","4072","7049","9684","179","9774","false","447195","27","47","105","7524","8202","4644"
"20","0.1","1","false","false","false","true","false","false","false","1","1","1","0.25","1","0","0","0","100","0","75","0.1","10","2.5","2","60","1.6","0.4","20.5","6.7","16","8.21","365","14","1","0","0","299","299","71","66016","2474","4122","7099","10104","185","9880","false","446519","28","47","110","7732","8408","4765"
"20","0.1","1","false","false","false","true","false","false","false","1","1","1","0.25","1","0","0","0","100","0","75","0.1","10","2.5","2","60","1.6","0.4","20.5","6.7","16","8.21","365","14","1","0","0","299","299","72","65431","2468","4140","7246","10525","190","9908","false","445582","29","48","113","7961","8602","4887"
"20","0.1","1","false","false","false","true","false","false","false","1","1","1","0.25","1","0","0","0","100","0","75","0.1","10","2.5","2","60","1.6","0.4","20.5","6.7","16","8.21","365","14","1","0","0","299","299","73","64828","2518","4180","7303","10977","194","9981","false","445022","29","49","116","8174","8814","5008"
"20","0.1","1","false","false","false","true","false","false","false","1","1","1","0.25","1","0","0","0","100","0","75","0.1","10","2.5","2","60","1.6","0.4","20.5","6.7","16","8.21","365","14","1","0","0","299","299","74","64246","2541","4240","7327","11446","200","10214","false","444337","31","51","118","8382","9026","5160"
"20","0.1","1","false","false","false","true","false","false","false","1","1","1","0.25","1","0","0","0","100","0","75","0.1","10","2.5","2","60","1.6","0.4","20.5","6.7","16","8.21","365","14","1","0","0","299","299","75","63625","2602","4239","7408","11916","210","10136","false","442156","33","56","121","8570","9245","5284"
"20","0.1","1","false","false","false","true","false","false","false","1","1","1","0.25","1","0","0","0","100","0","75","0.1","10","2.5","2","60","1.6","0.4","20.5","6.7","16","8.21","365","14","1","0","0","299","299","76","63010","2581","4300","7536","12352","221","10213","false","442525","34","57","130","8783","9505","5422"
"20","0.1","1","false","false","false","true","false","false","false","1","1","1","0.25","1","0","0","0","100","0","75","0.1","10","2.5","2","60","1.6","0.4","20.5","6.7","16","8.21","365","14","1","0","0","299","299","77","62352","2647","4349","7642","12781","229","10350","false","441595","35","57","137","8974","9723","5567"
"20","0.1","1","false","false","false","true","false","false","false","1","1","1","0.25","1","0","0","0","100","0","75","0.1","10","2.5","2","60","1.6","0.4","20.5","6.7","16","8.21","365","14","1","0","0","299","299","78","61742","2650","4399","7759","13216","234","10381","false","440234","36","58","140","9182","9959","5713"
"20","0.1","1","false","false","false","true","false","false","false","1","1","1","0.25","1","0","0","0","100","0","75","0.1","10","2.5","2","60","1.6","0.4","20.5","6.7","16","8.21","365","14","1","0","0","299","299","79","61110","2664","4472","7847","13663","244","10495","false","439877","37","59","148","9407","10223","5856"
"20","0.1","1","false","false","false","true","false","false","false","1","1","1","0.25","1","0","0","0","100","0","75","0.1","10","2.5","2","60","1.6","0.4","20.5","6.7","16","8.21","365","14","1","0","0","299","299","80","60506","2623","4555","7919","14143","254","10746","false","438887","37","60","157","9650","10489","5988"
"20","0.1","1","false","false","false","true","false","false","false","1","1","1","0.25","1","0","0","0","100","0","75","0.1","10","2.5","2","60","1.6","0.4","20.5","6.7","16","8.21","365","14","1","0","0","299","299","81","59855","2657","4608","8036","14579","265","10817","false","436734","41","63","161","9863","10724","6135"
"20","0.1","1","false","false","false","true","false","false","false","1","1","1","0.25","1","0","0","0","100","0","75","0.1","10","2.5","2","60","1.6","0.4","20.5","6.7","16","8.21","365","14","1","0","0","299","299","82","59238","2647","4676","8093","15081","265","10920","false","435899","41","63","161","10101","10979","6289"
"20","0.1","1","false","false","false","true","false","false","false","1","1","1","0.25","1","0","0","0","100","0","75","0.1","10","2.5","2","60","1.6","0.4","20.5","6.7","16","8.21","365","14","1","0","0","299","299","83","58613","2663","4720","8163","15570","271","11001","false","434981","43","65","163","10349","11224","6420"
"20","0.1","1","false","false","false","true","false","false","false","1","1","1","0.25","1","0","0","0","100","0","75","0.1","10","2.5","2","60","1.6","0.4","20.5","6.7","16","8.21","365","14","1","0","0","299","299","84","57976","2695","4801","8224","16030","274","11100","false","434206","44","66","164","10603","11476","6563"
"20","0.1","1","false","false","false","true","false","false","false","1","1","1","0.25","1","0","0","0","100","0","75","0.1","10","2.5","2","60","1.6","0.4","20.5","6.7","16","8.21","365","14","1","0","0","299","299","85","57388","2629","4865","8321","16512","285","11273","false","433367","44","68","173","10848","11724","6720"
"20","0.1","1","false","false","false","true","false","false","false","1","1","1","0.25","1","0","0","0","100","0","75","0.1","10","2.5","2","60","1.6","0.4","20.5","6.7","16","8.21","365","14","1","0","0","299","299","86","56740","2640","4865","8452","17009","294","11319","false","431926","46","70","178","11098","11937","6848"
"20","0.1","1","false","false","false","true","false","false","false","1","1","1","0.25","1","0","0","0","100","0","75","0.1","10","2.5","2","60","1.6","0.4","20.5","6.7","16","8.21","365","14","1","0","0","299","299","87","56117","2643","4885","8520","17529","306","11336","false","431343","46","74","186","11313","12175","6981"
"20","0.1","1","false","false","false","true","false","false","false","1","1","1","0.25","1","0","0","0","100","0","75","0.1","10","2.5","2","60","1.6","0.4","20.5","6.7","16","8.21","365","14","1","0","0","299","299","88","55540","2582","4912","8582","18066","318","11299","false","430905","47","79","192","11554","12399","7125"
"20","0.1","1","false","false","false","true","false","false","false","1","1","1","0.25","1","0","0","0","100","0","75","0.1","10","2.5","2","60","1.6","0.4","20.5","6.7","16","8.21","365","14","1","0","0","299","299","89","54944","2546","4999","8612","18575","324","11305","false","431118","48","79","197","11823","12636","7256"
"20","0.1","1","false","false","false","true","false","false","false","1","1","1","0.25","1","0","0","0","100","0","75","0.1","10","2.5","2","60","1.6","0.4","20.5","6.7","16","8.21","365","14","1","0","0","299","299","90","54306","2595","5070","8625","19076","328","11247","false","430933","49","81","198","12047","12875","7399"
"20","0.1","1","false","false","false","true","false","false","false","1","1","1","0.25","1","0","0","0","100","0","75","0.1","10","2.5","2","60","1.6","0.4","20.5","6.7","16","8.21","365","14","1","0","0","299","299","91","53625","2693","5126","8604","19615","337","11322","false","431149","49","83","205","12262","13142","7536"
"20","0.1","1","false","false","false","true","false","false","false","1","1","1","0.25","1","0","0","0","100","0","75","0.1","10","2.5","2","60","1.6","0.4","20.5","6.7","16","8.21","365","14","1","0","0","299","299","92","52999","2723","5189","8613","20136","340","11301","false","430535","50","84","206","12482","13402","7675"
"20","0.1","1","false","false","false","true","false","false","false","1","1","1","0.25","1","0","0","0","100","0","75","0.1","10","2.5","2","60","1.6","0.4","20.5","6.7","16","8.21","365","14","1","0","0","299","299","93","52377","2690","5194","8694","20693","352","11231","false","430503","50","86","216","12706","13665","7810"
"20","0.1","1","false","false","false","true","false","false","false","1","1","1","0.25","1","0","0","0","100","0","75","0.1","10","2.5","2","60","1.6","0.4","20.5","6.7","16","8.21","365","14","1","0","0","299","299","94","51720","2686","5223","8759","21255","357","11241","false","430678","50","87","220","12959","13902","7973"
"20","0.1","1","false","false","false","true","false","false","false","1","1","1","0.25","1","0","0","0","100","0","75","0.1","10","2.5","2","60","1.6","0.4","20.5","6.7","16","8.21","365","14","1","0","0","299","299","95","51068","2721","5268","8755","21818","370","11258","false","430438","51","90","229","13187","14150","8115"
"20","0.1","1","false","false","false","true","false","false","false","1","1","1","0.25","1","0","0","0","100","0","75","0.1","10","2.5","2","60","1.6","0.4","20.5","6.7","16","8.21","365","14","1","0","0","299","299","96","50409","2739","5340","8798","22335","379","11224","false","430173","53","92","234","13430","14407","8252"
"20","0.1","1","false","false","false","true","false","false","false","1","1","1","0.25","1","0","0","0","100","0","75","0.1","10","2.5","2","60","1.6","0.4","20.5","6.7","16","8.21","365","14","1","0","0","299","299","97","49807","2726","5343","8818","22920","386","11131","false","430112","54","95","237","13647","14656","8389"
"20","0.1","1","false","false","false","true","false","false","false","1","1","1","0.25","1","0","0","0","100","0","75","0.1","10","2.5","2","60","1.6","0.4","20.5","6.7","16","8.21","365","14","1","0","0","299","299","98","49116","2775","5380","8857","23476","396","11175","false","430663","55","100","241","13881","14892","8547"
"20","0.1","1","false","false","false","true","false","false","false","1","1","1","0.25","1","0","0","0","100","0","75","0.1","10","2.5","2","60","1.6","0.4","20.5","6.7","16","8.21","365","14","1","0","0","299","299","99","48456","2834","5410","8869","24020","411","11167","false","430279","56","107","248","14115","15163","8688"
"20","0.1","1","false","false","false","true","false","false","false","1","1","1","0.25","1","0","0","0","100","0","75","0.1","10","2.5","2","60","1.6","0.4","20.5","6.7","16","8.21","365","14","1","0","0","299","299","100","47775","2870","5406","8933","24592","424","11191","false","430197","56","111","257","14365","15406","8833"
"20","0.1","1","false","false","false","true","false","false","false","1","1","1","0.25","1","0","0","0","100","0","75","0.1","10","2.5","2","60","1.6","0.4","20.5","6.7","16","8.21","365","14","1","0","0","299","299","101","47110","2843","5477","8956","25178","436","11265","false","429803","58","115","263","14617","15659","9001"
"20","0.1","1","false","false","false","true","false","false","false","1","1","1","0.25","1","0","0","0","100","0","75","0.1","10","2.5","2","60","1.6","0.4","20.5","6.7","16","8.21","365","14","1","0","0","299","299","102","46418","2883","5452","9032","25764","451","11322","false","429220","58","116","277","14834","15912","9154"
"20","0.1","1","false","false","false","true","false","false","false","1","1","1","0.25","1","0","0","0","100","0","75","0.1","10","2.5","2","60","1.6","0.4","20.5","6.7","16","8.21","365","14","1","0","0","299","299","103","45794","2838","5473","9098","26332","465","11225","false","428575","59","119","287","15051","16184","9318"
"20","0.1","1","false","false","false","true","false","false","false","1","1","1","0.25","1","0","0","0","100","0","75","0.1","10","2.5","2","60","1.6","0.4","20.5","6.7","16","8.21","365","14","1","0","0","299","299","104","45143","2819","5526","9131","26902","479","11267","false","429145","61","123","295","15300","16471","9455"
"20","0.1","1","false","false","false","true","false","false","false","1","1","1","0.25","1","0","0","0","100","0","75","0.1","10","2.5","2","60","1.6","0.4","20.5","6.7","16","8.21","365","14","1","0","0","299","299","105","44535","2768","5571","9098","27536","492","11271","false","428655","63","124","305","15556","16734","9625"
"20","0.1","1","false","false","false","true","false","false","false","1","1","1","0.25","1","0","0","0","100","0","75","0.1","10","2.5","2","60","1.6","0.4","20.5","6.7","16","8.21","365","14","1","0","0","299","299","106","43870","2770","5582","9154","28126","498","11200","false","428631","65","125","308","15789","16984","9774"
"20","0.1","1","false","false","false","true","false","false","false","1","1","1","0.25","1","0","0","0","100","0","75","0.1","10","2.5","2","60","1.6","0.4","20.5","6.7","16","8.21","365","14","1","0","0","299","299","107","43260","2740","5582","9182","28725","511","11105","false","429063","67","129","315","16032","17255","9913"
"20","0.1","1","false","false","false","true","false","false","false","1","1","1","0.25","1","0","0","0","100","0","75","0.1","10","2.5","2","60","1.6","0.4","20.5","6.7","16","8.21","365","14","1","0","0","299","299","108","42635","2721","5616","9180","29324","524","11154","false","429699","69","136","319","16302","17535","10035"
"20","0.1","1","false","false","false","true","false","false","false","1","1","1","0.25","1","0","0","0","100","0","75","0.1","10","2.5","2","60","1.6","0.4","20.5","6.7","16","8.21","365","14","1","0","0","299","299","109","42019","2689","5639","9166","29947","540","11179","false","429214","69","142","329","16538","17790","10187"
"20","0.1","1","false","false","false","true","false","false","false","1","1","1","0.25","1","0","0","0","100","0","75","0.1","10","2.5","2","60","1.6","0.4","20.5","6.7","16","8.21","365","14","1","0","0","299","299","110","41430","2650","5663","9175","30530","552","11159","false","429100","70","145","337","16787","18038","10334"
"20","0.1","1","false","false","false","true","false","false","false","1","1","1","0.25","1","0","0","0","100","0","75","0.1","10","2.5","2","60","1.6","0.4","20.5","6.7","16","8.21","365","14","1","0","0","299","299","111","40797","2662","5656","9157","31164","564","11237","false","429271","71","146","347","17001","18280","10506"
"20","0.1","1","false","false","false","true","false","false","false","1","1","1","0.25","1","0","0","0","100","0","75","0.1","10","2.5","2","60","1.6","0.4","20.5","6.7","16","8.21","365","14","1","0","0","299","299","112","40228","2540","5643","9203","31808","578","11066","false","428759","72","149","357","17255","18561","10653"
"20","0.1","1","false","false","false","true","false","false","false","1","1","1","0.25","1","0","0","0","100","0","75","0.1","10","2.5","2","60","1.6","0.4","20.5","6.7","16","8.21","365","14","1","0","0","299","299","113","39621","2517","5682","9206","32384","590","11110","false","430022","74","150","366","17487","18821","10801"
"20","0.1","1","false","false","false","true","false","false","false","1","1","1","0.25","1","0","0","0","100","0","75","0.1","10","2.5","2","60","1.6","0.4","20.5","6.7","16","8.21","365","14","1","0","0","299","299","114","39022","2558","5670","9165","32979","606","11014","false","429458","77","153","376","17708","19065","10920"
"20","0.1","1","false","false","false","true","false","false","false","1","1","1","0.25","1","0","0","0","100","0","75","0.1","10","2.5","2","60","1.6","0.4","20.5","6.7","16","8.21","365","14","1","0","0","299","299","115","38434","2543","5678","9145","33582","618","10895","false","430112","78","155","385","17950","19323","11053"
"20","0.1","1","false","false","false","true","false","false","false","1","1","1","0.25","1","0","0","0","100","0","75","0.1","10","2.5","2","60","1.6","0.4","20.5","6.7","16","8.21","365","14","1","0","0","299","299","116","37840","2556","5628","9128","34217","631","10836","false","431096","79","160","392","18170","19542","11198"
"20","0.1","1","false","false","false","true","false","false","false","1","1","1","0.25","1","0","0","0","100","0","75","0.1","10","2.5","2","60","1.6","0.4","20.5","6.7","16","8.21","365","14","1","0","0","299","299","117","37298","2477","5606","9129","34848","642","10710","false","431366","82","161","399","18387","19780","11345"
"20","0.1","1","false","false","false","true","false","false","false","1","1","1","0.25","1","0","0","0","100","0","75","0.1","10","2.5","2","60","1.6","0.4","20.5","6.7","16","8.21","365","14","1","0","0","299","299","118","36728","2489","5629","9064","35442","648","10561","false","432364","84","163","401","18601","20022","11473"
"20","0.1","1","false","false","false","true","false","false","false","1","1","1","0.25","1","0","0","0","100","0","75","0.1","10","2.5","2","60","1.6","0.4","20.5","6.7","16","8.21","365","14","1","0","0","299","299","119","36152","2453","5602","9065","36069","659","10470","false","433464","86","165","408","18823","20265","11598"
"20","0.1","1","false","false","false","true","false","false","false","1","1","1","0.25","1","0","0","0","100","0","75","0.1","10","2.5","2","60","1.6","0.4","20.5","6.7","16","8.21","365","14","1","0","0","299","299","120","35567","2462","5575","9028","36700","668","10468","false","434002","89","165","414","19028","20492","11740"
"20","0.1","1","false","false","false","true","false","false","false","1","1","1","0.25","1","0","0","0","100","0","75","0.1","10","2.5","2","60","1.6","0.4","20.5","6.7","16","8.21","365","14","1","0","0","299","299","121","35007","2458","5527","8985","37344","679","10366","false","433835","89","169","421","19264","20709","11855"
"20","0.1","1","false","false","false","true","false","false","false","1","1","1","0.25","1","0","0","0","100","0","75","0.1","10","2.5","2","60","1.6","0.4","20.5","6.7","16","8.21","365","14","1","0","0","299","299","122","34448","2443","5491","8888","38036","694","10234","false","434660","89","173","432","19494","20943","11978"
"20","0.1","1","false","false","false","true","false","false","false","1","1","1","0.25","1","0","0","0","100","0","75","0.1","10","2.5","2","60","1.6","0.4","20.5","6.7","16","8.21","365","14","1","0","0","299","299","123","33892","2415","5486","8890","38609","708","10114","false","435523","90","175","443","19683","21172","12124"
"20","0.1","1","false","false","false","true","false","false","false","1","1","1","0.25","1","0","0","0","100","0","75","0.1","10","2.5","2","60","1.6","0.4","20.5","6.7","16","8.21","365","14","1","0","0","299","299","124","33316","2426","5454","8859","39228","717","10119","false","436417","93","176","448","19907","21381","12264"
"20","0.1","1","false","false","false","true","false","false","false","1","1","1","0.25","1","0","0","0","100","0","75","0.1","10","2.5","2","60","1.6","0.4","20.5","6.7","16","8.21","365","14","1","0","0","299","299","125","32741","2426","5444","8821","39843","725","10069","false","436322","96","178","451","20134","21601","12398"
"20","0.1","1","false","false","false","true","false","false","false","1","1","1","0.25","1","0","0","0","100","0","75","0.1","10","2.5","2","60","1.6","0.4","20.5","6.7","16","8.21","365","14","1","0","0","299","299","126","32154","2464","5404","8741","40502","735","10071","false","436735","97","184","454","20343","21821","12557"
"20","0.1","1","false","false","false","true","false","false","false","1","1","1","0.25","1","0","0","0","100","0","75","0.1","10","2.5","2","60","1.6","0.4","20.5","6.7","16","8.21","365","14","1","0","0","299","299","127","31645","2402","5365","8717","41124","747","9956","false","436706","101","188","458","20546","22053","12675"
"20","0.1","1","false","false","false","true","false","false","false","1","1","1","0.25","1","0","0","0","100","0","75","0.1","10","2.5","2","60","1.6","0.4","20.5","6.7","16","8.21","365","14","1","0","0","299","299","128","31092","2388","5352","8664","41744","760","9967","false","437632","101","189","470","20780","22281","12796"
"20","0.1","1","false","false","false","true","false","false","false","1","1","1","0.25","1","0","0","0","100","0","75","0.1","10","2.5","2","60","1.6","0.4","20.5","6.7","16","8.21","365","14","1","0","0","299","299","129","30613","2299","5317","8623","42379","769","9793","false","437572","102","192","475","20980","22498","12927"
"20","0.1","1","false","false","false","true","false","false","false","1","1","1","0.25","1","0","0","0","100","0","75","0.1","10","2.5","2","60","1.6","0.4","20.5","6.7","16","8.21","365","14","1","0","0","299","299","130","30080","2266","5280","8583","43013","778","9691","false","439065","103","193","482","21193","22712","13050"
"20","0.1","1","false","false","false","true","false","false","false","1","1","1","0.25","1","0","0","0","100","0","75","0.1","10","2.5","2","60","1.6","0.4","20.5","6.7","16","8.21","365","14","1","0","0","299","299","131","29619","2218","5266","8476","43632","789","9635","false","439636","105","196","488","21397","22919","13185"
"20","0.1","1","false","false","false","true","false","false","false","1","1","1","0.25","1","0","0","0","100","0","75","0.1","10","2.5","2","60","1.6","0.4","20.5","6.7","16","8.21","365","14","1","0","0","299","299","132","29132","2169","5254","8386","44260","799","9544","false","439987","107","200","492","21581","23175","13300"
"20","0.1","1","false","false","false","true","false","false","false","1","1","1","0.25","1","0","0","0","100","0","75","0.1","10","2.5","2","60","1.6","0.4","20.5","6.7","16","8.21","365","14","1","0","0","299","299","133","28626","2174","5218","8335","44834","813","9433","false","440697","108","206","499","21785","23366","13396"
"20","0.1","1","false","false","false","true","false","false","false","1","1","1","0.25","1","0","0","0","100","0","75","0.1","10","2.5","2","60","1.6","0.4","20.5","6.7","16","8.21","365","14","1","0","0","299","299","134","28153","2153","5186","8210","45474","824","9344","false","441335","108","208","508","21989","23563","13518"
"20","0.1","1","false","false","false","true","false","false","false","1","1","1","0.25","1","0","0","0","100","0","75","0.1","10","2.5","2","60","1.6","0.4","20.5","6.7","16","8.21","365","14","1","0","0","299","299","135","27646","2124","5159","8134","46102","835","9253","false","441975","109","211","515","22215","23773","13647"
"20","0.1","1","false","false","false","true","false","false","false","1","1","1","0.25","1","0","0","0","100","0","75","0.1","10","2.5","2","60","1.6","0.4","20.5","6.7","16","8.21","365","14","1","0","0","299","299","136","27137","2108","5092","8114","46707","842","9176","false","442574","110","214","518","22402","23981","13749"
"20","0.1","1","false","false","false","true","false","false","false","1","1","1","0.25","1","0","0","0","100","0","75","0.1","10","2.5","2","60","1.6","0.4","20.5","6.7","16","8.21","365","14","1","0","0","299","299","137","26647","2087","5044","8064","47308","850","8966","false","443133","113","215","522","22585","24164","13866"
"20","0.1","1","false","false","false","true","false","false","false","1","1","1","0.25","1","0","0","0","100","0","75","0.1","10","2.5","2","60","1.6","0.4","20.5","6.7","16","8.21","365","14","1","0","0","299","299","138","26178","2046","5012","8022","47881","861","8823","false","444824","114","217","530","22784","24373","13971"
"20","0.1","1","false","false","false","true","false","false","false","1","1","1","0.25","1","0","0","0","100","0","75","0.1","10","2.5","2","60","1.6","0.4","20.5","6.7","16","8.21","365","14","1","0","0","299","299","139","25686","2065","4948","7937","48487","877","8669","false","446068","118","219","540","22977","24538","14089"
"20","0.1","1","false","false","false","true","false","false","false","1","1","1","0.25","1","0","0","0","100","0","75","0.1","10","2.5","2","60","1.6","0.4","20.5","6.7","16","8.21","365","14","1","0","0","299","299","140","25220","2041","4950","7860","49041","888","8580","false","447296","118","221","549","23184","24757","14208"
"20","0.1","1","false","false","false","true","false","false","false","1","1","1","0.25","1","0","0","0","100","0","75","0.1","10","2.5","2","60","1.6","0.4","20.5","6.7","16","8.21","365","14","1","0","0","299","299","141","24691","2077","4905","7777","49654","896","8477","false","448183","120","224","552","23354","24956","14309"
"20","0.1","1","false","false","false","true","false","false","false","1","1","1","0.25","1","0","0","0","100","0","75","0.1","10","2.5","2","60","1.6","0.4","20.5","6.7","16","8.21","365","14","1","0","0","299","299","142","24236","2057","4876","7691","50236","904","8383","false","448966","121","224","559","23533","25165","14417"
"20","0.1","1","false","false","false","true","false","false","false","1","1","1","0.25","1","0","0","0","100","0","75","0.1","10","2.5","2","60","1.6","0.4","20.5","6.7","16","8.21","365","14","1","0","0","299","299","143","23789","2039","4839","7586","50834","913","8439","false","449856","123","227","563","23709","25364","14516"
"20","0.1","1","false","false","false","true","false","false","false","1","1","1","0.25","1","0","0","0","100","0","75","0.1","10","2.5","2","60","1.6","0.4","20.5","6.7","16","8.21","365","14","1","0","0","299","299","144","23349","2020","4832","7500","51380","919","8374","false","449620","123","229","567","23899","25544","14626"
"20","0.1","1","false","false","false","true","false","false","false","1","1","1","0.25","1","0","0","0","100","0","75","0.1","10","2.5","2","60","1.6","0.4","20.5","6.7","16","8.21","365","14","1","0","0","299","299","145","22873","1994","4800","7471","51937","925","8297","false","450218","123","230","572","24084","25731","14744"
"20","0.1","1","false","false","false","true","false","false","false","1","1","1","0.25","1","0","0","0","100","0","75","0.1","10","2.5","2","60","1.6","0.4","20.5","6.7","16","8.21","365","14","1","0","0","299","299","146","22462","1957","4752","7406","52486","937","8154","false","450718","123","231","583","24266","25915","14843"
"20","0.1","1","false","false","false","true","false","false","false","1","1","1","0.25","1","0","0","0","100","0","75","0.1","10","2.5","2","60","1.6","0.4","20.5","6.7","16","8.21","365","14","1","0","0","299","299","147","22047","1877","4703","7362","53070","941","7961","false","451885","123","232","586","24438","26134","14963"
"20","0.1","1","false","false","false","true","false","false","false","1","1","1","0.25","1","0","0","0","100","0","75","0.1","10","2.5","2","60","1.6","0.4","20.5","6.7","16","8.21","365","14","1","0","0","299","299","148","21621","1845","4657","7309","53614","954","7820","false","453486","126","237","591","24615","26308","15073"
"20","0.1","1","false","false","false","true","false","false","false","1","1","1","0.25","1","0","0","0","100","0","75","0.1","10","2.5","2","60","1.6","0.4","20.5","6.7","16","8.21","365","14","1","0","0","299","299","149","21208","1818","4620","7220","54171","963","7720","false","454450","129","238","596","24777","26496","15192"
"20","0.1","1","false","false","false","true","false","false","false","1","1","1","0.25","1","0","0","0","100","0","75","0.1","10","2.5","2","60","1.6","0.4","20.5","6.7","16","8.21","365","14","1","0","0","299","299","150","20817","1793","4571","7112","54733","974","7638","false","455364","130","241","603","24955","26661","15294"
"20","0.1","1","false","false","false","true","false","false","false","1","1","1","0.25","1","0","0","0","100","0","75","0.1","10","2.5","2","60","1.6","0.4","20.5","6.7","16","8.21","365","14","1","0","0","299","299","151","20443","1740","4503","7060","55272","982","7496","false","456008","131","243","608","25109","26828","15391"
"20","0.1","1","false","false","false","true","false","false","false","1","1","1","0.25","1","0","0","0","100","0","75","0.1","10","2.5","2","60","1.6","0.4","20.5","6.7","16","8.21","365","14","1","0","0","299","299","152","20057","1709","4435","7005","55803","991","7281","false","457192","134","244","613","25266","26994","15487"
"20","0.1","1","false","false","false","true","false","false","false","1","1","1","0.25","1","0","0","0","100","0","75","0.1","10","2.5","2","60","1.6","0.4","20.5","6.7","16","8.21","365","14","1","0","0","299","299","153","19664","1722","4379","6894","56340","1001","7155","false","458789","135","246","620","25422","27141","15576"
"20","0.1","1","false","false","false","true","false","false","false","1","1","1","0.25","1","0","0","0","100","0","75","0.1","10","2.5","2","60","1.6","0.4","20.5","6.7","16","8.21","365","14","1","0","0","299","299","154","19257","1721","4308","6851","56858","1005","7064","false","459981","136","247","622","25575","27292","15670"
"20","0.1","1","false","false","false","true","false","false","false","1","1","1","0.25","1","0","0","0","100","0","75","0.1","10","2.5","2","60","1.6","0.4","20.5","6.7","16","8.21","365","14","1","0","0","299","299","155","18861","1703","4232","6793","57397","1014","6950","false","460695","137","249","628","25722","27450","15764"
"20","0.1","1","false","false","false","true","false","false","false","1","1","1","0.25","1","0","0","0","100","0","75","0.1","10","2.5","2","60","1.6","0.4","20.5","6.7","16","8.21","365","14","1","0","0","299","299","156","18475","1686","4186","6740","57888","1025","6848","false","461765","138","250","637","25876","27629","15851"
"20","0.1","1","false","false","false","true","false","false","false","1","1","1","0.25","1","0","0","0","100","0","75","0.1","10","2.5","2","60","1.6","0.4","20.5","6.7","16","8.21","365","14","1","0","0","299","299","157","18115","1679","4120","6634","58414","1038","6717","false","462554","139","255","644","26026","27769","15932"
"20","0.1","1","false","false","false","true","false","false","false","1","1","1","0.25","1","0","0","0","100","0","75","0.1","10","2.5","2","60","1.6","0.4","20.5","6.7","16","8.21","365","14","1","0","0","299","299","158","17726","1656","4064","6557","58950","1047","6611","false","463589","141","258","648","26194","27941","16032"
"20","0.1","1","false","false","false","true","false","false","false","1","1","1","0.25","1","0","0","0","100","0","75","0.1","10","2.5","2","60","1.6","0.4","20.5","6.7","16","8.21","365","14","1","0","0","299","299","159","17388","1640","4006","6477","59436","1053","6486","false","464432","143","260","650","26327","28082","16116"
"20","0.1","1","false","false","false","true","false","false","false","1","1","1","0.25","1","0","0","0","100","0","75","0.1","10","2.5","2","60","1.6","0.4","20.5","6.7","16","8.21","365","14","1","0","0","299","299","160","17044","1586","3942","6447","59924","1057","6373","false","465632","144","260","653","26478","28223","16197"
"20","0.1","1","false","false","false","true","false","false","false","1","1","1","0.25","1","0","0","0","100","0","75","0.1","10","2.5","2","60","1.6","0.4","20.5","6.7","16","8.21","365","14","1","0","0","299","299","161","16680","1579","3897","6353","60428","1063","6260","false","466566","146","261","656","26636","28369","16273"
"20","0.1","1","false","false","false","true","false","false","false","1","1","1","0.25","1","0","0","0","100","0","75","0.1","10","2.5","2","60","1.6","0.4","20.5","6.7","16","8.21","365","14","1","0","0","299","299","162","16362","1496","3856","6310","60902","1074","6238","false","467470","147","263","664","26799","28527","16351"
"20","0.1","1","false","false","false","true","false","false","false","1","1","1","0.25","1","0","0","0","100","0","75","0.1","10","2.5","2","60","1.6","0.4","20.5","6.7","16","8.21","365","14","1","0","0","299","299","163","16061","1436","3794","6207","61420","1082","6119","false","467618","147","266","669","26950","28662","16431"
"20","0.1","1","false","false","false","true","false","false","false","1","1","1","0.25","1","0","0","0","100","0","75","0.1","10","2.5","2","60","1.6","0.4","20.5","6.7","16","8.21","365","14","1","0","0","299","299","164","15726","1424","3763","6109","61890","1088","6048","false","468572","148","267","673","27067","28799","16530"
"20","0.1","1","false","false","false","true","false","false","false","1","1","1","0.25","1","0","0","0","100","0","75","0.1","10","2.5","2","60","1.6","0.4","20.5","6.7","16","8.21","365","14","1","0","0","299","299","165","15399","1418","3718","6017","62353","1095","6001","false","469132","149","268","678","27193","28933","16618"
"20","0.1","1","false","false","false","true","false","false","false","1","1","1","0.25","1","0","0","0","100","0","75","0.1","10","2.5","2","60","1.6","0.4","20.5","6.7","16","8.21","365","14","1","0","0","299","299","166","15092","1396","3673","5880","62856","1103","5949","false","469622","151","271","681","27325","29078","16692"
"20","0.1","1","false","false","false","true","false","false","false","1","1","1","0.25","1","0","0","0","100","0","75","0.1","10","2.5","2","60","1.6","0.4","20.5","6.7","16","8.21","365","14","1","0","0","299","299","167","14799","1357","3633","5779","63324","1108","5810","false","470197","152","271","685","27449","29218","16776"
"20","0.1","1","false","false","false","true","false","false","false","1","1","1","0.25","1","0","0","0","100","0","75","0.1","10","2.5","2","60","1.6","0.4","20.5","6.7","16","8.21","365","14","1","0","0","299","299","168","14503","1342","3595","5632","63813","1115","5653","false","471252","154","271","690","27556","29377","16856"
"20","0.1","1","false","false","false","true","false","false","false","1","1","1","0.25","1","0","0","0","100","0","75","0.1","10","2.5","2","60","1.6","0.4","20.5","6.7","16","8.21","365","14","1","0","0","299","299","169","14196","1315","3524","5558","64287","1120","5527","false","472500","154","272","694","27664","29510","16934"
"20","0.1","1","false","false","false","true","false","false","false","1","1","1","0.25","1","0","0","0","100","0","75","0.1","10","2.5","2","60","1.6","0.4","20.5","6.7","16","8.21","365","14","1","0","0","299","299","170","13908","1309","3472","5437","64747","1127","5402","false","473550","155","274","698","27771","29657","17002"
"20","0.1","1","false","false","false","true","false","false","false","1","1","1","0.25","1","0","0","0","100","0","75","0.1","10","2.5","2","60","1.6","0.4","20.5","6.7","16","8.21","365","14","1","0","0","299","299","171","13632","1278","3440","5356","65158","1136","5312","false","474577","157","275","704","27879","29762","17080"
"20","0.1","1","false","false","false","true","false","false","false","1","1","1","0.25","1","0","0","0","100","0","75","0.1","10","2.5","2","60","1.6","0.4","20.5","6.7","16","8.21","365","14","1","0","0","299","299","172","13315","1297","3405","5297","65546","1140","5232","false","475301","157","277","706","27988","29876","17149"
"20","0.1","1","false","false","false","true","false","false","false","1","1","1","0.25","1","0","0","0","100","0","75","0.1","10","2.5","2","60","1.6","0.4","20.5","6.7","16","8.21","365","14","1","0","0","299","299","173","13063","1254","3339","5188","66012","1144","5159","false","476084","158","278","708","28096","30004","17229"
"20","0.1","1","false","false","false","true","false","false","false","1","1","1","0.25","1","0","0","0","100","0","75","0.1","10","2.5","2","60","1.6","0.4","20.5","6.7","16","8.21","365","14","1","0","0","299","299","174","12779","1247","3282","5100","66438","1154","5018","false","476687","158","283","713","28185","30112","17295"
"20","0.1","1","false","false","false","true","false","false","false","1","1","1","0.25","1","0","0","0","100","0","75","0.1","10","2.5","2","60","1.6","0.4","20.5","6.7","16","8.21","365","14","1","0","0","299","299","175","12540","1207","3247","4969","66877","1160","4941","false","477693","158","285","717","28292","30233","17354"
"20","0.1","1","false","false","false","true","false","false","false","1","1","1","0.25","1","0","0","0","100","0","75","0.1","10","2.5","2","60","1.6","0.4","20.5","6.7","16","8.21","365","14","1","0","0","299","299","176","12288","1167","3184","4931","67265","1165","4827","false","478327","158","286","721","28393","30362","17417"
"20","0.1","1","false","false","false","true","false","false","false","1","1","1","0.25","1","0","0","0","100","0","75","0.1","10","2.5","2","60","1.6","0.4","20.5","6.7","16","8.21","365","14","1","0","0","299","299","177","11998","1161","3152","4816","67701","1172","4741","false","479328","159","288","725","28509","30471","17496"
"20","0.1","1","false","false","false","true","false","false","false","1","1","1","0.25","1","0","0","0","100","0","75","0.1","10","2.5","2","60","1.6","0.4","20.5","6.7","16","8.21","365","14","1","0","0","299","299","178","11726","1160","3107","4734","68091","1182","4662","false","479856","161","290","731","28615","30595","17558"
"20","0.1","1","false","false","false","true","false","false","false","1","1","1","0.25","1","0","0","0","100","0","75","0.1","10","2.5","2","60","1.6","0.4","20.5","6.7","16","8.21","365","14","1","0","0","299","299","179","11444","1174","3047","4658","68485","1192","4586","false","480499","162","292","738","28709","30709","17629"
"20","0.1","1","false","false","false","true","false","false","false","1","1","1","0.25","1","0","0","0","100","0","75","0.1","10","2.5","2","60","1.6","0.4","20.5","6.7","16","8.21","365","14","1","0","0","299","299","180","11173","1172","3023","4571","68864","1197","4553","false","481104","163","292","742","28811","30821","17703"
"20","0.1","1","false","false","false","true","false","false","false","1","1","1","0.25","1","0","0","0","100","0","75","0.1","10","2.5","2","60","1.6","0.4","20.5","6.7","16","8.21","365","14","1","0","0","299","299","181","10947","1117","2973","4539","69226","1198","4502","false","481474","164","292","742","28911","30925","17752"
"20","0.1","1","false","false","false","true","false","false","false","1","1","1","0.25","1","0","0","0","100","0","75","0.1","10","2.5","2","60","1.6","0.4","20.5","6.7","16","8.21","365","14","1","0","0","299","299","182","10716","1077","2929","4478","69598","1202","4377","false","481964","165","292","745","29004","31030","17821"
"20","0.1","1","false","false","false","true","false","false","false","1","1","1","0.25","1","0","0","0","100","0","75","0.1","10","2.5","2","60","1.6","0.4","20.5","6.7","16","8.21","365","14","1","0","0","299","299","183","10499","1049","2901","4357","69985","1209","4305","false","483067","166","294","749","29100","31159","17883"
"20","0.1","1","false","false","false","true","false","false","false","1","1","1","0.25","1","0","0","0","100","0","75","0.1","10","2.5","2","60","1.6","0.4","20.5","6.7","16","8.21","365","14","1","0","0","299","299","184","10299","988","2882","4284","70332","1215","4183","false","483742","166","297","752","29206","31245","17941"
"20","0.1","1","false","false","false","true","false","false","false","1","1","1","0.25","1","0","0","0","100","0","75","0.1","10","2.5","2","60","1.6","0.4","20.5","6.7","16","8.21","365","14","1","0","0","299","299","185","10076","967","2842","4185","70707","1223","4141","false","484774","168","299","756","29315","31362","17986"
"20","0.1","1","false","false","false","true","false","false","false","1","1","1","0.25","1","0","0","0","100","0","75","0.1","10","2.5","2","60","1.6","0.4","20.5","6.7","16","8.21","365","14","1","0","0","299","299","186","9875","936","2781","4109","71070","1229","4054","false","485134","168","300","761","29424","31468","18029"
"20","0.1","1","false","false","false","true","false","false","false","1","1","1","0.25","1","0","0","0","100","0","75","0.1","10","2.5","2","60","1.6","0.4","20.5","6.7","16","8.21","365","14","1","0","0","299","299","187","9661","935","2743","4009","71420","1232","4006","false","485896","168","300","764","29515","31563","18084"
"20","0.1","1","false","false","false","true","false","false","false","1","1","1","0.25","1","0","0","0","100","0","75","0.1","10","2.5","2","60","1.6","0.4","20.5","6.7","16","8.21","365","14","1","0","0","299","299","188","9461","881","2648","3989","71787","1234","3876","false","486306","168","301","765","29598","31651","18134"
"20","0.1","1","false","false","false","true","false","false","false","1","1","1","0.25","1","0","0","0","100","0","75","0.1","10","2.5","2","60","1.6","0.4","20.5","6.7","16","8.21","365","14","1","0","0","299","299","189","9265","868","2591","3919","72118","1239","3769","false","487345","168","301","770","29680","31737","18177"
"20","0.1","1","false","false","false","true","false","false","false","1","1","1","0.25","1","0","0","0","100","0","75","0.1","10","2.5","2","60","1.6","0.4","20.5","6.7","16","8.21","365","14","1","0","0","299","299","190","9056","843","2538","3893","72420","1250","3646","false","488194","170","303","777","29763","31822","18224"
"20","0.1","1","false","false","false","true","false","false","false","1","1","1","0.25","1","0","0","0","100","0","75","0.1","10","2.5","2","60","1.6","0.4","20.5","6.7","16","8.21","365","14","1","0","0","299","299","191","8885","816","2490","3815","72739","1255","3553","false","489227","170","306","779","29841","31913","18269"
"20","0.1","1","false","false","false","true","false","false","false","1","1","1","0.25","1","0","0","0","100","0","75","0.1","10","2.5","2","60","1.6","0.4","20.5","6.7","16","8.21","365","14","1","0","0","299","299","192","8673","826","2451","3732","73057","1261","3521","false","490110","170","307","784","29942","32002","18318"
"20","0.1","1","false","false","false","true","false","false","false","1","1","1","0.25","1","0","0","0","100","0","75","0.1","10","2.5","2","60","1.6","0.4","20.5","6.7","16","8.21","365","14","1","0","0","299","299","193","8484","822","2391","3684","73352","1267","3518","false","490407","171","309","787","30021","32069","18364"
"20","0.1","1","false","false","false","true","false","false","false","1","1","1","0.25","1","0","0","0","100","0","75","0.1","10","2.5","2","60","1.6","0.4","20.5","6.7","16","8.21","365","14","1","0","0","299","299","194","8324","791","2343","3576","73692","1274","3419","false","490415","172","313","789","30108","32150","18407"
"20","0.1","1","false","false","false","true","false","false","false","1","1","1","0.25","1","0","0","0","100","0","75","0.1","10","2.5","2","60","1.6","0.4","20.5","6.7","16","8.21","365","14","1","0","0","299","299","195","8164","769","2301","3492","73994","1280","3422","false","491356","173","317","790","30166","32231","18448"
"20","0.1","1","false","false","false","true","false","false","false","1","1","1","0.25","1","0","0","0","100","0","75","0.1","10","2.5","2","60","1.6","0.4","20.5","6.7","16","8.21","365","14","1","0","0","299","299","196","8007","744","2271","3425","74263","1290","3323","false","491442","174","320","796","30242","32308","18485"
"20","0.1","1","false","false","false","true","false","false","false","1","1","1","0.25","1","0","0","0","100","0","75","0.1","10","2.5","2","60","1.6","0.4","20.5","6.7","16","8.21","365","14","1","0","0","299","299","197","7844","729","2205","3380","74545","1297","3248","false","492192","174","321","802","30299","32384","18521"
"20","0.1","1","false","false","false","true","false","false","false","1","1","1","0.25","1","0","0","0","100","0","75","0.1","10","2.5","2","60","1.6","0.4","20.5","6.7","16","8.21","365","14","1","0","0","299","299","198","7669","739","2173","3287","74833","1299","3175","false","492789","175","321","803","30364","32448","18552"
"20","0.1","1","false","false","false","true","false","false","false","1","1","1","0.25","1","0","0","0","100","0","75","0.1","10","2.5","2","60","1.6","0.4","20.5","6.7","16","8.21","365","14","1","0","0","299","299","199","7532","714","2132","3182","75136","1304","3113","false","493492","176","321","807","30425","32521","18593"
"20","0.1","1","false","false","false","true","false","false","false","1","1","1","0.25","1","0","0","0","100","0","75","0.1","10","2.5","2","60","1.6","0.4","20.5","6.7","16","8.21","365","14","1","0","0","299","299","200","7394","672","2092","3098","75435","1309","3049","false","494065","178","322","809","30491","32597","18632"
"20","0.1","1","false","false","false","true","false","false","false","1","1","1","0.25","1","0","0","0","100","0","75","0.1","10","2.5","2","60","1.6","0.4","20.5","6.7","16","8.21","365","14","1","0","0","299","299","201","7226","671","2052","3030","75707","1314","2976","false","494619","179","322","813","30550","32664","18676"
"20","0.1","1","false","false","false","true","false","false","false","1","1","1","0.25","1","0","0","0","100","0","75","0.1","10","2.5","2","60","1.6","0.4","20.5","6.7","16","8.21","365","14","1","0","0","299","299","202","7063","677","2026","2942","75970","1322","2956","false","495252","180","324","818","30613","32729","18726"
"20","0.1","1","false","false","false","true","false","false","false","1","1","1","0.25","1","0","0","0","100","0","75","0.1","10","2.5","2","60","1.6","0.4","20.5","6.7","16","8.21","365","14","1","0","0","299","299","203","6916","665","1970","2865","76256","1328","2882","false","495354","181","326","821","30674","32802","18767"
"20","0.1","1","false","false","false","true","false","false","false","1","1","1","0.25","1","0","0","0","100","0","75","0.1","10","2.5","2","60","1.6","0.4","20.5","6.7","16","8.21","365","14","1","0","0","299","299","204","6788","642","1915","2797","76526","1332","2821","false","495921","182","327","823","30720","32874","18799"
"20","0.1","1","false","false","false","true","false","false","false","1","1","1","0.25","1","0","0","0","100","0","75","0.1","10","2.5","2","60","1.6","0.4","20.5","6.7","16","8.21","365","14","1","0","0","299","299","205","6659","599","1864","2774","76764","1340","2688","false","496432","184","328","828","30775","32931","18831"
"20","0.1","1","false","false","false","true","false","false","false","1","1","1","0.25","1","0","0","0","100","0","75","0.1","10","2.5","2","60","1.6","0.4","20.5","6.7","16","8.21","365","14","1","0","0","299","299","206","6514","605","1806","2697","77035","1343","2612","false","497312","184","329","830","30824","32988","18871"
"20","0.1","1","false","false","false","true","false","false","false","1","1","1","0.25","1","0","0","0","100","0","75","0.1","10","2.5","2","60","1.6","0.4","20.5","6.7","16","8.21","365","14","1","0","0","299","299","207","6375","589","1765","2654","77271","1346","2564","false","497966","184","330","832","30883","33053","18909"
"20","0.1","1","false","false","false","true","false","false","false","1","1","1","0.25","1","0","0","0","100","0","75","0.1","10","2.5","2","60","1.6","0.4","20.5","6.7","16","8.21","365","14","1","0","0","299","299","208","6231","588","1757","2590","77486","1348","2524","false","498368","185","330","833","30934","33114","18958"
"20","0.1","1","false","false","false","true","false","false","false","1","1","1","0.25","1","0","0","0","100","0","75","0.1","10","2.5","2","60","1.6","0.4","20.5","6.7","16","8.21","365","14","1","0","0","299","299","209","6086","594","1707","2523","77739","1351","2465","false","498764","185","330","836","30995","33174","18990"
"20","0.1","1","false","false","false","true","false","false","false","1","1","1","0.25","1","0","0","0","100","0","75","0.1","10","2.5","2","60","1.6","0.4","20.5","6.7","16","8.21","365","14","1","0","0","299","299","210","5955","580","1668","2480","77958","1359","2409","false","499224","186","333","840","31048","33232","19025"
"20","0.1","1","false","false","false","true","false","false","false","1","1","1","0.25","1","0","0","0","100","0","75","0.1","10","2.5","2","60","1.6","0.4","20.5","6.7","16","8.21","365","14","1","0","0","299","299","211","5821","589","1621","2401","78206","1362","2362","false","499752","186","334","842","31085","33298","19055"
"20","0.1","1","false","false","false","true","false","false","false","1","1","1","0.25","1","0","0","0","100","0","75","0.1","10","2.5","2","60","1.6","0.4","20.5","6.7","16","8.21","365","14","1","0","0","299","299","212","5688","583","1577","2370","78416","1366","2280","false","500231","188","334","844","31136","33342","19084"
"20","0.1","1","false","false","false","true","false","false","false","1","1","1","0.25","1","0","0","0","100","0","75","0.1","10","2.5","2","60","1.6","0.4","20.5","6.7","16","8.21","365","14","1","0","0","299","299","213","5563","574","1521","2355","78615","1372","2224","false","500879","190","336","846","31174","33399","19114"
"20","0.1","1","false","false","false","true","false","false","false","1","1","1","0.25","1","0","0","0","100","0","75","0.1","10","2.5","2","60","1.6","0.4","20.5","6.7","16","8.21","365","14","1","0","0","299","299","214","5436","566","1481","2303","78839","1375","2200","false","501286","191","336","848","31218","33461","19139"
"20","0.1","1","false","false","false","true","false","false","false","1","1","1","0.25","1","0","0","0","100","0","75","0.1","10","2.5","2","60","1.6","0.4","20.5","6.7","16","8.21","365","14","1","0","0","299","299","215","5294","574","1468","2264","79024","1376","2172","false","501501","191","336","849","31271","33517","19166"
"20","0.1","1","false","false","false","true","false","false","false","1","1","1","0.25","1","0","0","0","100","0","75","0.1","10","2.5","2","60","1.6","0.4","20.5","6.7","16","8.21","365","14","1","0","0","299","299","216","5195","548","1432","2212","79234","1379","2185","false","501704","191","336","852","31321","33576","19185"
"20","0.1","1","false","false","false","true","false","false","false","1","1","1","0.25","1","0","0","0","100","0","75","0.1","10","2.5","2","60","1.6","0.4","20.5","6.7","16","8.21","365","14","1","0","0","299","299","217","5075","550","1429","2160","79407","1379","2160","false","501630","191","336","852","31374","33633","19206"
"20","0.1","1","false","false","false","true","false","false","false","1","1","1","0.25","1","0","0","0","100","0","75","0.1","10","2.5","2","60","1.6","0.4","20.5","6.7","16","8.21","365","14","1","0","0","299","299","218","4953","542","1410","2125","79586","1384","2162","false","501837","192","338","854","31438","33680","19240"
"20","0.1","1","false","false","false","true","false","false","false","1","1","1","0.25","1","0","0","0","100","0","75","0.1","10","2.5","2","60","1.6","0.4","20.5","6.7","16","8.21","365","14","1","0","0","299","299","219","4849","529","1385","2081","79770","1386","2127","false","501858","192","338","856","31481","33726","19273"
"20","0.1","1","false","false","false","true","false","false","false","1","1","1","0.25","1","0","0","0","100","0","75","0.1","10","2.5","2","60","1.6","0.4","20.5","6.7","16","8.21","365","14","1","0","0","299","299","220","4754","489","1366","2065","79939","1387","2073","false","502179","192","338","857","31524","33776","19304"
"20","0.1","1","false","false","false","true","false","false","false","1","1","1","0.25","1","0","0","0","100","0","75","0.1","10","2.5","2","60","1.6","0.4","20.5","6.7","16","8.21","365","14","1","0","0","299","299","221","4644","481","1343","2041","80100","1391","2066","false","502622","193","339","859","31565","33823","19329"
"20","0.1","1","false","false","false","true","false","false","false","1","1","1","0.25","1","0","0","0","100","0","75","0.1","10","2.5","2","60","1.6","0.4","20.5","6.7","16","8.21","365","14","1","0","0","299","299","222","4523","483","1318","2031","80252","1393","2090","false","502706","193","339","861","31605","33870","19361"
"20","0.1","1","false","false","false","true","false","false","false","1","1","1","0.25","1","0","0","0","100","0","75","0.1","10","2.5","2","60","1.6","0.4","20.5","6.7","16","8.21","365","14","1","0","0","299","299","223","4442","449","1301","1988","80427","1393","2042","false","502575","193","339","861","31654","33917","19386"
"20","0.1","1","false","false","false","true","false","false","false","1","1","1","0.25","1","0","0","0","100","0","75","0.1","10","2.5","2","60","1.6","0.4","20.5","6.7","16","8.21","365","14","1","0","0","299","299","224","4349","439","1270","1933","80610","1399","1992","false","503018","193","341","865","31699","33958","19414"
"20","0.1","1","false","false","false","true","false","false","false","1","1","1","0.25","1","0","0","0","100","0","75","0.1","10","2.5","2","60","1.6","0.4","20.5","6.7","16","8.21","365","14","1","0","0","299","299","225","4242","447","1250","1895","80766","1400","1986","false","503381","193","341","866","31732","34002","19439"
"20","0.1","1","false","false","false","true","false","false","false","1","1","1","0.25","1","0","0","0","100","0","75","0.1","10","2.5","2","60","1.6","0.4","20.5","6.7","16","8.21","365","14","1","0","0","299","299","226","4150","419","1242","1869","80918","1402","1978","false","503480","193","341","868","31772","34045","19467"
"20","0.1","1","false","false","false","true","false","false","false","1","1","1","0.25","1","0","0","0","100","0","75","0.1","10","2.5","2","60","1.6","0.4","20.5","6.7","16","8.21","365","14","1","0","0","299","299","227","4070","397","1238","1836","81056","1403","1905","false","503584","193","341","869","31802","34097","19490"
"20","0.1","1","false","false","false","true","false","false","false","1","1","1","0.25","1","0","0","0","100","0","75","0.1","10","2.5","2","60","1.6","0.4","20.5","6.7","16","8.21","365","14","1","0","0","299","299","228","3979","385","1218","1803","81210","1405","1870","false","504252","193","341","871","31843","34133","19525"
"20","0.1","1","false","false","false","true","false","false","false","1","1","1","0.25","1","0","0","0","100","0","75","0.1","10","2.5","2","60","1.6","0.4","20.5","6.7","16","8.21","365","14","1","0","0","299","299","229","3874","402","1196","1745","81373","1410","1824","false","504515","193","344","873","31887","34164","19546"
"20","0.1","1","false","false","false","true","false","false","false","1","1","1","0.25","1","0","0","0","100","0","75","0.1","10","2.5","2","60","1.6","0.4","20.5","6.7","16","8.21","365","14","1","0","0","299","299","230","3781","404","1183","1698","81522","1412","1756","false","504881","193","344","875","31924","34205","19563"
"20","0.1","1","false","false","false","true","false","false","false","1","1","1","0.25","1","0","0","0","100","0","75","0.1","10","2.5","2","60","1.6","0.4","20.5","6.7","16","8.21","365","14","1","0","0","299","299","231","3677","424","1149","1630","81706","1414","1739","false","505441","193","344","877","31954","34251","19582"
"20","0.1","1","false","false","false","true","false","false","false","1","1","1","0.25","1","0","0","0","100","0","75","0.1","10","2.5","2","60","1.6","0.4","20.5","6.7","16","8.21","365","14","1","0","0","299","299","232","3590","425","1123","1586","81861","1415","1696","false","505637","193","344","878","31994","34292","19600"
"20","0.1","1","false","false","false","true","false","false","false","1","1","1","0.25","1","0","0","0","100","0","75","0.1","10","2.5","2","60","1.6","0.4","20.5","6.7","16","8.21","365","14","1","0","0","299","299","233","3503","413","1112","1552","82003","1417","1657","false","506072","194","345","878","32029","34332","19618"
"20","0.1","1","false","false","false","true","false","false","false","1","1","1","0.25","1","0","0","0","100","0","75","0.1","10","2.5","2","60","1.6","0.4","20.5","6.7","16","8.21","365","14","1","0","0","299","299","234","3407","414","1087","1530","82142","1420","1644","false","506364","194","345","881","32066","34379","19638"
"20","0.1","1","false","false","false","true","false","false","false","1","1","1","0.25","1","0","0","0","100","0","75","0.1","10","2.5","2","60","1.6","0.4","20.5","6.7","16","8.21","365","14","1","0","0","299","299","235","3315","415","1068","1510","82270","1422","1632","false","506520","194","345","883","32093","34419","19662"
"20","0.1","1","false","false","false","true","false","false","false","1","1","1","0.25","1","0","0","0","100","0","75","0.1","10","2.5","2","60","1.6","0.4","20.5","6.7","16","8.21","365","14","1","0","0","299","299","236","3230","389","1032","1511","82413","1425","1626","false","506609","194","345","886","32125","34454","19685"
"20","0.1","1","false","false","false","true","false","false","false","1","1","1","0.25","1","0","0","0","100","0","75","0.1","10","2.5","2","60","1.6","0.4","20.5","6.7","16","8.21","365","14","1","0","0","299","299","237","3138","384","1012","1516","82525","1425","1588","false","506696","194","345","886","32163","34489","19707"
"20","0.1","1","false","false","false","true","false","false","false","1","1","1","0.25","1","0","0","0","100","0","75","0.1","10","2.5","2","60","1.6","0.4","20.5","6.7","16","8.21","365","14","1","0","0","299","299","238","3068","354","987","1496","82667","1428","1533","false","506976","194","345","889","32201","34527","19730"
"20","0.1","1","false","false","false","true","false","false","false","1","1","1","0.25","1","0","0","0","100","0","75","0.1","10","2.5","2","60","1.6","0.4","20.5","6.7","16","8.21","365","14","1","0","0","299","299","239","2985","362","968","1456","82797","1432","1508","false","507422","195","346","891","32233","34569","19745"
"20","0.1","1","false","false","false","true","false","false","false","1","1","1","0.25","1","0","0","0","100","0","75","0.1","10","2.5","2","60","1.6","0.4","20.5","6.7","16","8.21","365","14","1","0","0","299","299","240","2902","356","961","1435","82912","1434","1521","false","507581","195","346","893","32268","34607","19769"
"20","0.1","1","false","false","false","true","false","false","false","1","1","1","0.25","1","0","0","0","100","0","75","0.1","10","2.5","2","60","1.6","0.4","20.5","6.7","16","8.21","365","14","1","0","0","299","299","241","2808","362","945","1406","83044","1435","1505","false","507555","196","346","893","32306","34645","19794"
"20","0.1","1","false","false","false","true","false","false","false","1","1","1","0.25","1","0","0","0","100","0","75","0.1","10","2.5","2","60","1.6","0.4","20.5","6.7","16","8.21","365","14","1","0","0","299","299","242","2737","340","918","1416","83154","1435","1469","false","507710","196","346","893","32340","34684","19813"
"20","0.1","1","false","false","false","true","false","false","false","1","1","1","0.25","1","0","0","0","100","0","75","0.1","10","2.5","2","60","1.6","0.4","20.5","6.7","16","8.21","365","14","1","0","0","299","299","243","2658","354","898","1391","83262","1437","1415","false","508005","196","348","893","32355","34714","19833"
"20","0.1","1","false","false","false","true","false","false","false","1","1","1","0.25","1","0","0","0","100","0","75","0.1","10","2.5","2","60","1.6","0.4","20.5","6.7","16","8.21","365","14","1","0","0","299","299","244","2582","348","890","1378","83362","1440","1371","false","508456","196","348","896","32381","34744","19851"
"20","0.1","1","false","false","false","true","false","false","false","1","1","1","0.25","1","0","0","0","100","0","75","0.1","10","2.5","2","60","1.6","0.4","20.5","6.7","16","8.21","365","14","1","0","0","299","299","245","2506","342","854","1374","83483","1441","1331","false","508757","196","348","897","32402","34771","19871"
"20","0.1","1","false","false","false","true","false","false","false","1","1","1","0.25","1","0","0","0","100","0","75","0.1","10","2.5","2","60","1.6","0.4","20.5","6.7","16","8.21","365","14","1","0","0","299","299","246","2429","334","838","1358","83599","1442","1277","false","509074","196","349","897","32430","34808","19891"
"20","0.1","1","false","false","false","true","false","false","false","1","1","1","0.25","1","0","0","0","100","0","75","0.1","10","2.5","2","60","1.6","0.4","20.5","6.7","16","8.21","365","14","1","0","0","299","299","247","2359","325","821","1352","83701","1442","1262","false","509505","196","349","897","32457","34838","19912"
"20","0.1","1","false","false","false","true","false","false","false","1","1","1","0.25","1","0","0","0","100","0","75","0.1","10","2.5","2","60","1.6","0.4","20.5","6.7","16","8.21","365","14","1","0","0","299","299","248","2292","314","825","1314","83812","1443","1265","false","509623","196","350","897","32497","34876","19926"
"20","0.1","1","false","false","false","true","false","false","false","1","1","1","0.25","1","0","0","0","100","0","75","0.1","10","2.5","2","60","1.6","0.4","20.5","6.7","16","8.21","365","14","1","0","0","299","299","249","2216","327","813","1286","83912","1446","1243","false","509626","198","350","898","32517","34906","19945"
"20","0.1","1","false","false","false","true","false","false","false","1","1","1","0.25","1","0","0","0","100","0","75","0.1","10","2.5","2","60","1.6","0.4","20.5","6.7","16","8.21","365","14","1","0","0","299","299","250","2142","332","796","1251","84030","1449","1204","false","509822","198","350","901","32542","34945","19961"
"20","0.1","1","false","false","false","true","false","false","false","1","1","1","0.25","1","0","0","0","100","0","75","0.1","10","2.5","2","60","1.6","0.4","20.5","6.7","16","8.21","365","14","1","0","0","299","299","251","2092","302","790","1255","84110","1451","1190","false","510129","198","350","903","32579","34975","19976"
"20","0.1","1","false","false","false","true","false","false","false","1","1","1","0.25","1","0","0","0","100","0","75","0.1","10","2.5","2","60","1.6","0.4","20.5","6.7","16","8.21","365","14","1","0","0","299","299","252","2033","286","773","1245","84212","1451","1160","false","510292","198","350","903","32611","35002","19989"
"20","0.1","1","false","false","false","true","false","false","false","1","1","1","0.25","1","0","0","0","100","0","75","0.1","10","2.5","2","60","1.6","0.4","20.5","6.7","16","8.21","365","14","1","0","0","299","299","253","1973","267","751","1237","84316","1456","1117","false","510519","198","350","908","32630","35033","20009"
"20","0.1","1","false","false","false","true","false","false","false","1","1","1","0.25","1","0","0","0","100","0","75","0.1","10","2.5","2","60","1.6","0.4","20.5","6.7","16","8.21","365","14","1","0","0","299","299","254","1897","281","745","1211","84410","1456","1089","false","510867","198","350","908","32651","35067","20015"
"20","0.1","1","false","false","false","true","false","false","false","1","1","1","0.25","1","0","0","0","100","0","75","0.1","10","2.5","2","60","1.6","0.4","20.5","6.7","16","8.21","365","14","1","0","0","299","299","255","1833","280","732","1196","84503","1456","1051","false","511099","198","350","908","32689","35089","20025"
"20","0.1","1","false","false","false","true","false","false","false","1","1","1","0.25","1","0","0","0","100","0","75","0.1","10","2.5","2","60","1.6","0.4","20.5","6.7","16","8.21","365","14","1","0","0","299","299","256","1777","271","722","1175","84598","1457","1043","false","511451","199","350","908","32718","35112","20041"
"20","0.1","1","false","false","false","true","false","false","false","1","1","1","0.25","1","0","0","0","100","0","75","0.1","10","2.5","2","60","1.6","0.4","20.5","6.7","16","8.21","365","14","1","0","0","299","299","257","1722","269","712","1143","84695","1459","1082","false","511540","199","350","910","32742","35142","20052"
"20","0.1","1","false","false","false","true","false","false","false","1","1","1","0.25","1","0","0","0","100","0","75","0.1","10","2.5","2","60","1.6","0.4","20.5","6.7","16","8.21","365","14","1","0","0","299","299","258","1672","261","686","1127","84794","1460","1053","false","511281","199","350","911","32768","35159","20064"
"20","0.1","1","false","false","false","true","false","false","false","1","1","1","0.25","1","0","0","0","100","0","75","0.1","10","2.5","2","60","1.6","0.4","20.5","6.7","16","8.21","365","14","1","0","0","299","299","259","1620","243","676","1125","84875","1461","1046","false","511510","199","350","912","32794","35190","20083"
"20","0.1","1","false","false","false","true","false","false","false","1","1","1","0.25","1","0","0","0","100","0","75","0.1","10","2.5","2","60","1.6","0.4","20.5","6.7","16","8.21","365","14","1","0","0","299","299","260","1559","245","654","1103","84977","1462","1038","false","511641","199","350","913","32814","35215","20093"
"20","0.1","1","false","false","false","true","false","false","false","1","1","1","0.25","1","0","0","0","100","0","75","0.1","10","2.5","2","60","1.6","0.4","20.5","6.7","16","8.21","365","14","1","0","0","299","299","261","1514","222","636","1095","85068","1465","985","false","511696","200","351","914","32838","35241","20099"
"20","0.1","1","false","false","false","true","false","false","false","1","1","1","0.25","1","0","0","0","100","0","75","0.1","10","2.5","2","60","1.6","0.4","20.5","6.7","16","8.21","365","14","1","0","0","299","299","262","1455","227","634","1052","85166","1466","978","false","512093","200","351","915","32862","35270","20117"
"20","0.1","1","false","false","false","true","false","false","false","1","1","1","0.25","1","0","0","0","100","0","75","0.1","10","2.5","2","60","1.6","0.4","20.5","6.7","16","8.21","365","14","1","0","0","299","299","263","1394","238","622","1024","85256","1466","993","false","512221","200","351","915","32880","35302","20126"
"20","0.1","1","false","false","false","true","false","false","false","1","1","1","0.25","1","0","0","0","100","0","75","0.1","10","2.5","2","60","1.6","0.4","20.5","6.7","16","8.21","365","14","1","0","0","299","299","264","1334","247","607","978","85368","1466","969","false","512128","200","351","915","32897","35326","20141"
"20","0.1","1","false","false","false","true","false","false","false","1","1","1","0.25","1","0","0","0","100","0","75","0.1","10","2.5","2","60","1.6","0.4","20.5","6.7","16","8.21","365","14","1","0","0","299","299","265","1296","219","593","976","85449","1467","924","false","512373","200","351","916","32911","35351","20160"
"20","0.1","1","false","false","false","true","false","false","false","1","1","1","0.25","1","0","0","0","100","0","75","0.1","10","2.5","2","60","1.6","0.4","20.5","6.7","16","8.21","365","14","1","0","0","299","299","266","1253","210","582","945","85541","1469","919","false","512659","201","351","917","32926","35372","20170"
"20","0.1","1","false","false","false","true","false","false","false","1","1","1","0.25","1","0","0","0","100","0","75","0.1","10","2.5","2","60","1.6","0.4","20.5","6.7","16","8.21","365","14","1","0","0","299","299","267","1220","190","568","931","85618","1473","890","false","512741","201","351","921","32949","35395","20178"
"20","0.1","1","false","false","false","true","false","false","false","1","1","1","0.25","1","0","0","0","100","0","75","0.1","10","2.5","2","60","1.6","0.4","20.5","6.7","16","8.21","365","14","1","0","0","299","299","268","1185","171","570","919","85682","1473","862","false","512923","201","351","921","32965","35421","20191"
"20","0.1","1","false","false","false","true","false","false","false","1","1","1","0.25","1","0","0","0","100","0","75","0.1","10","2.5","2","60","1.6","0.4","20.5","6.7","16","8.21","365","14","1","0","0","299","299","269","1137","173","562","897","85757","1474","829","false","513149","201","351","922","32979","35443","20201"
"20","0.1","1","false","false","false","true","false","false","false","1","1","1","0.25","1","0","0","0","100","0","75","0.1","10","2.5","2","60","1.6","0.4","20.5","6.7","16","8.21","365","14","1","0","0","299","299","270","1080","186","556","874","85830","1474","815","false","513415","201","351","922","32999","35465","20211"
"20","0.1","1","false","false","false","true","false","false","false","1","1","1","0.25","1","0","0","0","100","0","75","0.1","10","2.5","2","60","1.6","0.4","20.5","6.7","16","8.21","365","14","1","0","0","299","299","271","1034","191","553","843","85905","1474","799","false","513628","201","351","922","33024","35481","20220"
"20","0.1","1","false","false","false","true","false","false","false","1","1","1","0.25","1","0","0","0","100","0","75","0.1","10","2.5","2","60","1.6","0.4","20.5","6.7","16","8.21","365","14","1","0","0","299","299","272","987","192","547","828","85972","1474","789","false","513778","201","351","922","33037","35495","20235"
"20","0.1","1","false","false","false","true","false","false","false","1","1","1","0.25","1","0","0","0","100","0","75","0.1","10","2.5","2","60","1.6","0.4","20.5","6.7","16","8.21","365","14","1","0","0","299","299","273","947","186","539","814","86038","1476","790","false","513857","201","351","924","33054","35511","20245"
"20","0.1","1","false","false","false","true","false","false","false","1","1","1","0.25","1","0","0","0","100","0","75","0.1","10","2.5","2","60","1.6","0.4","20.5","6.7","16","8.21","365","14","1","0","0","299","299","274","913","172","536","803","86100","1476","755","false","513823","201","351","924","33074","35524","20257"
"20","0.1","1","false","false","false","true","false","false","false","1","1","1","0.25","1","0","0","0","100","0","75","0.1","10","2.5","2","60","1.6","0.4","20.5","6.7","16","8.21","365","14","1","0","0","299","299","275","884","157","543","789","86150","1477","725","false","514133","201","351","925","33096","35543","20272"
"20","0.1","1","false","false","false","true","false","false","false","1","1","1","0.25","1","0","0","0","100","0","75","0.1","10","2.5","2","60","1.6","0.4","20.5","6.7","16","8.21","365","14","1","0","0","299","299","276","847","150","533","770","86220","1480","681","false","514332","203","352","925","33105","35564","20287"
"20","0.1","1","false","false","false","true","false","false","false","1","1","1","0.25","1","0","0","0","100","0","75","0.1","10","2.5","2","60","1.6","0.4","20.5","6.7","16","8.21","365","14","1","0","0","299","299","277","813","148","521","756","86280","1482","647","false","514697","203","352","927","33121","35576","20296"
"20","0.1","1","false","false","false","true","false","false","false","1","1","1","0.25","1","0","0","0","100","0","75","0.1","10","2.5","2","60","1.6","0.4","20.5","6.7","16","8.21","365","14","1","0","0","299","299","278","769","156","503","743","86345","1484","661","false","515010","204","352","928","33136","35583","20305"
"20","0.1","1","false","false","false","true","false","false","false","1","1","1","0.25","1","0","0","0","100","0","75","0.1","10","2.5","2","60","1.6","0.4","20.5","6.7","16","8.21","365","14","1","0","0","299","299","279","729","160","485","724","86418","1484","656","false","514858","204","352","928","33150","35597","20313"
"20","0.1","1","false","false","false","true","false","false","false","1","1","1","0.25","1","0","0","0","100","0","75","0.1","10","2.5","2","60","1.6","0.4","20.5","6.7","16","8.21","365","14","1","0","0","299","299","280","698","153","476","691","86497","1485","641","false","514885","205","352","928","33170","35612","20328"
"20","0.1","1","false","false","false","true","false","false","false","1","1","1","0.25","1","0","0","0","100","0","75","0.1","10","2.5","2","60","1.6","0.4","20.5","6.7","16","8.21","365","14","1","0","0","299","299","281","664","140","462","695","86553","1486","629","false","514963","205","352","929","33182","35630","20341"
"20","0.1","1","false","false","false","true","false","false","false","1","1","1","0.25","1","0","0","0","100","0","75","0.1","10","2.5","2","60","1.6","0.4","20.5","6.7","16","8.21","365","14","1","0","0","299","299","282","638","130","449","686","86610","1487","614","false","515086","205","352","930","33196","35643","20351"
"20","0.1","1","false","false","false","true","false","false","false","1","1","1","0.25","1","0","0","0","100","0","75","0.1","10","2.5","2","60","1.6","0.4","20.5","6.7","16","8.21","365","14","1","0","0","299","299","283","626","121","445","659","86661","1488","568","false","515205","205","352","931","33205","35652","20359"
"20","0.1","1","false","false","false","true","false","false","false","1","1","1","0.25","1","0","0","0","100","0","75","0.1","10","2.5","2","60","1.6","0.4","20.5","6.7","16","8.21","365","14","1","0","0","299","299","284","598","118","441","646","86709","1488","528","false","515605","205","352","931","33214","35670","20366"
"20","0.1","1","false","false","false","true","false","false","false","1","1","1","0.25","1","0","0","0","100","0","75","0.1","10","2.5","2","60","1.6","0.4","20.5","6.7","16","8.21","365","14","1","0","0","299","299","285","564","127","429","619","86773","1488","505","false","515920","205","352","931","33219","35684","20373"
"20","0.1","1","false","false","false","true","false","false","false","1","1","1","0.25","1","0","0","0","100","0","75","0.1","10","2.5","2","60","1.6","0.4","20.5","6.7","16","8.21","365","14","1","0","0","299","299","286","544","114","417","611","86826","1488","491","false","516107","205","352","931","33238","35694","20381"
"20","0.1","1","false","false","false","true","false","false","false","1","1","1","0.25","1","0","0","0","100","0","75","0.1","10","2.5","2","60","1.6","0.4","20.5","6.7","16","8.21","365","14","1","0","0","299","299","287","522","103","397","612","86877","1489","458","false","516216","205","352","932","33247","35706","20392"
"20","0.1","1","false","false","false","true","false","false","false","1","1","1","0.25","1","0","0","0","100","0","75","0.1","10","2.5","2","60","1.6","0.4","20.5","6.7","16","8.21","365","14","1","0","0","299","299","288","506","90","379","595","86940","1490","439","false","516489","205","352","933","33255","35721","20399"
"20","0.1","1","false","false","false","true","false","false","false","1","1","1","0.25","1","0","0","0","100","0","75","0.1","10","2.5","2","60","1.6","0.4","20.5","6.7","16","8.21","365","14","1","0","0","299","299","289","484","99","359","567","86999","1492","420","false","516650","206","352","934","33261","35728","20406"
"20","0.1","1","false","false","false","true","false","false","false","1","1","1","0.25","1","0","0","0","100","0","75","0.1","10","2.5","2","60","1.6","0.4","20.5","6.7","16","8.21","365","14","1","0","0","299","299","290","453","104","351","544","87056","1492","406","false","516807","206","352","934","33272","35737","20413"
"20","0.1","1","false","false","false","true","false","false","false","1","1","1","0.25","1","0","0","0","100","0","75","0.1","10","2.5","2","60","1.6","0.4","20.5","6.7","16","8.21","365","14","1","0","0","299","299","291","435","94","329","536","87113","1493","388","false","516973","206","352","935","33281","35746","20418"
"20","0.1","1","false","false","false","true","false","false","false","1","1","1","0.25","1","0","0","0","100","0","75","0.1","10","2.5","2","60","1.6","0.4","20.5","6.7","16","8.21","365","14","1","0","0","299","299","292","419","88","303","515","87182","1493","359","false","517092","206","352","935","33289","35753","20420"
"20","0.1","1","false","false","false","true","false","false","false","1","1","1","0.25","1","0","0","0","100","0","75","0.1","10","2.5","2","60","1.6","0.4","20.5","6.7","16","8.21","365","14","1","0","0","299","299","293","394","97","290","493","87233","1493","339","false","517352","206","352","935","33296","35761","20425"
"20","0.1","1","false","false","false","true","false","false","false","1","1","1","0.25","1","0","0","0","100","0","75","0.1","10","2.5","2","60","1.6","0.4","20.5","6.7","16","8.21","365","14","1","0","0","299","299","294","375","91","283","475","87282","1494","330","false","517581","206","352","936","33303","35770","20433"
"20","0.1","1","false","false","false","true","false","false","false","1","1","1","0.25","1","0","0","0","100","0","75","0.1","10","2.5","2","60","1.6","0.4","20.5","6.7","16","8.21","365","14","1","0","0","299","299","295","359","81","275","474","87316","1495","309","false","517652","206","352","937","33312","35781","20440"
"20","0.1","1","false","false","false","true","false","false","false","1","1","1","0.25","1","0","0","0","100","0","75","0.1","10","2.5","2","60","1.6","0.4","20.5","6.7","16","8.21","365","14","1","0","0","299","299","296","337","86","270","445","87367","1495","293","false","517809","206","352","937","33317","35786","20444"
"20","0.1","1","false","false","false","true","false","false","false","1","1","1","0.25","1","0","0","0","100","0","75","0.1","10","2.5","2","60","1.6","0.4","20.5","6.7","16","8.21","365","14","1","0","0","299","299","297","326","75","264","426","87414","1495","266","false","517943","206","352","937","33328","35794","20450"
"20","0.1","1","false","false","false","true","false","false","false","1","1","1","0.25","1","0","0","0","100","0","75","0.1","10","2.5","2","60","1.6","0.4","20.5","6.7","16","8.21","365","14","1","0","0","299","299","298","301","81","264","415","87444","1495","284","false","518177","206","352","937","33335","35805","20455"
"20","0.1","1","false","false","false","true","false","false","false","1","1","1","0.25","1","0","0","0","100","0","75","0.1","10","2.5","2","60","1.6","0.4","20.5","6.7","16","8.21","365","14","1","0","0","299","299","299","293","69","255","399","87489","1495","254","false","518056","206","352","937","33343","35814","20459"
"20","0.1","1","false","false","false","true","false","false","false","1","1","1","0.25","1","0","0","0","100","0","75","0.1","10","2.5","2","60","1.6","0.4","20.5","6.7","16","8.21","365","14","1","0","0","299","299","300","273","68","253","388","87522","1496","247","false","518324","206","352","938","33351","35822","20467"
"20","0.1","1","false","false","false","true","false","false","false","1","1","1","0.25","1","0","0","0","100","0","75","0.1","10","2.5","2","60","1.6","0.4","20.5","6.7","16","8.21","365","14","1","0","0","299","299","301","258","67","238","383","87558","1496","239","false","518380","206","352","938","33357","35827","20468"
"20","0.1","1","false","false","false","true","false","false","false","1","1","1","0.25","1","0","0","0","100","0","75","0.1","10","2.5","2","60","1.6","0.4","20.5","6.7","16","8.21","365","14","1","0","0","299","299","302","240","68","227","369","87600","1496","243","false","518449","206","352","938","33363","35833","20477"
"20","0.1","1","false","false","false","true","false","false","false","1","1","1","0.25","1","0","0","0","100","0","75","0.1","10","2.5","2","60","1.6","0.4","20.5","6.7","16","8.21","365","14","1","0","0","299","299","303","228","60","216","355","87645","1496","221","false","518467","206","352","938","33375","35841","20478"
"20","0.1","1","false","false","false","true","false","false","false","1","1","1","0.25","1","0","0","0","100","0","75","0.1","10","2.5","2","60","1.6","0.4","20.5","6.7","16","8.21","365","14","1","0","0","299","299","304","220","53","208","342","87681","1496","197","false","518656","206","352","938","33380","35849","20479"
"20","0.1","1","false","false","false","true","false","false","false","1","1","1","0.25","1","0","0","0","100","0","75","0.1","10","2.5","2","60","1.6","0.4","20.5","6.7","16","8.21","365","14","1","0","0","299","299","305","210","44","198","342","87709","1497","177","false","518878","206","352","939","33388","35854","20483"
"20","0.1","1","false","false","false","true","false","false","false","1","1","1","0.25","1","0","0","0","100","0","75","0.1","10","2.5","2","60","1.6","0.4","20.5","6.7","16","8.21","365","14","1","0","0","299","299","306","198","41","195","337","87732","1497","164","false","519032","206","352","939","33393","35860","20486"
"20","0.1","1","false","false","false","true","false","false","false","1","1","1","0.25","1","0","0","0","100","0","75","0.1","10","2.5","2","60","1.6","0.4","20.5","6.7","16","8.21","365","14","1","0","0","299","299","307","188","40","197","317","87761","1497","147","false","519148","206","352","939","33400","35865","20491"
"20","0.1","1","false","false","false","true","false","false","false","1","1","1","0.25","1","0","0","0","100","0","75","0.1","10","2.5","2","60","1.6","0.4","20.5","6.7","16","8.21","365","14","1","0","0","299","299","308","177","41","192","306","87787","1497","137","false","519295","206","352","939","33406","35870","20495"
"20","0.1","1","false","false","false","true","false","false","false","1","1","1","0.25","1","0","0","0","100","0","75","0.1","10","2.5","2","60","1.6","0.4","20.5","6.7","16","8.21","365","14","1","0","0","299","299","309","169","42","186","288","87818","1497","120","false","519391","206","352","939","33407","35877","20495"
"20","0.1","1","false","false","false","true","false","false","false","1","1","1","0.25","1","0","0","0","100","0","75","0.1","10","2.5","2","60","1.6","0.4","20.5","6.7","16","8.21","365","14","1","0","0","299","299","310","152","45","181","280","87845","1497","99","false","519555","206","352","939","33413","35883","20495"
"20","0.1","1","false","false","false","true","false","false","false","1","1","1","0.25","1","0","0","0","100","0","75","0.1","10","2.5","2","60","1.6","0.4","20.5","6.7","16","8.21","365","14","1","0","0","299","299","311","145","44","172","271","87871","1497","78","false","519756","206","352","939","33417","35887","20495"
"20","0.1","1","false","false","false","true","false","false","false","1","1","1","0.25","1","0","0","0","100","0","75","0.1","10","2.5","2","60","1.6","0.4","20.5","6.7","16","8.21","365","14","1","0","0","299","299","312","133","41","166","271","87891","1498","58","false","519961","206","352","940","33421","35890","20497"
"20","0.1","1","false","false","false","true","false","false","false","1","1","1","0.25","1","0","0","0","100","0","75","0.1","10","2.5","2","60","1.6","0.4","20.5","6.7","16","8.21","365","14","1","0","0","299","299","313","124","37","162","262","87916","1499","43","false","520149","206","352","941","33421","35897","20501"
"20","0.1","1","false","false","false","true","false","false","false","1","1","1","0.25","1","0","0","0","100","0","75","0.1","10","2.5","2","60","1.6","0.4","20.5","6.7","16","8.21","365","14","1","0","0","299","299","314","114","37","157","249","87944","1499","23","false","520289","206","352","941","33426","35901","20505"
"20","0.1","1","false","false","false","true","false","false","false","1","1","1","0.25","1","0","0","0","100","0","75","0.1","10","2.5","2","60","1.6","0.4","20.5","6.7","16","8.21","365","14","1","0","0","299","299","315","106","36","154","242","87962","1500","12","false","520489","207","352","941","33431","35905","20505"
"20","0.1","1","false","false","false","true","false","false","false","1","1","1","0.25","1","0","0","0","100","0","75","0.1","10","2.5","2","60","1.6","0.4","20.5","6.7","16","8.21","365","14","1","0","0","299","299","316","95","34","153","224","87994","1500","0","false","520602","207","352","941","33440","35910","20506"
"20","0.1","1","false","false","false","true","false","false","false","1","1","1","0.25","1","0","0","0","100","0","75","0.1","10","2.5","2","60","1.6","0.4","20.5","6.7","16","8.21","365","14","1","0","0","299","299","317","83","39","146","215","88017","1500","0","false","520736","207","352","941","33444","35914","20507"
"20","0.1","1","false","false","false","true","false","false","false","1","1","1","0.25","1","0","0","0","100","0","75","0.1","10","2.5","2","60","1.6","0.4","20.5","6.7","16","8.21","365","14","1","0","0","299","299","318","72","43","141","208","88036","1500","0","false","520736","207","352","941","33448","35917","20509"
"20","0.1","1","false","false","false","true","false","false","false","1","1","1","0.25","1","0","0","0","100","0","75","0.1","10","2.5","2","60","1.6","0.4","20.5","6.7","16","8.21","365","14","1","0","0","299","299","319","66","42","131","199","88061","1501","0","false","520736","207","352","942","33451","35920","20510"
"20","0.1","1","false","false","false","true","false","false","false","1","1","1","0.25","1","0","0","0","100","0","75","0.1","10","2.5","2","60","1.6","0.4","20.5","6.7","16","8.21","365","14","1","0","0","299","299","320","58","37","129","191","88084","1501","0","false","520721","207","352","942","33459","35925","20512"
"20","0.1","1","false","false","false","true","false","false","false","1","1","1","0.25","1","0","0","0","100","0","75","0.1","10","2.5","2","60","1.6","0.4","20.5","6.7","16","8.21","365","14","1","0","0","299","299","321","53","32","124","187","88103","1501","0","false","520721","207","352","942","33462","35929","20516"
"20","0.1","1","false","false","false","true","false","false","false","1","1","1","0.25","1","0","0","0","100","0","75","0.1","10","2.5","2","60","1.6","0.4","20.5","6.7","16","8.21","365","14","1","0","0","299","299","322","49","27","118","181","88123","1502","0","false","520721","207","352","943","33466","35932","20518"
"20","0.1","1","false","false","false","true","false","false","false","1","1","1","0.25","1","0","0","0","100","0","75","0.1","10","2.5","2","60","1.6","0.4","20.5","6.7","16","8.21","365","14","1","0","0","299","299","323","43","26","116","173","88140","1502","0","false","520713","207","352","943","33470","35936","20519"
"20","0.1","1","false","false","false","true","false","false","false","1","1","1","0.25","1","0","0","0","100","0","75","0.1","10","2.5","2","60","1.6","0.4","20.5","6.7","16","8.21","365","14","1","0","0","299","299","324","42","23","113","167","88153","1502","0","false","520713","207","352","943","33470","35937","20519"
"20","0.1","1","false","false","false","true","false","false","false","1","1","1","0.25","1","0","0","0","100","0","75","0.1","10","2.5","2","60","1.6","0.4","20.5","6.7","16","8.21","365","14","1","0","0","299","299","325","41","18","105","162","88172","1502","0","false","520713","207","352","943","33472","35937","20520"
"20","0.1","1","false","false","false","true","false","false","false","1","1","1","0.25","1","0","0","0","100","0","75","0.1","10","2.5","2","60","1.6","0.4","20.5","6.7","16","8.21","365","14","1","0","0","299","299","326","39","15","108","154","88181","1503","0","false","520713","207","353","943","33476","35940","20522"
"20","0.1","1","false","false","false","true","false","false","false","1","1","1","0.25","1","0","0","0","100","0","75","0.1","10","2.5","2","60","1.6","0.4","20.5","6.7","16","8.21","365","14","1","0","0","299","299","327","37","10","105","147","88198","1503","0","false","520701","207","353","943","33477","35942","20526"
"20","0.1","1","false","false","false","true","false","false","false","1","1","1","0.25","1","0","0","0","100","0","75","0.1","10","2.5","2","60","1.6","0.4","20.5","6.7","16","8.21","365","14","1","0","0","299","299","328","36","8","102","137","88213","1504","0","false","520701","207","353","944","33478","35944","20529"
"20","0.1","1","false","false","false","true","false","false","false","1","1","1","0.25","1","0","0","0","100","0","75","0.1","10","2.5","2","60","1.6","0.4","20.5","6.7","16","8.21","365","14","1","0","0","299","299","329","33","9","98","127","88229","1504","0","false","520689","207","353","944","33480","35947","20530"
"20","0.1","1","false","false","false","true","false","false","false","1","1","1","0.25","1","0","0","0","100","0","75","0.1","10","2.5","2","60","1.6","0.4","20.5","6.7","16","8.21","365","14","1","0","0","299","299","330","30","10","90","121","88244","1505","0","false","520689","208","353","944","33481","35947","20530"
"20","0.1","1","false","false","false","true","false","false","false","1","1","1","0.25","1","0","0","0","100","0","75","0.1","10","2.5","2","60","1.6","0.4","20.5","6.7","16","8.21","365","14","1","0","0","299","299","331","29","7","88","118","88253","1505","0","false","520677","208","353","944","33481","35950","20530"
"20","0.1","1","false","false","false","true","false","false","false","1","1","1","0.25","1","0","0","0","100","0","75","0.1","10","2.5","2","60","1.6","0.4","20.5","6.7","16","8.21","365","14","1","0","0","299","299","332","29","6","83","109","88268","1505","0","false","520677","208","353","944","33482","35951","20530"
"20","0.1","1","false","false","false","true","false","false","false","1","1","1","0.25","1","0","0","0","100","0","75","0.1","10","2.5","2","60","1.6","0.4","20.5","6.7","16","8.21","365","14","1","0","0","299","299","333","29","4","70","103","88289","1505","0","false","520677","208","353","944","33482","35952","20530"
"20","0.1","1","false","false","false","true","false","false","false","1","1","1","0.25","1","0","0","0","100","0","75","0.1","10","2.5","2","60","1.6","0.4","20.5","6.7","16","8.21","365","14","1","0","0","299","299","334","29","2","64","100","88300","1505","0","false","520677","208","353","944","33482","35953","20530"
"20","0.1","1","false","false","false","true","false","false","false","1","1","1","0.25","1","0","0","0","100","0","75","0.1","10","2.5","2","60","1.6","0.4","20.5","6.7","16","8.21","365","14","1","0","0","299","299","335","29","1","62","94","88309","1505","0","false","520677","208","353","944","33482","35953","20531"
"20","0.1","1","false","false","false","true","false","false","false","1","1","1","0.25","1","0","0","0","100","0","75","0.1","10","2.5","2","60","1.6","0.4","20.5","6.7","16","8.21","365","14","1","0","0","299","299","336","28","1","59","87","88320","1505","0","false","520677","208","353","944","33482","35954","20532"
"20","0.1","1","false","false","false","true","false","false","false","1","1","1","0.25","1","0","0","0","100","0","75","0.1","10","2.5","2","60","1.6","0.4","20.5","6.7","16","8.21","365","14","1","0","0","299","299","337","28","1","55","70","88341","1505","0","false","520677","208","353","944","33482","35955","20532"
"20","0.1","1","false","false","false","true","false","false","false","1","1","1","0.25","1","0","0","0","100","0","75","0.1","10","2.5","2","60","1.6","0.4","20.5","6.7","16","8.21","365","14","1","0","0","299","299","338","28","0","51","62","88354","1505","0","false","520677","208","353","944","33482","35955","20533"
"20","0.1","1","false","false","false","true","false","false","false","1","1","1","0.25","1","0","0","0","100","0","75","0.1","10","2.5","2","60","1.6","0.4","20.5","6.7","16","8.21","365","14","1","0","0","299","299","339","28","0","48","61","88358","1505","0","false","520677","208","353","944","33483","35955","20533"
"20","0.1","1","false","false","false","true","false","false","false","1","1","1","0.25","1","0","0","0","100","0","75","0.1","10","2.5","2","60","1.6","0.4","20.5","6.7","16","8.21","365","14","1","0","0","299","299","340","28","0","43","56","88368","1505","0","false","520677","208","353","944","33483","35955","20533"
"20","0.1","1","false","false","false","true","false","false","false","1","1","1","0.25","1","0","0","0","100","0","75","0.1","10","2.5","2","60","1.6","0.4","20.5","6.7","16","8.21","365","14","1","0","0","299","299","341","28","0","41","43","88383","1505","0","false","520677","208","353","944","33483","35955","20534"
"20","0.1","1","false","false","false","true","false","false","false","1","1","1","0.25","1","0","0","0","100","0","75","0.1","10","2.5","2","60","1.6","0.4","20.5","6.7","16","8.21","365","14","1","0","0","299","299","342","28","0","40","38","88389","1505","0","false","520677","208","353","944","33483","35955","20534"
"20","0.1","1","false","false","false","true","false","false","false","1","1","1","0.25","1","0","0","0","100","0","75","0.1","10","2.5","2","60","1.6","0.4","20.5","6.7","16","8.21","365","14","1","0","0","299","299","343","28","0","35","37","88395","1505","0","false","520677","208","353","944","33483","35955","20534"
"20","0.1","1","false","false","false","true","false","false","false","1","1","1","0.25","1","0","0","0","100","0","75","0.1","10","2.5","2","60","1.6","0.4","20.5","6.7","16","8.21","365","14","1","0","0","299","299","344","28","0","29","32","88406","1505","0","false","520677","208","353","944","33483","35955","20534"
"20","0.1","1","false","false","false","true","false","false","false","1","1","1","0.25","1","0","0","0","100","0","75","0.1","10","2.5","2","60","1.6","0.4","20.5","6.7","16","8.21","365","14","1","0","0","299","299","345","28","0","25","29","88413","1505","0","false","520677","208","353","944","33483","35955","20534"
"20","0.1","1","false","false","false","true","false","false","false","1","1","1","0.25","1","0","0","0","100","0","75","0.1","10","2.5","2","60","1.6","0.4","20.5","6.7","16","8.21","365","14","1","0","0","299","299","346","28","0","24","21","88422","1505","0","false","520677","208","353","944","33483","35955","20534"
"20","0.1","1","false","false","false","true","false","false","false","1","1","1","0.25","1","0","0","0","100","0","75","0.1","10","2.5","2","60","1.6","0.4","20.5","6.7","16","8.21","365","14","1","0","0","299","299","347","28","0","22","20","88425","1505","0","false","520677","208","353","944","33483","35955","20534"
"20","0.1","1","false","false","false","true","false","false","false","1","1","1","0.25","1","0","0","0","100","0","75","0.1","10","2.5","2","60","1.6","0.4","20.5","6.7","16","8.21","365","14","1","0","0","299","299","348","28","0","20","14","88433","1505","0","false","520677","208","353","944","33483","35955","20534"
"20","0.1","1","false","false","false","true","false","false","false","1","1","1","0.25","1","0","0","0","100","0","75","0.1","10","2.5","2","60","1.6","0.4","20.5","6.7","16","8.21","365","14","1","0","0","299","299","349","28","0","20","12","88435","1505","0","false","520677","208","353","944","33483","35955","20534"
"20","0.1","1","false","false","false","true","false","false","false","1","1","1","0.25","1","0","0","0","100","0","75","0.1","10","2.5","2","60","1.6","0.4","20.5","6.7","16","8.21","365","14","1","0","0","299","299","350","28","0","17","9","88441","1505","0","false","520677","208","353","944","33483","35955","20534"
"20","0.1","1","false","false","false","true","false","false","false","1","1","1","0.25","1","0","0","0","100","0","75","0.1","10","2.5","2","60","1.6","0.4","20.5","6.7","16","8.21","365","14","1","0","0","299","299","351","28","0","15","8","88444","1505","0","false","520677","208","353","944","33483","35955","20534"
"20","0.1","1","false","false","false","true","false","false","false","1","1","1","0.25","1","0","0","0","100","0","75","0.1","10","2.5","2","60","1.6","0.4","20.5","6.7","16","8.21","365","14","1","0","0","299","299","352","28","0","15","7","88445","1505","0","false","520677","208","353","944","33483","35955","20534"
"20","0.1","1","false","false","false","true","false","false","false","1","1","1","0.25","1","0","0","0","100","0","75","0.1","10","2.5","2","60","1.6","0.4","20.5","6.7","16","8.21","365","14","1","0","0","299","299","353","28","0","13","6","88448","1505","0","false","520677","208","353","944","33483","35955","20534"
"20","0.1","1","false","false","false","true","false","false","false","1","1","1","0.25","1","0","0","0","100","0","75","0.1","10","2.5","2","60","1.6","0.4","20.5","6.7","16","8.21","365","14","1","0","0","299","299","354","28","0","11","3","88453","1505","0","false","520677","208","353","944","33483","35955","20534"
"20","0.1","1","false","false","false","true","false","false","false","1","1","1","0.25","1","0","0","0","100","0","75","0.1","10","2.5","2","60","1.6","0.4","20.5","6.7","16","8.21","365","14","1","0","0","299","299","355","28","0","9","3","88455","1505","0","false","520677","208","353","944","33483","35955","20534"
"20","0.1","1","false","false","false","true","false","false","false","1","1","1","0.25","1","0","0","0","100","0","75","0.1","10","2.5","2","60","1.6","0.4","20.5","6.7","16","8.21","365","14","1","0","0","299","299","356","28","0","7","3","88457","1505","0","false","520677","208","353","944","33483","35955","20534"
"20","0.1","1","false","false","false","true","false","false","false","1","1","1","0.25","1","0","0","0","100","0","75","0.1","10","2.5","2","60","1.6","0.4","20.5","6.7","16","8.21","365","14","1","0","0","299","299","357","28","0","6","3","88458","1505","0","false","520677","208","353","944","33483","35955","20534"
"20","0.1","1","false","false","false","true","false","false","false","1","1","1","0.25","1","0","0","0","100","0","75","0.1","10","2.5","2","60","1.6","0.4","20.5","6.7","16","8.21","365","14","1","0","0","299","299","358","28","0","3","2","88462","1505","0","false","520677","208","353","944","33483","35955","20534"
"20","0.1","1","false","false","false","true","false","false","false","1","1","1","0.25","1","0","0","0","100","0","75","0.1","10","2.5","2","60","1.6","0.4","20.5","6.7","16","8.21","365","14","1","0","0","299","299","359","28","0","3","2","88462","1505","0","false","520677","208","353","944","33483","35955","20534"
"20","0.1","1","false","false","false","true","false","false","false","1","1","1","0.25","1","0","0","0","100","0","75","0.1","10","2.5","2","60","1.6","0.4","20.5","6.7","16","8.21","365","14","1","0","0","299","299","360","28","0","1","2","88464","1505","0","false","520677","208","353","944","33483","35955","20534"
"20","0.1","1","false","false","false","true","false","false","false","1","1","1","0.25","1","0","0","0","100","0","75","0.1","10","2.5","2","60","1.6","0.4","20.5","6.7","16","8.21","365","14","1","0","0","299","299","361","28","0","1","1","88465","1505","0","false","520677","208","353","944","33483","35955","20534"
"20","0.1","1","false","false","false","true","false","false","false","1","1","1","0.25","1","0","0","0","100","0","75","0.1","10","2.5","2","60","1.6","0.4","20.5","6.7","16","8.21","365","14","1","0","0","299","299","362","28","0","1","1","88465","1505","0","false","520677","208","353","944","33483","35955","20534"
"20","0.1","1","false","false","false","true","false","false","false","1","1","1","0.25","1","0","0","0","100","0","75","0.1","10","2.5","2","60","1.6","0.4","20.5","6.7","16","8.21","365","14","1","0","0","299","299","363","28","0","1","1","88465","1505","0","false","520677","208","353","944","33483","35955","20534"
"20","0.1","1","false","false","false","true","false","false","false","1","1","1","0.25","1","0","0","0","100","0","75","0.1","10","2.5","2","60","1.6","0.4","20.5","6.7","16","8.21","365","14","1","0","0","299","299","364","28","0","1","1","88465","1505","0","false","520677","208","353","944","33483","35955","20534"
"20","0.1","1","false","false","false","true","false","false","false","1","1","1","0.25","1","0","0","0","100","0","75","0.1","10","2.5","2","60","1.6","0.4","20.5","6.7","16","8.21","365","14","1","0","0","299","299","365","28","0","1","1","88465","1505","0","false","520677","208","353","944","33483","35955","20534"
"21","0.1","1","false","false","false","true","false","false","false","1","1","1","0.25","1","0","0","0","100","0","75","0.2","10","2.5","2","60","1.6","0.4","20.5","6.7","16","8.21","365","14","1","0","0","299","299","0","89910","90","0","0","0","0","0","false","0","0","0","0","0","0","0"
"21","0.1","1","false","false","false","true","false","false","false","1","1","1","0.25","1","0","0","0","100","0","75","0.2","10","2.5","2","60","1.6","0.4","20.5","6.7","16","8.21","365","14","1","0","0","299","299","1","89910","80","0","10","0","0","0","false","538438","0","0","0","3","2","0"
"21","0.1","1","false","false","false","true","false","false","false","1","1","1","0.25","1","0","0","0","100","0","75","0.2","10","2.5","2","60","1.6","0.4","20.5","6.7","16","8.21","365","14","1","0","0","299","299","2","89895","84","0","21","0","0","0","false","538438","0","0","0","8","3","1"
"21","0.1","1","false","false","false","true","false","false","false","1","1","1","0.25","1","0","0","0","100","0","75","0.2","10","2.5","2","60","1.6","0.4","20.5","6.7","16","8.21","365","14","1","0","0","299","299","3","89870","91","2","37","0","0","0","false","538438","0","0","0","9","9","3"
"21","0.1","1","false","false","false","true","false","false","false","1","1","1","0.25","1","0","0","0","100","0","75","0.2","10","2.5","2","60","1.6","0.4","20.5","6.7","16","8.21","365","14","1","0","0","299","299","4","89825","118","5","52","0","0","0","false","538438","0","0","0","13","14","7"
"21","0.1","1","false","false","false","true","false","false","false","1","1","1","0.25","1","0","0","0","100","0","75","0.2","10","2.5","2","60","1.6","0.4","20.5","6.7","16","8.21","365","14","1","0","0","299","299","5","89742","168","12","78","0","0","0","false","538438","0","0","0","19","26","14"
"21","0.1","1","false","false","false","true","false","false","false","1","1","1","0.25","1","0","0","0","100","0","75","0.2","10","2.5","2","60","1.6","0.4","20.5","6.7","16","8.21","365","14","1","0","0","299","299","6","89679","196","19","106","0","0","0","false","538438","0","0","0","25","39","22"
"21","0.1","1","false","false","false","true","false","false","false","1","1","1","0.25","1","0","0","0","100","0","75","0.2","10","2.5","2","60","1.6","0.4","20.5","6.7","16","8.21","365","14","1","0","0","299","299","7","89576","255","32","137","0","0","0","false","538438","0","0","0","34","60","32"
"21","0.1","1","false","false","false","true","false","false","false","1","1","1","0.25","1","0","0","0","100","0","75","0.2","10","2.5","2","60","1.6","0.4","20.5","6.7","16","8.21","365","14","1","0","0","299","299","8","89461","331","44","164","0","0","0","false","538438","0","0","0","44","77","43"
"21","0.1","1","false","false","false","true","false","false","false","1","1","1","0.25","1","0","0","0","100","0","75","0.2","10","2.5","2","60","1.6","0.4","20.5","6.7","16","8.21","365","14","1","0","0","299","299","9","89336","401","56","207","0","0","0","false","538438","0","0","0","64","89","56"
"21","0.1","1","false","false","false","true","false","false","false","1","1","1","0.25","1","0","0","0","100","0","75","0.2","10","2.5","2","60","1.6","0.4","20.5","6.7","16","8.21","365","14","1","0","0","299","299","10","89203","467","73","257","0","0","0","false","538438","0","0","0","84","108","71"
"21","0.1","1","false","false","false","true","false","false","false","1","1","1","0.25","1","0","0","0","100","0","75","0.2","10","2.5","2","60","1.6","0.4","20.5","6.7","16","8.21","365","14","1","0","0","299","299","11","89047","528","88","337","0","0","0","false","538438","0","0","0","109","134","83"
"21","0.1","1","false","false","false","true","false","false","false","1","1","1","0.25","1","0","0","0","100","0","75","0.2","10","2.5","2","60","1.6","0.4","20.5","6.7","16","8.21","365","14","1","0","0","299","299","12","88862","597","111","430","0","0","0","false","538438","0","0","0","153","166","98"
"21","0.1","1","false","false","false","true","false","false","false","1","1","1","0.25","1","0","0","0","100","0","75","0.2","10","2.5","2","60","1.6","0.4","20.5","6.7","16","8.21","365","14","1","0","0","299","299","13","88634","703","150","513","0","0","0","false","538438","0","0","0","197","206","121"
"21","0.1","1","false","false","false","true","false","false","false","1","1","1","0.25","1","0","0","0","100","0","75","0.2","10","2.5","2","60","1.6","0.4","20.5","6.7","16","8.21","365","14","1","0","0","299","299","14","88401","801","185","613","0","0","0","false","538438","0","0","0","234","251","149"
"21","0.1","1","false","false","false","true","false","false","false","1","1","1","0.25","1","0","0","0","100","0","75","0.2","10","2.5","2","60","1.6","0.4","20.5","6.7","16","8.21","365","14","1","0","0","299","299","15","88147","900","234","719","0","0","159","false","538438","0","0","0","284","309","187"
"21","0.1","1","false","false","false","true","false","false","false","1","1","1","0.25","1","0","0","0","100","0","75","0.2","10","2.5","2","60","1.6","0.4","20.5","6.7","16","8.21","365","14","1","0","0","299","299","16","87900","961","285","853","1","0","646","false","536629","0","0","0","338","377","231"
"21","0.1","1","false","false","false","true","false","false","false","1","1","1","0.25","1","0","0","0","100","0","75","0.2","10","2.5","2","60","1.6","0.4","20.5","6.7","16","8.21","365","14","1","0","0","299","299","17","87694","954","345","1005","2","0","1028","false","531933","0","0","0","407","455","267"
"21","0.1","1","false","false","false","true","false","false","false","1","1","1","0.25","1","0","0","0","100","0","75","0.2","10","2.5","2","60","1.6","0.4","20.5","6.7","16","8.21","365","14","1","0","0","299","299","18","87454","964","409","1169","4","0","1391","false","528455","0","0","0","487","539","303"
"21","0.1","1","false","false","false","true","false","false","false","1","1","1","0.25","1","0","0","0","100","0","75","0.2","10","2.5","2","60","1.6","0.4","20.5","6.7","16","8.21","365","14","1","0","0","299","299","19","87245","956","480","1309","10","0","1789","false","525248","0","0","0","558","618","350"
"21","0.1","1","false","false","false","true","false","false","false","1","1","1","0.25","1","0","0","0","100","0","75","0.2","10","2.5","2","60","1.6","0.4","20.5","6.7","16","8.21","365","14","1","0","0","299","299","20","87012","941","567","1463","16","1","2232","false","521838","1","0","0","656","707","403"
"21","0.1","1","false","false","false","true","false","false","false","1","1","1","0.25","1","0","0","0","100","0","75","0.2","10","2.5","2","60","1.6","0.4","20.5","6.7","16","8.21","365","14","1","0","0","299","299","21","86792","946","664","1571","26","1","2740","false","518153","1","0","0","737","794","454"
"21","0.1","1","false","false","false","true","false","false","false","1","1","1","0.25","1","0","0","0","100","0","75","0.2","10","2.5","2","60","1.6","0.4","20.5","6.7","16","8.21","365","14","1","0","0","299","299","22","86620","903","753","1685","38","1","3166","false","514052","1","0","0","822","877","520"
"21","0.1","1","false","false","false","true","false","false","false","1","1","1","0.25","1","0","0","0","100","0","75","0.2","10","2.5","2","60","1.6","0.4","20.5","6.7","16","8.21","365","14","1","0","0","299","299","23","86432","869","854","1793","51","1","3562","false","510746","1","0","0","900","967","582"
"21","0.1","1","false","false","false","true","false","false","false","1","1","1","0.25","1","0","0","0","100","0","75","0.2","10","2.5","2","60","1.6","0.4","20.5","6.7","16","8.21","365","14","1","0","0","299","299","24","86250","840","934","1909","66","1","3971","false","507725","1","0","0","973","1060","628"
"21","0.1","1","false","false","false","true","false","false","false","1","1","1","0.25","1","0","0","0","100","0","75","0.2","10","2.5","2","60","1.6","0.4","20.5","6.7","16","8.21","365","14","1","0","0","299","299","25","86091","786","990","2038","94","1","4264","false","504667","1","0","0","1043","1142","672"
"21","0.1","1","false","false","false","true","false","false","false","1","1","1","0.25","1","0","0","0","100","0","75","0.2","10","2.5","2","60","1.6","0.4","20.5","6.7","16","8.21","365","14","1","0","0","299","299","26","85922","765","1064","2124","119","6","4617","false","502290","1","1","4","1112","1222","723"
"21","0.1","1","false","false","false","true","false","false","false","1","1","1","0.25","1","0","0","0","100","0","75","0.2","10","2.5","2","60","1.6","0.4","20.5","6.7","16","8.21","365","14","1","0","0","299","299","27","85735","773","1148","2176","157","11","5050","false","499344","1","2","8","1185","1310","767"
"21","0.1","1","false","false","false","true","false","false","false","1","1","1","0.25","1","0","0","0","100","0","75","0.2","10","2.5","2","60","1.6","0.4","20.5","6.7","16","8.21","365","14","1","0","0","299","299","28","85556","755","1210","2268","199","12","5255","false","495765","1","2","9","1250","1393","814"
"21","0.1","1","false","false","false","true","false","false","false","1","1","1","0.25","1","0","0","0","100","0","75","0.2","10","2.5","2","60","1.6","0.4","20.5","6.7","16","8.21","365","14","1","0","0","299","299","29","85414","720","1276","2336","241","13","5225","false","493643","1","2","10","1321","1462","865"
"21","0.1","1","false","false","false","true","false","false","false","1","1","1","0.25","1","0","0","0","100","0","75","0.2","10","2.5","2","60","1.6","0.4","20.5","6.7","16","8.21","365","14","1","0","0","299","299","30","85203","757","1328","2388","307","17","5236","false","493178","1","3","13","1382","1529","916"
"21","0.1","1","false","false","false","true","false","false","false","1","1","1","0.25","1","0","0","0","100","0","75","0.2","10","2.5","2","60","1.6","0.4","20.5","6.7","16","8.21","365","14","1","0","0","299","299","31","84955","828","1385","2441","373","18","5344","false","492717","2","3","13","1439","1607","963"
"21","0.1","1","false","false","false","true","false","false","false","1","1","1","0.25","1","0","0","0","100","0","75","0.2","10","2.5","2","60","1.6","0.4","20.5","6.7","16","8.21","365","14","1","0","0","299","299","32","84695","905","1435","2501","444","20","5392","false","491465","2","5","13","1516","1677","999"
"21","0.1","1","false","false","false","true","false","false","false","1","1","1","0.25","1","0","0","0","100","0","75","0.2","10","2.5","2","60","1.6","0.4","20.5","6.7","16","8.21","365","14","1","0","0","299","299","33","84398","1025","1475","2533","548","21","5452","false","490595","2","5","14","1580","1749","1041"
"21","0.1","1","false","false","false","true","false","false","false","1","1","1","0.25","1","0","0","0","100","0","75","0.2","10","2.5","2","60","1.6","0.4","20.5","6.7","16","8.21","365","14","1","0","0","299","299","34","84096","1109","1505","2613","655","22","5505","false","489712","2","5","15","1671","1817","1087"
"21","0.1","1","false","false","false","true","false","false","false","1","1","1","0.25","1","0","0","0","100","0","75","0.2","10","2.5","2","60","1.6","0.4","20.5","6.7","16","8.21","365","14","1","0","0","299","299","35","83760","1183","1534","2734","766","23","5479","false","488922","2","5","16","1756","1909","1147"
"21","0.1","1","false","false","false","true","false","false","false","1","1","1","0.25","1","0","0","0","100","0","75","0.2","10","2.5","2","60","1.6","0.4","20.5","6.7","16","8.21","365","14","1","0","0","299","299","36","83340","1354","1548","2846","885","27","5618","false","488788","3","6","18","1833","2009","1202"
"21","0.1","1","false","false","false","true","false","false","false","1","1","1","0.25","1","0","0","0","100","0","75","0.2","10","2.5","2","60","1.6","0.4","20.5","6.7","16","8.21","365","14","1","0","0","299","299","37","82999","1415","1585","2927","1044","30","5757","false","487357","3","6","21","1926","2119","1256"
"21","0.1","1","false","false","false","true","false","false","false","1","1","1","0.25","1","0","0","0","100","0","75","0.2","10","2.5","2","60","1.6","0.4","20.5","6.7","16","8.21","365","14","1","0","0","299","299","38","82637","1461","1598","3064","1208","32","5897","false","485812","3","7","22","2034","2232","1314"
"21","0.1","1","false","false","false","true","false","false","false","1","1","1","0.25","1","0","0","0","100","0","75","0.2","10","2.5","2","60","1.6","0.4","20.5","6.7","16","8.21","365","14","1","0","0","299","299","39","82262","1491","1652","3187","1373","35","5983","false","484407","3","8","24","2153","2352","1383"
"21","0.1","1","false","false","false","true","false","false","false","1","1","1","0.25","1","0","0","0","100","0","75","0.2","10","2.5","2","60","1.6","0.4","20.5","6.7","16","8.21","365","14","1","0","0","299","299","40","81889","1531","1698","3310","1532","40","6012","false","483423","3","9","28","2268","2474","1447"
"21","0.1","1","false","false","false","true","false","false","false","1","1","1","0.25","1","0","0","0","100","0","75","0.2","10","2.5","2","60","1.6","0.4","20.5","6.7","16","8.21","365","14","1","0","0","299","299","41","81522","1543","1770","3433","1688","44","6062","false","482814","3","13","28","2379","2630","1519"
"21","0.1","1","false","false","false","true","false","false","false","1","1","1","0.25","1","0","0","0","100","0","75","0.2","10","2.5","2","60","1.6","0.4","20.5","6.7","16","8.21","365","14","1","0","0","299","299","42","81129","1566","1835","3571","1851","48","6200","false","482052","4","14","30","2506","2756","1609"
"21","0.1","1","false","false","false","true","false","false","false","1","1","1","0.25","1","0","0","0","100","0","75","0.2","10","2.5","2","60","1.6","0.4","20.5","6.7","16","8.21","365","14","1","0","0","299","299","43","80693","1649","1900","3683","2021","54","6309","false","480691","5","15","34","2655","2865","1691"
"21","0.1","1","false","false","false","true","false","false","false","1","1","1","0.25","1","0","0","0","100","0","75","0.2","10","2.5","2","60","1.6","0.4","20.5","6.7","16","8.21","365","14","1","0","0","299","299","44","80288","1684","1968","3796","2208","56","6346","false","479580","5","15","36","2783","3007","1770"
"21","0.1","1","false","false","false","true","false","false","false","1","1","1","0.25","1","0","0","0","100","0","75","0.2","10","2.5","2","60","1.6","0.4","20.5","6.7","16","8.21","365","14","1","0","0","299","299","45","79861","1709","2026","3944","2398","62","6548","false","478960","6","16","40","2921","3174","1854"
"21","0.1","1","false","false","false","true","false","false","false","1","1","1","0.25","1","0","0","0","100","0","75","0.2","10","2.5","2","60","1.6","0.4","20.5","6.7","16","8.21","365","14","1","0","0","299","299","46","79430","1784","2129","4011","2584","62","6664","false","477259","6","16","40","3056","3322","1951"
"21","0.1","1","false","false","false","true","false","false","false","1","1","1","0.25","1","0","0","0","100","0","75","0.2","10","2.5","2","60","1.6","0.4","20.5","6.7","16","8.21","365","14","1","0","0","299","299","47","79032","1748","2216","4139","2802","63","6768","false","476238","6","17","40","3196","3510","2030"
"21","0.1","1","false","false","false","true","false","false","false","1","1","1","0.25","1","0","0","0","100","0","75","0.2","10","2.5","2","60","1.6","0.4","20.5","6.7","16","8.21","365","14","1","0","0","299","299","48","78621","1746","2289","4278","3001","65","6823","false","475209","6","17","42","3343","3674","2122"
"21","0.1","1","false","false","false","true","false","false","false","1","1","1","0.25","1","0","0","0","100","0","75","0.2","10","2.5","2","60","1.6","0.4","20.5","6.7","16","8.21","365","14","1","0","0","299","299","49","78195","1774","2383","4398","3182","68","6998","false","474567","6","17","45","3497","3825","2205"
"21","0.1","1","false","false","false","true","false","false","false","1","1","1","0.25","1","0","0","0","100","0","75","0.2","10","2.5","2","60","1.6","0.4","20.5","6.7","16","8.21","365","14","1","0","0","299","299","50","77806","1746","2474","4543","3363","68","7088","false","472952","6","17","45","3654","3973","2297"
"21","0.1","1","false","false","false","true","false","false","false","1","1","1","0.25","1","0","0","0","100","0","75","0.2","10","2.5","2","60","1.6","0.4","20.5","6.7","16","8.21","365","14","1","0","0","299","299","51","77384","1731","2580","4690","3543","72","7225","false","472155","7","17","48","3796","4146","2409"
"21","0.1","1","false","false","false","true","false","false","false","1","1","1","0.25","1","0","0","0","100","0","75","0.2","10","2.5","2","60","1.6","0.4","20.5","6.7","16","8.21","365","14","1","0","0","299","299","52","76971","1736","2672","4776","3769","76","7389","false","470933","7","17","52","3957","4299","2521"
"21","0.1","1","false","false","false","true","false","false","false","1","1","1","0.25","1","0","0","0","100","0","75","0.2","10","2.5","2","60","1.6","0.4","20.5","6.7","16","8.21","365","14","1","0","0","299","299","53","76541","1730","2758","4906","3982","83","7634","false","469700","10","17","56","4118","4451","2638"
"21","0.1","1","false","false","false","true","false","false","false","1","1","1","0.25","1","0","0","0","100","0","75","0.2","10","2.5","2","60","1.6","0.4","20.5","6.7","16","8.21","365","14","1","0","0","299","299","54","76126","1749","2833","4982","4223","87","7747","false","467776","10","17","60","4279","4624","2721"
"21","0.1","1","false","false","false","true","false","false","false","1","1","1","0.25","1","0","0","0","100","0","75","0.2","10","2.5","2","60","1.6","0.4","20.5","6.7","16","8.21","365","14","1","0","0","299","299","55","75705","1769","2952","5034","4452","88","7877","false","466662","11","17","60","4440","4779","2824"
"21","0.1","1","false","false","false","true","false","false","false","1","1","1","0.25","1","0","0","0","100","0","75","0.2","10","2.5","2","60","1.6","0.4","20.5","6.7","16","8.21","365","14","1","0","0","299","299","56","75268","1848","3001","5084","4705","94","7954","false","465297","12","17","65","4581","4921","2897"
"21","0.1","1","false","false","false","true","false","false","false","1","1","1","0.25","1","0","0","0","100","0","75","0.2","10","2.5","2","60","1.6","0.4","20.5","6.7","16","8.21","365","14","1","0","0","299","299","57","74866","1781","3061","5228","4964","100","8041","false","464356","12","19","69","4742","5096","3011"
"21","0.1","1","false","false","false","true","false","false","false","1","1","1","0.25","1","0","0","0","100","0","75","0.2","10","2.5","2","60","1.6","0.4","20.5","6.7","16","8.21","365","14","1","0","0","299","299","58","74461","1747","3121","5337","5232","102","8031","false","463496","12","20","70","4895","5285","3097"
"21","0.1","1","false","false","false","true","false","false","false","1","1","1","0.25","1","0","0","0","100","0","75","0.2","10","2.5","2","60","1.6","0.4","20.5","6.7","16","8.21","365","14","1","0","0","299","299","59","74049","1769","3200","5399","5476","107","8099","false","463363","13","21","73","5052","5430","3190"
"21","0.1","1","false","false","false","true","false","false","false","1","1","1","0.25","1","0","0","0","100","0","75","0.2","10","2.5","2","60","1.6","0.4","20.5","6.7","16","8.21","365","14","1","0","0","299","299","60","73609","1772","3274","5485","5746","114","8239","false","462520","15","24","75","5191","5606","3292"
"21","0.1","1","false","false","false","true","false","false","false","1","1","1","0.25","1","0","0","0","100","0","75","0.2","10","2.5","2","60","1.6","0.4","20.5","6.7","16","8.21","365","14","1","0","0","299","299","61","73174","1760","3345","5571","6032","118","8242","false","461297","15","26","77","5341","5794","3405"
"21","0.1","1","false","false","false","true","false","false","false","1","1","1","0.25","1","0","0","0","100","0","75","0.2","10","2.5","2","60","1.6","0.4","20.5","6.7","16","8.21","365","14","1","0","0","299","299","62","72687","1819","3379","5686","6307","122","8228","false","461099","16","26","80","5498","5958","3508"
"21","0.1","1","false","false","false","true","false","false","false","1","1","1","0.25","1","0","0","0","100","0","75","0.2","10","2.5","2","60","1.6","0.4","20.5","6.7","16","8.21","365","14","1","0","0","299","299","63","72214","1890","3441","5701","6630","124","8277","false","461116","16","27","81","5666","6128","3612"
"21","0.1","1","false","false","false","true","false","false","false","1","1","1","0.25","1","0","0","0","100","0","75","0.2","10","2.5","2","60","1.6","0.4","20.5","6.7","16","8.21","365","14","1","0","0","299","299","64","71721","1964","3491","5753","6941","130","8396","false","460387","16","30","84","5826","6315","3700"
"21","0.1","1","false","false","false","true","false","false","false","1","1","1","0.25","1","0","0","0","100","0","75","0.2","10","2.5","2","60","1.6","0.4","20.5","6.7","16","8.21","365","14","1","0","0","299","299","65","71229","1997","3516","5871","7252","135","8338","false","459290","17","34","84","5981","6478","3799"
"21","0.1","1","false","false","false","true","false","false","false","1","1","1","0.25","1","0","0","0","100","0","75","0.2","10","2.5","2","60","1.6","0.4","20.5","6.7","16","8.21","365","14","1","0","0","299","299","66","70728","2081","3538","5916","7594","143","8335","false","459529","17","38","88","6136","6627","3899"
"21","0.1","1","false","false","false","true","false","false","false","1","1","1","0.25","1","0","0","0","100","0","75","0.2","10","2.5","2","60","1.6","0.4","20.5","6.7","16","8.21","365","14","1","0","0","299","299","67","70210","2142","3595","5951","7954","148","8385","false","459294","17","38","93","6298","6823","4000"
"21","0.1","1","false","false","false","true","false","false","false","1","1","1","0.25","1","0","0","0","100","0","75","0.2","10","2.5","2","60","1.6","0.4","20.5","6.7","16","8.21","365","14","1","0","0","299","299","68","69664","2221","3625","6026","8312","152","8524","false","458564","17","39","96","6454","7031","4109"
"21","0.1","1","false","false","false","true","false","false","false","1","1","1","0.25","1","0","0","0","100","0","75","0.2","10","2.5","2","60","1.6","0.4","20.5","6.7","16","8.21","365","14","1","0","0","299","299","69","69146","2237","3678","6095","8689","155","8607","false","457255","17","39","99","6615","7236","4215"
"21","0.1","1","false","false","false","true","false","false","false","1","1","1","0.25","1","0","0","0","100","0","75","0.2","10","2.5","2","60","1.6","0.4","20.5","6.7","16","8.21","365","14","1","0","0","299","299","70","68629","2220","3672","6241","9072","166","8754","false","456532","20","41","105","6811","7419","4335"
"21","0.1","1","false","false","false","true","false","false","false","1","1","1","0.25","1","0","0","0","100","0","75","0.2","10","2.5","2","60","1.6","0.4","20.5","6.7","16","8.21","365","14","1","0","0","299","299","71","68073","2260","3687","6333","9475","172","8894","false","455469","21","43","108","6989","7625","4420"
"21","0.1","1","false","false","false","true","false","false","false","1","1","1","0.25","1","0","0","0","100","0","75","0.2","10","2.5","2","60","1.6","0.4","20.5","6.7","16","8.21","365","14","1","0","0","299","299","72","67555","2282","3718","6378","9890","177","8888","false","454220","22","44","111","7180","7823","4539"
"21","0.1","1","false","false","false","true","false","false","false","1","1","1","0.25","1","0","0","0","100","0","75","0.2","10","2.5","2","60","1.6","0.4","20.5","6.7","16","8.21","365","14","1","0","0","299","299","73","67003","2301","3788","6454","10276","178","9040","false","454068","22","44","112","7383","8031","4646"
"21","0.1","1","false","false","false","true","false","false","false","1","1","1","0.25","1","0","0","0","100","0","75","0.2","10","2.5","2","60","1.6","0.4","20.5","6.7","16","8.21","365","14","1","0","0","299","299","74","66463","2299","3837","6551","10661","189","9263","false","452737","23","47","119","7560","8251","4781"
"21","0.1","1","false","false","false","true","false","false","false","1","1","1","0.25","1","0","0","0","100","0","75","0.2","10","2.5","2","60","1.6","0.4","20.5","6.7","16","8.21","365","14","1","0","0","299","299","75","65926","2279","3878","6650","11067","200","9411","false","450992","24","52","124","7735","8487","4892"
"21","0.1","1","false","false","false","true","false","false","false","1","1","1","0.25","1","0","0","0","100","0","75","0.2","10","2.5","2","60","1.6","0.4","20.5","6.7","16","8.21","365","14","1","0","0","299","299","76","65397","2286","3914","6710","11488","205","9538","false","449674","26","53","126","7909","8708","5007"
"21","0.1","1","false","false","false","true","false","false","false","1","1","1","0.25","1","0","0","0","100","0","75","0.2","10","2.5","2","60","1.6","0.4","20.5","6.7","16","8.21","365","14","1","0","0","299","299","77","64891","2275","3972","6760","11888","214","9628","false","448382","27","57","130","8119","8911","5126"
"21","0.1","1","false","false","false","true","false","false","false","1","1","1","0.25","1","0","0","0","100","0","75","0.2","10","2.5","2","60","1.6","0.4","20.5","6.7","16","8.21","365","14","1","0","0","299","299","78","64416","2202","4019","6818","12320","225","9633","false","447442","27","59","139","8327","9143","5245"
"21","0.1","1","false","false","false","true","false","false","false","1","1","1","0.25","1","0","0","0","100","0","75","0.2","10","2.5","2","60","1.6","0.4","20.5","6.7","16","8.21","365","14","1","0","0","299","299","79","63899","2192","4071","6879","12724","235","9695","false","447246","27","62","146","8519","9366","5365"
"21","0.1","1","false","false","false","true","false","false","false","1","1","1","0.25","1","0","0","0","100","0","75","0.2","10","2.5","2","60","1.6","0.4","20.5","6.7","16","8.21","365","14","1","0","0","299","299","80","63352","2220","4130","6949","13106","243","9695","false","446546","28","63","152","8741","9560","5476"
"21","0.1","1","false","false","false","true","false","false","false","1","1","1","0.25","1","0","0","0","100","0","75","0.2","10","2.5","2","60","1.6","0.4","20.5","6.7","16","8.21","365","14","1","0","0","299","299","81","62805","2220","4174","7028","13522","251","9759","false","446117","28","67","156","8943","9786","5600"
"21","0.1","1","false","false","false","true","false","false","false","1","1","1","0.25","1","0","0","0","100","0","75","0.2","10","2.5","2","60","1.6","0.4","20.5","6.7","16","8.21","365","14","1","0","0","299","299","82","62292","2196","4238","7068","13948","258","9803","false","445262","28","70","160","9128","10021","5729"
"21","0.1","1","false","false","false","true","false","false","false","1","1","1","0.25","1","0","0","0","100","0","75","0.2","10","2.5","2","60","1.6","0.4","20.5","6.7","16","8.21","365","14","1","0","0","299","299","83","61724","2239","4292","7132","14348","265","9757","false","444688","28","71","166","9324","10238","5835"
"21","0.1","1","false","false","false","true","false","false","false","1","1","1","0.25","1","0","0","0","100","0","75","0.2","10","2.5","2","60","1.6","0.4","20.5","6.7","16","8.21","365","14","1","0","0","299","299","84","61150","2298","4342","7193","14747","270","9765","false","445024","28","73","169","9512","10459","5956"
"21","0.1","1","false","false","false","true","false","false","false","1","1","1","0.25","1","0","0","0","100","0","75","0.2","10","2.5","2","60","1.6","0.4","20.5","6.7","16","8.21","365","14","1","0","0","299","299","85","60595","2343","4356","7244","15183","279","9849","false","444949","31","73","175","9681","10650","6078"
"21","0.1","1","false","false","false","true","false","false","false","1","1","1","0.25","1","0","0","0","100","0","75","0.2","10","2.5","2","60","1.6","0.4","20.5","6.7","16","8.21","365","14","1","0","0","299","299","86","60044","2361","4381","7319","15612","283","9943","false","444129","31","75","177","9880","10849","6202"
"21","0.1","1","false","false","false","true","false","false","false","1","1","1","0.25","1","0","0","0","100","0","75","0.2","10","2.5","2","60","1.6","0.4","20.5","6.7","16","8.21","365","14","1","0","0","299","299","87","59495","2381","4436","7367","16033","288","10043","false","443080","31","78","179","10068","11075","6323"
"21","0.1","1","false","false","false","true","false","false","false","1","1","1","0.25","1","0","0","0","100","0","75","0.2","10","2.5","2","60","1.6","0.4","20.5","6.7","16","8.21","365","14","1","0","0","299","299","88","58938","2400","4472","7428","16465","297","10049","false","442233","32","80","185","10257","11306","6449"
"21","0.1","1","false","false","false","true","false","false","false","1","1","1","0.25","1","0","0","0","100","0","75","0.2","10","2.5","2","60","1.6","0.4","20.5","6.7","16","8.21","365","14","1","0","0","299","299","89","58315","2496","4495","7444","16945","305","10160","false","441947","32","82","191","10458","11504","6572"
"21","0.1","1","false","false","false","true","false","false","false","1","1","1","0.25","1","0","0","0","100","0","75","0.2","10","2.5","2","60","1.6","0.4","20.5","6.7","16","8.21","365","14","1","0","0","299","299","90","57727","2522","4540","7450","17447","314","10254","false","440794","32","85","197","10674","11728","6695"
"21","0.1","1","false","false","false","true","false","false","false","1","1","1","0.25","1","0","0","0","100","0","75","0.2","10","2.5","2","60","1.6","0.4","20.5","6.7","16","8.21","365","14","1","0","0","299","299","91","57141","2527","4563","7530","17915","324","10246","false","439701","33","87","204","10896","11935","6827"
"21","0.1","1","false","false","false","true","false","false","false","1","1","1","0.25","1","0","0","0","100","0","75","0.2","10","2.5","2","60","1.6","0.4","20.5","6.7","16","8.21","365","14","1","0","0","299","299","92","56582","2481","4558","7652","18394","333","10296","false","439572","33","91","209","11113","12170","6955"
"21","0.1","1","false","false","false","true","false","false","false","1","1","1","0.25","1","0","0","0","100","0","75","0.2","10","2.5","2","60","1.6","0.4","20.5","6.7","16","8.21","365","14","1","0","0","299","299","93","56019","2471","4622","7702","18846","340","10400","false","439030","34","91","215","11314","12414","7095"
"21","0.1","1","false","false","false","true","false","false","false","1","1","1","0.25","1","0","0","0","100","0","75","0.2","10","2.5","2","60","1.6","0.4","20.5","6.7","16","8.21","365","14","1","0","0","299","299","94","55450","2460","4657","7770","19319","344","10413","false","438234","34","91","219","11514","12634","7226"
"21","0.1","1","false","false","false","true","false","false","false","1","1","1","0.25","1","0","0","0","100","0","75","0.2","10","2.5","2","60","1.6","0.4","20.5","6.7","16","8.21","365","14","1","0","0","299","299","95","54877","2474","4714","7776","19807","352","10519","false","438130","36","95","221","11735","12864","7361"
"21","0.1","1","false","false","false","true","false","false","false","1","1","1","0.25","1","0","0","0","100","0","75","0.2","10","2.5","2","60","1.6","0.4","20.5","6.7","16","8.21","365","14","1","0","0","299","299","96","54330","2470","4773","7763","20305","359","10530","false","437282","37","96","226","11944","13113","7471"
"21","0.1","1","false","false","false","true","false","false","false","1","1","1","0.25","1","0","0","0","100","0","75","0.2","10","2.5","2","60","1.6","0.4","20.5","6.7","16","8.21","365","14","1","0","0","299","299","97","53722","2504","4750","7854","20803","367","10654","false","436999","41","96","230","12153","13316","7598"
"21","0.1","1","false","false","false","true","false","false","false","1","1","1","0.25","1","0","0","0","100","0","75","0.2","10","2.5","2","60","1.6","0.4","20.5","6.7","16","8.21","365","14","1","0","0","299","299","98","53151","2454","4794","7924","21301","376","10632","false","435626","43","99","234","12374","13569","7742"
"21","0.1","1","false","false","false","true","false","false","false","1","1","1","0.25","1","0","0","0","100","0","75","0.2","10","2.5","2","60","1.6","0.4","20.5","6.7","16","8.21","365","14","1","0","0","299","299","99","52562","2483","4842","7923","21804","386","10544","false","435593","44","101","241","12601","13821","7863"
"21","0.1","1","false","false","false","true","false","false","false","1","1","1","0.25","1","0","0","0","100","0","75","0.2","10","2.5","2","60","1.6","0.4","20.5","6.7","16","8.21","365","14","1","0","0","299","299","100","51956","2555","4854","7918","22322","395","10494","false","435946","46","104","245","12801","14047","7972"
"21","0.1","1","false","false","false","true","false","false","false","1","1","1","0.25","1","0","0","0","100","0","75","0.2","10","2.5","2","60","1.6","0.4","20.5","6.7","16","8.21","365","14","1","0","0","299","299","101","51354","2575","4862","7972","22832","405","10525","false","436277","49","106","250","13024","14271","8102"
"21","0.1","1","false","false","false","true","false","false","false","1","1","1","0.25","1","0","0","0","100","0","75","0.2","10","2.5","2","60","1.6","0.4","20.5","6.7","16","8.21","365","14","1","0","0","299","299","102","50797","2535","4859","8052","23341","416","10388","false","435951","49","111","256","13220","14496","8233"
"21","0.1","1","false","false","false","true","false","false","false","1","1","1","0.25","1","0","0","0","100","0","75","0.2","10","2.5","2","60","1.6","0.4","20.5","6.7","16","8.21","365","14","1","0","0","299","299","103","50190","2508","4904","8123","23852","423","10437","false","436860","49","116","258","13437","14757","8386"
"21","0.1","1","false","false","false","true","false","false","false","1","1","1","0.25","1","0","0","0","100","0","75","0.2","10","2.5","2","60","1.6","0.4","20.5","6.7","16","8.21","365","14","1","0","0","299","299","104","49534","2586","4915","8151","24378","436","10437","false","436413","50","120","266","13650","14985","8521"
"21","0.1","1","false","false","false","true","false","false","false","1","1","1","0.25","1","0","0","0","100","0","75","0.2","10","2.5","2","60","1.6","0.4","20.5","6.7","16","8.21","365","14","1","0","0","299","299","105","48890","2665","4967","8146","24890","442","10706","false","436324","51","122","269","13881","15232","8652"
"21","0.1","1","false","false","false","true","false","false","false","1","1","1","0.25","1","0","0","0","100","0","75","0.2","10","2.5","2","60","1.6","0.4","20.5","6.7","16","8.21","365","14","1","0","0","299","299","106","48278","2652","4984","8241","25391","454","10829","false","434203","52","124","278","14130","15475","8772"
"21","0.1","1","false","false","false","true","false","false","false","1","1","1","0.25","1","0","0","0","100","0","75","0.2","10","2.5","2","60","1.6","0.4","20.5","6.7","16","8.21","365","14","1","0","0","299","299","107","47661","2630","5009","8323","25912","465","10888","false","433070","52","129","284","14357","15707","8905"
"21","0.1","1","false","false","false","true","false","false","false","1","1","1","0.25","1","0","0","0","100","0","75","0.2","10","2.5","2","60","1.6","0.4","20.5","6.7","16","8.21","365","14","1","0","0","299","299","108","47066","2600","5015","8364","26479","476","10901","false","432388","54","131","291","14596","15945","9045"
"21","0.1","1","false","false","false","true","false","false","false","1","1","1","0.25","1","0","0","0","100","0","75","0.2","10","2.5","2","60","1.6","0.4","20.5","6.7","16","8.21","365","14","1","0","0","299","299","109","46486","2543","5039","8432","27013","487","10952","false","431846","55","135","297","14826","16198","9191"
"21","0.1","1","false","false","false","true","false","false","false","1","1","1","0.25","1","0","0","0","100","0","75","0.2","10","2.5","2","60","1.6","0.4","20.5","6.7","16","8.21","365","14","1","0","0","299","299","110","45888","2566","5079","8430","27537","500","10979","false","431281","55","138","307","15047","16454","9327"
"21","0.1","1","false","false","false","true","false","false","false","1","1","1","0.25","1","0","0","0","100","0","75","0.2","10","2.5","2","60","1.6","0.4","20.5","6.7","16","8.21","365","14","1","0","0","299","299","111","45245","2589","5106","8491","28056","513","11050","false","431036","56","140","317","15265","16713","9465"
"21","0.1","1","false","false","false","true","false","false","false","1","1","1","0.25","1","0","0","0","100","0","75","0.2","10","2.5","2","60","1.6","0.4","20.5","6.7","16","8.21","365","14","1","0","0","299","299","112","44644","2579","5108","8541","28607","521","11020","false","430362","57","144","320","15473","16970","9610"
"21","0.1","1","false","false","false","true","false","false","false","1","1","1","0.25","1","0","0","0","100","0","75","0.2","10","2.5","2","60","1.6","0.4","20.5","6.7","16","8.21","365","14","1","0","0","299","299","113","44083","2542","5148","8537","29160","530","11016","false","430481","58","146","326","15687","17213","9753"
"21","0.1","1","false","false","false","true","false","false","false","1","1","1","0.25","1","0","0","0","100","0","75","0.2","10","2.5","2","60","1.6","0.4","20.5","6.7","16","8.21","365","14","1","0","0","299","299","114","43468","2575","5138","8514","29763","542","10991","false","430530","59","147","336","15911","17433","9893"
"21","0.1","1","false","false","false","true","false","false","false","1","1","1","0.25","1","0","0","0","100","0","75","0.2","10","2.5","2","60","1.6","0.4","20.5","6.7","16","8.21","365","14","1","0","0","299","299","115","42804","2623","5136","8566","30318","553","10900","false","430694","61","149","343","16131","17675","10041"
"21","0.1","1","false","false","false","true","false","false","false","1","1","1","0.25","1","0","0","0","100","0","75","0.2","10","2.5","2","60","1.6","0.4","20.5","6.7","16","8.21","365","14","1","0","0","299","299","116","42217","2614","5182","8573","30851","563","10886","false","431240","63","152","348","16364","17939","10184"
"21","0.1","1","false","false","false","true","false","false","false","1","1","1","0.25","1","0","0","0","100","0","75","0.2","10","2.5","2","60","1.6","0.4","20.5","6.7","16","8.21","365","14","1","0","0","299","299","117","41620","2614","5190","8596","31408","572","10834","false","431027","63","154","355","16571","18155","10339"
"21","0.1","1","false","false","false","true","false","false","false","1","1","1","0.25","1","0","0","0","100","0","75","0.2","10","2.5","2","60","1.6","0.4","20.5","6.7","16","8.21","365","14","1","0","0","299","299","118","41036","2632","5174","8612","31963","583","10846","false","431215","64","156","363","16778","18390","10453"
"21","0.1","1","false","false","false","true","false","false","false","1","1","1","0.25","1","0","0","0","100","0","75","0.2","10","2.5","2","60","1.6","0.4","20.5","6.7","16","8.21","365","14","1","0","0","299","299","119","40431","2618","5181","8664","32512","594","10693","false","430878","64","157","373","16992","18642","10593"
"21","0.1","1","false","false","false","true","false","false","false","1","1","1","0.25","1","0","0","0","100","0","75","0.2","10","2.5","2","60","1.6","0.4","20.5","6.7","16","8.21","365","14","1","0","0","299","299","120","39832","2574","5175","8700","33114","605","10629","false","432000","64","159","382","17235","18891","10731"
"21","0.1","1","false","false","false","true","false","false","false","1","1","1","0.25","1","0","0","0","100","0","75","0.2","10","2.5","2","60","1.6","0.4","20.5","6.7","16","8.21","365","14","1","0","0","299","299","121","39222","2572","5177","8715","33696","618","10545","false","432371","64","161","393","17460","19112","10880"
"21","0.1","1","false","false","false","true","false","false","false","1","1","1","0.25","1","0","0","0","100","0","75","0.2","10","2.5","2","60","1.6","0.4","20.5","6.7","16","8.21","365","14","1","0","0","299","299","122","38589","2577","5195","8775","34231","633","10526","false","432811","65","167","401","17708","19368","10999"
"21","0.1","1","false","false","false","true","false","false","false","1","1","1","0.25","1","0","0","0","100","0","75","0.2","10","2.5","2","60","1.6","0.4","20.5","6.7","16","8.21","365","14","1","0","0","299","299","123","37997","2579","5230","8736","34818","640","10483","false","432733","68","167","405","17950","19603","11131"
"21","0.1","1","false","false","false","true","false","false","false","1","1","1","0.25","1","0","0","0","100","0","75","0.2","10","2.5","2","60","1.6","0.4","20.5","6.7","16","8.21","365","14","1","0","0","299","299","124","37461","2489","5245","8766","35394","645","10491","false","433263","68","170","407","18186","19827","11293"
"21","0.1","1","false","false","false","true","false","false","false","1","1","1","0.25","1","0","0","0","100","0","75","0.2","10","2.5","2","60","1.6","0.4","20.5","6.7","16","8.21","365","14","1","0","0","299","299","125","36831","2517","5237","8767","35989","659","10522","false","433186","71","173","415","18416","20068","11419"
"21","0.1","1","false","false","false","true","false","false","false","1","1","1","0.25","1","0","0","0","100","0","75","0.2","10","2.5","2","60","1.6","0.4","20.5","6.7","16","8.21","365","14","1","0","0","299","299","126","36226","2527","5254","8730","36594","669","10637","false","432826","73","175","421","18656","20304","11558"
"21","0.1","1","false","false","false","true","false","false","false","1","1","1","0.25","1","0","0","0","100","0","75","0.2","10","2.5","2","60","1.6","0.4","20.5","6.7","16","8.21","365","14","1","0","0","299","299","127","35685","2480","5232","8735","37189","679","10591","false","431851","74","178","427","18857","20541","11703"
"21","0.1","1","false","false","false","true","false","false","false","1","1","1","0.25","1","0","0","0","100","0","75","0.2","10","2.5","2","60","1.6","0.4","20.5","6.7","16","8.21","365","14","1","0","0","299","299","128","35099","2477","5284","8714","37741","685","10526","false","432388","74","180","431","19068","20814","11853"
"21","0.1","1","false","false","false","true","false","false","false","1","1","1","0.25","1","0","0","0","100","0","75","0.2","10","2.5","2","60","1.6","0.4","20.5","6.7","16","8.21","365","14","1","0","0","299","299","129","34543","2448","5289","8699","38326","695","10439","false","432865","75","184","436","19279","21035","11994"
"21","0.1","1","false","false","false","true","false","false","false","1","1","1","0.25","1","0","0","0","100","0","75","0.2","10","2.5","2","60","1.6","0.4","20.5","6.7","16","8.21","365","14","1","0","0","299","299","130","34037","2393","5279","8688","38893","710","10289","false","433433","77","187","446","19473","21250","12152"
"21","0.1","1","false","false","false","true","false","false","false","1","1","1","0.25","1","0","0","0","100","0","75","0.2","10","2.5","2","60","1.6","0.4","20.5","6.7","16","8.21","365","14","1","0","0","299","299","131","33479","2382","5241","8675","39500","723","10276","false","434473","77","191","455","19697","21483","12274"
"21","0.1","1","false","false","false","true","false","false","false","1","1","1","0.25","1","0","0","0","100","0","75","0.2","10","2.5","2","60","1.6","0.4","20.5","6.7","16","8.21","365","14","1","0","0","299","299","132","32918","2398","5245","8616","40090","733","10230","false","434535","77","195","461","19882","21701","12412"
"21","0.1","1","false","false","false","true","false","false","false","1","1","1","0.25","1","0","0","0","100","0","75","0.2","10","2.5","2","60","1.6","0.4","20.5","6.7","16","8.21","365","14","1","0","0","299","299","133","32366","2394","5243","8571","40683","743","10224","false","435062","79","199","465","20100","21931","12555"
"21","0.1","1","false","false","false","true","false","false","false","1","1","1","0.25","1","0","0","0","100","0","75","0.2","10","2.5","2","60","1.6","0.4","20.5","6.7","16","8.21","365","14","1","0","0","299","299","134","31809","2357","5222","8595","41270","747","10130","false","434963","80","200","467","20315","22152","12682"
"21","0.1","1","false","false","false","true","false","false","false","1","1","1","0.25","1","0","0","0","100","0","75","0.2","10","2.5","2","60","1.6","0.4","20.5","6.7","16","8.21","365","14","1","0","0","299","299","135","31271","2344","5197","8558","41871","759","10004","false","435712","82","201","476","20504","22371","12818"
"21","0.1","1","false","false","false","true","false","false","false","1","1","1","0.25","1","0","0","0","100","0","75","0.2","10","2.5","2","60","1.6","0.4","20.5","6.7","16","8.21","365","14","1","0","0","299","299","136","30740","2359","5216","8450","42466","769","9960","false","436669","83","202","484","20702","22598","12945"
"21","0.1","1","false","false","false","true","false","false","false","1","1","1","0.25","1","0","0","0","100","0","75","0.2","10","2.5","2","60","1.6","0.4","20.5","6.7","16","8.21","365","14","1","0","0","299","299","137","30226","2332","5211","8394","43059","778","9769","false","436928","85","204","489","20923","22817","13072"
"21","0.1","1","false","false","false","true","false","false","false","1","1","1","0.25","1","0","0","0","100","0","75","0.2","10","2.5","2","60","1.6","0.4","20.5","6.7","16","8.21","365","14","1","0","0","299","299","138","29647","2335","5204","8395","43633","786","9707","false","438282","85","205","496","21159","23039","13192"
"21","0.1","1","false","false","false","true","false","false","false","1","1","1","0.25","1","0","0","0","100","0","75","0.2","10","2.5","2","60","1.6","0.4","20.5","6.7","16","8.21","365","14","1","0","0","299","299","139","29076","2340","5192","8373","44223","796","9560","false","438947","86","206","504","21356","23274","13319"
"21","0.1","1","false","false","false","true","false","false","false","1","1","1","0.25","1","0","0","0","100","0","75","0.2","10","2.5","2","60","1.6","0.4","20.5","6.7","16","8.21","365","14","1","0","0","299","299","140","28532","2376","5155","8292","44841","804","9550","false","440047","86","209","509","21555","23497","13432"
"21","0.1","1","false","false","false","true","false","false","false","1","1","1","0.25","1","0","0","0","100","0","75","0.2","10","2.5","2","60","1.6","0.4","20.5","6.7","16","8.21","365","14","1","0","0","299","299","141","27983","2334","5119","8331","45421","812","9500","false","440219","87","211","514","21754","23721","13556"
"21","0.1","1","false","false","false","true","false","false","false","1","1","1","0.25","1","0","0","0","100","0","75","0.2","10","2.5","2","60","1.6","0.4","20.5","6.7","16","8.21","365","14","1","0","0","299","299","142","27493","2331","5078","8258","46020","820","9370","false","440389","89","212","519","21947","23920","13670"
"21","0.1","1","false","false","false","true","false","false","false","1","1","1","0.25","1","0","0","0","100","0","75","0.2","10","2.5","2","60","1.6","0.4","20.5","6.7","16","8.21","365","14","1","0","0","299","299","143","26950","2328","5038","8174","46674","836","9241","false","441393","93","213","530","22147","24153","13794"
"21","0.1","1","false","false","false","true","false","false","false","1","1","1","0.25","1","0","0","0","100","0","75","0.2","10","2.5","2","60","1.6","0.4","20.5","6.7","16","8.21","365","14","1","0","0","299","299","144","26417","2310","5000","8195","47227","851","9070","false","442411","93","218","540","22341","24360","13918"
"21","0.1","1","false","false","false","true","false","false","false","1","1","1","0.25","1","0","0","0","100","0","75","0.2","10","2.5","2","60","1.6","0.4","20.5","6.7","16","8.21","365","14","1","0","0","299","299","145","25884","2320","4999","8185","47742","870","9014","false","443605","96","221","553","22506","24589","14051"
"21","0.1","1","false","false","false","true","false","false","false","1","1","1","0.25","1","0","0","0","100","0","75","0.2","10","2.5","2","60","1.6","0.4","20.5","6.7","16","8.21","365","14","1","0","0","299","299","146","25312","2373","4990","8119","48327","879","9018","false","443954","96","222","561","22710","24810","14168"
"21","0.1","1","false","false","false","true","false","false","false","1","1","1","0.25","1","0","0","0","100","0","75","0.2","10","2.5","2","60","1.6","0.4","20.5","6.7","16","8.21","365","14","1","0","0","299","299","147","24770","2344","4938","8126","48934","888","9001","false","444079","97","223","568","22893","25045","14307"
"21","0.1","1","false","false","false","true","false","false","false","1","1","1","0.25","1","0","0","0","100","0","75","0.2","10","2.5","2","60","1.6","0.4","20.5","6.7","16","8.21","365","14","1","0","0","299","299","148","24285","2285","4905","8118","49511","896","8932","false","444277","99","227","570","23094","25245","14428"
"21","0.1","1","false","false","false","true","false","false","false","1","1","1","0.25","1","0","0","0","100","0","75","0.2","10","2.5","2","60","1.6","0.4","20.5","6.7","16","8.21","365","14","1","0","0","299","299","149","23825","2206","4869","8123","50069","908","8862","false","444710","101","228","579","23288","25477","14544"
"21","0.1","1","false","false","false","true","false","false","false","1","1","1","0.25","1","0","0","0","100","0","75","0.2","10","2.5","2","60","1.6","0.4","20.5","6.7","16","8.21","365","14","1","0","0","299","299","150","23350","2162","4869","8098","50607","914","8762","false","445398","101","232","581","23505","25676","14655"
"21","0.1","1","false","false","false","true","false","false","false","1","1","1","0.25","1","0","0","0","100","0","75","0.2","10","2.5","2","60","1.6","0.4","20.5","6.7","16","8.21","365","14","1","0","0","299","299","151","22886","2139","4850","8046","51154","925","8662","false","446333","102","233","590","23689","25862","14777"
"21","0.1","1","false","false","false","true","false","false","false","1","1","1","0.25","1","0","0","0","100","0","75","0.2","10","2.5","2","60","1.6","0.4","20.5","6.7","16","8.21","365","14","1","0","0","299","299","152","22433","2086","4816","7976","51754","935","8573","false","447064","104","235","596","23881","26041","14921"
"21","0.1","1","false","false","false","true","false","false","false","1","1","1","0.25","1","0","0","0","100","0","75","0.2","10","2.5","2","60","1.6","0.4","20.5","6.7","16","8.21","365","14","1","0","0","299","299","153","21982","2033","4812","7889","52335","949","8527","false","447655","107","237","605","24074","26247","15033"
"21","0.1","1","false","false","false","true","false","false","false","1","1","1","0.25","1","0","0","0","100","0","75","0.2","10","2.5","2","60","1.6","0.4","20.5","6.7","16","8.21","365","14","1","0","0","299","299","154","21530","1989","4779","7817","52915","970","8432","false","448093","109","242","619","24246","26469","15136"
"21","0.1","1","false","false","false","true","false","false","false","1","1","1","0.25","1","0","0","0","100","0","75","0.2","10","2.5","2","60","1.6","0.4","20.5","6.7","16","8.21","365","14","1","0","0","299","299","155","21098","1953","4772","7756","53443","978","8404","false","448692","109","243","626","24428","26665","15264"
"21","0.1","1","false","false","false","true","false","false","false","1","1","1","0.25","1","0","0","0","100","0","75","0.2","10","2.5","2","60","1.6","0.4","20.5","6.7","16","8.21","365","14","1","0","0","299","299","156","20648","1959","4775","7640","53992","986","8401","false","448975","109","246","631","24620","26841","15382"
"21","0.1","1","false","false","false","true","false","false","false","1","1","1","0.25","1","0","0","0","100","0","75","0.2","10","2.5","2","60","1.6","0.4","20.5","6.7","16","8.21","365","14","1","0","0","299","299","157","20212","1927","4743","7568","54560","990","8365","false","449151","111","246","633","24781","27035","15509"
"21","0.1","1","false","false","false","true","false","false","false","1","1","1","0.25","1","0","0","0","100","0","75","0.2","10","2.5","2","60","1.6","0.4","20.5","6.7","16","8.21","365","14","1","0","0","299","299","158","19811","1903","4740","7454","55097","995","8279","false","449490","111","247","637","24938","27235","15594"
"21","0.1","1","false","false","false","true","false","false","false","1","1","1","0.25","1","0","0","0","100","0","75","0.2","10","2.5","2","60","1.6","0.4","20.5","6.7","16","8.21","365","14","1","0","0","299","299","159","19391","1864","4709","7391","55641","1004","8208","false","450222","113","248","643","25130","27408","15695"
"21","0.1","1","false","false","false","true","false","false","false","1","1","1","0.25","1","0","0","0","100","0","75","0.2","10","2.5","2","60","1.6","0.4","20.5","6.7","16","8.21","365","14","1","0","0","299","299","160","18993","1817","4639","7311","56225","1015","8040","false","450888","113","254","648","25301","27571","15809"
"21","0.1","1","false","false","false","true","false","false","false","1","1","1","0.25","1","0","0","0","100","0","75","0.2","10","2.5","2","60","1.6","0.4","20.5","6.7","16","8.21","365","14","1","0","0","299","299","161","18593","1778","4587","7267","56753","1022","7852","false","452235","114","256","652","25467","27738","15916"
"21","0.1","1","false","false","false","true","false","false","false","1","1","1","0.25","1","0","0","0","100","0","75","0.2","10","2.5","2","60","1.6","0.4","20.5","6.7","16","8.21","365","14","1","0","0","299","299","162","18187","1766","4554","7156","57304","1033","7675","false","453637","117","259","657","25628","27901","16017"
"21","0.1","1","false","false","false","true","false","false","false","1","1","1","0.25","1","0","0","0","100","0","75","0.2","10","2.5","2","60","1.6","0.4","20.5","6.7","16","8.21","365","14","1","0","0","299","299","163","17812","1762","4503","7057","57825","1041","7571","false","455026","118","263","660","25764","28080","16102"
"21","0.1","1","false","false","false","true","false","false","false","1","1","1","0.25","1","0","0","0","100","0","75","0.2","10","2.5","2","60","1.6","0.4","20.5","6.7","16","8.21","365","14","1","0","0","299","299","164","17437","1733","4424","6961","58395","1050","7463","false","455893","118","268","664","25909","28238","16194"
"21","0.1","1","false","false","false","true","false","false","false","1","1","1","0.25","1","0","0","0","100","0","75","0.2","10","2.5","2","60","1.6","0.4","20.5","6.7","16","8.21","365","14","1","0","0","299","299","165","17059","1717","4354","6851","58958","1061","7324","false","456770","121","268","672","26050","28407","16293"
"21","0.1","1","false","false","false","true","false","false","false","1","1","1","0.25","1","0","0","0","100","0","75","0.2","10","2.5","2","60","1.6","0.4","20.5","6.7","16","8.21","365","14","1","0","0","299","299","166","16710","1668","4301","6765","59490","1066","7138","false","457815","121","272","673","26192","28566","16391"
"21","0.1","1","false","false","false","true","false","false","false","1","1","1","0.25","1","0","0","0","100","0","75","0.2","10","2.5","2","60","1.6","0.4","20.5","6.7","16","8.21","365","14","1","0","0","299","299","167","16326","1641","4265","6674","60019","1075","6886","false","459090","121","274","680","26352","28731","16490"
"21","0.1","1","false","false","false","true","false","false","false","1","1","1","0.25","1","0","0","0","100","0","75","0.2","10","2.5","2","60","1.6","0.4","20.5","6.7","16","8.21","365","14","1","0","0","299","299","168","15947","1631","4184","6592","60563","1083","6765","false","460992","122","274","687","26497","28891","16575"
"21","0.1","1","false","false","false","true","false","false","false","1","1","1","0.25","1","0","0","0","100","0","75","0.2","10","2.5","2","60","1.6","0.4","20.5","6.7","16","8.21","365","14","1","0","0","299","299","169","15564","1597","4109","6544","61090","1096","6654","false","461972","122","277","697","26638","29024","16677"
"21","0.1","1","false","false","false","true","false","false","false","1","1","1","0.25","1","0","0","0","100","0","75","0.2","10","2.5","2","60","1.6","0.4","20.5","6.7","16","8.21","365","14","1","0","0","299","299","170","15208","1566","4061","6455","61606","1104","6440","false","462967","124","280","700","26789","29170","16762"
"21","0.1","1","false","false","false","true","false","false","false","1","1","1","0.25","1","0","0","0","100","0","75","0.2","10","2.5","2","60","1.6","0.4","20.5","6.7","16","8.21","365","14","1","0","0","299","299","171","14834","1592","4018","6321","62118","1117","6355","false","464796","127","282","708","26932","29328","16854"
"21","0.1","1","false","false","false","true","false","false","false","1","1","1","0.25","1","0","0","0","100","0","75","0.2","10","2.5","2","60","1.6","0.4","20.5","6.7","16","8.21","365","14","1","0","0","299","299","172","14476","1562","3959","6253","62621","1129","6270","false","465731","129","286","714","27084","29484","16942"
"21","0.1","1","false","false","false","true","false","false","false","1","1","1","0.25","1","0","0","0","100","0","75","0.2","10","2.5","2","60","1.6","0.4","20.5","6.7","16","8.21","365","14","1","0","0","299","299","173","14129","1510","3924","6195","63104","1138","6231","false","466397","130","288","720","27227","29634","17036"
"21","0.1","1","false","false","false","true","false","false","false","1","1","1","0.25","1","0","0","0","100","0","75","0.2","10","2.5","2","60","1.6","0.4","20.5","6.7","16","8.21","365","14","1","0","0","299","299","174","13803","1501","3867","6063","63619","1147","6064","false","466723","131","289","727","27376","29766","17116"
"21","0.1","1","false","false","false","true","false","false","false","1","1","1","0.25","1","0","0","0","100","0","75","0.2","10","2.5","2","60","1.6","0.4","20.5","6.7","16","8.21","365","14","1","0","0","299","299","175","13476","1456","3816","6000","64097","1155","6058","false","468023","131","290","734","27520","29916","17202"
"21","0.1","1","false","false","false","true","false","false","false","1","1","1","0.25","1","0","0","0","100","0","75","0.2","10","2.5","2","60","1.6","0.4","20.5","6.7","16","8.21","365","14","1","0","0","299","299","176","13151","1418","3769","5942","64553","1167","5956","false","468041","132","294","741","27639","30069","17278"
"21","0.1","1","false","false","false","true","false","false","false","1","1","1","0.25","1","0","0","0","100","0","75","0.2","10","2.5","2","60","1.6","0.4","20.5","6.7","16","8.21","365","14","1","0","0","299","299","177","12872","1371","3690","5848","65041","1178","5782","false","468879","134","296","748","27751","30200","17359"
"21","0.1","1","false","false","false","true","false","false","false","1","1","1","0.25","1","0","0","0","100","0","75","0.2","10","2.5","2","60","1.6","0.4","20.5","6.7","16","8.21","365","14","1","0","0","299","299","178","12601","1351","3671","5726","65467","1184","5732","false","470279","135","297","752","27855","30342","17434"
"21","0.1","1","false","false","false","true","false","false","false","1","1","1","0.25","1","0","0","0","100","0","75","0.2","10","2.5","2","60","1.6","0.4","20.5","6.7","16","8.21","365","14","1","0","0","299","299","179","12344","1259","3603","5690","65911","1193","5635","false","470877","136","299","758","27980","30473","17524"
"21","0.1","1","false","false","false","true","false","false","false","1","1","1","0.25","1","0","0","0","100","0","75","0.2","10","2.5","2","60","1.6","0.4","20.5","6.7","16","8.21","365","14","1","0","0","299","299","180","12118","1156","3550","5583","66396","1197","5497","false","471812","136","301","760","28103","30611","17605"
"21","0.1","1","false","false","false","true","false","false","false","1","1","1","0.25","1","0","0","0","100","0","75","0.2","10","2.5","2","60","1.6","0.4","20.5","6.7","16","8.21","365","14","1","0","0","299","299","181","11864","1126","3510","5438","66857","1205","5433","false","473012","136","302","767","28214","30727","17683"
"21","0.1","1","false","false","false","true","false","false","false","1","1","1","0.25","1","0","0","0","100","0","75","0.2","10","2.5","2","60","1.6","0.4","20.5","6.7","16","8.21","365","14","1","0","0","299","299","182","11610","1094","3442","5328","67310","1216","5249","false","473655","139","306","771","28326","30828","17759"
"21","0.1","1","false","false","false","true","false","false","false","1","1","1","0.25","1","0","0","0","100","0","75","0.2","10","2.5","2","60","1.6","0.4","20.5","6.7","16","8.21","365","14","1","0","0","299","299","183","11372","1071","3392","5189","67754","1222","5045","false","475092","140","307","775","28426","30941","17815"
"21","0.1","1","false","false","false","true","false","false","false","1","1","1","0.25","1","0","0","0","100","0","75","0.2","10","2.5","2","60","1.6","0.4","20.5","6.7","16","8.21","365","14","1","0","0","299","299","184","11115","1090","3350","5035","68180","1230","4898","false","476720","141","309","780","28520","31056","17882"
"21","0.1","1","false","false","false","true","false","false","false","1","1","1","0.25","1","0","0","0","100","0","75","0.2","10","2.5","2","60","1.6","0.4","20.5","6.7","16","8.21","365","14","1","0","0","299","299","185","10864","1087","3287","4938","68588","1236","4742","false","477919","143","309","784","28611","31175","17937"
"21","0.1","1","false","false","false","true","false","false","false","1","1","1","0.25","1","0","0","0","100","0","75","0.2","10","2.5","2","60","1.6","0.4","20.5","6.7","16","8.21","365","14","1","0","0","299","299","186","10609","1103","3229","4812","69003","1244","4583","false","479249","145","311","788","28709","31271","17999"
"21","0.1","1","false","false","false","true","false","false","false","1","1","1","0.25","1","0","0","0","100","0","75","0.2","10","2.5","2","60","1.6","0.4","20.5","6.7","16","8.21","365","14","1","0","0","299","299","187","10387","1039","3163","4761","69396","1254","4422","false","480600","147","313","794","28810","31380","18062"
"21","0.1","1","false","false","false","true","false","false","false","1","1","1","0.25","1","0","0","0","100","0","75","0.2","10","2.5","2","60","1.6","0.4","20.5","6.7","16","8.21","365","14","1","0","0","299","299","188","10159","1011","3112","4667","69793","1258","4259","false","481891","147","315","796","28906","31472","18115"
"21","0.1","1","false","false","false","true","false","false","false","1","1","1","0.25","1","0","0","0","100","0","75","0.2","10","2.5","2","60","1.6","0.4","20.5","6.7","16","8.21","365","14","1","0","0","299","299","189","9940","980","3057","4583","70174","1266","4123","false","483278","148","318","800","28983","31571","18184"
"21","0.1","1","false","false","false","true","false","false","false","1","1","1","0.25","1","0","0","0","100","0","75","0.2","10","2.5","2","60","1.6","0.4","20.5","6.7","16","8.21","365","14","1","0","0","299","299","190","9690","1000","3049","4450","70539","1272","4052","false","484424","148","318","806","29066","31686","18252"
"21","0.1","1","false","false","false","true","false","false","false","1","1","1","0.25","1","0","0","0","100","0","75","0.2","10","2.5","2","60","1.6","0.4","20.5","6.7","16","8.21","365","14","1","0","0","299","299","191","9455","1011","3004","4308","70941","1281","4026","false","485083","150","321","810","29148","31774","18315"
"21","0.1","1","false","false","false","true","false","false","false","1","1","1","0.25","1","0","0","0","100","0","75","0.2","10","2.5","2","60","1.6","0.4","20.5","6.7","16","8.21","365","14","1","0","0","299","299","192","9248","990","2934","4209","71332","1287","3960","false","485375","153","322","812","29236","31864","18368"
"21","0.1","1","false","false","false","true","false","false","false","1","1","1","0.25","1","0","0","0","100","0","75","0.2","10","2.5","2","60","1.6","0.4","20.5","6.7","16","8.21","365","14","1","0","0","299","299","193","9065","946","2869","4121","71705","1294","3796","false","485969","155","324","815","29317","31959","18433"
"21","0.1","1","false","false","false","true","false","false","false","1","1","1","0.25","1","0","0","0","100","0","75","0.2","10","2.5","2","60","1.6","0.4","20.5","6.7","16","8.21","365","14","1","0","0","299","299","194","8866","917","2803","4045","72067","1302","3684","false","487368","157","324","821","29400","32048","18481"
"21","0.1","1","false","false","false","true","false","false","false","1","1","1","0.25","1","0","0","0","100","0","75","0.2","10","2.5","2","60","1.6","0.4","20.5","6.7","16","8.21","365","14","1","0","0","299","299","195","8655","899","2764","3945","72427","1310","3637","false","488203","158","326","826","29494","32136","18534"
"21","0.1","1","false","false","false","true","false","false","false","1","1","1","0.25","1","0","0","0","100","0","75","0.2","10","2.5","2","60","1.6","0.4","20.5","6.7","16","8.21","365","14","1","0","0","299","299","196","8480","860","2706","3852","72785","1317","3522","false","488742","158","327","832","29572","32215","18587"
"21","0.1","1","false","false","false","true","false","false","false","1","1","1","0.25","1","0","0","0","100","0","75","0.2","10","2.5","2","60","1.6","0.4","20.5","6.7","16","8.21","365","14","1","0","0","299","299","197","8305","834","2639","3765","73133","1324","3443","false","489721","159","329","836","29652","32286","18644"
"21","0.1","1","false","false","false","true","false","false","false","1","1","1","0.25","1","0","0","0","100","0","75","0.2","10","2.5","2","60","1.6","0.4","20.5","6.7","16","8.21","365","14","1","0","0","299","299","198","8123","813","2609","3653","73475","1327","3359","false","490426","160","330","837","29737","32371","18711"
"21","0.1","1","false","false","false","true","false","false","false","1","1","1","0.25","1","0","0","0","100","0","75","0.2","10","2.5","2","60","1.6","0.4","20.5","6.7","16","8.21","365","14","1","0","0","299","299","199","7951","776","2554","3563","73824","1332","3271","false","491233","160","331","841","29815","32452","18763"
"21","0.1","1","false","false","false","true","false","false","false","1","1","1","0.25","1","0","0","0","100","0","75","0.2","10","2.5","2","60","1.6","0.4","20.5","6.7","16","8.21","365","14","1","0","0","299","299","200","7785","760","2484","3471","74162","1338","3288","false","492041","161","331","846","29898","32529","18804"
"21","0.1","1","false","false","false","true","false","false","false","1","1","1","0.25","1","0","0","0","100","0","75","0.2","10","2.5","2","60","1.6","0.4","20.5","6.7","16","8.21","365","14","1","0","0","299","299","201","7643","701","2414","3409","74487","1346","3258","false","492042","163","333","850","29988","32597","18852"
"21","0.1","1","false","false","false","true","false","false","false","1","1","1","0.25","1","0","0","0","100","0","75","0.2","10","2.5","2","60","1.6","0.4","20.5","6.7","16","8.21","365","14","1","0","0","299","299","202","7515","649","2361","3327","74798","1350","3157","false","492362","163","334","853","30055","32665","18891"
"21","0.1","1","false","false","false","true","false","false","false","1","1","1","0.25","1","0","0","0","100","0","75","0.2","10","2.5","2","60","1.6","0.4","20.5","6.7","16","8.21","365","14","1","0","0","299","299","203","7381","615","2300","3237","75111","1356","3061","false","493154","163","337","856","30120","32737","18941"
"21","0.1","1","false","false","false","true","false","false","false","1","1","1","0.25","1","0","0","0","100","0","75","0.2","10","2.5","2","60","1.6","0.4","20.5","6.7","16","8.21","365","14","1","0","0","299","299","204","7231","599","2258","3189","75365","1358","2969","false","493912","163","339","856","30194","32806","18985"
"21","0.1","1","false","false","false","true","false","false","false","1","1","1","0.25","1","0","0","0","100","0","75","0.2","10","2.5","2","60","1.6","0.4","20.5","6.7","16","8.21","365","14","1","0","0","299","299","205","7075","616","2184","3101","75664","1360","2836","false","494744","163","339","858","30247","32865","19011"
"21","0.1","1","false","false","false","true","false","false","false","1","1","1","0.25","1","0","0","0","100","0","75","0.2","10","2.5","2","60","1.6","0.4","20.5","6.7","16","8.21","365","14","1","0","0","299","299","206","6939","614","2132","2994","75956","1365","2765","false","495795","163","340","862","30298","32931","19049"
"21","0.1","1","false","false","false","true","false","false","false","1","1","1","0.25","1","0","0","0","100","0","75","0.2","10","2.5","2","60","1.6","0.4","20.5","6.7","16","8.21","365","14","1","0","0","299","299","207","6790","615","2065","2921","76240","1369","2668","false","496412","164","340","865","30346","32991","19077"
"21","0.1","1","false","false","false","true","false","false","false","1","1","1","0.25","1","0","0","0","100","0","75","0.2","10","2.5","2","60","1.6","0.4","20.5","6.7","16","8.21","365","14","1","0","0","299","299","208","6649","622","1996","2858","76494","1381","2617","false","497321","166","341","874","30396","33058","19096"
"21","0.1","1","false","false","false","true","false","false","false","1","1","1","0.25","1","0","0","0","100","0","75","0.2","10","2.5","2","60","1.6","0.4","20.5","6.7","16","8.21","365","14","1","0","0","299","299","209","6518","592","1926","2796","76783","1385","2544","false","497724","167","341","877","30442","33129","19130"
"21","0.1","1","false","false","false","true","false","false","false","1","1","1","0.25","1","0","0","0","100","0","75","0.2","10","2.5","2","60","1.6","0.4","20.5","6.7","16","8.21","365","14","1","0","0","299","299","210","6381","590","1877","2721","77041","1390","2502","false","498336","169","341","880","30492","33189","19164"
"21","0.1","1","false","false","false","true","false","false","false","1","1","1","0.25","1","0","0","0","100","0","75","0.2","10","2.5","2","60","1.6","0.4","20.5","6.7","16","8.21","365","14","1","0","0","299","299","211","6248","571","1824","2635","77329","1393","2448","false","498610","169","341","883","30548","33251","19203"
"21","0.1","1","false","false","false","true","false","false","false","1","1","1","0.25","1","0","0","0","100","0","75","0.2","10","2.5","2","60","1.6","0.4","20.5","6.7","16","8.21","365","14","1","0","0","299","299","212","6115","576","1779","2573","77560","1397","2413","false","499115","170","341","886","30592","33308","19236"
"21","0.1","1","false","false","false","true","false","false","false","1","1","1","0.25","1","0","0","0","100","0","75","0.2","10","2.5","2","60","1.6","0.4","20.5","6.7","16","8.21","365","14","1","0","0","299","299","213","6010","557","1746","2507","77778","1402","2322","false","499343","172","341","889","30647","33359","19270"
"21","0.1","1","false","false","false","true","false","false","false","1","1","1","0.25","1","0","0","0","100","0","75","0.2","10","2.5","2","60","1.6","0.4","20.5","6.7","16","8.21","365","14","1","0","0","299","299","214","5895","537","1696","2451","78017","1404","2214","false","500061","172","342","890","30694","33409","19301"
"21","0.1","1","false","false","false","true","false","false","false","1","1","1","0.25","1","0","0","0","100","0","75","0.2","10","2.5","2","60","1.6","0.4","20.5","6.7","16","8.21","365","14","1","0","0","299","299","215","5754","545","1653","2405","78235","1408","2158","false","501033","174","342","892","30749","33464","19322"
"21","0.1","1","false","false","false","true","false","false","false","1","1","1","0.25","1","0","0","0","100","0","75","0.2","10","2.5","2","60","1.6","0.4","20.5","6.7","16","8.21","365","14","1","0","0","299","299","216","5627","551","1594","2342","78477","1409","2117","false","501504","174","342","893","30796","33512","19344"
"21","0.1","1","false","false","false","true","false","false","false","1","1","1","0.25","1","0","0","0","100","0","75","0.2","10","2.5","2","60","1.6","0.4","20.5","6.7","16","8.21","365","14","1","0","0","299","299","217","5524","545","1561","2262","78696","1412","2085","false","501936","174","344","894","30836","33563","19373"
"21","0.1","1","false","false","false","true","false","false","false","1","1","1","0.25","1","0","0","0","100","0","75","0.2","10","2.5","2","60","1.6","0.4","20.5","6.7","16","8.21","365","14","1","0","0","299","299","218","5419","532","1512","2206","78911","1420","2017","false","502203","175","347","898","30875","33617","19402"
"21","0.1","1","false","false","false","true","false","false","false","1","1","1","0.25","1","0","0","0","100","0","75","0.2","10","2.5","2","60","1.6","0.4","20.5","6.7","16","8.21","365","14","1","0","0","299","299","219","5317","487","1483","2171","79120","1422","1998","false","502651","176","348","898","30934","33683","19425"
"21","0.1","1","false","false","false","true","false","false","false","1","1","1","0.25","1","0","0","0","100","0","75","0.2","10","2.5","2","60","1.6","0.4","20.5","6.7","16","8.21","365","14","1","0","0","299","299","220","5204","484","1450","2111","79327","1424","1960","false","502846","177","348","899","30988","33714","19451"
"21","0.1","1","false","false","false","true","false","false","false","1","1","1","0.25","1","0","0","0","100","0","75","0.2","10","2.5","2","60","1.6","0.4","20.5","6.7","16","8.21","365","14","1","0","0","299","299","221","5107","468","1436","2053","79507","1429","1889","false","503148","177","352","900","31039","33759","19479"
"21","0.1","1","false","false","false","true","false","false","false","1","1","1","0.25","1","0","0","0","100","0","75","0.2","10","2.5","2","60","1.6","0.4","20.5","6.7","16","8.21","365","14","1","0","0","299","299","222","5019","437","1390","2035","79686","1433","1858","false","503739","178","352","903","31091","33801","19501"
"21","0.1","1","false","false","false","true","false","false","false","1","1","1","0.25","1","0","0","0","100","0","75","0.2","10","2.5","2","60","1.6","0.4","20.5","6.7","16","8.21","365","14","1","0","0","299","299","223","4913","447","1358","1962","79886","1434","1795","false","504010","178","352","904","31136","33831","19535"
"21","0.1","1","false","false","false","true","false","false","false","1","1","1","0.25","1","0","0","0","100","0","75","0.2","10","2.5","2","60","1.6","0.4","20.5","6.7","16","8.21","365","14","1","0","0","299","299","224","4820","432","1349","1897","80063","1439","1789","false","504506","179","353","907","31182","33882","19561"
"21","0.1","1","false","false","false","true","false","false","false","1","1","1","0.25","1","0","0","0","100","0","75","0.2","10","2.5","2","60","1.6","0.4","20.5","6.7","16","8.21","365","14","1","0","0","299","299","225","4728","424","1310","1842","80254","1442","1789","false","504544","180","354","908","31227","33922","19588"
"21","0.1","1","false","false","false","true","false","false","false","1","1","1","0.25","1","0","0","0","100","0","75","0.2","10","2.5","2","60","1.6","0.4","20.5","6.7","16","8.21","365","14","1","0","0","299","299","226","4634","405","1262","1815","80440","1444","1734","false","504653","180","354","910","31268","33975","19604"
"21","0.1","1","false","false","false","true","false","false","false","1","1","1","0.25","1","0","0","0","100","0","75","0.2","10","2.5","2","60","1.6","0.4","20.5","6.7","16","8.21","365","14","1","0","0","299","299","227","4539","410","1231","1772","80600","1448","1703","false","505131","180","355","913","31300","34004","19626"
"21","0.1","1","false","false","false","true","false","false","false","1","1","1","0.25","1","0","0","0","100","0","75","0.2","10","2.5","2","60","1.6","0.4","20.5","6.7","16","8.21","365","14","1","0","0","299","299","228","4460","396","1213","1732","80750","1449","1680","false","505431","180","356","913","31331","34054","19651"
"21","0.1","1","false","false","false","true","false","false","false","1","1","1","0.25","1","0","0","0","100","0","75","0.2","10","2.5","2","60","1.6","0.4","20.5","6.7","16","8.21","365","14","1","0","0","299","299","229","4366","397","1182","1702","80902","1451","1662","false","505653","180","357","914","31357","34092","19676"
"21","0.1","1","false","false","false","true","false","false","false","1","1","1","0.25","1","0","0","0","100","0","75","0.2","10","2.5","2","60","1.6","0.4","20.5","6.7","16","8.21","365","14","1","0","0","299","299","230","4285","381","1157","1666","81059","1452","1593","false","505839","180","357","915","31396","34135","19698"
"21","0.1","1","false","false","false","true","false","false","false","1","1","1","0.25","1","0","0","0","100","0","75","0.2","10","2.5","2","60","1.6","0.4","20.5","6.7","16","8.21","365","14","1","0","0","299","299","231","4194","364","1133","1654","81203","1452","1537","false","506386","180","357","915","31433","34179","19724"
"21","0.1","1","false","false","false","true","false","false","false","1","1","1","0.25","1","0","0","0","100","0","75","0.2","10","2.5","2","60","1.6","0.4","20.5","6.7","16","8.21","365","14","1","0","0","299","299","232","4114","363","1106","1612","81350","1455","1531","false","506873","180","357","918","31474","34212","19738"
"21","0.1","1","false","false","false","true","false","false","false","1","1","1","0.25","1","0","0","0","100","0","75","0.2","10","2.5","2","60","1.6","0.4","20.5","6.7","16","8.21","365","14","1","0","0","299","299","233","4044","349","1103","1583","81465","1456","1467","false","506938","180","357","919","31504","34241","19763"
"21","0.1","1","false","false","false","true","false","false","false","1","1","1","0.25","1","0","0","0","100","0","75","0.2","10","2.5","2","60","1.6","0.4","20.5","6.7","16","8.21","365","14","1","0","0","299","299","234","3950","357","1078","1538","81620","1457","1436","false","507491","180","357","920","31530","34274","19785"
"21","0.1","1","false","false","false","true","false","false","false","1","1","1","0.25","1","0","0","0","100","0","75","0.2","10","2.5","2","60","1.6","0.4","20.5","6.7","16","8.21","365","14","1","0","0","299","299","235","3864","365","1058","1508","81745","1460","1434","false","507703","180","357","923","31562","34308","19802"
"21","0.1","1","false","false","false","true","false","false","false","1","1","1","0.25","1","0","0","0","100","0","75","0.2","10","2.5","2","60","1.6","0.4","20.5","6.7","16","8.21","365","14","1","0","0","299","299","236","3796","338","1031","1486","81887","1462","1401","false","507753","180","357","925","31595","34338","19824"
"21","0.1","1","false","false","false","true","false","false","false","1","1","1","0.25","1","0","0","0","100","0","75","0.2","10","2.5","2","60","1.6","0.4","20.5","6.7","16","8.21","365","14","1","0","0","299","299","237","3733","317","1002","1474","82012","1462","1328","false","508086","180","357","925","31630","34373","19843"
"21","0.1","1","false","false","false","true","false","false","false","1","1","1","0.25","1","0","0","0","100","0","75","0.2","10","2.5","2","60","1.6","0.4","20.5","6.7","16","8.21","365","14","1","0","0","299","299","238","3670","308","986","1430","82143","1463","1293","false","508685","180","357","926","31653","34410","19865"
"21","0.1","1","false","false","false","true","false","false","false","1","1","1","0.25","1","0","0","0","100","0","75","0.2","10","2.5","2","60","1.6","0.4","20.5","6.7","16","8.21","365","14","1","0","0","299","299","239","3589","312","956","1402","82276","1465","1290","false","509043","180","358","927","31681","34448","19886"
"21","0.1","1","false","false","false","true","false","false","false","1","1","1","0.25","1","0","0","0","100","0","75","0.2","10","2.5","2","60","1.6","0.4","20.5","6.7","16","8.21","365","14","1","0","0","299","299","240","3532","299","930","1379","82392","1468","1227","false","509143","180","359","929","31704","34480","19901"
"21","0.1","1","false","false","false","true","false","false","false","1","1","1","0.25","1","0","0","0","100","0","75","0.2","10","2.5","2","60","1.6","0.4","20.5","6.7","16","8.21","365","14","1","0","0","299","299","241","3481","283","908","1354","82505","1469","1190","false","509611","180","359","930","31736","34509","19915"
"21","0.1","1","false","false","false","true","false","false","false","1","1","1","0.25","1","0","0","0","100","0","75","0.2","10","2.5","2","60","1.6","0.4","20.5","6.7","16","8.21","365","14","1","0","0","299","299","242","3414","275","882","1329","82630","1470","1180","false","509917","180","360","930","31759","34537","19932"
"21","0.1","1","false","false","false","true","false","false","false","1","1","1","0.25","1","0","0","0","100","0","75","0.2","10","2.5","2","60","1.6","0.4","20.5","6.7","16","8.21","365","14","1","0","0","299","299","243","3355","273","851","1304","82744","1473","1150","false","509970","180","362","931","31775","34570","19947"
"21","0.1","1","false","false","false","true","false","false","false","1","1","1","0.25","1","0","0","0","100","0","75","0.2","10","2.5","2","60","1.6","0.4","20.5","6.7","16","8.21","365","14","1","0","0","299","299","244","3289","269","818","1284","82863","1477","1107","false","510222","181","364","932","31796","34603","19961"
"21","0.1","1","false","false","false","true","false","false","false","1","1","1","0.25","1","0","0","0","100","0","75","0.2","10","2.5","2","60","1.6","0.4","20.5","6.7","16","8.21","365","14","1","0","0","299","299","245","3228","272","795","1244","82984","1477","1082","false","510582","181","364","932","31811","34629","19979"
"21","0.1","1","false","false","false","true","false","false","false","1","1","1","0.25","1","0","0","0","100","0","75","0.2","10","2.5","2","60","1.6","0.4","20.5","6.7","16","8.21","365","14","1","0","0","299","299","246","3159","269","771","1226","83095","1480","1077","false","510759","181","366","933","31834","34666","19994"
"21","0.1","1","false","false","false","true","false","false","false","1","1","1","0.25","1","0","0","0","100","0","75","0.2","10","2.5","2","60","1.6","0.4","20.5","6.7","16","8.21","365","14","1","0","0","299","299","247","3090","274","746","1200","83207","1483","1039","false","510830","182","366","935","31855","34691","20004"
"21","0.1","1","false","false","false","true","false","false","false","1","1","1","0.25","1","0","0","0","100","0","75","0.2","10","2.5","2","60","1.6","0.4","20.5","6.7","16","8.21","365","14","1","0","0","299","299","248","3020","290","743","1159","83304","1484","1055","false","511136","182","366","936","31882","34710","20020"
"21","0.1","1","false","false","false","true","false","false","false","1","1","1","0.25","1","0","0","0","100","0","75","0.2","10","2.5","2","60","1.6","0.4","20.5","6.7","16","8.21","365","14","1","0","0","299","299","249","2957","293","714","1119","83433","1484","1055","false","511051","182","366","936","31903","34735","20035"
"21","0.1","1","false","false","false","true","false","false","false","1","1","1","0.25","1","0","0","0","100","0","75","0.2","10","2.5","2","60","1.6","0.4","20.5","6.7","16","8.21","365","14","1","0","0","299","299","250","2905","262","692","1123","83533","1485","1025","false","511099","182","366","937","31931","34761","20052"
"21","0.1","1","false","false","false","true","false","false","false","1","1","1","0.25","1","0","0","0","100","0","75","0.2","10","2.5","2","60","1.6","0.4","20.5","6.7","16","8.21","365","14","1","0","0","299","299","251","2857","243","674","1114","83625","1487","1002","false","511328","183","366","938","31956","34791","20069"
"21","0.1","1","false","false","false","true","false","false","false","1","1","1","0.25","1","0","0","0","100","0","75","0.2","10","2.5","2","60","1.6","0.4","20.5","6.7","16","8.21","365","14","1","0","0","299","299","252","2804","241","674","1088","83704","1489","986","false","511497","183","366","940","31976","34820","20083"
"21","0.1","1","false","false","false","true","false","false","false","1","1","1","0.25","1","0","0","0","100","0","75","0.2","10","2.5","2","60","1.6","0.4","20.5","6.7","16","8.21","365","14","1","0","0","299","299","253","2735","256","659","1071","83790","1489","972","false","511590","183","366","940","31991","34843","20097"
"21","0.1","1","false","false","false","true","false","false","false","1","1","1","0.25","1","0","0","0","100","0","75","0.2","10","2.5","2","60","1.6","0.4","20.5","6.7","16","8.21","365","14","1","0","0","299","299","254","2700","234","650","1038","83888","1490","998","false","511701","184","366","940","32023","34865","20113"
"21","0.1","1","false","false","false","true","false","false","false","1","1","1","0.25","1","0","0","0","100","0","75","0.2","10","2.5","2","60","1.6","0.4","20.5","6.7","16","8.21","365","14","1","0","0","299","299","255","2645","227","637","1025","83975","1491","992","false","511511","184","367","940","32043","34894","20127"
"21","0.1","1","false","false","false","true","false","false","false","1","1","1","0.25","1","0","0","0","100","0","75","0.2","10","2.5","2","60","1.6","0.4","20.5","6.7","16","8.21","365","14","1","0","0","299","299","256","2605","207","624","1008","84065","1491","965","false","511561","184","367","940","32062","34918","20140"
"21","0.1","1","false","false","false","true","false","false","false","1","1","1","0.25","1","0","0","0","100","0","75","0.2","10","2.5","2","60","1.6","0.4","20.5","6.7","16","8.21","365","14","1","0","0","299","299","257","2552","205","610","992","84148","1493","958","false","511860","185","367","941","32088","34936","20152"
"21","0.1","1","false","false","false","true","false","false","false","1","1","1","0.25","1","0","0","0","100","0","75","0.2","10","2.5","2","60","1.6","0.4","20.5","6.7","16","8.21","365","14","1","0","0","299","299","258","2499","212","601","955","84238","1495","958","false","511869","186","367","942","32104","34960","20160"
"21","0.1","1","false","false","false","true","false","false","false","1","1","1","0.25","1","0","0","0","100","0","75","0.2","10","2.5","2","60","1.6","0.4","20.5","6.7","16","8.21","365","14","1","0","0","299","299","259","2462","194","587","944","84317","1496","930","false","511841","187","367","942","32129","34973","20179"
"21","0.1","1","false","false","false","true","false","false","false","1","1","1","0.25","1","0","0","0","100","0","75","0.2","10","2.5","2","60","1.6","0.4","20.5","6.7","16","8.21","365","14","1","0","0","299","299","260","2409","196","580","923","84393","1499","916","false","512078","187","368","944","32149","34993","20192"
"21","0.1","1","false","false","false","true","false","false","false","1","1","1","0.25","1","0","0","0","100","0","75","0.2","10","2.5","2","60","1.6","0.4","20.5","6.7","16","8.21","365","14","1","0","0","299","299","261","2362","200","564","897","84478","1499","904","false","512178","187","368","944","32168","35010","20198"
"21","0.1","1","false","false","false","true","false","false","false","1","1","1","0.25","1","0","0","0","100","0","75","0.2","10","2.5","2","60","1.6","0.4","20.5","6.7","16","8.21","365","14","1","0","0","299","299","262","2318","196","559","870","84556","1501","891","false","512314","187","368","946","32187","35041","20209"
"21","0.1","1","false","false","false","true","false","false","false","1","1","1","0.25","1","0","0","0","100","0","75","0.2","10","2.5","2","60","1.6","0.4","20.5","6.7","16","8.21","365","14","1","0","0","299","299","263","2278","188","556","848","84628","1502","882","false","512454","187","368","947","32209","35057","20222"
"21","0.1","1","false","false","false","true","false","false","false","1","1","1","0.25","1","0","0","0","100","0","75","0.2","10","2.5","2","60","1.6","0.4","20.5","6.7","16","8.21","365","14","1","0","0","299","299","264","2241","177","539","838","84702","1503","873","false","512516","187","368","948","32226","35071","20229"
"21","0.1","1","false","false","false","true","false","false","false","1","1","1","0.25","1","0","0","0","100","0","75","0.2","10","2.5","2","60","1.6","0.4","20.5","6.7","16","8.21","365","14","1","0","0","299","299","265","2202","171","532","809","84782","1504","847","false","512547","187","368","949","32245","35086","20243"
"21","0.1","1","false","false","false","true","false","false","false","1","1","1","0.25","1","0","0","0","100","0","75","0.2","10","2.5","2","60","1.6","0.4","20.5","6.7","16","8.21","365","14","1","0","0","299","299","266","2159","168","527","790","84852","1504","841","false","512766","187","368","949","32266","35100","20261"
"21","0.1","1","false","false","false","true","false","false","false","1","1","1","0.25","1","0","0","0","100","0","75","0.2","10","2.5","2","60","1.6","0.4","20.5","6.7","16","8.21","365","14","1","0","0","299","299","267","2113","173","517","778","84914","1505","811","false","512926","187","368","950","32284","35114","20269"
"21","0.1","1","false","false","false","true","false","false","false","1","1","1","0.25","1","0","0","0","100","0","75","0.2","10","2.5","2","60","1.6","0.4","20.5","6.7","16","8.21","365","14","1","0","0","299","299","268","2085","157","504","756","84992","1506","776","false","513184","187","368","951","32302","35132","20275"
"21","0.1","1","false","false","false","true","false","false","false","1","1","1","0.25","1","0","0","0","100","0","75","0.2","10","2.5","2","60","1.6","0.4","20.5","6.7","16","8.21","365","14","1","0","0","299","299","269","2046","152","497","755","85044","1506","750","false","513459","187","368","951","32321","35148","20287"
"21","0.1","1","false","false","false","true","false","false","false","1","1","1","0.25","1","0","0","0","100","0","75","0.2","10","2.5","2","60","1.6","0.4","20.5","6.7","16","8.21","365","14","1","0","0","299","299","270","2007","153","478","736","85117","1509","740","false","513661","187","368","954","32338","35167","20298"
"21","0.1","1","false","false","false","true","false","false","false","1","1","1","0.25","1","0","0","0","100","0","75","0.2","10","2.5","2","60","1.6","0.4","20.5","6.7","16","8.21","365","14","1","0","0","299","299","271","1976","152","465","726","85172","1509","720","false","513728","187","368","954","32349","35181","20304"
"21","0.1","1","false","false","false","true","false","false","false","1","1","1","0.25","1","0","0","0","100","0","75","0.2","10","2.5","2","60","1.6","0.4","20.5","6.7","16","8.21","365","14","1","0","0","299","299","272","1933","162","457","705","85234","1509","694","false","513847","187","368","954","32359","35195","20309"
"21","0.1","1","false","false","false","true","false","false","false","1","1","1","0.25","1","0","0","0","100","0","75","0.2","10","2.5","2","60","1.6","0.4","20.5","6.7","16","8.21","365","14","1","0","0","299","299","273","1895","162","444","703","85286","1510","679","false","514027","187","369","954","32377","35204","20320"
"21","0.1","1","false","false","false","true","false","false","false","1","1","1","0.25","1","0","0","0","100","0","75","0.2","10","2.5","2","60","1.6","0.4","20.5","6.7","16","8.21","365","14","1","0","0","299","299","274","1860","161","439","685","85344","1511","662","false","514130","187","369","955","32395","35214","20329"
"21","0.1","1","false","false","false","true","false","false","false","1","1","1","0.25","1","0","0","0","100","0","75","0.2","10","2.5","2","60","1.6","0.4","20.5","6.7","16","8.21","365","14","1","0","0","299","299","275","1820","169","425","664","85410","1512","644","false","514234","187","370","955","32402","35229","20338"
"21","0.1","1","false","false","false","true","false","false","false","1","1","1","0.25","1","0","0","0","100","0","75","0.2","10","2.5","2","60","1.6","0.4","20.5","6.7","16","8.21","365","14","1","0","0","299","299","276","1769","181","412","655","85467","1516","633","false","514380","188","372","956","32411","35248","20347"
"21","0.1","1","false","false","false","true","false","false","false","1","1","1","0.25","1","0","0","0","100","0","75","0.2","10","2.5","2","60","1.6","0.4","20.5","6.7","16","8.21","365","14","1","0","0","299","299","277","1742","176","400","638","85526","1518","598","false","514431","188","373","957","32428","35255","20361"
"21","0.1","1","false","false","false","true","false","false","false","1","1","1","0.25","1","0","0","0","100","0","75","0.2","10","2.5","2","60","1.6","0.4","20.5","6.7","16","8.21","365","14","1","0","0","299","299","278","1704","172","391","640","85574","1519","590","false","514707","189","373","957","32443","35270","20370"
"21","0.1","1","false","false","false","true","false","false","false","1","1","1","0.25","1","0","0","0","100","0","75","0.2","10","2.5","2","60","1.6","0.4","20.5","6.7","16","8.21","365","14","1","0","0","299","299","279","1671","164","388","634","85624","1519","561","false","514812","189","373","957","32459","35285","20379"
"21","0.1","1","false","false","false","true","false","false","false","1","1","1","0.25","1","0","0","0","100","0","75","0.2","10","2.5","2","60","1.6","0.4","20.5","6.7","16","8.21","365","14","1","0","0","299","299","280","1637","154","381","632","85677","1519","560","false","515096","189","373","957","32475","35304","20385"
"21","0.1","1","false","false","false","true","false","false","false","1","1","1","0.25","1","0","0","0","100","0","75","0.2","10","2.5","2","60","1.6","0.4","20.5","6.7","16","8.21","365","14","1","0","0","299","299","281","1598","156","358","612","85755","1521","561","false","515117","189","374","958","32489","35319","20388"
"21","0.1","1","false","false","false","true","false","false","false","1","1","1","0.25","1","0","0","0","100","0","75","0.2","10","2.5","2","60","1.6","0.4","20.5","6.7","16","8.21","365","14","1","0","0","299","299","282","1564","165","355","589","85806","1521","559","false","515114","189","374","958","32508","35329","20395"
"21","0.1","1","false","false","false","true","false","false","false","1","1","1","0.25","1","0","0","0","100","0","75","0.2","10","2.5","2","60","1.6","0.4","20.5","6.7","16","8.21","365","14","1","0","0","299","299","283","1532","163","364","570","85849","1522","562","false","515160","189","374","959","32522","35345","20407"
"21","0.1","1","false","false","false","true","false","false","false","1","1","1","0.25","1","0","0","0","100","0","75","0.2","10","2.5","2","60","1.6","0.4","20.5","6.7","16","8.21","365","14","1","0","0","299","299","284","1507","155","350","567","85899","1522","559","false","515180","189","374","959","32532","35361","20415"
"21","0.1","1","false","false","false","true","false","false","false","1","1","1","0.25","1","0","0","0","100","0","75","0.2","10","2.5","2","60","1.6","0.4","20.5","6.7","16","8.21","365","14","1","0","0","299","299","285","1483","135","336","573","85948","1525","529","false","515198","189","375","961","32546","35373","20431"
"21","0.1","1","false","false","false","true","false","false","false","1","1","1","0.25","1","0","0","0","100","0","75","0.2","10","2.5","2","60","1.6","0.4","20.5","6.7","16","8.21","365","14","1","0","0","299","299","286","1458","120","327","572","85998","1525","506","false","515445","189","375","961","32559","35385","20439"
"21","0.1","1","false","false","false","true","false","false","false","1","1","1","0.25","1","0","0","0","100","0","75","0.2","10","2.5","2","60","1.6","0.4","20.5","6.7","16","8.21","365","14","1","0","0","299","299","287","1428","111","325","574","86036","1526","507","false","515606","190","375","961","32571","35397","20447"
"21","0.1","1","false","false","false","true","false","false","false","1","1","1","0.25","1","0","0","0","100","0","75","0.2","10","2.5","2","60","1.6","0.4","20.5","6.7","16","8.21","365","14","1","0","0","299","299","288","1405","109","320","555","86084","1527","505","false","515615","190","375","962","32579","35411","20456"
"21","0.1","1","false","false","false","true","false","false","false","1","1","1","0.25","1","0","0","0","100","0","75","0.2","10","2.5","2","60","1.6","0.4","20.5","6.7","16","8.21","365","14","1","0","0","299","299","289","1380","103","319","554","86117","1527","496","false","515640","190","375","962","32592","35421","20465"
"21","0.1","1","false","false","false","true","false","false","false","1","1","1","0.25","1","0","0","0","100","0","75","0.2","10","2.5","2","60","1.6","0.4","20.5","6.7","16","8.21","365","14","1","0","0","299","299","290","1351","110","319","539","86153","1528","500","false","515713","190","375","963","32605","35429","20471"
"21","0.1","1","false","false","false","true","false","false","false","1","1","1","0.25","1","0","0","0","100","0","75","0.2","10","2.5","2","60","1.6","0.4","20.5","6.7","16","8.21","365","14","1","0","0","299","299","291","1327","108","319","526","86192","1528","502","false","515714","190","375","963","32615","35436","20483"
"21","0.1","1","false","false","false","true","false","false","false","1","1","1","0.25","1","0","0","0","100","0","75","0.2","10","2.5","2","60","1.6","0.4","20.5","6.7","16","8.21","365","14","1","0","0","299","299","292","1297","119","317","503","86235","1529","502","false","515682","190","375","964","32622","35443","20491"
"21","0.1","1","false","false","false","true","false","false","false","1","1","1","0.25","1","0","0","0","100","0","75","0.2","10","2.5","2","60","1.6","0.4","20.5","6.7","16","8.21","365","14","1","0","0","299","299","293","1270","113","309","497","86282","1529","506","false","515687","190","375","964","32630","35451","20497"
"21","0.1","1","false","false","false","true","false","false","false","1","1","1","0.25","1","0","0","0","100","0","75","0.2","10","2.5","2","60","1.6","0.4","20.5","6.7","16","8.21","365","14","1","0","0","299","299","294","1251","103","301","495","86318","1532","485","false","515667","191","375","966","32636","35465","20501"
"21","0.1","1","false","false","false","true","false","false","false","1","1","1","0.25","1","0","0","0","100","0","75","0.2","10","2.5","2","60","1.6","0.4","20.5","6.7","16","8.21","365","14","1","0","0","299","299","295","1219","108","312","478","86351","1532","480","false","515810","191","375","966","32649","35474","20512"
"21","0.1","1","false","false","false","true","false","false","false","1","1","1","0.25","1","0","0","0","100","0","75","0.2","10","2.5","2","60","1.6","0.4","20.5","6.7","16","8.21","365","14","1","0","0","299","299","296","1192","114","308","471","86383","1532","459","false","515878","191","375","966","32654","35485","20522"
"21","0.1","1","false","false","false","true","false","false","false","1","1","1","0.25","1","0","0","0","100","0","75","0.2","10","2.5","2","60","1.6","0.4","20.5","6.7","16","8.21","365","14","1","0","0","299","299","297","1167","110","305","463","86422","1533","457","false","516048","191","376","966","32663","35496","20530"
"21","0.1","1","false","false","false","true","false","false","false","1","1","1","0.25","1","0","0","0","100","0","75","0.2","10","2.5","2","60","1.6","0.4","20.5","6.7","16","8.21","365","14","1","0","0","299","299","298","1152","100","289","455","86470","1534","447","false","516091","191","376","967","32673","35508","20537"
"21","0.1","1","false","false","false","true","false","false","false","1","1","1","0.25","1","0","0","0","100","0","75","0.2","10","2.5","2","60","1.6","0.4","20.5","6.7","16","8.21","365","14","1","0","0","299","299","299","1126","109","288","438","86505","1534","459","false","516204","191","376","967","32681","35516","20540"
"21","0.1","1","false","false","false","true","false","false","false","1","1","1","0.25","1","0","0","0","100","0","75","0.2","10","2.5","2","60","1.6","0.4","20.5","6.7","16","8.21","365","14","1","0","0","299","299","300","1096","112","291","432","86535","1534","467","false","516080","191","376","967","32694","35522","20549"
"21","0.1","1","false","false","false","true","false","false","false","1","1","1","0.25","1","0","0","0","100","0","75","0.2","10","2.5","2","60","1.6","0.4","20.5","6.7","16","8.21","365","14","1","0","0","299","299","301","1073","104","288","430","86571","1534","452","false","516000","191","376","967","32706","35532","20555"
"21","0.1","1","false","false","false","true","false","false","false","1","1","1","0.25","1","0","0","0","100","0","75","0.2","10","2.5","2","60","1.6","0.4","20.5","6.7","16","8.21","365","14","1","0","0","299","299","302","1051","103","280","425","86607","1534","430","false","516140","191","376","967","32710","35539","20559"
"21","0.1","1","false","false","false","true","false","false","false","1","1","1","0.25","1","0","0","0","100","0","75","0.2","10","2.5","2","60","1.6","0.4","20.5","6.7","16","8.21","365","14","1","0","0","299","299","303","1026","101","271","416","86651","1535","442","false","516280","191","376","968","32720","35555","20563"
"21","0.1","1","false","false","false","true","false","false","false","1","1","1","0.25","1","0","0","0","100","0","75","0.2","10","2.5","2","60","1.6","0.4","20.5","6.7","16","8.21","365","14","1","0","0","299","299","304","1011","90","269","407","86687","1536","416","false","516187","191","376","969","32728","35568","20570"
"21","0.1","1","false","false","false","true","false","false","false","1","1","1","0.25","1","0","0","0","100","0","75","0.2","10","2.5","2","60","1.6","0.4","20.5","6.7","16","8.21","365","14","1","0","0","299","299","305","987","91","272","392","86720","1538","407","false","516361","191","377","970","32738","35575","20576"
"21","0.1","1","false","false","false","true","false","false","false","1","1","1","0.25","1","0","0","0","100","0","75","0.2","10","2.5","2","60","1.6","0.4","20.5","6.7","16","8.21","365","14","1","0","0","299","299","306","958","102","265","378","86758","1539","425","false","516449","191","377","971","32742","35582","20584"
"21","0.1","1","false","false","false","true","false","false","false","1","1","1","0.25","1","0","0","0","100","0","75","0.2","10","2.5","2","60","1.6","0.4","20.5","6.7","16","8.21","365","14","1","0","0","299","299","307","927","115","270","365","86782","1541","442","false","516331","192","377","972","32751","35592","20594"
"21","0.1","1","false","false","false","true","false","false","false","1","1","1","0.25","1","0","0","0","100","0","75","0.2","10","2.5","2","60","1.6","0.4","20.5","6.7","16","8.21","365","14","1","0","0","299","299","308","910","103","258","365","86822","1542","437","false","516184","192","377","973","32762","35601","20599"
"21","0.1","1","false","false","false","true","false","false","false","1","1","1","0.25","1","0","0","0","100","0","75","0.2","10","2.5","2","60","1.6","0.4","20.5","6.7","16","8.21","365","14","1","0","0","299","299","309","890","96","254","358","86860","1542","431","false","516233","192","377","973","32769","35610","20607"
"21","0.1","1","false","false","false","true","false","false","false","1","1","1","0.25","1","0","0","0","100","0","75","0.2","10","2.5","2","60","1.6","0.4","20.5","6.7","16","8.21","365","14","1","0","0","299","299","310","873","86","244","363","86891","1543","429","false","516302","193","377","973","32777","35620","20612"
"21","0.1","1","false","false","false","true","false","false","false","1","1","1","0.25","1","0","0","0","100","0","75","0.2","10","2.5","2","60","1.6","0.4","20.5","6.7","16","8.21","365","14","1","0","0","299","299","311","860","80","239","354","86924","1543","393","false","516305","193","377","973","32784","35628","20617"
"21","0.1","1","false","false","false","true","false","false","false","1","1","1","0.25","1","0","0","0","100","0","75","0.2","10","2.5","2","60","1.6","0.4","20.5","6.7","16","8.21","365","14","1","0","0","299","299","312","846","67","244","351","86948","1544","380","false","516540","193","378","973","32795","35642","20627"
"21","0.1","1","false","false","false","true","false","false","false","1","1","1","0.25","1","0","0","0","100","0","75","0.2","10","2.5","2","60","1.6","0.4","20.5","6.7","16","8.21","365","14","1","0","0","299","299","313","829","71","242","340","86973","1545","361","false","516638","193","378","974","32801","35650","20633"
"21","0.1","1","false","false","false","true","false","false","false","1","1","1","0.25","1","0","0","0","100","0","75","0.2","10","2.5","2","60","1.6","0.4","20.5","6.7","16","8.21","365","14","1","0","0","299","299","314","816","64","239","345","86991","1545","343","false","516758","193","378","974","32805","35653","20639"
"21","0.1","1","false","false","false","true","false","false","false","1","1","1","0.25","1","0","0","0","100","0","75","0.2","10","2.5","2","60","1.6","0.4","20.5","6.7","16","8.21","365","14","1","0","0","299","299","315","789","77","235","329","87024","1546","324","false","516921","193","379","974","32814","35656","20642"
"21","0.1","1","false","false","false","true","false","false","false","1","1","1","0.25","1","0","0","0","100","0","75","0.2","10","2.5","2","60","1.6","0.4","20.5","6.7","16","8.21","365","14","1","0","0","299","299","316","767","82","232","318","87055","1546","337","false","517109","193","379","974","32822","35661","20648"
"21","0.1","1","false","false","false","true","false","false","false","1","1","1","0.25","1","0","0","0","100","0","75","0.2","10","2.5","2","60","1.6","0.4","20.5","6.7","16","8.21","365","14","1","0","0","299","299","317","745","82","227","320","87079","1547","331","false","516984","193","380","974","32830","35668","20653"
"21","0.1","1","false","false","false","true","false","false","false","1","1","1","0.25","1","0","0","0","100","0","75","0.2","10","2.5","2","60","1.6","0.4","20.5","6.7","16","8.21","365","14","1","0","0","299","299","318","723","88","218","304","87118","1549","307","false","517004","194","381","974","32834","35677","20656"
"21","0.1","1","false","false","false","true","false","false","false","1","1","1","0.25","1","0","0","0","100","0","75","0.2","10","2.5","2","60","1.6","0.4","20.5","6.7","16","8.21","365","14","1","0","0","299","299","319","697","93","208","299","87154","1549","271","false","517176","194","381","974","32838","35679","20667"
"21","0.1","1","false","false","false","true","false","false","false","1","1","1","0.25","1","0","0","0","100","0","75","0.2","10","2.5","2","60","1.6","0.4","20.5","6.7","16","8.21","365","14","1","0","0","299","299","320","678","93","204","305","87169","1551","234","false","517479","194","382","975","32846","35686","20672"
"21","0.1","1","false","false","false","true","false","false","false","1","1","1","0.25","1","0","0","0","100","0","75","0.2","10","2.5","2","60","1.6","0.4","20.5","6.7","16","8.21","365","14","1","0","0","299","299","321","661","90","200","304","87194","1551","207","false","517765","194","382","975","32851","35691","20676"
"21","0.1","1","false","false","false","true","false","false","false","1","1","1","0.25","1","0","0","0","100","0","75","0.2","10","2.5","2","60","1.6","0.4","20.5","6.7","16","8.21","365","14","1","0","0","299","299","322","642","86","200","300","87221","1551","192","false","517992","194","382","975","32863","35698","20683"
"21","0.1","1","false","false","false","true","false","false","false","1","1","1","0.25","1","0","0","0","100","0","75","0.2","10","2.5","2","60","1.6","0.4","20.5","6.7","16","8.21","365","14","1","0","0","299","299","323","623","90","201","292","87243","1551","173","false","518131","194","382","975","32867","35709","20686"
"21","0.1","1","false","false","false","true","false","false","false","1","1","1","0.25","1","0","0","0","100","0","75","0.2","10","2.5","2","60","1.6","0.4","20.5","6.7","16","8.21","365","14","1","0","0","299","299","324","603","88","203","289","87266","1551","155","false","518306","194","382","975","32874","35715","20695"
"21","0.1","1","false","false","false","true","false","false","false","1","1","1","0.25","1","0","0","0","100","0","75","0.2","10","2.5","2","60","1.6","0.4","20.5","6.7","16","8.21","365","14","1","0","0","299","299","325","574","100","204","289","87282","1551","145","false","518479","194","382","975","32881","35719","20699"
"21","0.1","1","false","false","false","true","false","false","false","1","1","1","0.25","1","0","0","0","100","0","75","0.2","10","2.5","2","60","1.6","0.4","20.5","6.7","16","8.21","365","14","1","0","0","299","299","326","550","103","201","292","87303","1551","125","false","518568","194","382","975","32887","35728","20704"
"21","0.1","1","false","false","false","true","false","false","false","1","1","1","0.25","1","0","0","0","100","0","75","0.2","10","2.5","2","60","1.6","0.4","20.5","6.7","16","8.21","365","14","1","0","0","299","299","327","525","105","197","290","87331","1552","107","false","518748","194","382","976","32893","35737","20714"
"21","0.1","1","false","false","false","true","false","false","false","1","1","1","0.25","1","0","0","0","100","0","75","0.2","10","2.5","2","60","1.6","0.4","20.5","6.7","16","8.21","365","14","1","0","0","299","299","328","500","113","204","280","87351","1552","80","false","518918","194","382","976","32901","35748","20720"
"21","0.1","1","false","false","false","true","false","false","false","1","1","1","0.25","1","0","0","0","100","0","75","0.2","10","2.5","2","60","1.6","0.4","20.5","6.7","16","8.21","365","14","1","0","0","299","299","329","472","111","200","290","87375","1552","46","false","519183","194","382","976","32908","35762","20725"
"21","0.1","1","false","false","false","true","false","false","false","1","1","1","0.25","1","0","0","0","100","0","75","0.2","10","2.5","2","60","1.6","0.4","20.5","6.7","16","8.21","365","14","1","0","0","299","299","330","438","122","198","289","87401","1552","12","false","519519","194","382","976","32921","35767","20726"
"21","0.1","1","false","false","false","true","false","false","false","1","1","1","0.25","1","0","0","0","100","0","75","0.2","10","2.5","2","60","1.6","0.4","20.5","6.7","16","8.21","365","14","1","0","0","299","299","331","413","126","192","293","87424","1552","0","false","519873","194","382","976","32926","35773","20734"
"21","0.1","1","false","false","false","true","false","false","false","1","1","1","0.25","1","0","0","0","100","0","75","0.2","10","2.5","2","60","1.6","0.4","20.5","6.7","16","8.21","365","14","1","0","0","299","299","332","393","105","191","320","87439","1552","0","false","520017","194","382","976","32934","35790","20741"
"21","0.1","1","false","false","false","true","false","false","false","1","1","1","0.25","1","0","0","0","100","0","75","0.2","10","2.5","2","60","1.6","0.4","20.5","6.7","16","8.21","365","14","1","0","0","299","299","333","352","121","187","321","87466","1553","0","false","520017","194","383","976","32942","35799","20745"
"21","0.1","1","false","false","false","true","false","false","false","1","1","1","0.25","1","0","0","0","100","0","75","0.2","10","2.5","2","60","1.6","0.4","20.5","6.7","16","8.21","365","14","1","0","0","299","299","334","331","120","193","315","87488","1553","0","false","520006","194","383","976","32952","35810","20750"
"21","0.1","1","false","false","false","true","false","false","false","1","1","1","0.25","1","0","0","0","100","0","75","0.2","10","2.5","2","60","1.6","0.4","20.5","6.7","16","8.21","365","14","1","0","0","299","299","335","304","117","200","318","87508","1553","0","false","520006","194","383","976","32962","35825","20759"
"21","0.1","1","false","false","false","true","false","false","false","1","1","1","0.25","1","0","0","0","100","0","75","0.2","10","2.5","2","60","1.6","0.4","20.5","6.7","16","8.21","365","14","1","0","0","299","299","336","286","115","207","314","87525","1553","0","false","520006","194","383","976","32969","35837","20763"
"21","0.1","1","false","false","false","true","false","false","false","1","1","1","0.25","1","0","0","0","100","0","75","0.2","10","2.5","2","60","1.6","0.4","20.5","6.7","16","8.21","365","14","1","0","0","299","299","337","271","98","203","323","87551","1554","0","false","520006","194","383","977","32978","35846","20770"
"21","0.1","1","false","false","false","true","false","false","false","1","1","1","0.25","1","0","0","0","100","0","75","0.2","10","2.5","2","60","1.6","0.4","20.5","6.7","16","8.21","365","14","1","0","0","299","299","338","259","90","202","310","87585","1554","0","false","519994","194","383","977","32987","35854","20778"
"21","0.1","1","false","false","false","true","false","false","false","1","1","1","0.25","1","0","0","0","100","0","75","0.2","10","2.5","2","60","1.6","0.4","20.5","6.7","16","8.21","365","14","1","0","0","299","299","339","236","89","203","313","87605","1554","0","false","519994","194","383","977","32994","35864","20786"
"21","0.1","1","false","false","false","true","false","false","false","1","1","1","0.25","1","0","0","0","100","0","75","0.2","10","2.5","2","60","1.6","0.4","20.5","6.7","16","8.21","365","14","1","0","0","299","299","340","221","80","207","317","87621","1554","0","false","519994","194","383","977","33003","35874","20791"
"21","0.1","1","false","false","false","true","false","false","false","1","1","1","0.25","1","0","0","0","100","0","75","0.2","10","2.5","2","60","1.6","0.4","20.5","6.7","16","8.21","365","14","1","0","0","299","299","341","199","89","210","311","87637","1554","0","false","519994","194","383","977","33011","35880","20794"
"21","0.1","1","false","false","false","true","false","false","false","1","1","1","0.25","1","0","0","0","100","0","75","0.2","10","2.5","2","60","1.6","0.4","20.5","6.7","16","8.21","365","14","1","0","0","299","299","342","187","77","212","317","87653","1554","0","false","519994","194","383","977","33020","35884","20802"
"21","0.1","1","false","false","false","true","false","false","false","1","1","1","0.25","1","0","0","0","100","0","75","0.2","10","2.5","2","60","1.6","0.4","20.5","6.7","16","8.21","365","14","1","0","0","299","299","343","174","74","211","319","87667","1555","0","false","519994","194","383","978","33024","35891","20811"
"21","0.1","1","false","false","false","true","false","false","false","1","1","1","0.25","1","0","0","0","100","0","75","0.2","10","2.5","2","60","1.6","0.4","20.5","6.7","16","8.21","365","14","1","0","0","299","299","344","169","56","217","316","87687","1555","0","false","519982","194","383","978","33033","35903","20818"
"21","0.1","1","false","false","false","true","false","false","false","1","1","1","0.25","1","0","0","0","100","0","75","0.2","10","2.5","2","60","1.6","0.4","20.5","6.7","16","8.21","365","14","1","0","0","299","299","345","155","53","219","312","87706","1555","0","false","519982","194","383","978","33042","35907","20823"
"21","0.1","1","false","false","false","true","false","false","false","1","1","1","0.25","1","0","0","0","100","0","75","0.2","10","2.5","2","60","1.6","0.4","20.5","6.7","16","8.21","365","14","1","0","0","299","299","346","142","54","213","303","87733","1555","0","false","519982","194","383","978","33049","35911","20825"
"21","0.1","1","false","false","false","true","false","false","false","1","1","1","0.25","1","0","0","0","100","0","75","0.2","10","2.5","2","60","1.6","0.4","20.5","6.7","16","8.21","365","14","1","0","0","299","299","347","133","56","214","286","87756","1555","0","false","519982","194","383","978","33052","35917","20829"
"21","0.1","1","false","false","false","true","false","false","false","1","1","1","0.25","1","0","0","0","100","0","75","0.2","10","2.5","2","60","1.6","0.4","20.5","6.7","16","8.21","365","14","1","0","0","299","299","348","119","54","208","286","87778","1555","0","false","519982","194","383","978","33061","35922","20830"
"21","0.1","1","false","false","false","true","false","false","false","1","1","1","0.25","1","0","0","0","100","0","75","0.2","10","2.5","2","60","1.6","0.4","20.5","6.7","16","8.21","365","14","1","0","0","299","299","349","112","52","200","274","87807","1555","0","false","519982","194","383","978","33065","35928","20832"
"21","0.1","1","false","false","false","true","false","false","false","1","1","1","0.25","1","0","0","0","100","0","75","0.2","10","2.5","2","60","1.6","0.4","20.5","6.7","16","8.21","365","14","1","0","0","299","299","350","105","46","190","273","87830","1556","0","false","519982","194","383","979","33066","35935","20832"
"21","0.1","1","false","false","false","true","false","false","false","1","1","1","0.25","1","0","0","0","100","0","75","0.2","10","2.5","2","60","1.6","0.4","20.5","6.7","16","8.21","365","14","1","0","0","299","299","351","101","40","184","265","87854","1556","0","false","519970","194","383","979","33070","35938","20835"
"21","0.1","1","false","false","false","true","false","false","false","1","1","1","0.25","1","0","0","0","100","0","75","0.2","10","2.5","2","60","1.6","0.4","20.5","6.7","16","8.21","365","14","1","0","0","299","299","352","94","32","182","264","87872","1556","0","false","519970","194","383","979","33074","35943","20840"
"21","0.1","1","false","false","false","true","false","false","false","1","1","1","0.25","1","0","0","0","100","0","75","0.2","10","2.5","2","60","1.6","0.4","20.5","6.7","16","8.21","365","14","1","0","0","299","299","353","89","32","176","242","87905","1556","0","false","519970","194","383","979","33077","35948","20840"
"21","0.1","1","false","false","false","true","false","false","false","1","1","1","0.25","1","0","0","0","100","0","75","0.2","10","2.5","2","60","1.6","0.4","20.5","6.7","16","8.21","365","14","1","0","0","299","299","354","82","30","179","229","87923","1557","0","false","519970","194","383","980","33083","35955","20843"
"21","0.1","1","false","false","false","true","false","false","false","1","1","1","0.25","1","0","0","0","100","0","75","0.2","10","2.5","2","60","1.6","0.4","20.5","6.7","16","8.21","365","14","1","0","0","299","299","355","78","30","172","215","87948","1557","0","false","519958","194","383","980","33084","35957","20844"
"21","0.1","1","false","false","false","true","false","false","false","1","1","1","0.25","1","0","0","0","100","0","75","0.2","10","2.5","2","60","1.6","0.4","20.5","6.7","16","8.21","365","14","1","0","0","299","299","356","71","28","163","210","87971","1557","0","false","519958","194","383","980","33086","35960","20848"
"21","0.1","1","false","false","false","true","false","false","false","1","1","1","0.25","1","0","0","0","100","0","75","0.2","10","2.5","2","60","1.6","0.4","20.5","6.7","16","8.21","365","14","1","0","0","299","299","357","64","25","153","205","87996","1557","0","false","519958","194","383","980","33089","35965","20848"
"21","0.1","1","false","false","false","true","false","false","false","1","1","1","0.25","1","0","0","0","100","0","75","0.2","10","2.5","2","60","1.6","0.4","20.5","6.7","16","8.21","365","14","1","0","0","299","299","358","63","21","149","186","88024","1557","0","false","519958","194","383","980","33092","35967","20849"
"21","0.1","1","false","false","false","true","false","false","false","1","1","1","0.25","1","0","0","0","100","0","75","0.2","10","2.5","2","60","1.6","0.4","20.5","6.7","16","8.21","365","14","1","0","0","299","299","359","60","20","139","171","88053","1557","0","false","519958","194","383","980","33094","35972","20849"
"21","0.1","1","false","false","false","true","false","false","false","1","1","1","0.25","1","0","0","0","100","0","75","0.2","10","2.5","2","60","1.6","0.4","20.5","6.7","16","8.21","365","14","1","0","0","299","299","360","53","23","128","168","88070","1558","0","false","519958","194","383","981","33095","35974","20849"
"21","0.1","1","false","false","false","true","false","false","false","1","1","1","0.25","1","0","0","0","100","0","75","0.2","10","2.5","2","60","1.6","0.4","20.5","6.7","16","8.21","365","14","1","0","0","299","299","361","48","23","118","156","88097","1558","0","false","519946","194","383","981","33098","35975","20851"
"21","0.1","1","false","false","false","true","false","false","false","1","1","1","0.25","1","0","0","0","100","0","75","0.2","10","2.5","2","60","1.6","0.4","20.5","6.7","16","8.21","365","14","1","0","0","299","299","362","46","16","115","156","88109","1558","0","false","519946","194","383","981","33101","35978","20852"
"21","0.1","1","false","false","false","true","false","false","false","1","1","1","0.25","1","0","0","0","100","0","75","0.2","10","2.5","2","60","1.6","0.4","20.5","6.7","16","8.21","365","14","1","0","0","299","299","363","43","16","109","149","88124","1559","0","false","519946","194","383","982","33102","35980","20854"
"21","0.1","1","false","false","false","true","false","false","false","1","1","1","0.25","1","0","0","0","100","0","75","0.2","10","2.5","2","60","1.6","0.4","20.5","6.7","16","8.21","365","14","1","0","0","299","299","364","40","14","104","141","88141","1560","0","false","519934","195","383","982","33104","35982","20857"
"21","0.1","1","false","false","false","true","false","false","false","1","1","1","0.25","1","0","0","0","100","0","75","0.2","10","2.5","2","60","1.6","0.4","20.5","6.7","16","8.21","365","14","1","0","0","299","299","365","36","12","94","139","88159","1560","0","false","519923","195","383","982","33106","35984","20857"
"22","0.1","1","false","false","false","true","false","false","false","1","1","1","0.25","1","0","0","0","100","0","75","0.3","10","2.5","2","60","1.6","0.4","20.5","6.7","16","8.21","365","14","1","0","0","299","299","0","89910","90","0","0","0","0","0","false","0","0","0","0","0","0","0"
"22","0.1","1","false","false","false","true","false","false","false","1","1","1","0.25","1","0","0","0","100","0","75","0.3","10","2.5","2","60","1.6","0.4","20.5","6.7","16","8.21","365","14","1","0","0","299","299","1","89910","84","0","6","0","0","0","false","538724","0","0","0","0","0","2"
"22","0.1","1","false","false","false","true","false","false","false","1","1","1","0.25","1","0","0","0","100","0","75","0.3","10","2.5","2","60","1.6","0.4","20.5","6.7","16","8.21","365","14","1","0","0","299","299","2","89902","79","0","19","0","0","0","false","538724","0","0","0","2","4","4"
"22","0.1","1","false","false","false","true","false","false","false","1","1","1","0.25","1","0","0","0","100","0","75","0.3","10","2.5","2","60","1.6","0.4","20.5","6.7","16","8.21","365","14","1","0","0","299","299","3","89878","80","1","41","0","0","0","false","538724","0","0","0","7","15","7"
"22","0.1","1","false","false","false","true","false","false","false","1","1","1","0.25","1","0","0","0","100","0","75","0.3","10","2.5","2","60","1.6","0.4","20.5","6.7","16","8.21","365","14","1","0","0","299","299","4","89839","100","4","57","0","0","0","false","538724","0","0","0","18","18","8"
"22","0.1","1","false","false","false","true","false","false","false","1","1","1","0.25","1","0","0","0","100","0","75","0.3","10","2.5","2","60","1.6","0.4","20.5","6.7","16","8.21","365","14","1","0","0","299","299","5","89769","149","7","75","0","0","0","false","538724","0","0","0","25","20","12"
"22","0.1","1","false","false","false","true","false","false","false","1","1","1","0.25","1","0","0","0","100","0","75","0.3","10","2.5","2","60","1.6","0.4","20.5","6.7","16","8.21","365","14","1","0","0","299","299","6","89702","190","15","93","0","0","0","false","538724","0","0","0","29","34","18"
"22","0.1","1","false","false","false","true","false","false","false","1","1","1","0.25","1","0","0","0","100","0","75","0.3","10","2.5","2","60","1.6","0.4","20.5","6.7","16","8.21","365","14","1","0","0","299","299","7","89594","265","22","119","0","0","0","false","538724","0","0","0","38","46","20"
"22","0.1","1","false","false","false","true","false","false","false","1","1","1","0.25","1","0","0","0","100","0","75","0.3","10","2.5","2","60","1.6","0.4","20.5","6.7","16","8.21","365","14","1","0","0","299","299","8","89494","314","31","161","0","0","0","false","538724","0","0","0","56","59","28"
"22","0.1","1","false","false","false","true","false","false","false","1","1","1","0.25","1","0","0","0","100","0","75","0.3","10","2.5","2","60","1.6","0.4","20.5","6.7","16","8.21","365","14","1","0","0","299","299","9","89373","378","47","202","0","0","0","false","538724","0","0","0","68","81","43"
"22","0.1","1","false","false","false","true","false","false","false","1","1","1","0.25","1","0","0","0","100","0","75","0.3","10","2.5","2","60","1.6","0.4","20.5","6.7","16","8.21","365","14","1","0","0","299","299","10","89219","463","65","253","0","0","0","false","538724","0","0","0","95","102","56"
"22","0.1","1","false","false","false","true","false","false","false","1","1","1","0.25","1","0","0","0","100","0","75","0.3","10","2.5","2","60","1.6","0.4","20.5","6.7","16","8.21","365","14","1","0","0","299","299","11","89047","533","86","334","0","0","0","false","538724","0","0","0","127","134","71"
"22","0.1","1","false","false","false","true","false","false","false","1","1","1","0.25","1","0","0","0","100","0","75","0.3","10","2.5","2","60","1.6","0.4","20.5","6.7","16","8.21","365","14","1","0","0","299","299","12","88828","644","107","421","0","0","0","false","538724","0","0","0","149","170","96"
"22","0.1","1","false","false","false","true","false","false","false","1","1","1","0.25","1","0","0","0","100","0","75","0.3","10","2.5","2","60","1.6","0.4","20.5","6.7","16","8.21","365","14","1","0","0","299","299","13","88614","743","146","497","0","0","0","false","538724","0","0","0","190","208","117"
"22","0.1","1","false","false","false","true","false","false","false","1","1","1","0.25","1","0","0","0","100","0","75","0.3","10","2.5","2","60","1.6","0.4","20.5","6.7","16","8.21","365","14","1","0","0","299","299","14","88385","807","172","636","0","0","0","false","538724","0","0","0","247","259","143"
"22","0.1","1","false","false","false","true","false","false","false","1","1","1","0.25","1","0","0","0","100","0","75","0.3","10","2.5","2","60","1.6","0.4","20.5","6.7","16","8.21","365","14","1","0","0","299","299","15","88137","878","220","765","0","0","0","false","538724","0","0","0","303","334","174"
"22","0.1","1","false","false","false","true","false","false","false","1","1","1","0.25","1","0","0","0","100","0","75","0.3","10","2.5","2","60","1.6","0.4","20.5","6.7","16","8.21","365","14","1","0","0","299","299","16","87857","971","278","894","0","0","212","false","538724","0","0","0","367","405","219"
"22","0.1","1","false","false","false","true","false","false","false","1","1","1","0.25","1","0","0","0","100","0","75","0.3","10","2.5","2","60","1.6","0.4","20.5","6.7","16","8.21","365","14","1","0","0","299","299","17","87598","1018","331","1052","1","0","673","false","536341","0","0","0","439","469","260"
"22","0.1","1","false","false","false","true","false","false","false","1","1","1","0.25","1","0","0","0","100","0","75","0.3","10","2.5","2","60","1.6","0.4","20.5","6.7","16","8.21","365","14","1","0","0","299","299","18","87334","1087","390","1180","8","1","1028","false","531886","0","0","1","492","549","301"
"22","0.1","1","false","false","false","true","false","false","false","1","1","1","0.25","1","0","0","0","100","0","75","0.3","10","2.5","2","60","1.6","0.4","20.5","6.7","16","8.21","365","14","1","0","0","299","299","19","87072","1096","458","1361","12","1","1441","false","528663","0","0","1","571","632","351"
"22","0.1","1","false","false","false","true","false","false","false","1","1","1","0.25","1","0","0","0","100","0","75","0.3","10","2.5","2","60","1.6","0.4","20.5","6.7","16","8.21","365","14","1","0","0","299","299","20","86815","1104","538","1522","20","1","1914","false","524982","0","0","1","658","723","407"
"22","0.1","1","false","false","false","true","false","false","false","1","1","1","0.25","1","0","0","0","100","0","75","0.3","10","2.5","2","60","1.6","0.4","20.5","6.7","16","8.21","365","14","1","0","0","299","299","21","86581","1065","630","1695","27","2","2391","false","520906","0","0","2","759","816","466"
"22","0.1","1","false","false","false","true","false","false","false","1","1","1","0.25","1","0","0","0","100","0","75","0.3","10","2.5","2","60","1.6","0.4","20.5","6.7","16","8.21","365","14","1","0","0","299","299","22","86348","1057","733","1823","37","2","2950","false","516880","0","0","2","871","906","510"
"22","0.1","1","false","false","false","true","false","false","false","1","1","1","0.25","1","0","0","0","100","0","75","0.3","10","2.5","2","60","1.6","0.4","20.5","6.7","16","8.21","365","14","1","0","0","299","299","23","86166","972","833","1978","49","2","3525","false","512404","0","0","2","977","1004","569"
"22","0.1","1","false","false","false","true","false","false","false","1","1","1","0.25","1","0","0","0","100","0","75","0.3","10","2.5","2","60","1.6","0.4","20.5","6.7","16","8.21","365","14","1","0","0","299","299","24","85998","914","928","2089","69","2","4046","false","507777","0","0","2","1070","1115","596"
"22","0.1","1","false","false","false","true","false","false","false","1","1","1","0.25","1","0","0","0","100","0","75","0.3","10","2.5","2","60","1.6","0.4","20.5","6.7","16","8.21","365","14","1","0","0","299","299","25","85807","868","1033","2197","93","2","4526","false","503775","0","0","2","1162","1207","651"
"22","0.1","1","false","false","false","true","false","false","false","1","1","1","0.25","1","0","0","0","100","0","75","0.3","10","2.5","2","60","1.6","0.4","20.5","6.7","16","8.21","365","14","1","0","0","299","299","26","85637","817","1127","2295","119","5","4971","false","500134","1","0","4","1252","1302","711"
"22","0.1","1","false","false","false","true","false","false","false","1","1","1","0.25","1","0","0","0","100","0","75","0.3","10","2.5","2","60","1.6","0.4","20.5","6.7","16","8.21","365","14","1","0","0","299","299","27","85460","795","1217","2376","147","5","5344","false","496771","1","0","4","1330","1392","757"
"22","0.1","1","false","false","false","true","false","false","false","1","1","1","0.25","1","0","0","0","100","0","75","0.3","10","2.5","2","60","1.6","0.4","20.5","6.7","16","8.21","365","14","1","0","0","299","299","28","85304","759","1292","2451","188","6","5658","false","493773","2","0","4","1415","1466","804"
"22","0.1","1","false","false","false","true","false","false","false","1","1","1","0.25","1","0","0","0","100","0","75","0.3","10","2.5","2","60","1.6","0.4","20.5","6.7","16","8.21","365","14","1","0","0","299","299","29","85124","774","1367","2488","239","8","5818","false","491164","3","0","5","1481","1547","849"
"22","0.1","1","false","false","false","true","false","false","false","1","1","1","0.25","1","0","0","0","100","0","75","0.3","10","2.5","2","60","1.6","0.4","20.5","6.7","16","8.21","365","14","1","0","0","299","299","30","84965","742","1432","2557","294","10","5819","false","489503","4","0","6","1554","1639","887"
"22","0.1","1","false","false","false","true","false","false","false","1","1","1","0.25","1","0","0","0","100","0","75","0.3","10","2.5","2","60","1.6","0.4","20.5","6.7","16","8.21","365","14","1","0","0","299","299","31","84788","742","1484","2611","362","13","5736","false","488877","4","1","8","1613","1712","925"
"22","0.1","1","false","false","false","true","false","false","false","1","1","1","0.25","1","0","0","0","100","0","75","0.3","10","2.5","2","60","1.6","0.4","20.5","6.7","16","8.21","365","14","1","0","0","299","299","32","84557","798","1518","2664","447","16","5739","false","489042","5","1","10","1675","1765","970"
"22","0.1","1","false","false","false","true","false","false","false","1","1","1","0.25","1","0","0","0","100","0","75","0.3","10","2.5","2","60","1.6","0.4","20.5","6.7","16","8.21","365","14","1","0","0","299","299","33","84281","904","1571","2703","524","17","5697","false","488399","5","1","11","1736","1855","1004"
"22","0.1","1","false","false","false","true","false","false","false","1","1","1","0.25","1","0","0","0","100","0","75","0.3","10","2.5","2","60","1.6","0.4","20.5","6.7","16","8.21","365","14","1","0","0","299","299","34","83957","1041","1616","2737","630","19","5783","false","488322","6","1","12","1799","1933","1062"
"22","0.1","1","false","false","false","true","false","false","false","1","1","1","0.25","1","0","0","0","100","0","75","0.3","10","2.5","2","60","1.6","0.4","20.5","6.7","16","8.21","365","14","1","0","0","299","299","35","83649","1145","1642","2789","750","25","5779","false","487051","6","3","16","1880","2004","1101"
"22","0.1","1","false","false","false","true","false","false","false","1","1","1","0.25","1","0","0","0","100","0","75","0.3","10","2.5","2","60","1.6","0.4","20.5","6.7","16","8.21","365","14","1","0","0","299","299","36","83303","1258","1652","2865","892","30","5747","false","486749","7","3","20","1958","2090","1147"
"22","0.1","1","false","false","false","true","false","false","false","1","1","1","0.25","1","0","0","0","100","0","75","0.3","10","2.5","2","60","1.6","0.4","20.5","6.7","16","8.21","365","14","1","0","0","299","299","37","82944","1359","1691","2948","1027","31","5768","false","486621","7","3","21","2047","2190","1205"
"22","0.1","1","false","false","false","true","false","false","false","1","1","1","0.25","1","0","0","0","100","0","75","0.3","10","2.5","2","60","1.6","0.4","20.5","6.7","16","8.21","365","14","1","0","0","299","299","38","82520","1471","1715","3056","1204","34","5735","false","486209","7","3","24","2151","2294","1268"
"22","0.1","1","false","false","false","true","false","false","false","1","1","1","0.25","1","0","0","0","100","0","75","0.3","10","2.5","2","60","1.6","0.4","20.5","6.7","16","8.21","365","14","1","0","0","299","299","39","82116","1562","1725","3171","1386","40","5768","false","485932","8","4","28","2234","2417","1335"
"22","0.1","1","false","false","false","true","false","false","false","1","1","1","0.25","1","0","0","0","100","0","75","0.3","10","2.5","2","60","1.6","0.4","20.5","6.7","16","8.21","365","14","1","0","0","299","299","40","81740","1596","1778","3303","1541","42","5881","false","485429","9","5","28","2363","2533","1407"
"22","0.1","1","false","false","false","true","false","false","false","1","1","1","0.25","1","0","0","0","100","0","75","0.3","10","2.5","2","60","1.6","0.4","20.5","6.7","16","8.21","365","14","1","0","0","299","299","41","81362","1616","1829","3409","1741","43","6091","false","484294","9","5","29","2485","2662","1483"
"22","0.1","1","false","false","false","true","false","false","false","1","1","1","0.25","1","0","0","0","100","0","75","0.3","10","2.5","2","60","1.6","0.4","20.5","6.7","16","8.21","365","14","1","0","0","299","299","42","80941","1660","1881","3553","1919","46","6181","false","482400","9","6","31","2609","2798","1565"
"22","0.1","1","false","false","false","true","false","false","false","1","1","1","0.25","1","0","0","0","100","0","75","0.3","10","2.5","2","60","1.6","0.4","20.5","6.7","16","8.21","365","14","1","0","0","299","299","43","80509","1705","1950","3692","2096","48","6365","false","481356","9","6","33","2752","2939","1647"
"22","0.1","1","false","false","false","true","false","false","false","1","1","1","0.25","1","0","0","0","100","0","75","0.3","10","2.5","2","60","1.6","0.4","20.5","6.7","16","8.21","365","14","1","0","0","299","299","44","80047","1729","2010","3871","2293","50","6487","false","479411","9","6","35","2902","3106","1732"
"22","0.1","1","false","false","false","true","false","false","false","1","1","1","0.25","1","0","0","0","100","0","75","0.3","10","2.5","2","60","1.6","0.4","20.5","6.7","16","8.21","365","14","1","0","0","299","299","45","79622","1762","2104","3977","2481","54","6661","false","478044","9","8","37","3054","3274","1821"
"22","0.1","1","false","false","false","true","false","false","false","1","1","1","0.25","1","0","0","0","100","0","75","0.3","10","2.5","2","60","1.6","0.4","20.5","6.7","16","8.21","365","14","1","0","0","299","299","46","79214","1797","2161","4060","2708","60","6753","false","476334","10","8","42","3186","3423","1904"
"22","0.1","1","false","false","false","true","false","false","false","1","1","1","0.25","1","0","0","0","100","0","75","0.3","10","2.5","2","60","1.6","0.4","20.5","6.7","16","8.21","365","14","1","0","0","299","299","47","78802","1821","2265","4172","2878","62","6836","false","475312","10","9","43","3327","3588","1994"
"22","0.1","1","false","false","false","true","false","false","false","1","1","1","0.25","1","0","0","0","100","0","75","0.3","10","2.5","2","60","1.6","0.4","20.5","6.7","16","8.21","365","14","1","0","0","299","299","48","78385","1854","2324","4276","3098","63","6936","false","474371","10","10","43","3493","3733","2070"
"22","0.1","1","false","false","false","true","false","false","false","1","1","1","0.25","1","0","0","0","100","0","75","0.3","10","2.5","2","60","1.6","0.4","20.5","6.7","16","8.21","365","14","1","0","0","299","299","49","77963","1836","2385","4442","3306","68","7065","false","473428","12","11","45","3661","3879","2156"
"22","0.1","1","false","false","false","true","false","false","false","1","1","1","0.25","1","0","0","0","100","0","75","0.3","10","2.5","2","60","1.6","0.4","20.5","6.7","16","8.21","365","14","1","0","0","299","299","50","77544","1844","2460","4583","3495","74","7112","false","472218","14","12","48","3807","4041","2260"
"22","0.1","1","false","false","false","true","false","false","false","1","1","1","0.25","1","0","0","0","100","0","75","0.3","10","2.5","2","60","1.6","0.4","20.5","6.7","16","8.21","365","14","1","0","0","299","299","51","77123","1816","2535","4728","3717","81","7291","false","471706","15","15","51","3981","4228","2360"
"22","0.1","1","false","false","false","true","false","false","false","1","1","1","0.25","1","0","0","0","100","0","75","0.3","10","2.5","2","60","1.6","0.4","20.5","6.7","16","8.21","365","14","1","0","0","299","299","52","76721","1773","2611","4867","3941","87","7478","false","470035","16","17","54","4146","4409","2453"
"22","0.1","1","false","false","false","true","false","false","false","1","1","1","0.25","1","0","0","0","100","0","75","0.3","10","2.5","2","60","1.6","0.4","20.5","6.7","16","8.21","365","14","1","0","0","299","299","53","76293","1791","2687","4972","4169","88","7661","false","468568","16","17","55","4305","4581","2532"
"22","0.1","1","false","false","false","true","false","false","false","1","1","1","0.25","1","0","0","0","100","0","75","0.3","10","2.5","2","60","1.6","0.4","20.5","6.7","16","8.21","365","14","1","0","0","299","299","54","75885","1775","2756","5109","4386","89","7636","false","466980","16","17","56","4456","4742","2619"
"22","0.1","1","false","false","false","true","false","false","false","1","1","1","0.25","1","0","0","0","100","0","75","0.3","10","2.5","2","60","1.6","0.4","20.5","6.7","16","8.21","365","14","1","0","0","299","299","55","75458","1807","2852","5181","4605","97","7765","false","467064","17","20","60","4603","4916","2711"
"22","0.1","1","false","false","false","true","false","false","false","1","1","1","0.25","1","0","0","0","100","0","75","0.3","10","2.5","2","60","1.6","0.4","20.5","6.7","16","8.21","365","14","1","0","0","299","299","56","75049","1792","2923","5271","4861","104","7859","false","465919","18","23","63","4750","5088","2803"
"22","0.1","1","false","false","false","true","false","false","false","1","1","1","0.25","1","0","0","0","100","0","75","0.3","10","2.5","2","60","1.6","0.4","20.5","6.7","16","8.21","365","14","1","0","0","299","299","57","74593","1850","3006","5367","5079","105","7824","false","465003","18","23","64","4900","5269","2881"
"22","0.1","1","false","false","false","true","false","false","false","1","1","1","0.25","1","0","0","0","100","0","75","0.3","10","2.5","2","60","1.6","0.4","20.5","6.7","16","8.21","365","14","1","0","0","299","299","58","74126","1888","3090","5466","5323","107","7894","false","465216","19","23","65","5053","5461","2986"
"22","0.1","1","false","false","false","true","false","false","false","1","1","1","0.25","1","0","0","0","100","0","75","0.3","10","2.5","2","60","1.6","0.4","20.5","6.7","16","8.21","365","14","1","0","0","299","299","59","73671","1874","3130","5576","5639","110","8049","false","464744","19","23","68","5194","5646","3096"
"22","0.1","1","false","false","false","true","false","false","false","1","1","1","0.25","1","0","0","0","100","0","75","0.3","10","2.5","2","60","1.6","0.4","20.5","6.7","16","8.21","365","14","1","0","0","299","299","60","73197","1885","3196","5706","5900","116","8085","false","463308","20","24","72","5346","5827","3195"
"22","0.1","1","false","false","false","true","false","false","false","1","1","1","0.25","1","0","0","0","100","0","75","0.3","10","2.5","2","60","1.6","0.4","20.5","6.7","16","8.21","365","14","1","0","0","299","299","61","72729","1913","3284","5774","6180","120","8227","false","462670","22","25","73","5512","6010","3309"
"22","0.1","1","false","false","false","true","false","false","false","1","1","1","0.25","1","0","0","0","100","0","75","0.3","10","2.5","2","60","1.6","0.4","20.5","6.7","16","8.21","365","14","1","0","0","299","299","62","72248","1963","3349","5857","6456","127","8269","false","461462","22","27","78","5650","6183","3408"
"22","0.1","1","false","false","false","true","false","false","false","1","1","1","0.25","1","0","0","0","100","0","75","0.3","10","2.5","2","60","1.6","0.4","20.5","6.7","16","8.21","365","14","1","0","0","299","299","63","71764","1994","3440","5924","6746","132","8405","false","460977","23","28","81","5838","6347","3510"
"22","0.1","1","false","false","false","true","false","false","false","1","1","1","0.25","1","0","0","0","100","0","75","0.3","10","2.5","2","60","1.6","0.4","20.5","6.7","16","8.21","365","14","1","0","0","299","299","64","71283","2023","3497","5989","7069","139","8485","false","459692","23","29","87","6031","6510","3608"
"22","0.1","1","false","false","false","true","false","false","false","1","1","1","0.25","1","0","0","0","100","0","75","0.3","10","2.5","2","60","1.6","0.4","20.5","6.7","16","8.21","365","14","1","0","0","299","299","65","70760","2072","3540","6080","7403","145","8653","false","458712","24","29","92","6195","6680","3704"
"22","0.1","1","false","false","false","true","false","false","false","1","1","1","0.25","1","0","0","0","100","0","75","0.3","10","2.5","2","60","1.6","0.4","20.5","6.7","16","8.21","365","14","1","0","0","299","299","66","70270","2083","3604","6139","7756","148","8836","false","457176","25","30","93","6354","6897","3802"
"22","0.1","1","false","false","false","true","false","false","false","1","1","1","0.25","1","0","0","0","100","0","75","0.3","10","2.5","2","60","1.6","0.4","20.5","6.7","16","8.21","365","14","1","0","0","299","299","67","69720","2126","3638","6267","8092","157","8884","false","455595","27","34","96","6508","7111","3907"
"22","0.1","1","false","false","false","true","false","false","false","1","1","1","0.25","1","0","0","0","100","0","75","0.3","10","2.5","2","60","1.6","0.4","20.5","6.7","16","8.21","365","14","1","0","0","299","299","68","69235","2186","3702","6255","8463","159","8960","false","455085","27","35","97","6660","7301","4022"
"22","0.1","1","false","false","false","true","false","false","false","1","1","1","0.25","1","0","0","0","100","0","75","0.3","10","2.5","2","60","1.6","0.4","20.5","6.7","16","8.21","365","14","1","0","0","299","299","69","68720","2208","3771","6324","8813","164","9047","false","454310","28","36","100","6853","7504","4118"
"22","0.1","1","false","false","false","true","false","false","false","1","1","1","0.25","1","0","0","0","100","0","75","0.3","10","2.5","2","60","1.6","0.4","20.5","6.7","16","8.21","365","14","1","0","0","299","299","70","68195","2239","3818","6382","9197","169","9256","false","453481","30","36","103","7061","7705","4240"
"22","0.1","1","false","false","false","true","false","false","false","1","1","1","0.25","1","0","0","0","100","0","75","0.3","10","2.5","2","60","1.6","0.4","20.5","6.7","16","8.21","365","14","1","0","0","299","299","71","67684","2229","3864","6462","9582","179","9319","false","451614","30","39","110","7256","7902","4356"
"22","0.1","1","false","false","false","true","false","false","false","1","1","1","0.25","1","0","0","0","100","0","75","0.3","10","2.5","2","60","1.6","0.4","20.5","6.7","16","8.21","365","14","1","0","0","299","299","72","67155","2229","3851","6579","9999","187","9314","false","450867","31","39","117","7446","8090","4470"
"22","0.1","1","false","false","false","true","false","false","false","1","1","1","0.25","1","0","0","0","100","0","75","0.3","10","2.5","2","60","1.6","0.4","20.5","6.7","16","8.21","365","14","1","0","0","299","299","73","66575","2299","3929","6634","10370","193","9518","false","450605","31","43","119","7644","8299","4588"
"22","0.1","1","false","false","false","true","false","false","false","1","1","1","0.25","1","0","0","0","100","0","75","0.3","10","2.5","2","60","1.6","0.4","20.5","6.7","16","8.21","365","14","1","0","0","299","299","74","66009","2341","3946","6750","10754","200","9593","false","448718","31","45","124","7824","8489","4704"
"22","0.1","1","false","false","false","true","false","false","false","1","1","1","0.25","1","0","0","0","100","0","75","0.3","10","2.5","2","60","1.6","0.4","20.5","6.7","16","8.21","365","14","1","0","0","299","299","75","65478","2314","3996","6816","11186","210","9770","false","447853","32","51","127","8017","8715","4822"
"22","0.1","1","false","false","false","true","false","false","false","1","1","1","0.25","1","0","0","0","100","0","75","0.3","10","2.5","2","60","1.6","0.4","20.5","6.7","16","8.21","365","14","1","0","0","299","299","76","64940","2281","4073","6905","11588","213","9929","false","446102","32","52","129","8233","8927","4955"
"22","0.1","1","false","false","false","true","false","false","false","1","1","1","0.25","1","0","0","0","100","0","75","0.3","10","2.5","2","60","1.6","0.4","20.5","6.7","16","8.21","365","14","1","0","0","299","299","77","64389","2321","4086","6988","11995","221","9879","false","444597","34","52","135","8420","9126","5060"
"22","0.1","1","false","false","false","true","false","false","false","1","1","1","0.25","1","0","0","0","100","0","75","0.3","10","2.5","2","60","1.6","0.4","20.5","6.7","16","8.21","365","14","1","0","0","299","299","78","63817","2338","4121","7065","12431","228","9976","false","444751","34","53","141","8624","9324","5199"
"22","0.1","1","false","false","false","true","false","false","false","1","1","1","0.25","1","0","0","0","100","0","75","0.3","10","2.5","2","60","1.6","0.4","20.5","6.7","16","8.21","365","14","1","0","0","299","299","79","63275","2317","4179","7125","12874","230","10008","false","443969","34","53","143","8848","9539","5325"
"22","0.1","1","false","false","false","true","false","false","false","1","1","1","0.25","1","0","0","0","100","0","75","0.3","10","2.5","2","60","1.6","0.4","20.5","6.7","16","8.21","365","14","1","0","0","299","299","80","62684","2366","4224","7166","13326","234","10029","false","443552","34","53","147","9059","9752","5457"
"22","0.1","1","false","false","false","true","false","false","false","1","1","1","0.25","1","0","0","0","100","0","75","0.3","10","2.5","2","60","1.6","0.4","20.5","6.7","16","8.21","365","14","1","0","0","299","299","81","62104","2377","4271","7253","13753","242","10139","false","443293","35","54","153","9265","9982","5590"
"22","0.1","1","false","false","false","true","false","false","false","1","1","1","0.25","1","0","0","0","100","0","75","0.3","10","2.5","2","60","1.6","0.4","20.5","6.7","16","8.21","365","14","1","0","0","299","299","82","61525","2401","4299","7331","14190","254","10216","false","442211","36","55","163","9457","10198","5701"
"22","0.1","1","false","false","false","true","false","false","false","1","1","1","0.25","1","0","0","0","100","0","75","0.3","10","2.5","2","60","1.6","0.4","20.5","6.7","16","8.21","365","14","1","0","0","299","299","83","60944","2443","4356","7383","14615","259","10313","false","441385","37","56","166","9672","10421","5833"
"22","0.1","1","false","false","false","true","false","false","false","1","1","1","0.25","1","0","0","0","100","0","75","0.3","10","2.5","2","60","1.6","0.4","20.5","6.7","16","8.21","365","14","1","0","0","299","299","84","60354","2493","4452","7411","15024","266","10343","false","440424","37","58","171","9894","10658","5947"
"22","0.1","1","false","false","false","true","false","false","false","1","1","1","0.25","1","0","0","0","100","0","75","0.3","10","2.5","2","60","1.6","0.4","20.5","6.7","16","8.21","365","14","1","0","0","299","299","85","59757","2501","4503","7462","15501","276","10484","false","440020","39","60","177","10127","10916","6064"
"22","0.1","1","false","false","false","true","false","false","false","1","1","1","0.25","1","0","0","0","100","0","75","0.3","10","2.5","2","60","1.6","0.4","20.5","6.7","16","8.21","365","14","1","0","0","299","299","86","59170","2495","4533","7569","15947","286","10512","false","438666","40","64","182","10361","11144","6179"
"22","0.1","1","false","false","false","true","false","false","false","1","1","1","0.25","1","0","0","0","100","0","75","0.3","10","2.5","2","60","1.6","0.4","20.5","6.7","16","8.21","365","14","1","0","0","299","299","87","58577","2482","4586","7694","16368","293","10595","false","438381","41","66","186","10576","11381","6306"
"22","0.1","1","false","false","false","true","false","false","false","1","1","1","0.25","1","0","0","0","100","0","75","0.3","10","2.5","2","60","1.6","0.4","20.5","6.7","16","8.21","365","14","1","0","0","299","299","88","57986","2509","4598","7758","16845","304","10569","false","437648","45","67","192","10766","11597","6442"
"22","0.1","1","false","false","false","true","false","false","false","1","1","1","0.25","1","0","0","0","100","0","75","0.3","10","2.5","2","60","1.6","0.4","20.5","6.7","16","8.21","365","14","1","0","0","299","299","89","57412","2509","4636","7845","17282","316","10566","false","437572","45","69","202","10952","11851","6563"
"22","0.1","1","false","false","false","true","false","false","false","1","1","1","0.25","1","0","0","0","100","0","75","0.3","10","2.5","2","60","1.6","0.4","20.5","6.7","16","8.21","365","14","1","0","0","299","299","90","56828","2522","4661","7864","17798","327","10598","false","437503","47","72","208","11162","12078","6701"
"22","0.1","1","false","false","false","true","false","false","false","1","1","1","0.25","1","0","0","0","100","0","75","0.3","10","2.5","2","60","1.6","0.4","20.5","6.7","16","8.21","365","14","1","0","0","299","299","91","56228","2500","4726","7969","18247","330","10709","false","437080","47","72","211","11390","12321","6840"
"22","0.1","1","false","false","false","true","false","false","false","1","1","1","0.25","1","0","0","0","100","0","75","0.3","10","2.5","2","60","1.6","0.4","20.5","6.7","16","8.21","365","14","1","0","0","299","299","92","55601","2541","4776","8022","18717","343","10739","false","435962","47","77","219","11612","12551","6982"
"22","0.1","1","false","false","false","true","false","false","false","1","1","1","0.25","1","0","0","0","100","0","75","0.3","10","2.5","2","60","1.6","0.4","20.5","6.7","16","8.21","365","14","1","0","0","299","299","93","55012","2549","4777","8061","19252","349","10827","false","435550","47","79","223","11830","12745","7131"
"22","0.1","1","false","false","false","true","false","false","false","1","1","1","0.25","1","0","0","0","100","0","75","0.3","10","2.5","2","60","1.6","0.4","20.5","6.7","16","8.21","365","14","1","0","0","299","299","94","54445","2521","4834","8102","19743","355","10918","false","434763","47","80","228","12058","12989","7259"
"22","0.1","1","false","false","false","true","false","false","false","1","1","1","0.25","1","0","0","0","100","0","75","0.3","10","2.5","2","60","1.6","0.4","20.5","6.7","16","8.21","365","14","1","0","0","299","299","95","53885","2505","4873","8122","20255","360","10810","false","433885","47","83","230","12269","13210","7415"
"22","0.1","1","false","false","false","true","false","false","false","1","1","1","0.25","1","0","0","0","100","0","75","0.3","10","2.5","2","60","1.6","0.4","20.5","6.7","16","8.21","365","14","1","0","0","299","299","96","53269","2523","4905","8167","20767","369","10793","false","434570","48","86","235","12490","13463","7569"
"22","0.1","1","false","false","false","true","false","false","false","1","1","1","0.25","1","0","0","0","100","0","75","0.3","10","2.5","2","60","1.6","0.4","20.5","6.7","16","8.21","365","14","1","0","0","299","299","97","52673","2541","4907","8220","21283","376","10746","false","434522","49","88","239","12713","13699","7706"
"22","0.1","1","false","false","false","true","false","false","false","1","1","1","0.25","1","0","0","0","100","0","75","0.3","10","2.5","2","60","1.6","0.4","20.5","6.7","16","8.21","365","14","1","0","0","299","299","98","52058","2599","4937","8231","21792","383","10832","false","434786","52","91","240","12924","13913","7845"
"22","0.1","1","false","false","false","true","false","false","false","1","1","1","0.25","1","0","0","0","100","0","75","0.3","10","2.5","2","60","1.6","0.4","20.5","6.7","16","8.21","365","14","1","0","0","299","299","99","51439","2608","4957","8280","22327","389","10822","false","433983","53","93","243","13132","14144","7982"
"22","0.1","1","false","false","false","true","false","false","false","1","1","1","0.25","1","0","0","0","100","0","75","0.3","10","2.5","2","60","1.6","0.4","20.5","6.7","16","8.21","365","14","1","0","0","299","299","100","50805","2620","4957","8329","22892","397","10820","false","433948","54","94","249","13380","14383","8108"
"22","0.1","1","false","false","false","true","false","false","false","1","1","1","0.25","1","0","0","0","100","0","75","0.3","10","2.5","2","60","1.6","0.4","20.5","6.7","16","8.21","365","14","1","0","0","299","299","101","50221","2583","5010","8395","23386","405","10826","false","433820","56","95","254","13591","14617","8255"
"22","0.1","1","false","false","false","true","false","false","false","1","1","1","0.25","1","0","0","0","100","0","75","0.3","10","2.5","2","60","1.6","0.4","20.5","6.7","16","8.21","365","14","1","0","0","299","299","102","49666","2530","5030","8427","23935","412","10838","false","433587","57","96","259","13811","14862","8411"
"22","0.1","1","false","false","false","true","false","false","false","1","1","1","0.25","1","0","0","0","100","0","75","0.3","10","2.5","2","60","1.6","0.4","20.5","6.7","16","8.21","365","14","1","0","0","299","299","103","49024","2548","5059","8464","24485","420","10895","false","433463","58","99","263","14057","15090","8546"
"22","0.1","1","false","false","false","true","false","false","false","1","1","1","0.25","1","0","0","0","100","0","75","0.3","10","2.5","2","60","1.6","0.4","20.5","6.7","16","8.21","365","14","1","0","0","299","299","104","48445","2515","5108","8482","25022","428","10806","false","432910","61","100","267","14270","15346","8693"
"22","0.1","1","false","false","false","true","false","false","false","1","1","1","0.25","1","0","0","0","100","0","75","0.3","10","2.5","2","60","1.6","0.4","20.5","6.7","16","8.21","365","14","1","0","0","299","299","105","47853","2530","5145","8491","25547","434","10676","false","433477","64","100","270","14479","15584","8835"
"22","0.1","1","false","false","false","true","false","false","false","1","1","1","0.25","1","0","0","0","100","0","75","0.3","10","2.5","2","60","1.6","0.4","20.5","6.7","16","8.21","365","14","1","0","0","299","299","106","47274","2523","5132","8518","26111","442","10733","false","434195","65","102","275","14683","15818","8984"
"22","0.1","1","false","false","false","true","false","false","false","1","1","1","0.25","1","0","0","0","100","0","75","0.3","10","2.5","2","60","1.6","0.4","20.5","6.7","16","8.21","365","14","1","0","0","299","299","107","46633","2581","5170","8525","26637","454","10684","false","433801","66","107","281","14918","16050","9120"
"22","0.1","1","false","false","false","true","false","false","false","1","1","1","0.25","1","0","0","0","100","0","75","0.3","10","2.5","2","60","1.6","0.4","20.5","6.7","16","8.21","365","14","1","0","0","299","299","108","46020","2605","5204","8516","27189","466","10662","false","434057","67","111","288","15141","16308","9270"
"22","0.1","1","false","false","false","true","false","false","false","1","1","1","0.25","1","0","0","0","100","0","75","0.3","10","2.5","2","60","1.6","0.4","20.5","6.7","16","8.21","365","14","1","0","0","299","299","109","45403","2632","5180","8527","27780","478","10604","false","434207","70","116","292","15351","16516","9404"
"22","0.1","1","false","false","false","true","false","false","false","1","1","1","0.25","1","0","0","0","100","0","75","0.3","10","2.5","2","60","1.6","0.4","20.5","6.7","16","8.21","365","14","1","0","0","299","299","110","44816","2626","5158","8550","28360","490","10559","false","434578","72","118","300","15533","16756","9553"
"22","0.1","1","false","false","false","true","false","false","false","1","1","1","0.25","1","0","0","0","100","0","75","0.3","10","2.5","2","60","1.6","0.4","20.5","6.7","16","8.21","365","14","1","0","0","299","299","111","44200","2592","5151","8641","28915","501","10470","false","434876","72","119","310","15765","16996","9707"
"22","0.1","1","false","false","false","true","false","false","false","1","1","1","0.25","1","0","0","0","100","0","75","0.3","10","2.5","2","60","1.6","0.4","20.5","6.7","16","8.21","365","14","1","0","0","299","299","112","43623","2536","5139","8673","29518","511","10466","false","435412","73","121","317","15990","17273","9841"
"22","0.1","1","false","false","false","true","false","false","false","1","1","1","0.25","1","0","0","0","100","0","75","0.3","10","2.5","2","60","1.6","0.4","20.5","6.7","16","8.21","365","14","1","0","0","299","299","113","43000","2548","5156","8713","30062","521","10431","false","435555","75","122","324","16246","17502","9957"
"22","0.1","1","false","false","false","true","false","false","false","1","1","1","0.25","1","0","0","0","100","0","75","0.3","10","2.5","2","60","1.6","0.4","20.5","6.7","16","8.21","365","14","1","0","0","299","299","114","42419","2507","5210","8739","30591","534","10438","false","435642","75","127","332","16476","17753","10104"
"22","0.1","1","false","false","false","true","false","false","false","1","1","1","0.25","1","0","0","0","100","0","75","0.3","10","2.5","2","60","1.6","0.4","20.5","6.7","16","8.21","365","14","1","0","0","299","299","115","41863","2491","5239","8683","31183","541","10413","false","435351","75","130","336","16678","18025","10250"
"22","0.1","1","false","false","false","true","false","false","false","1","1","1","0.25","1","0","0","0","100","0","75","0.3","10","2.5","2","60","1.6","0.4","20.5","6.7","16","8.21","365","14","1","0","0","299","299","116","41276","2512","5203","8661","31788","560","10420","false","435404","76","134","350","16887","18269","10379"
"22","0.1","1","false","false","false","true","false","false","false","1","1","1","0.25","1","0","0","0","100","0","75","0.3","10","2.5","2","60","1.6","0.4","20.5","6.7","16","8.21","365","14","1","0","0","299","299","117","40683","2520","5220","8623","32378","576","10386","false","435145","77","136","363","17122","18490","10519"
"22","0.1","1","false","false","false","true","false","false","false","1","1","1","0.25","1","0","0","0","100","0","75","0.3","10","2.5","2","60","1.6","0.4","20.5","6.7","16","8.21","365","14","1","0","0","299","299","118","40098","2531","5200","8628","32951","592","10332","false","435149","78","138","376","17330","18711","10641"
"22","0.1","1","false","false","false","true","false","false","false","1","1","1","0.25","1","0","0","0","100","0","75","0.3","10","2.5","2","60","1.6","0.4","20.5","6.7","16","8.21","365","14","1","0","0","299","299","119","39559","2465","5176","8672","33522","606","10325","false","435498","78","141","387","17556","18942","10758"
"22","0.1","1","false","false","false","true","false","false","false","1","1","1","0.25","1","0","0","0","100","0","75","0.3","10","2.5","2","60","1.6","0.4","20.5","6.7","16","8.21","365","14","1","0","0","299","299","120","39010","2376","5184","8701","34103","626","10250","false","435493","82","148","396","17795","19187","10904"
"22","0.1","1","false","false","false","true","false","false","false","1","1","1","0.25","1","0","0","0","100","0","75","0.3","10","2.5","2","60","1.6","0.4","20.5","6.7","16","8.21","365","14","1","0","0","299","299","121","38419","2395","5230","8660","34662","634","10167","false","435956","82","148","404","18017","19429","11031"
"22","0.1","1","false","false","false","true","false","false","false","1","1","1","0.25","1","0","0","0","100","0","75","0.3","10","2.5","2","60","1.6","0.4","20.5","6.7","16","8.21","365","14","1","0","0","299","299","122","37858","2382","5223","8662","35232","643","10161","false","436761","83","150","410","18213","19663","11173"
"22","0.1","1","false","false","false","true","false","false","false","1","1","1","0.25","1","0","0","0","100","0","75","0.3","10","2.5","2","60","1.6","0.4","20.5","6.7","16","8.21","365","14","1","0","0","299","299","123","37269","2434","5211","8604","35829","653","10214","false","436813","86","151","416","18409","19881","11301"
"22","0.1","1","false","false","false","true","false","false","false","1","1","1","0.25","1","0","0","0","100","0","75","0.3","10","2.5","2","60","1.6","0.4","20.5","6.7","16","8.21","365","14","1","0","0","299","299","124","36717","2484","5214","8512","36408","665","10226","false","436289","88","153","424","18617","20102","11412"
"22","0.1","1","false","false","false","true","false","false","false","1","1","1","0.25","1","0","0","0","100","0","75","0.3","10","2.5","2","60","1.6","0.4","20.5","6.7","16","8.21","365","14","1","0","0","299","299","125","36153","2467","5225","8509","36970","676","10245","false","436089","89","155","432","18835","20315","11557"
"22","0.1","1","false","false","false","true","false","false","false","1","1","1","0.25","1","0","0","0","100","0","75","0.3","10","2.5","2","60","1.6","0.4","20.5","6.7","16","8.21","365","14","1","0","0","299","299","126","35612","2424","5193","8545","37542","684","10190","false","435733","90","157","437","19040","20540","11668"
"22","0.1","1","false","false","false","true","false","false","false","1","1","1","0.25","1","0","0","0","100","0","75","0.3","10","2.5","2","60","1.6","0.4","20.5","6.7","16","8.21","365","14","1","0","0","299","299","127","35093","2358","5191","8517","38152","689","10238","false","436342","92","159","438","19239","20778","11822"
"22","0.1","1","false","false","false","true","false","false","false","1","1","1","0.25","1","0","0","0","100","0","75","0.3","10","2.5","2","60","1.6","0.4","20.5","6.7","16","8.21","365","14","1","0","0","299","299","128","34558","2321","5184","8482","38746","709","10245","false","435857","96","161","452","19460","21007","11962"
"22","0.1","1","false","false","false","true","false","false","false","1","1","1","0.25","1","0","0","0","100","0","75","0.3","10","2.5","2","60","1.6","0.4","20.5","6.7","16","8.21","365","14","1","0","0","299","299","129","34032","2309","5171","8442","39325","721","10270","false","435696","101","164","456","19673","21222","12094"
"22","0.1","1","false","false","false","true","false","false","false","1","1","1","0.25","1","0","0","0","100","0","75","0.3","10","2.5","2","60","1.6","0.4","20.5","6.7","16","8.21","365","14","1","0","0","299","299","130","33487","2356","5158","8368","39901","730","10203","false","435395","103","165","462","19878","21431","12213"
"22","0.1","1","false","false","false","true","false","false","false","1","1","1","0.25","1","0","0","0","100","0","75","0.3","10","2.5","2","60","1.6","0.4","20.5","6.7","16","8.21","365","14","1","0","0","299","299","131","32920","2347","5160","8318","40517","738","10140","false","435879","105","165","468","20094","21659","12341"
"22","0.1","1","false","false","false","true","false","false","false","1","1","1","0.25","1","0","0","0","100","0","75","0.3","10","2.5","2","60","1.6","0.4","20.5","6.7","16","8.21","365","14","1","0","0","299","299","132","32379","2346","5158","8263","41105","749","10140","false","436411","106","167","476","20308","21887","12458"
"22","0.1","1","false","false","false","true","false","false","false","1","1","1","0.25","1","0","0","0","100","0","75","0.3","10","2.5","2","60","1.6","0.4","20.5","6.7","16","8.21","365","14","1","0","0","299","299","133","31904","2283","5103","8248","41706","756","10003","false","436257","108","168","480","20489","22088","12579"
"22","0.1","1","false","false","false","true","false","false","false","1","1","1","0.25","1","0","0","0","100","0","75","0.3","10","2.5","2","60","1.6","0.4","20.5","6.7","16","8.21","365","14","1","0","0","299","299","134","31387","2274","5064","8180","42324","771","9856","false","437304","110","172","489","20667","22314","12705"
"22","0.1","1","false","false","false","true","false","false","false","1","1","1","0.25","1","0","0","0","100","0","75","0.3","10","2.5","2","60","1.6","0.4","20.5","6.7","16","8.21","365","14","1","0","0","299","299","135","30874","2238","5093","8127","42891","777","9787","false","438358","110","173","494","20862","22559","12847"
"22","0.1","1","false","false","false","true","false","false","false","1","1","1","0.25","1","0","0","0","100","0","75","0.3","10","2.5","2","60","1.6","0.4","20.5","6.7","16","8.21","365","14","1","0","0","299","299","136","30356","2232","5025","8123","43477","787","9611","false","438793","112","175","500","21044","22761","12965"
"22","0.1","1","false","false","false","true","false","false","false","1","1","1","0.25","1","0","0","0","100","0","75","0.3","10","2.5","2","60","1.6","0.4","20.5","6.7","16","8.21","365","14","1","0","0","299","299","137","29820","2253","5001","8036","44093","797","9585","false","439894","112","177","508","21256","22972","13088"
"22","0.1","1","false","false","false","true","false","false","false","1","1","1","0.25","1","0","0","0","100","0","75","0.3","10","2.5","2","60","1.6","0.4","20.5","6.7","16","8.21","365","14","1","0","0","299","299","138","29279","2264","4964","7992","44697","804","9465","false","440179","112","180","512","21450","23180","13205"
"22","0.1","1","false","false","false","true","false","false","false","1","1","1","0.25","1","0","0","0","100","0","75","0.3","10","2.5","2","60","1.6","0.4","20.5","6.7","16","8.21","365","14","1","0","0","299","299","139","28777","2226","4953","7977","45254","813","9325","false","440922","112","181","520","21636","23392","13334"
"22","0.1","1","false","false","false","true","false","false","false","1","1","1","0.25","1","0","0","0","100","0","75","0.3","10","2.5","2","60","1.6","0.4","20.5","6.7","16","8.21","365","14","1","0","0","299","299","140","28277","2188","4912","7973","45824","826","9195","false","441975","113","185","528","21814","23614","13471"
"22","0.1","1","false","false","false","true","false","false","false","1","1","1","0.25","1","0","0","0","100","0","75","0.3","10","2.5","2","60","1.6","0.4","20.5","6.7","16","8.21","365","14","1","0","0","299","299","141","27704","2222","4909","7962","46372","831","9116","false","442894","114","187","530","22019","23829","13590"
"22","0.1","1","false","false","false","true","false","false","false","1","1","1","0.25","1","0","0","0","100","0","75","0.3","10","2.5","2","60","1.6","0.4","20.5","6.7","16","8.21","365","14","1","0","0","299","299","142","27182","2259","4845","7916","46965","833","9056","false","443560","114","187","532","22192","24022","13704"
"22","0.1","1","false","false","false","true","false","false","false","1","1","1","0.25","1","0","0","0","100","0","75","0.3","10","2.5","2","60","1.6","0.4","20.5","6.7","16","8.21","365","14","1","0","0","299","299","143","26672","2238","4834","7864","47546","846","9022","false","444278","116","192","538","22388","24258","13839"
"22","0.1","1","false","false","false","true","false","false","false","1","1","1","0.25","1","0","0","0","100","0","75","0.3","10","2.5","2","60","1.6","0.4","20.5","6.7","16","8.21","365","14","1","0","0","299","299","144","26172","2194","4823","7902","48056","853","8966","false","444728","117","193","543","22598","24478","13941"
"22","0.1","1","false","false","false","true","false","false","false","1","1","1","0.25","1","0","0","0","100","0","75","0.3","10","2.5","2","60","1.6","0.4","20.5","6.7","16","8.21","365","14","1","0","0","299","299","145","25673","2194","4828","7845","48603","857","8876","false","445207","118","194","545","22794","24667","14062"
"22","0.1","1","false","false","false","true","false","false","false","1","1","1","0.25","1","0","0","0","100","0","75","0.3","10","2.5","2","60","1.6","0.4","20.5","6.7","16","8.21","365","14","1","0","0","299","299","146","25200","2128","4766","7857","49182","867","8796","false","445763","119","196","552","23007","24854","14179"
"22","0.1","1","false","false","false","true","false","false","false","1","1","1","0.25","1","0","0","0","100","0","75","0.3","10","2.5","2","60","1.6","0.4","20.5","6.7","16","8.21","365","14","1","0","0","299","299","147","24706","2119","4714","7844","49735","882","8638","false","446413","119","197","566","23193","25047","14292"
"22","0.1","1","false","false","false","true","false","false","false","1","1","1","0.25","1","0","0","0","100","0","75","0.3","10","2.5","2","60","1.6","0.4","20.5","6.7","16","8.21","365","14","1","0","0","299","299","148","24261","2052","4708","7789","50299","891","8604","false","447644","120","201","570","23394","25255","14417"
"22","0.1","1","false","false","false","true","false","false","false","1","1","1","0.25","1","0","0","0","100","0","75","0.3","10","2.5","2","60","1.6","0.4","20.5","6.7","16","8.21","365","14","1","0","0","299","299","149","23779","2047","4640","7745","50886","903","8510","false","448113","123","204","576","23590","25453","14513"
"22","0.1","1","false","false","false","true","false","false","false","1","1","1","0.25","1","0","0","0","100","0","75","0.3","10","2.5","2","60","1.6","0.4","20.5","6.7","16","8.21","365","14","1","0","0","299","299","150","23302","2032","4640","7640","51470","916","8384","false","448712","125","204","587","23779","25651","14648"
"22","0.1","1","false","false","false","true","false","false","false","1","1","1","0.25","1","0","0","0","100","0","75","0.3","10","2.5","2","60","1.6","0.4","20.5","6.7","16","8.21","365","14","1","0","0","299","299","151","22866","1969","4622","7590","52030","923","8285","false","449761","126","206","591","23948","25870","14749"
"22","0.1","1","false","false","false","true","false","false","false","1","1","1","0.25","1","0","0","0","100","0","75","0.3","10","2.5","2","60","1.6","0.4","20.5","6.7","16","8.21","365","14","1","0","0","299","299","152","22401","1976","4617","7521","52552","933","8292","false","450370","126","208","599","24134","26043","14876"
"22","0.1","1","false","false","false","true","false","false","false","1","1","1","0.25","1","0","0","0","100","0","75","0.3","10","2.5","2","60","1.6","0.4","20.5","6.7","16","8.21","365","14","1","0","0","299","299","153","21993","1896","4589","7485","53096","941","8262","false","450285","126","210","605","24325","26226","14989"
"22","0.1","1","false","false","false","true","false","false","false","1","1","1","0.25","1","0","0","0","100","0","75","0.3","10","2.5","2","60","1.6","0.4","20.5","6.7","16","8.21","365","14","1","0","0","299","299","154","21538","1911","4577","7389","53638","947","8217","false","450739","128","211","608","24510","26404","15092"
"22","0.1","1","false","false","false","true","false","false","false","1","1","1","0.25","1","0","0","0","100","0","75","0.3","10","2.5","2","60","1.6","0.4","20.5","6.7","16","8.21","365","14","1","0","0","299","299","155","21166","1818","4546","7348","54170","952","7971","false","451134","129","212","611","24704","26561","15196"
"22","0.1","1","false","false","false","true","false","false","false","1","1","1","0.25","1","0","0","0","100","0","75","0.3","10","2.5","2","60","1.6","0.4","20.5","6.7","16","8.21","365","14","1","0","0","299","299","156","20774","1779","4538","7260","54691","958","7792","false","453115","131","212","615","24884","26725","15290"
"22","0.1","1","false","false","false","true","false","false","false","1","1","1","0.25","1","0","0","0","100","0","75","0.3","10","2.5","2","60","1.6","0.4","20.5","6.7","16","8.21","365","14","1","0","0","299","299","157","20362","1775","4529","7138","55228","968","7691","false","454589","131","214","623","25041","26901","15388"
"22","0.1","1","false","false","false","true","false","false","false","1","1","1","0.25","1","0","0","0","100","0","75","0.3","10","2.5","2","60","1.6","0.4","20.5","6.7","16","8.21","365","14","1","0","0","299","299","158","19924","1750","4479","7106","55764","977","7589","false","455470","134","216","627","25207","27088","15499"
"22","0.1","1","false","false","false","true","false","false","false","1","1","1","0.25","1","0","0","0","100","0","75","0.3","10","2.5","2","60","1.6","0.4","20.5","6.7","16","8.21","365","14","1","0","0","299","299","159","19534","1741","4454","6986","56302","983","7483","false","456229","135","219","629","25374","27250","15585"
"22","0.1","1","false","false","false","true","false","false","false","1","1","1","0.25","1","0","0","0","100","0","75","0.3","10","2.5","2","60","1.6","0.4","20.5","6.7","16","8.21","365","14","1","0","0","299","299","160","19113","1766","4398","6905","56825","993","7441","false","457129","136","222","635","25526","27418","15668"
"22","0.1","1","false","false","false","true","false","false","false","1","1","1","0.25","1","0","0","0","100","0","75","0.3","10","2.5","2","60","1.6","0.4","20.5","6.7","16","8.21","365","14","1","0","0","299","299","161","18694","1783","4333","6795","57393","1002","7456","false","457575","139","227","636","25683","27573","15774"
"22","0.1","1","false","false","false","true","false","false","false","1","1","1","0.25","1","0","0","0","100","0","75","0.3","10","2.5","2","60","1.6","0.4","20.5","6.7","16","8.21","365","14","1","0","0","299","299","162","18369","1698","4293","6755","57874","1011","7325","false","457592","140","229","642","25832","27742","15869"
"22","0.1","1","false","false","false","true","false","false","false","1","1","1","0.25","1","0","0","0","100","0","75","0.3","10","2.5","2","60","1.6","0.4","20.5","6.7","16","8.21","365","14","1","0","0","299","299","163","18027","1630","4211","6692","58415","1025","7172","false","458558","141","231","653","25975","27894","15977"
"22","0.1","1","false","false","false","true","false","false","false","1","1","1","0.25","1","0","0","0","100","0","75","0.3","10","2.5","2","60","1.6","0.4","20.5","6.7","16","8.21","365","14","1","0","0","299","299","164","17629","1640","4190","6579","58921","1041","7081","false","459803","144","237","660","26105","28062","16078"
"22","0.1","1","false","false","false","true","false","false","false","1","1","1","0.25","1","0","0","0","100","0","75","0.3","10","2.5","2","60","1.6","0.4","20.5","6.7","16","8.21","365","14","1","0","0","299","299","165","17281","1573","4144","6479","59475","1048","6901","false","460464","147","238","663","26254","28221","16200"
"22","0.1","1","false","false","false","true","false","false","false","1","1","1","0.25","1","0","0","0","100","0","75","0.3","10","2.5","2","60","1.6","0.4","20.5","6.7","16","8.21","365","14","1","0","0","299","299","166","16898","1561","4109","6402","59972","1058","6767","false","461782","147","241","670","26422","28363","16286"
"22","0.1","1","false","false","false","true","false","false","false","1","1","1","0.25","1","0","0","0","100","0","75","0.3","10","2.5","2","60","1.6","0.4","20.5","6.7","16","8.21","365","14","1","0","0","299","299","167","16535","1553","4061","6316","60470","1065","6634","false","462815","147","243","675","26559","28525","16362"
"22","0.1","1","false","false","false","true","false","false","false","1","1","1","0.25","1","0","0","0","100","0","75","0.3","10","2.5","2","60","1.6","0.4","20.5","6.7","16","8.21","365","14","1","0","0","299","299","168","16151","1576","4040","6203","60959","1071","6554","false","463817","147","244","680","26708","28666","16448"
"22","0.1","1","false","false","false","true","false","false","false","1","1","1","0.25","1","0","0","0","100","0","75","0.3","10","2.5","2","60","1.6","0.4","20.5","6.7","16","8.21","365","14","1","0","0","299","299","169","15794","1570","4007","6129","61418","1082","6572","false","464383","150","245","687","26865","28811","16535"
"22","0.1","1","false","false","false","true","false","false","false","1","1","1","0.25","1","0","0","0","100","0","75","0.3","10","2.5","2","60","1.6","0.4","20.5","6.7","16","8.21","365","14","1","0","0","299","299","170","15431","1552","3940","6057","61931","1089","6479","false","464197","151","247","691","26999","28956","16618"
"22","0.1","1","false","false","false","true","false","false","false","1","1","1","0.25","1","0","0","0","100","0","75","0.3","10","2.5","2","60","1.6","0.4","20.5","6.7","16","8.21","365","14","1","0","0","299","299","171","15079","1550","3902","5963","62408","1098","6377","false","464825","152","250","696","27149","29099","16698"
"22","0.1","1","false","false","false","true","false","false","false","1","1","1","0.25","1","0","0","0","100","0","75","0.3","10","2.5","2","60","1.6","0.4","20.5","6.7","16","8.21","365","14","1","0","0","299","299","172","14735","1529","3820","5916","62891","1109","6327","false","465739","154","251","704","27272","29233","16789"
"22","0.1","1","false","false","false","true","false","false","false","1","1","1","0.25","1","0","0","0","100","0","75","0.3","10","2.5","2","60","1.6","0.4","20.5","6.7","16","8.21","365","14","1","0","0","299","299","173","14421","1475","3775","5880","63329","1120","6264","false","466173","156","255","709","27406","29401","16862"
"22","0.1","1","false","false","false","true","false","false","false","1","1","1","0.25","1","0","0","0","100","0","75","0.3","10","2.5","2","60","1.6","0.4","20.5","6.7","16","8.21","365","14","1","0","0","299","299","174","14111","1455","3752","5747","63805","1130","6140","false","466816","158","258","714","27540","29538","16930"
"22","0.1","1","false","false","false","true","false","false","false","1","1","1","0.25","1","0","0","0","100","0","75","0.3","10","2.5","2","60","1.6","0.4","20.5","6.7","16","8.21","365","14","1","0","0","299","299","175","13769","1454","3686","5680","64275","1136","6071","false","467922","158","260","718","27661","29681","17012"
"22","0.1","1","false","false","false","true","false","false","false","1","1","1","0.25","1","0","0","0","100","0","75","0.3","10","2.5","2","60","1.6","0.4","20.5","6.7","16","8.21","365","14","1","0","0","299","299","176","13420","1458","3657","5593","64730","1142","6051","false","468674","159","262","721","27781","29838","17090"
"22","0.1","1","false","false","false","true","false","false","false","1","1","1","0.25","1","0","0","0","100","0","75","0.3","10","2.5","2","60","1.6","0.4","20.5","6.7","16","8.21","365","14","1","0","0","299","299","177","13113","1425","3609","5507","65194","1152","5996","false","468889","160","264","728","27911","29975","17166"
"22","0.1","1","false","false","false","true","false","false","false","1","1","1","0.25","1","0","0","0","100","0","75","0.3","10","2.5","2","60","1.6","0.4","20.5","6.7","16","8.21","365","14","1","0","0","299","299","178","12793","1388","3544","5474","65640","1161","5924","false","469310","161","265","735","28045","30108","17240"
"22","0.1","1","false","false","false","true","false","false","false","1","1","1","0.25","1","0","0","0","100","0","75","0.3","10","2.5","2","60","1.6","0.4","20.5","6.7","16","8.21","365","14","1","0","0","299","299","179","12494","1360","3501","5448","66027","1170","5843","false","469887","161","267","742","28172","30234","17315"
"22","0.1","1","false","false","false","true","false","false","false","1","1","1","0.25","1","0","0","0","100","0","75","0.3","10","2.5","2","60","1.6","0.4","20.5","6.7","16","8.21","365","14","1","0","0","299","299","180","12152","1374","3456","5360","66483","1175","5825","false","470670","162","267","746","28309","30360","17409"
"22","0.1","1","false","false","false","true","false","false","false","1","1","1","0.25","1","0","0","0","100","0","75","0.3","10","2.5","2","60","1.6","0.4","20.5","6.7","16","8.21","365","14","1","0","0","299","299","181","11865","1348","3406","5292","66907","1182","5708","false","470837","162","269","751","28429","30483","17478"
"22","0.1","1","false","false","false","true","false","false","false","1","1","1","0.25","1","0","0","0","100","0","75","0.3","10","2.5","2","60","1.6","0.4","20.5","6.7","16","8.21","365","14","1","0","0","299","299","182","11568","1328","3346","5213","67358","1187","5581","false","471699","163","270","754","28542","30606","17556"
"22","0.1","1","false","false","false","true","false","false","false","1","1","1","0.25","1","0","0","0","100","0","75","0.3","10","2.5","2","60","1.6","0.4","20.5","6.7","16","8.21","365","14","1","0","0","299","299","183","11319","1246","3292","5186","67763","1194","5462","false","472659","164","272","758","28649","30743","17636"
"22","0.1","1","false","false","false","true","false","false","false","1","1","1","0.25","1","0","0","0","100","0","75","0.3","10","2.5","2","60","1.6","0.4","20.5","6.7","16","8.21","365","14","1","0","0","299","299","184","11039","1239","3261","5082","68171","1208","5352","false","473731","166","275","767","28753","30876","17707"
"22","0.1","1","false","false","false","true","false","false","false","1","1","1","0.25","1","0","0","0","100","0","75","0.3","10","2.5","2","60","1.6","0.4","20.5","6.7","16","8.21","365","14","1","0","0","299","299","185","10757","1239","3225","4999","68563","1217","5318","false","474645","167","276","774","28865","31017","17768"
"22","0.1","1","false","false","false","true","false","false","false","1","1","1","0.25","1","0","0","0","100","0","75","0.3","10","2.5","2","60","1.6","0.4","20.5","6.7","16","8.21","365","14","1","0","0","299","299","186","10487","1197","3195","4951","68947","1223","5283","false","475001","167","278","778","28990","31158","17833"
"22","0.1","1","false","false","false","true","false","false","false","1","1","1","0.25","1","0","0","0","100","0","75","0.3","10","2.5","2","60","1.6","0.4","20.5","6.7","16","8.21","365","14","1","0","0","299","299","187","10220","1178","3131","4896","69347","1228","5219","false","475312","170","278","780","29092","31270","17897"
"22","0.1","1","false","false","false","true","false","false","false","1","1","1","0.25","1","0","0","0","100","0","75","0.3","10","2.5","2","60","1.6","0.4","20.5","6.7","16","8.21","365","14","1","0","0","299","299","188","9952","1183","3090","4795","69745","1235","5105","false","475925","171","281","783","29194","31372","17971"
"22","0.1","1","false","false","false","true","false","false","false","1","1","1","0.25","1","0","0","0","100","0","75","0.3","10","2.5","2","60","1.6","0.4","20.5","6.7","16","8.21","365","14","1","0","0","299","299","189","9652","1188","3019","4736","70166","1239","5083","false","476804","172","283","784","29292","31500","18034"
"22","0.1","1","false","false","false","true","false","false","false","1","1","1","0.25","1","0","0","0","100","0","75","0.3","10","2.5","2","60","1.6","0.4","20.5","6.7","16","8.21","365","14","1","0","0","299","299","190","9406","1146","2973","4677","70553","1245","4945","false","477029","174","284","787","29390","31615","18095"
"22","0.1","1","false","false","false","true","false","false","false","1","1","1","0.25","1","0","0","0","100","0","75","0.3","10","2.5","2","60","1.6","0.4","20.5","6.7","16","8.21","365","14","1","0","0","299","299","191","9153","1132","2922","4589","70952","1252","4818","false","478235","175","286","791","29495","31722","18159"
"22","0.1","1","false","false","false","true","false","false","false","1","1","1","0.25","1","0","0","0","100","0","75","0.3","10","2.5","2","60","1.6","0.4","20.5","6.7","16","8.21","365","14","1","0","0","299","299","192","8897","1141","2896","4515","71296","1255","4721","false","479245","177","286","792","29599","31826","18232"
"22","0.1","1","false","false","false","true","false","false","false","1","1","1","0.25","1","0","0","0","100","0","75","0.3","10","2.5","2","60","1.6","0.4","20.5","6.7","16","8.21","365","14","1","0","0","299","299","193","8630","1164","2871","4426","71647","1262","4666","false","480028","178","287","797","29688","31931","18299"
"22","0.1","1","false","false","false","true","false","false","false","1","1","1","0.25","1","0","0","0","100","0","75","0.3","10","2.5","2","60","1.6","0.4","20.5","6.7","16","8.21","365","14","1","0","0","299","299","194","8389","1122","2818","4413","71992","1266","4555","false","480542","180","288","798","29791","32042","18354"
"22","0.1","1","false","false","false","true","false","false","false","1","1","1","0.25","1","0","0","0","100","0","75","0.3","10","2.5","2","60","1.6","0.4","20.5","6.7","16","8.21","365","14","1","0","0","299","299","195","8134","1110","2784","4374","72326","1272","4423","false","481441","181","290","801","29880","32146","18417"
"22","0.1","1","false","false","false","true","false","false","false","1","1","1","0.25","1","0","0","0","100","0","75","0.3","10","2.5","2","60","1.6","0.4","20.5","6.7","16","8.21","365","14","1","0","0","299","299","196","7893","1072","2739","4345","72677","1274","4393","false","482442","181","291","802","30006","32239","18476"
"22","0.1","1","false","false","false","true","false","false","false","1","1","1","0.25","1","0","0","0","100","0","75","0.3","10","2.5","2","60","1.6","0.4","20.5","6.7","16","8.21","365","14","1","0","0","299","299","197","7642","1068","2697","4263","73051","1279","4301","false","482754","182","291","806","30095","32339","18523"
"22","0.1","1","false","false","false","true","false","false","false","1","1","1","0.25","1","0","0","0","100","0","75","0.3","10","2.5","2","60","1.6","0.4","20.5","6.7","16","8.21","365","14","1","0","0","299","299","198","7419","1050","2666","4209","73367","1289","4232","false","483475","183","292","814","30187","32439","18580"
"22","0.1","1","false","false","false","true","false","false","false","1","1","1","0.25","1","0","0","0","100","0","75","0.3","10","2.5","2","60","1.6","0.4","20.5","6.7","16","8.21","365","14","1","0","0","299","299","199","7202","1008","2628","4150","73718","1294","4123","false","483968","183","293","818","30288","32568","18629"
"22","0.1","1","false","false","false","true","false","false","false","1","1","1","0.25","1","0","0","0","100","0","75","0.3","10","2.5","2","60","1.6","0.4","20.5","6.7","16","8.21","365","14","1","0","0","299","299","200","6980","995","2588","4062","74077","1298","4029","false","484871","183","293","822","30380","32653","18695"
"22","0.1","1","false","false","false","true","false","false","false","1","1","1","0.25","1","0","0","0","100","0","75","0.3","10","2.5","2","60","1.6","0.4","20.5","6.7","16","8.21","365","14","1","0","0","299","299","201","6759","979","2546","4008","74404","1304","3991","false","485726","183","295","826","30463","32764","18742"
"22","0.1","1","false","false","false","true","false","false","false","1","1","1","0.25","1","0","0","0","100","0","75","0.3","10","2.5","2","60","1.6","0.4","20.5","6.7","16","8.21","365","14","1","0","0","299","299","202","6565","936","2495","3972","74722","1310","3872","false","485986","185","295","830","30542","32857","18799"
"22","0.1","1","false","false","false","true","false","false","false","1","1","1","0.25","1","0","0","0","100","0","75","0.3","10","2.5","2","60","1.6","0.4","20.5","6.7","16","8.21","365","14","1","0","0","299","299","203","6369","912","2459","3893","75053","1314","3831","false","486962","185","297","832","30642","32947","18847"
"22","0.1","1","false","false","false","true","false","false","false","1","1","1","0.25","1","0","0","0","100","0","75","0.3","10","2.5","2","60","1.6","0.4","20.5","6.7","16","8.21","365","14","1","0","0","299","299","204","6153","904","2434","3826","75365","1318","3767","false","487458","185","298","835","30738","33038","18895"
"22","0.1","1","false","false","false","true","false","false","false","1","1","1","0.25","1","0","0","0","100","0","75","0.3","10","2.5","2","60","1.6","0.4","20.5","6.7","16","8.21","365","14","1","0","0","299","299","205","5961","869","2405","3783","75662","1320","3700","false","487983","185","298","837","30813","33128","18941"
"22","0.1","1","false","false","false","true","false","false","false","1","1","1","0.25","1","0","0","0","100","0","75","0.3","10","2.5","2","60","1.6","0.4","20.5","6.7","16","8.21","365","14","1","0","0","299","299","206","5788","849","2368","3722","75948","1325","3618","false","488715","186","298","841","30892","33209","18993"
"22","0.1","1","false","false","false","true","false","false","false","1","1","1","0.25","1","0","0","0","100","0","75","0.3","10","2.5","2","60","1.6","0.4","20.5","6.7","16","8.21","365","14","1","0","0","299","299","207","5604","851","2363","3603","76247","1332","3583","false","489396","186","299","847","30976","33292","19046"
"22","0.1","1","false","false","false","true","false","false","false","1","1","1","0.25","1","0","0","0","100","0","75","0.3","10","2.5","2","60","1.6","0.4","20.5","6.7","16","8.21","365","14","1","0","0","299","299","208","5426","801","2336","3574","76524","1339","3560","false","489697","187","300","852","31066","33374","19087"
"22","0.1","1","false","false","false","true","false","false","false","1","1","1","0.25","1","0","0","0","100","0","75","0.3","10","2.5","2","60","1.6","0.4","20.5","6.7","16","8.21","365","14","1","0","0","299","299","209","5262","792","2299","3513","76792","1342","3433","false","489929","187","300","855","31138","33432","19123"
"22","0.1","1","false","false","false","true","false","false","false","1","1","1","0.25","1","0","0","0","100","0","75","0.3","10","2.5","2","60","1.6","0.4","20.5","6.7","16","8.21","365","14","1","0","0","299","299","210","5111","768","2270","3455","77049","1347","3323","false","491007","187","303","857","31208","33509","19158"
"22","0.1","1","false","false","false","true","false","false","false","1","1","1","0.25","1","0","0","0","100","0","75","0.3","10","2.5","2","60","1.6","0.4","20.5","6.7","16","8.21","365","14","1","0","0","299","299","211","4983","716","2256","3352","77339","1354","3235","false","491991","187","305","862","31279","33594","19203"
"22","0.1","1","false","false","false","true","false","false","false","1","1","1","0.25","1","0","0","0","100","0","75","0.3","10","2.5","2","60","1.6","0.4","20.5","6.7","16","8.21","365","14","1","0","0","299","299","212","4849","669","2199","3303","77622","1358","3066","false","492718","187","305","866","31344","33652","19247"
"22","0.1","1","false","false","false","true","false","false","false","1","1","1","0.25","1","0","0","0","100","0","75","0.3","10","2.5","2","60","1.6","0.4","20.5","6.7","16","8.21","365","14","1","0","0","299","299","213","4682","660","2152","3223","77920","1363","2966","false","494011","187","305","871","31419","33734","19283"
"22","0.1","1","false","false","false","true","false","false","false","1","1","1","0.25","1","0","0","0","100","0","75","0.3","10","2.5","2","60","1.6","0.4","20.5","6.7","16","8.21","365","14","1","0","0","299","299","214","4527","649","2106","3138","78212","1368","2949","false","494789","187","307","874","31478","33808","19335"
"22","0.1","1","false","false","false","true","false","false","false","1","1","1","0.25","1","0","0","0","100","0","75","0.3","10","2.5","2","60","1.6","0.4","20.5","6.7","16","8.21","365","14","1","0","0","299","299","215","4366","650","2073","3046","78496","1369","2857","false","494984","188","307","874","31537","33878","19364"
"22","0.1","1","false","false","false","true","false","false","false","1","1","1","0.25","1","0","0","0","100","0","75","0.3","10","2.5","2","60","1.6","0.4","20.5","6.7","16","8.21","365","14","1","0","0","299","299","216","4225","637","2035","2972","78760","1371","2747","false","495738","188","307","876","31597","33944","19400"
"22","0.1","1","false","false","false","true","false","false","false","1","1","1","0.25","1","0","0","0","100","0","75","0.3","10","2.5","2","60","1.6","0.4","20.5","6.7","16","8.21","365","14","1","0","0","299","299","217","4107","625","1994","2888","79013","1373","2679","false","496681","188","307","878","31657","34000","19432"
"22","0.1","1","false","false","false","true","false","false","false","1","1","1","0.25","1","0","0","0","100","0","75","0.3","10","2.5","2","60","1.6","0.4","20.5","6.7","16","8.21","365","14","1","0","0","299","299","218","3995","595","1946","2811","79277","1376","2575","false","497306","189","307","880","31707","34061","19460"
"22","0.1","1","false","false","false","true","false","false","false","1","1","1","0.25","1","0","0","0","100","0","75","0.3","10","2.5","2","60","1.6","0.4","20.5","6.7","16","8.21","365","14","1","0","0","299","299","219","3876","566","1907","2731","79537","1383","2505","false","498271","191","310","882","31758","34131","19488"
"22","0.1","1","false","false","false","true","false","false","false","1","1","1","0.25","1","0","0","0","100","0","75","0.3","10","2.5","2","60","1.6","0.4","20.5","6.7","16","8.21","365","14","1","0","0","299","299","220","3757","542","1879","2669","79765","1388","2401","false","498832","192","312","884","31807","34184","19528"
"22","0.1","1","false","false","false","true","false","false","false","1","1","1","0.25","1","0","0","0","100","0","75","0.3","10","2.5","2","60","1.6","0.4","20.5","6.7","16","8.21","365","14","1","0","0","299","299","221","3625","546","1842","2604","79990","1393","2338","false","499787","192","313","888","31858","34232","19564"
"22","0.1","1","false","false","false","true","false","false","false","1","1","1","0.25","1","0","0","0","100","0","75","0.3","10","2.5","2","60","1.6","0.4","20.5","6.7","16","8.21","365","14","1","0","0","299","299","222","3505","535","1804","2498","80260","1398","2294","false","500398","192","315","891","31910","34294","19603"
"22","0.1","1","false","false","false","true","false","false","false","1","1","1","0.25","1","0","0","0","100","0","75","0.3","10","2.5","2","60","1.6","0.4","20.5","6.7","16","8.21","365","14","1","0","0","299","299","223","3388","523","1754","2443","80490","1402","2255","false","500815","192","316","894","31960","34348","19631"
"22","0.1","1","false","false","false","true","false","false","false","1","1","1","0.25","1","0","0","0","100","0","75","0.3","10","2.5","2","60","1.6","0.4","20.5","6.7","16","8.21","365","14","1","0","0","299","299","224","3294","509","1716","2367","80708","1406","2145","false","501091","193","316","897","32005","34405","19654"
"22","0.1","1","false","false","false","true","false","false","false","1","1","1","0.25","1","0","0","0","100","0","75","0.3","10","2.5","2","60","1.6","0.4","20.5","6.7","16","8.21","365","14","1","0","0","299","299","225","3191","490","1674","2299","80935","1411","2098","false","501924","193","318","900","32059","34457","19675"
"22","0.1","1","false","false","false","true","false","false","false","1","1","1","0.25","1","0","0","0","100","0","75","0.3","10","2.5","2","60","1.6","0.4","20.5","6.7","16","8.21","365","14","1","0","0","299","299","226","3097","468","1629","2237","81156","1413","2034","false","502334","193","318","902","32107","34490","19708"
"22","0.1","1","false","false","false","true","false","false","false","1","1","1","0.25","1","0","0","0","100","0","75","0.3","10","2.5","2","60","1.6","0.4","20.5","6.7","16","8.21","365","14","1","0","0","299","299","227","3001","457","1586","2175","81363","1418","1958","false","502917","193","318","907","32143","34530","19738"
"22","0.1","1","false","false","false","true","false","false","false","1","1","1","0.25","1","0","0","0","100","0","75","0.3","10","2.5","2","60","1.6","0.4","20.5","6.7","16","8.21","365","14","1","0","0","299","299","228","2907","447","1540","2122","81564","1420","1866","false","503441","193","318","909","32176","34580","19761"
"22","0.1","1","false","false","false","true","false","false","false","1","1","1","0.25","1","0","0","0","100","0","75","0.3","10","2.5","2","60","1.6","0.4","20.5","6.7","16","8.21","365","14","1","0","0","299","299","229","2812","419","1512","2068","81761","1428","1804","false","504228","193","323","912","32227","34635","19780"
"22","0.1","1","false","false","false","true","false","false","false","1","1","1","0.25","1","0","0","0","100","0","75","0.3","10","2.5","2","60","1.6","0.4","20.5","6.7","16","8.21","365","14","1","0","0","299","299","230","2724","403","1455","2029","81958","1431","1736","false","504737","193","324","914","32270","34680","19796"
"22","0.1","1","false","false","false","true","false","false","false","1","1","1","0.25","1","0","0","0","100","0","75","0.3","10","2.5","2","60","1.6","0.4","20.5","6.7","16","8.21","365","14","1","0","0","299","299","231","2619","412","1404","1977","82152","1436","1662","false","505287","194","324","918","32300","34724","19814"
"22","0.1","1","false","false","false","true","false","false","false","1","1","1","0.25","1","0","0","0","100","0","75","0.3","10","2.5","2","60","1.6","0.4","20.5","6.7","16","8.21","365","14","1","0","0","299","299","232","2520","422","1356","1913","82348","1441","1669","false","505893","195","326","920","32334","34764","19837"
"22","0.1","1","false","false","false","true","false","false","false","1","1","1","0.25","1","0","0","0","100","0","75","0.3","10","2.5","2","60","1.6","0.4","20.5","6.7","16","8.21","365","14","1","0","0","299","299","233","2442","388","1315","1868","82544","1443","1581","false","505866","195","326","922","32370","34807","19867"
"22","0.1","1","false","false","false","true","false","false","false","1","1","1","0.25","1","0","0","0","100","0","75","0.3","10","2.5","2","60","1.6","0.4","20.5","6.7","16","8.21","365","14","1","0","0","299","299","234","2352","384","1289","1818","82711","1446","1542","false","506614","195","327","924","32413","34851","19884"
"22","0.1","1","false","false","false","true","false","false","false","1","1","1","0.25","1","0","0","0","100","0","75","0.3","10","2.5","2","60","1.6","0.4","20.5","6.7","16","8.21","365","14","1","0","0","299","299","235","2274","364","1245","1777","82890","1450","1480","false","506963","195","329","926","32454","34886","19912"
"22","0.1","1","false","false","false","true","false","false","false","1","1","1","0.25","1","0","0","0","100","0","75","0.3","10","2.5","2","60","1.6","0.4","20.5","6.7","16","8.21","365","14","1","0","0","299","299","236","2197","359","1198","1711","83082","1453","1443","false","507492","195","329","929","32485","34929","19931"
"22","0.1","1","false","false","false","true","false","false","false","1","1","1","0.25","1","0","0","0","100","0","75","0.3","10","2.5","2","60","1.6","0.4","20.5","6.7","16","8.21","365","14","1","0","0","299","299","237","2136","340","1163","1670","83234","1457","1417","false","507809","196","329","932","32508","34962","19954"
"22","0.1","1","false","false","false","true","false","false","false","1","1","1","0.25","1","0","0","0","100","0","75","0.3","10","2.5","2","60","1.6","0.4","20.5","6.7","16","8.21","365","14","1","0","0","299","299","238","2054","340","1123","1636","83388","1459","1380","false","508124","196","329","934","32531","34995","19980"
"22","0.1","1","false","false","false","true","false","false","false","1","1","1","0.25","1","0","0","0","100","0","75","0.3","10","2.5","2","60","1.6","0.4","20.5","6.7","16","8.21","365","14","1","0","0","299","299","239","1987","326","1090","1592","83541","1464","1342","false","508485","197","330","937","32565","35029","19994"
"22","0.1","1","false","false","false","true","false","false","false","1","1","1","0.25","1","0","0","0","100","0","75","0.3","10","2.5","2","60","1.6","0.4","20.5","6.7","16","8.21","365","14","1","0","0","299","299","240","1913","321","1056","1542","83701","1467","1334","false","508796","198","331","938","32600","35061","20011"
"22","0.1","1","false","false","false","true","false","false","false","1","1","1","0.25","1","0","0","0","100","0","75","0.3","10","2.5","2","60","1.6","0.4","20.5","6.7","16","8.21","365","14","1","0","0","299","299","241","1856","292","1011","1520","83853","1468","1291","false","508861","198","332","938","32630","35098","20027"
"22","0.1","1","false","false","false","true","false","false","false","1","1","1","0.25","1","0","0","0","100","0","75","0.3","10","2.5","2","60","1.6","0.4","20.5","6.7","16","8.21","365","14","1","0","0","299","299","242","1794","283","995","1468","83990","1470","1279","false","509242","198","333","939","32662","35123","20044"
"22","0.1","1","false","false","false","true","false","false","false","1","1","1","0.25","1","0","0","0","100","0","75","0.3","10","2.5","2","60","1.6","0.4","20.5","6.7","16","8.21","365","14","1","0","0","299","299","243","1721","293","984","1419","84109","1474","1249","false","509358","198","333","943","32687","35152","20056"
"22","0.1","1","false","false","false","true","false","false","false","1","1","1","0.25","1","0","0","0","100","0","75","0.3","10","2.5","2","60","1.6","0.4","20.5","6.7","16","8.21","365","14","1","0","0","299","299","244","1657","285","960","1378","84245","1475","1233","false","509677","198","333","944","32714","35180","20071"
"22","0.1","1","false","false","false","true","false","false","false","1","1","1","0.25","1","0","0","0","100","0","75","0.3","10","2.5","2","60","1.6","0.4","20.5","6.7","16","8.21","365","14","1","0","0","299","299","245","1584","294","924","1343","84379","1476","1172","false","509872","198","333","945","32740","35210","20081"
"22","0.1","1","false","false","false","true","false","false","false","1","1","1","0.25","1","0","0","0","100","0","75","0.3","10","2.5","2","60","1.6","0.4","20.5","6.7","16","8.21","365","14","1","0","0","299","299","246","1522","303","912","1286","84500","1477","1156","false","510408","199","333","945","32757","35237","20099"
"22","0.1","1","false","false","false","true","false","false","false","1","1","1","0.25","1","0","0","0","100","0","75","0.3","10","2.5","2","60","1.6","0.4","20.5","6.7","16","8.21","365","14","1","0","0","299","299","247","1478","275","880","1269","84621","1477","1103","false","510574","199","333","945","32778","35265","20115"
"22","0.1","1","false","false","false","true","false","false","false","1","1","1","0.25","1","0","0","0","100","0","75","0.3","10","2.5","2","60","1.6","0.4","20.5","6.7","16","8.21","365","14","1","0","0","299","299","248","1420","271","862","1218","84752","1477","1039","false","511032","199","333","945","32801","35287","20131"
"22","0.1","1","false","false","false","true","false","false","false","1","1","1","0.25","1","0","0","0","100","0","75","0.3","10","2.5","2","60","1.6","0.4","20.5","6.7","16","8.21","365","14","1","0","0","299","299","249","1366","272","833","1169","84882","1478","1000","false","511536","199","334","945","32819","35314","20144"
"22","0.1","1","false","false","false","true","false","false","false","1","1","1","0.25","1","0","0","0","100","0","75","0.3","10","2.5","2","60","1.6","0.4","20.5","6.7","16","8.21","365","14","1","0","0","299","299","250","1314","252","816","1131","85006","1481","968","false","511814","199","335","947","32849","35338","20160"
"22","0.1","1","false","false","false","true","false","false","false","1","1","1","0.25","1","0","0","0","100","0","75","0.3","10","2.5","2","60","1.6","0.4","20.5","6.7","16","8.21","365","14","1","0","0","299","299","251","1263","238","801","1104","85108","1486","944","false","512086","199","337","950","32866","35364","20180"
"22","0.1","1","false","false","false","true","false","false","false","1","1","1","0.25","1","0","0","0","100","0","75","0.3","10","2.5","2","60","1.6","0.4","20.5","6.7","16","8.21","365","14","1","0","0","299","299","252","1208","236","781","1079","85207","1489","896","false","512262","199","337","953","32884","35393","20191"
"22","0.1","1","false","false","false","true","false","false","false","1","1","1","0.25","1","0","0","0","100","0","75","0.3","10","2.5","2","60","1.6","0.4","20.5","6.7","16","8.21","365","14","1","0","0","299","299","253","1147","248","776","1036","85303","1490","861","false","512646","199","337","954","32901","35417","20206"
"22","0.1","1","false","false","false","true","false","false","false","1","1","1","0.25","1","0","0","0","100","0","75","0.3","10","2.5","2","60","1.6","0.4","20.5","6.7","16","8.21","365","14","1","0","0","299","299","254","1105","238","761","1000","85406","1490","857","false","512955","199","337","954","32930","35439","20226"
"22","0.1","1","false","false","false","true","false","false","false","1","1","1","0.25","1","0","0","0","100","0","75","0.3","10","2.5","2","60","1.6","0.4","20.5","6.7","16","8.21","365","14","1","0","0","299","299","255","1055","225","736","986","85506","1492","865","false","513064","199","337","956","32956","35457","20241"
"22","0.1","1","false","false","false","true","false","false","false","1","1","1","0.25","1","0","0","0","100","0","75","0.3","10","2.5","2","60","1.6","0.4","20.5","6.7","16","8.21","365","14","1","0","0","299","299","256","1014","202","710","966","85616","1492","839","false","513035","199","337","956","32977","35486","20254"
"22","0.1","1","false","false","false","true","false","false","false","1","1","1","0.25","1","0","0","0","100","0","75","0.3","10","2.5","2","60","1.6","0.4","20.5","6.7","16","8.21","365","14","1","0","0","299","299","257","963","197","699","951","85697","1493","837","false","513304","199","338","956","33001","35508","20266"
"22","0.1","1","false","false","false","true","false","false","false","1","1","1","0.25","1","0","0","0","100","0","75","0.3","10","2.5","2","60","1.6","0.4","20.5","6.7","16","8.21","365","14","1","0","0","299","299","258","922","182","673","937","85792","1494","830","false","513355","199","339","956","33013","35527","20278"
"22","0.1","1","false","false","false","true","false","false","false","1","1","1","0.25","1","0","0","0","100","0","75","0.3","10","2.5","2","60","1.6","0.4","20.5","6.7","16","8.21","365","14","1","0","0","299","299","259","885","186","654","884","85897","1494","818","false","513438","199","339","956","33029","35548","20288"
"22","0.1","1","false","false","false","true","false","false","false","1","1","1","0.25","1","0","0","0","100","0","75","0.3","10","2.5","2","60","1.6","0.4","20.5","6.7","16","8.21","365","14","1","0","0","299","299","260","845","184","645","853","85978","1495","799","false","513583","199","340","956","33047","35567","20298"
"22","0.1","1","false","false","false","true","false","false","false","1","1","1","0.25","1","0","0","0","100","0","75","0.3","10","2.5","2","60","1.6","0.4","20.5","6.7","16","8.21","365","14","1","0","0","299","299","261","802","186","639","829","86049","1495","788","false","513786","199","340","956","33073","35585","20305"
"22","0.1","1","false","false","false","true","false","false","false","1","1","1","0.25","1","0","0","0","100","0","75","0.3","10","2.5","2","60","1.6","0.4","20.5","6.7","16","8.21","365","14","1","0","0","299","299","262","770","175","631","811","86117","1496","760","false","513877","199","341","956","33085","35605","20316"
"22","0.1","1","false","false","false","true","false","false","false","1","1","1","0.25","1","0","0","0","100","0","75","0.3","10","2.5","2","60","1.6","0.4","20.5","6.7","16","8.21","365","14","1","0","0","299","299","263","736","168","607","803","86189","1497","716","false","514098","199","341","957","33099","35619","20326"
"22","0.1","1","false","false","false","true","false","false","false","1","1","1","0.25","1","0","0","0","100","0","75","0.3","10","2.5","2","60","1.6","0.4","20.5","6.7","16","8.21","365","14","1","0","0","299","299","264","708","149","594","791","86261","1497","686","false","514480","199","341","957","33120","35637","20335"
"22","0.1","1","false","false","false","true","false","false","false","1","1","1","0.25","1","0","0","0","100","0","75","0.3","10","2.5","2","60","1.6","0.4","20.5","6.7","16","8.21","365","14","1","0","0","299","299","265","685","132","580","783","86323","1497","667","false","514711","199","341","957","33134","35653","20346"
"22","0.1","1","false","false","false","true","false","false","false","1","1","1","0.25","1","0","0","0","100","0","75","0.3","10","2.5","2","60","1.6","0.4","20.5","6.7","16","8.21","365","14","1","0","0","299","299","266","657","121","568","771","86384","1499","642","false","514885","199","341","959","33150","35669","20353"
"22","0.1","1","false","false","false","true","false","false","false","1","1","1","0.25","1","0","0","0","100","0","75","0.3","10","2.5","2","60","1.6","0.4","20.5","6.7","16","8.21","365","14","1","0","0","299","299","267","630","110","553","744","86463","1500","603","false","515069","200","341","959","33169","35683","20363"
"22","0.1","1","false","false","false","true","false","false","false","1","1","1","0.25","1","0","0","0","100","0","75","0.3","10","2.5","2","60","1.6","0.4","20.5","6.7","16","8.21","365","14","1","0","0","299","299","268","606","108","544","720","86522","1500","565","false","515405","200","341","959","33183","35700","20372"
"22","0.1","1","false","false","false","true","false","false","false","1","1","1","0.25","1","0","0","0","100","0","75","0.3","10","2.5","2","60","1.6","0.4","20.5","6.7","16","8.21","365","14","1","0","0","299","299","269","584","108","518","689","86599","1502","527","false","515731","201","341","960","33188","35710","20381"
"22","0.1","1","false","false","false","true","false","false","false","1","1","1","0.25","1","0","0","0","100","0","75","0.3","10","2.5","2","60","1.6","0.4","20.5","6.7","16","8.21","365","14","1","0","0","299","299","270","552","113","490","650","86692","1503","531","false","516054","201","342","960","33196","35720","20394"
"22","0.1","1","false","false","false","true","false","false","false","1","1","1","0.25","1","0","0","0","100","0","75","0.3","10","2.5","2","60","1.6","0.4","20.5","6.7","16","8.21","365","14","1","0","0","299","299","271","531","107","464","633","86761","1504","501","false","516015","201","342","961","33206","35728","20402"
"22","0.1","1","false","false","false","true","false","false","false","1","1","1","0.25","1","0","0","0","100","0","75","0.3","10","2.5","2","60","1.6","0.4","20.5","6.7","16","8.21","365","14","1","0","0","299","299","272","500","111","453","624","86808","1504","470","false","516274","201","342","961","33215","35736","20411"
"22","0.1","1","false","false","false","true","false","false","false","1","1","1","0.25","1","0","0","0","100","0","75","0.3","10","2.5","2","60","1.6","0.4","20.5","6.7","16","8.21","365","14","1","0","0","299","299","273","475","107","438","611","86863","1506","453","false","516505","202","343","961","33221","35748","20418"
"22","0.1","1","false","false","false","true","false","false","false","1","1","1","0.25","1","0","0","0","100","0","75","0.3","10","2.5","2","60","1.6","0.4","20.5","6.7","16","8.21","365","14","1","0","0","299","299","274","455","101","425","586","86927","1506","423","false","516628","202","343","961","33231","35756","20426"
"22","0.1","1","false","false","false","true","false","false","false","1","1","1","0.25","1","0","0","0","100","0","75","0.3","10","2.5","2","60","1.6","0.4","20.5","6.7","16","8.21","365","14","1","0","0","299","299","275","439","92","408","570","86985","1506","404","false","516895","202","343","961","33238","35766","20430"
"22","0.1","1","false","false","false","true","false","false","false","1","1","1","0.25","1","0","0","0","100","0","75","0.3","10","2.5","2","60","1.6","0.4","20.5","6.7","16","8.21","365","14","1","0","0","299","299","276","421","78","390","554","87049","1508","397","false","517068","203","343","962","33243","35781","20436"
"22","0.1","1","false","false","false","true","false","false","false","1","1","1","0.25","1","0","0","0","100","0","75","0.3","10","2.5","2","60","1.6","0.4","20.5","6.7","16","8.21","365","14","1","0","0","299","299","277","398","87","387","526","87094","1508","394","false","517118","203","343","962","33249","35790","20441"
"22","0.1","1","false","false","false","true","false","false","false","1","1","1","0.25","1","0","0","0","100","0","75","0.3","10","2.5","2","60","1.6","0.4","20.5","6.7","16","8.21","365","14","1","0","0","299","299","278","376","85","371","505","87154","1509","382","false","517175","203","344","962","33256","35798","20451"
"22","0.1","1","false","false","false","true","false","false","false","1","1","1","0.25","1","0","0","0","100","0","75","0.3","10","2.5","2","60","1.6","0.4","20.5","6.7","16","8.21","365","14","1","0","0","299","299","279","351","92","364","479","87205","1509","365","false","517287","203","344","962","33263","35808","20454"
"22","0.1","1","false","false","false","true","false","false","false","1","1","1","0.25","1","0","0","0","100","0","75","0.3","10","2.5","2","60","1.6","0.4","20.5","6.7","16","8.21","365","14","1","0","0","299","299","280","331","91","340","459","87270","1509","350","false","517483","203","344","962","33269","35823","20457"
"22","0.1","1","false","false","false","true","false","false","false","1","1","1","0.25","1","0","0","0","100","0","75","0.3","10","2.5","2","60","1.6","0.4","20.5","6.7","16","8.21","365","14","1","0","0","299","299","281","317","81","327","442","87323","1510","328","false","517639","203","344","963","33275","35839","20463"
"22","0.1","1","false","false","false","true","false","false","false","1","1","1","0.25","1","0","0","0","100","0","75","0.3","10","2.5","2","60","1.6","0.4","20.5","6.7","16","8.21","365","14","1","0","0","299","299","282","300","76","316","423","87374","1511","321","false","517816","203","344","964","33281","35854","20468"
"22","0.1","1","false","false","false","true","false","false","false","1","1","1","0.25","1","0","0","0","100","0","75","0.3","10","2.5","2","60","1.6","0.4","20.5","6.7","16","8.21","365","14","1","0","0","299","299","283","284","76","303","406","87420","1511","305","false","517856","203","344","964","33289","35858","20473"
"22","0.1","1","false","false","false","true","false","false","false","1","1","1","0.25","1","0","0","0","100","0","75","0.3","10","2.5","2","60","1.6","0.4","20.5","6.7","16","8.21","365","14","1","0","0","299","299","284","270","68","294","397","87459","1512","296","false","518038","203","345","964","33296","35867","20475"
"22","0.1","1","false","false","false","true","false","false","false","1","1","1","0.25","1","0","0","0","100","0","75","0.3","10","2.5","2","60","1.6","0.4","20.5","6.7","16","8.21","365","14","1","0","0","299","299","285","261","58","280","373","87516","1512","282","false","518149","203","345","964","33306","35875","20478"
"22","0.1","1","false","false","false","true","false","false","false","1","1","1","0.25","1","0","0","0","100","0","75","0.3","10","2.5","2","60","1.6","0.4","20.5","6.7","16","8.21","365","14","1","0","0","299","299","286","247","55","271","354","87560","1513","275","false","518274","203","346","964","33314","35878","20482"
"22","0.1","1","false","false","false","true","false","false","false","1","1","1","0.25","1","0","0","0","100","0","75","0.3","10","2.5","2","60","1.6","0.4","20.5","6.7","16","8.21","365","14","1","0","0","299","299","287","232","60","260","330","87604","1514","284","false","518326","204","346","964","33316","35890","20484"
"22","0.1","1","false","false","false","true","false","false","false","1","1","1","0.25","1","0","0","0","100","0","75","0.3","10","2.5","2","60","1.6","0.4","20.5","6.7","16","8.21","365","14","1","0","0","299","299","288","221","60","257","309","87639","1514","273","false","518253","204","346","964","33319","35898","20490"
"22","0.1","1","false","false","false","true","false","false","false","1","1","1","0.25","1","0","0","0","100","0","75","0.3","10","2.5","2","60","1.6","0.4","20.5","6.7","16","8.21","365","14","1","0","0","299","299","289","215","54","246","300","87670","1515","262","false","518347","204","346","965","33323","35902","20494"
"22","0.1","1","false","false","false","true","false","false","false","1","1","1","0.25","1","0","0","0","100","0","75","0.3","10","2.5","2","60","1.6","0.4","20.5","6.7","16","8.21","365","14","1","0","0","299","299","290","210","44","237","290","87704","1515","239","false","518421","204","346","965","33325","35911","20499"
"22","0.1","1","false","false","false","true","false","false","false","1","1","1","0.25","1","0","0","0","100","0","75","0.3","10","2.5","2","60","1.6","0.4","20.5","6.7","16","8.21","365","14","1","0","0","299","299","291","202","42","223","279","87739","1515","208","false","518614","204","346","965","33330","35914","20500"
"22","0.1","1","false","false","false","true","false","false","false","1","1","1","0.25","1","0","0","0","100","0","75","0.3","10","2.5","2","60","1.6","0.4","20.5","6.7","16","8.21","365","14","1","0","0","299","299","292","189","45","213","274","87764","1515","178","false","518866","204","346","965","33331","35921","20502"
"22","0.1","1","false","false","false","true","false","false","false","1","1","1","0.25","1","0","0","0","100","0","75","0.3","10","2.5","2","60","1.6","0.4","20.5","6.7","16","8.21","365","14","1","0","0","299","299","293","184","40","205","263","87791","1517","166","false","519099","204","347","966","33333","35923","20506"
"22","0.1","1","false","false","false","true","false","false","false","1","1","1","0.25","1","0","0","0","100","0","75","0.3","10","2.5","2","60","1.6","0.4","20.5","6.7","16","8.21","365","14","1","0","0","299","299","294","178","34","197","256","87818","1517","143","false","519165","204","347","966","33334","35928","20509"
"22","0.1","1","false","false","false","true","false","false","false","1","1","1","0.25","1","0","0","0","100","0","75","0.3","10","2.5","2","60","1.6","0.4","20.5","6.7","16","8.21","365","14","1","0","0","299","299","295","170","32","189","243","87848","1518","124","false","519353","204","348","966","33340","35931","20511"
"22","0.1","1","false","false","false","true","false","false","false","1","1","1","0.25","1","0","0","0","100","0","75","0.3","10","2.5","2","60","1.6","0.4","20.5","6.7","16","8.21","365","14","1","0","0","299","299","296","156","38","181","233","87874","1518","111","false","519494","204","348","966","33346","35933","20512"
"22","0.1","1","false","false","false","true","false","false","false","1","1","1","0.25","1","0","0","0","100","0","75","0.3","10","2.5","2","60","1.6","0.4","20.5","6.7","16","8.21","365","14","1","0","0","299","299","297","146","41","179","217","87899","1518","90","false","519604","204","348","966","33350","35937","20515"
"22","0.1","1","false","false","false","true","false","false","false","1","1","1","0.25","1","0","0","0","100","0","75","0.3","10","2.5","2","60","1.6","0.4","20.5","6.7","16","8.21","365","14","1","0","0","299","299","298","132","47","169","206","87927","1519","70","false","519808","204","348","967","33352","35942","20516"
"22","0.1","1","false","false","false","true","false","false","false","1","1","1","0.25","1","0","0","0","100","0","75","0.3","10","2.5","2","60","1.6","0.4","20.5","6.7","16","8.21","365","14","1","0","0","299","299","299","118","54","155","192","87961","1520","54","false","519984","204","348","968","33353","35945","20519"
"22","0.1","1","false","false","false","true","false","false","false","1","1","1","0.25","1","0","0","0","100","0","75","0.3","10","2.5","2","60","1.6","0.4","20.5","6.7","16","8.21","365","14","1","0","0","299","299","300","110","55","151","184","87978","1522","31","false","520128","205","348","969","33355","35949","20520"
"22","0.1","1","false","false","false","true","false","false","false","1","1","1","0.25","1","0","0","0","100","0","75","0.3","10","2.5","2","60","1.6","0.4","20.5","6.7","16","8.21","365","14","1","0","0","299","299","301","99","50","143","183","88003","1522","16","false","520319","205","348","969","33359","35956","20525"
"22","0.1","1","false","false","false","true","false","false","false","1","1","1","0.25","1","0","0","0","100","0","75","0.3","10","2.5","2","60","1.6","0.4","20.5","6.7","16","8.21","365","14","1","0","0","299","299","302","92","38","133","192","88023","1522","11","false","520465","205","348","969","33364","35963","20528"
"22","0.1","1","false","false","false","true","false","false","false","1","1","1","0.25","1","0","0","0","100","0","75","0.3","10","2.5","2","60","1.6","0.4","20.5","6.7","16","8.21","365","14","1","0","0","299","299","303","79","42","129","185","88043","1522","2","false","520516","205","348","969","33368","35965","20532"
"22","0.1","1","false","false","false","true","false","false","false","1","1","1","0.25","1","0","0","0","100","0","75","0.3","10","2.5","2","60","1.6","0.4","20.5","6.7","16","8.21","365","14","1","0","0","299","299","304","66","46","130","180","88056","1522","0","false","520610","205","348","969","33372","35971","20533"
"22","0.1","1","false","false","false","true","false","false","false","1","1","1","0.25","1","0","0","0","100","0","75","0.3","10","2.5","2","60","1.6","0.4","20.5","6.7","16","8.21","365","14","1","0","0","299","299","305","62","43","124","176","88073","1522","0","false","520633","205","348","969","33377","35971","20538"
"22","0.1","1","false","false","false","true","false","false","false","1","1","1","0.25","1","0","0","0","100","0","75","0.3","10","2.5","2","60","1.6","0.4","20.5","6.7","16","8.21","365","14","1","0","0","299","299","306","57","36","123","178","88084","1522","0","false","520633","205","348","969","33378","35974","20542"
"22","0.1","1","false","false","false","true","false","false","false","1","1","1","0.25","1","0","0","0","100","0","75","0.3","10","2.5","2","60","1.6","0.4","20.5","6.7","16","8.21","365","14","1","0","0","299","299","307","54","26","112","172","88114","1522","0","false","520633","205","348","969","33382","35977","20546"
"22","0.1","1","false","false","false","true","false","false","false","1","1","1","0.25","1","0","0","0","100","0","75","0.3","10","2.5","2","60","1.6","0.4","20.5","6.7","16","8.21","365","14","1","0","0","299","299","308","47","26","103","169","88133","1522","0","false","520633","205","348","969","33387","35981","20548"
"22","0.1","1","false","false","false","true","false","false","false","1","1","1","0.25","1","0","0","0","100","0","75","0.3","10","2.5","2","60","1.6","0.4","20.5","6.7","16","8.21","365","14","1","0","0","299","299","309","46","14","101","175","88142","1522","0","false","520633","205","348","969","33392","35986","20551"
"22","0.1","1","false","false","false","true","false","false","false","1","1","1","0.25","1","0","0","0","100","0","75","0.3","10","2.5","2","60","1.6","0.4","20.5","6.7","16","8.21","365","14","1","0","0","299","299","310","44","12","100","161","88160","1523","0","false","520633","205","348","970","33394","35988","20555"
"22","0.1","1","false","false","false","true","false","false","false","1","1","1","0.25","1","0","0","0","100","0","75","0.3","10","2.5","2","60","1.6","0.4","20.5","6.7","16","8.21","365","14","1","0","0","299","299","311","41","13","97","148","88178","1523","0","false","520621","205","348","970","33396","35989","20556"
"22","0.1","1","false","false","false","true","false","false","false","1","1","1","0.25","1","0","0","0","100","0","75","0.3","10","2.5","2","60","1.6","0.4","20.5","6.7","16","8.21","365","14","1","0","0","299","299","312","39","12","93","142","88191","1523","0","false","520621","205","348","970","33396","35990","20559"
"22","0.1","1","false","false","false","true","false","false","false","1","1","1","0.25","1","0","0","0","100","0","75","0.3","10","2.5","2","60","1.6","0.4","20.5","6.7","16","8.21","365","14","1","0","0","299","299","313","34","11","93","137","88202","1523","0","false","520621","205","348","970","33399","35993","20560"
"22","0.1","1","false","false","false","true","false","false","false","1","1","1","0.25","1","0","0","0","100","0","75","0.3","10","2.5","2","60","1.6","0.4","20.5","6.7","16","8.21","365","14","1","0","0","299","299","314","33","12","86","128","88218","1523","0","false","520621","205","348","970","33399","35993","20560"
"22","0.1","1","false","false","false","true","false","false","false","1","1","1","0.25","1","0","0","0","100","0","75","0.3","10","2.5","2","60","1.6","0.4","20.5","6.7","16","8.21","365","14","1","0","0","299","299","315","32","9","83","122","88231","1523","0","false","520621","205","348","970","33401","35994","20560"
"22","0.1","1","false","false","false","true","false","false","false","1","1","1","0.25","1","0","0","0","100","0","75","0.3","10","2.5","2","60","1.6","0.4","20.5","6.7","16","8.21","365","14","1","0","0","299","299","316","31","5","79","122","88240","1523","0","false","520621","205","348","970","33403","35997","20560"
"22","0.1","1","false","false","false","true","false","false","false","1","1","1","0.25","1","0","0","0","100","0","75","0.3","10","2.5","2","60","1.6","0.4","20.5","6.7","16","8.21","365","14","1","0","0","299","299","317","31","4","77","117","88248","1523","0","false","520621","205","348","970","33404","35998","20561"
"22","0.1","1","false","false","false","true","false","false","false","1","1","1","0.25","1","0","0","0","100","0","75","0.3","10","2.5","2","60","1.6","0.4","20.5","6.7","16","8.21","365","14","1","0","0","299","299","318","30","4","74","110","88259","1523","0","false","520621","205","348","970","33405","35999","20561"
"22","0.1","1","false","false","false","true","false","false","false","1","1","1","0.25","1","0","0","0","100","0","75","0.3","10","2.5","2","60","1.6","0.4","20.5","6.7","16","8.21","365","14","1","0","0","299","299","319","30","3","72","104","88268","1523","0","false","520621","205","348","970","33406","36000","20561"
"22","0.1","1","false","false","false","true","false","false","false","1","1","1","0.25","1","0","0","0","100","0","75","0.3","10","2.5","2","60","1.6","0.4","20.5","6.7","16","8.21","365","14","1","0","0","299","299","320","30","3","69","94","88281","1523","0","false","520621","205","348","970","33406","36000","20561"
"22","0.1","1","false","false","false","true","false","false","false","1","1","1","0.25","1","0","0","0","100","0","75","0.3","10","2.5","2","60","1.6","0.4","20.5","6.7","16","8.21","365","14","1","0","0","299","299","321","30","1","63","90","88293","1523","0","false","520621","205","348","970","33407","36000","20561"
"22","0.1","1","false","false","false","true","false","false","false","1","1","1","0.25","1","0","0","0","100","0","75","0.3","10","2.5","2","60","1.6","0.4","20.5","6.7","16","8.21","365","14","1","0","0","299","299","322","30","1","57","87","88302","1523","0","false","520621","205","348","970","33407","36000","20561"
"22","0.1","1","false","false","false","true","false","false","false","1","1","1","0.25","1","0","0","0","100","0","75","0.3","10","2.5","2","60","1.6","0.4","20.5","6.7","16","8.21","365","14","1","0","0","299","299","323","30","1","54","72","88320","1523","0","false","520621","205","348","970","33408","36000","20561"
"22","0.1","1","false","false","false","true","false","false","false","1","1","1","0.25","1","0","0","0","100","0","75","0.3","10","2.5","2","60","1.6","0.4","20.5","6.7","16","8.21","365","14","1","0","0","299","299","324","28","3","47","65","88333","1524","0","false","520621","205","348","971","33408","36000","20561"
"22","0.1","1","false","false","false","true","false","false","false","1","1","1","0.25","1","0","0","0","100","0","75","0.3","10","2.5","2","60","1.6","0.4","20.5","6.7","16","8.21","365","14","1","0","0","299","299","325","28","3","41","57","88347","1524","0","false","520609","205","348","971","33408","36000","20561"
"22","0.1","1","false","false","false","true","false","false","false","1","1","1","0.25","1","0","0","0","100","0","75","0.3","10","2.5","2","60","1.6","0.4","20.5","6.7","16","8.21","365","14","1","0","0","299","299","326","28","2","36","52","88358","1524","0","false","520609","205","348","971","33409","36000","20561"
"22","0.1","1","false","false","false","true","false","false","false","1","1","1","0.25","1","0","0","0","100","0","75","0.3","10","2.5","2","60","1.6","0.4","20.5","6.7","16","8.21","365","14","1","0","0","299","299","327","28","2","32","47","88367","1524","0","false","520609","205","348","971","33409","36000","20561"
"22","0.1","1","false","false","false","true","false","false","false","1","1","1","0.25","1","0","0","0","100","0","75","0.3","10","2.5","2","60","1.6","0.4","20.5","6.7","16","8.21","365","14","1","0","0","299","299","328","27","3","29","40","88375","1526","0","false","520609","205","349","972","33409","36000","20561"
"22","0.1","1","false","false","false","true","false","false","false","1","1","1","0.25","1","0","0","0","100","0","75","0.3","10","2.5","2","60","1.6","0.4","20.5","6.7","16","8.21","365","14","1","0","0","299","299","329","27","1","25","38","88382","1527","0","false","520587","206","349","972","33409","36000","20562"
"22","0.1","1","false","false","false","true","false","false","false","1","1","1","0.25","1","0","0","0","100","0","75","0.3","10","2.5","2","60","1.6","0.4","20.5","6.7","16","8.21","365","14","1","0","0","299","299","330","27","1","22","36","88387","1527","0","false","520579","206","349","972","33409","36000","20562"
"22","0.1","1","false","false","false","true","false","false","false","1","1","1","0.25","1","0","0","0","100","0","75","0.3","10","2.5","2","60","1.6","0.4","20.5","6.7","16","8.21","365","14","1","0","0","299","299","331","27","1","22","32","88391","1527","0","false","520579","206","349","972","33409","36001","20562"
"22","0.1","1","false","false","false","true","false","false","false","1","1","1","0.25","1","0","0","0","100","0","75","0.3","10","2.5","2","60","1.6","0.4","20.5","6.7","16","8.21","365","14","1","0","0","299","299","332","27","1","20","31","88394","1527","0","false","520579","206","349","972","33409","36001","20562"
"22","0.1","1","false","false","false","true","false","false","false","1","1","1","0.25","1","0","0","0","100","0","75","0.3","10","2.5","2","60","1.6","0.4","20.5","6.7","16","8.21","365","14","1","0","0","299","299","333","27","1","17","25","88403","1527","0","false","520579","206","349","972","33409","36001","20562"
"22","0.1","1","false","false","false","true","false","false","false","1","1","1","0.25","1","0","0","0","100","0","75","0.3","10","2.5","2","60","1.6","0.4","20.5","6.7","16","8.21","365","14","1","0","0","299","299","334","27","0","15","21","88410","1527","0","false","520579","206","349","972","33409","36001","20562"
"22","0.1","1","false","false","false","true","false","false","false","1","1","1","0.25","1","0","0","0","100","0","75","0.3","10","2.5","2","60","1.6","0.4","20.5","6.7","16","8.21","365","14","1","0","0","299","299","335","27","0","13","17","88416","1527","0","false","520579","206","349","972","33409","36001","20562"
"22","0.1","1","false","false","false","true","false","false","false","1","1","1","0.25","1","0","0","0","100","0","75","0.3","10","2.5","2","60","1.6","0.4","20.5","6.7","16","8.21","365","14","1","0","0","299","299","336","27","0","13","14","88419","1527","0","false","520579","206","349","972","33410","36001","20562"
"22","0.1","1","false","false","false","true","false","false","false","1","1","1","0.25","1","0","0","0","100","0","75","0.3","10","2.5","2","60","1.6","0.4","20.5","6.7","16","8.21","365","14","1","0","0","299","299","337","27","0","10","10","88426","1527","0","false","520579","206","349","972","33410","36001","20562"
"22","0.1","1","false","false","false","true","false","false","false","1","1","1","0.25","1","0","0","0","100","0","75","0.3","10","2.5","2","60","1.6","0.4","20.5","6.7","16","8.21","365","14","1","0","0","299","299","338","27","0","8","9","88429","1527","0","false","520579","206","349","972","33410","36001","20562"
"22","0.1","1","false","false","false","true","false","false","false","1","1","1","0.25","1","0","0","0","100","0","75","0.3","10","2.5","2","60","1.6","0.4","20.5","6.7","16","8.21","365","14","1","0","0","299","299","339","27","0","8","7","88431","1527","0","false","520579","206","349","972","33410","36001","20562"
"22","0.1","1","false","false","false","true","false","false","false","1","1","1","0.25","1","0","0","0","100","0","75","0.3","10","2.5","2","60","1.6","0.4","20.5","6.7","16","8.21","365","14","1","0","0","299","299","340","27","0","6","4","88436","1527","0","false","520579","206","349","972","33410","36001","20562"
"22","0.1","1","false","false","false","true","false","false","false","1","1","1","0.25","1","0","0","0","100","0","75","0.3","10","2.5","2","60","1.6","0.4","20.5","6.7","16","8.21","365","14","1","0","0","299","299","341","27","0","6","3","88437","1527","0","false","520579","206","349","972","33410","36001","20562"
"22","0.1","1","false","false","false","true","false","false","false","1","1","1","0.25","1","0","0","0","100","0","75","0.3","10","2.5","2","60","1.6","0.4","20.5","6.7","16","8.21","365","14","1","0","0","299","299","342","27","0","6","3","88437","1527","0","false","520579","206","349","972","33410","36001","20562"
"22","0.1","1","false","false","false","true","false","false","false","1","1","1","0.25","1","0","0","0","100","0","75","0.3","10","2.5","2","60","1.6","0.4","20.5","6.7","16","8.21","365","14","1","0","0","299","299","343","27","0","6","3","88437","1527","0","false","520579","206","349","972","33410","36001","20562"
"22","0.1","1","false","false","false","true","false","false","false","1","1","1","0.25","1","0","0","0","100","0","75","0.3","10","2.5","2","60","1.6","0.4","20.5","6.7","16","8.21","365","14","1","0","0","299","299","344","27","0","5","1","88440","1527","0","false","520579","206","349","972","33410","36001","20562"
"22","0.1","1","false","false","false","true","false","false","false","1","1","1","0.25","1","0","0","0","100","0","75","0.3","10","2.5","2","60","1.6","0.4","20.5","6.7","16","8.21","365","14","1","0","0","299","299","345","27","0","4","1","88441","1527","0","false","520579","206","349","972","33410","36001","20562"
"22","0.1","1","false","false","false","true","false","false","false","1","1","1","0.25","1","0","0","0","100","0","75","0.3","10","2.5","2","60","1.6","0.4","20.5","6.7","16","8.21","365","14","1","0","0","299","299","346","27","0","4","1","88441","1527","0","false","520579","206","349","972","33410","36001","20562"
"22","0.1","1","false","false","false","true","false","false","false","1","1","1","0.25","1","0","0","0","100","0","75","0.3","10","2.5","2","60","1.6","0.4","20.5","6.7","16","8.21","365","14","1","0","0","299","299","347","27","0","3","1","88442","1527","0","false","520579","206","349","972","33410","36001","20562"
"22","0.1","1","false","false","false","true","false","false","false","1","1","1","0.25","1","0","0","0","100","0","75","0.3","10","2.5","2","60","1.6","0.4","20.5","6.7","16","8.21","365","14","1","0","0","299","299","348","27","0","3","1","88442","1527","0","false","520579","206","349","972","33410","36001","20562"
"22","0.1","1","false","false","false","true","false","false","false","1","1","1","0.25","1","0","0","0","100","0","75","0.3","10","2.5","2","60","1.6","0.4","20.5","6.7","16","8.21","365","14","1","0","0","299","299","349","27","0","3","1","88442","1527","0","false","520579","206","349","972","33410","36001","20562"
"22","0.1","1","false","false","false","true","false","false","false","1","1","1","0.25","1","0","0","0","100","0","75","0.3","10","2.5","2","60","1.6","0.4","20.5","6.7","16","8.21","365","14","1","0","0","299","299","350","27","0","3","1","88442","1527","0","false","520579","206","349","972","33410","36001","20562"
"22","0.1","1","false","false","false","true","false","false","false","1","1","1","0.25","1","0","0","0","100","0","75","0.3","10","2.5","2","60","1.6","0.4","20.5","6.7","16","8.21","365","14","1","0","0","299","299","351","27","0","3","0","88443","1527","0","false","520579","206","349","972","33410","36001","20562"
"22","0.1","1","false","false","false","true","false","false","false","1","1","1","0.25","1","0","0","0","100","0","75","0.3","10","2.5","2","60","1.6","0.4","20.5","6.7","16","8.21","365","14","1","0","0","299","299","352","27","0","3","0","88443","1527","0","false","520579","206","349","972","33410","36001","20562"
"22","0.1","1","false","false","false","true","false","false","false","1","1","1","0.25","1","0","0","0","100","0","75","0.3","10","2.5","2","60","1.6","0.4","20.5","6.7","16","8.21","365","14","1","0","0","299","299","353","27","0","3","0","88443","1527","0","false","520579","206","349","972","33410","36001","20562"
"22","0.1","1","false","false","false","true","false","false","false","1","1","1","0.25","1","0","0","0","100","0","75","0.3","10","2.5","2","60","1.6","0.4","20.5","6.7","16","8.21","365","14","1","0","0","299","299","354","27","0","3","0","88443","1527","0","false","520579","206","349","972","33410","36001","20562"
"22","0.1","1","false","false","false","true","false","false","false","1","1","1","0.25","1","0","0","0","100","0","75","0.3","10","2.5","2","60","1.6","0.4","20.5","6.7","16","8.21","365","14","1","0","0","299","299","355","27","0","2","0","88444","1527","0","false","520579","206","349","972","33410","36001","20562"
"22","0.1","1","false","false","false","true","false","false","false","1","1","1","0.25","1","0","0","0","100","0","75","0.3","10","2.5","2","60","1.6","0.4","20.5","6.7","16","8.21","365","14","1","0","0","299","299","356","27","0","1","0","88445","1527","0","false","520579","206","349","972","33410","36001","20562"
"22","0.1","1","false","false","false","true","false","false","false","1","1","1","0.25","1","0","0","0","100","0","75","0.3","10","2.5","2","60","1.6","0.4","20.5","6.7","16","8.21","365","14","1","0","0","299","299","357","27","0","1","0","88445","1527","0","false","520579","206","349","972","33410","36001","20562"
"22","0.1","1","false","false","false","true","false","false","false","1","1","1","0.25","1","0","0","0","100","0","75","0.3","10","2.5","2","60","1.6","0.4","20.5","6.7","16","8.21","365","14","1","0","0","299","299","358","27","0","0","0","88446","1527","0","false","520579","206","349","972","33410","36001","20562"
"22","0.1","1","false","false","false","true","false","false","false","1","1","1","0.25","1","0","0","0","100","0","75","0.3","10","2.5","2","60","1.6","0.4","20.5","6.7","16","8.21","365","14","1","0","0","299","299","359","27","0","0","0","88446","1527","0","false","520579","206","349","972","33410","36001","20562"
"22","0.1","1","false","false","false","true","false","false","false","1","1","1","0.25","1","0","0","0","100","0","75","0.3","10","2.5","2","60","1.6","0.4","20.5","6.7","16","8.21","365","14","1","0","0","299","299","360","27","0","0","0","88446","1527","0","false","520579","206","349","972","33410","36001","20562"
"22","0.1","1","false","false","false","true","false","false","false","1","1","1","0.25","1","0","0","0","100","0","75","0.3","10","2.5","2","60","1.6","0.4","20.5","6.7","16","8.21","365","14","1","0","0","299","299","361","27","0","0","0","88446","1527","0","false","520579","206","349","972","33410","36001","20562"
"22","0.1","1","false","false","false","true","false","false","false","1","1","1","0.25","1","0","0","0","100","0","75","0.3","10","2.5","2","60","1.6","0.4","20.5","6.7","16","8.21","365","14","1","0","0","299","299","362","27","0","0","0","88446","1527","0","false","520579","206","349","972","33410","36001","20562"
"22","0.1","1","false","false","false","true","false","false","false","1","1","1","0.25","1","0","0","0","100","0","75","0.3","10","2.5","2","60","1.6","0.4","20.5","6.7","16","8.21","365","14","1","0","0","299","299","363","27","0","0","0","88446","1527","0","false","520579","206","349","972","33410","36001","20562"
"22","0.1","1","false","false","false","true","false","false","false","1","1","1","0.25","1","0","0","0","100","0","75","0.3","10","2.5","2","60","1.6","0.4","20.5","6.7","16","8.21","365","14","1","0","0","299","299","364","27","0","0","0","88446","1527","0","false","520579","206","349","972","33410","36001","20562"
"22","0.1","1","false","false","false","true","false","false","false","1","1","1","0.25","1","0","0","0","100","0","75","0.3","10","2.5","2","60","1.6","0.4","20.5","6.7","16","8.21","365","14","1","0","0","299","299","365","27","0","0","0","88446","1527","0","false","520579","206","349","972","33410","36001","20562"
"23","0.1","1","false","false","false","true","false","false","false","1","1","1","0.25","1","0","0","0","100","0","75","0.4","10","2.5","2","60","1.6","0.4","20.5","6.7","16","8.21","365","14","1","0","0","299","299","0","89910","90","0","0","0","0","0","false","0","0","0","0","0","0","0"
"23","0.1","1","false","false","false","true","false","false","false","1","1","1","0.25","1","0","0","0","100","0","75","0.4","10","2.5","2","60","1.6","0.4","20.5","6.7","16","8.21","365","14","1","0","0","299","299","1","89910","83","0","7","0","0","0","false","538522","0","0","0","2","1","1"
"23","0.1","1","false","false","false","true","false","false","false","1","1","1","0.25","1","0","0","0","100","0","75","0.4","10","2.5","2","60","1.6","0.4","20.5","6.7","16","8.21","365","14","1","0","0","299","299","2","89900","81","0","19","0","0","0","false","538522","0","0","0","5","3","1"
"23","0.1","1","false","false","false","true","false","false","false","1","1","1","0.25","1","0","0","0","100","0","75","0.4","10","2.5","2","60","1.6","0.4","20.5","6.7","16","8.21","365","14","1","0","0","299","299","3","89884","76","1","39","0","0","0","false","538522","0","0","0","12","7","4"
"23","0.1","1","false","false","false","true","false","false","false","1","1","1","0.25","1","0","0","0","100","0","75","0.4","10","2.5","2","60","1.6","0.4","20.5","6.7","16","8.21","365","14","1","0","0","299","299","4","89843","93","5","59","0","0","0","false","538522","0","0","0","18","16","9"
"23","0.1","1","false","false","false","true","false","false","false","1","1","1","0.25","1","0","0","0","100","0","75","0.4","10","2.5","2","60","1.6","0.4","20.5","6.7","16","8.21","365","14","1","0","0","299","299","5","89778","140","9","73","0","0","0","false","538522","0","0","0","23","23","10"
"23","0.1","1","false","false","false","true","false","false","false","1","1","1","0.25","1","0","0","0","100","0","75","0.4","10","2.5","2","60","1.6","0.4","20.5","6.7","16","8.21","365","14","1","0","0","299","299","6","89698","195","18","89","0","0","0","false","538522","0","0","0","35","33","16"
"23","0.1","1","false","false","false","true","false","false","false","1","1","1","0.25","1","0","0","0","100","0","75","0.4","10","2.5","2","60","1.6","0.4","20.5","6.7","16","8.21","365","14","1","0","0","299","299","7","89610","255","25","110","0","0","0","false","538522","0","0","0","45","41","21"
"23","0.1","1","false","false","false","true","false","false","false","1","1","1","0.25","1","0","0","0","100","0","75","0.4","10","2.5","2","60","1.6","0.4","20.5","6.7","16","8.21","365","14","1","0","0","299","299","8","89497","316","31","156","0","0","0","false","538522","0","0","0","53","57","29"
"23","0.1","1","false","false","false","true","false","false","false","1","1","1","0.25","1","0","0","0","100","0","75","0.4","10","2.5","2","60","1.6","0.4","20.5","6.7","16","8.21","365","14","1","0","0","299","299","9","89384","369","43","204","0","0","0","false","538522","0","0","0","72","73","43"
"23","0.1","1","false","false","false","true","false","false","false","1","1","1","0.25","1","0","0","0","100","0","75","0.4","10","2.5","2","60","1.6","0.4","20.5","6.7","16","8.21","365","14","1","0","0","299","299","10","89240","441","59","260","0","0","0","false","538522","0","0","0","99","91","55"
"23","0.1","1","false","false","false","true","false","false","false","1","1","1","0.25","1","0","0","0","100","0","75","0.4","10","2.5","2","60","1.6","0.4","20.5","6.7","16","8.21","365","14","1","0","0","299","299","11","89071","525","78","326","0","0","0","false","538522","0","0","0","128","111","74"
"23","0.1","1","false","false","false","true","false","false","false","1","1","1","0.25","1","0","0","0","100","0","75","0.4","10","2.5","2","60","1.6","0.4","20.5","6.7","16","8.21","365","14","1","0","0","299","299","12","88884","617","101","398","0","0","0","false","538522","0","0","0","153","138","93"
"23","0.1","1","false","false","false","true","false","false","false","1","1","1","0.25","1","0","0","0","100","0","75","0.4","10","2.5","2","60","1.6","0.4","20.5","6.7","16","8.21","365","14","1","0","0","299","299","13","88680","708","136","476","0","0","0","false","538522","0","0","0","189","174","118"
"23","0.1","1","false","false","false","true","false","false","false","1","1","1","0.25","1","0","0","0","100","0","75","0.4","10","2.5","2","60","1.6","0.4","20.5","6.7","16","8.21","365","14","1","0","0","299","299","14","88443","788","179","589","0","1","0","false","538522","0","0","1","238","229","159"
"23","0.1","1","false","false","false","true","false","false","false","1","1","1","0.25","1","0","0","0","100","0","75","0.4","10","2.5","2","60","1.6","0.4","20.5","6.7","16","8.21","365","14","1","0","0","299","299","15","88194","874","215","716","0","1","0","false","538510","0","0","1","283","282","199"
"23","0.1","1","false","false","false","true","false","false","false","1","1","1","0.25","1","0","0","0","100","0","75","0.4","10","2.5","2","60","1.6","0.4","20.5","6.7","16","8.21","365","14","1","0","0","299","299","16","87929","965","266","838","1","1","214","false","538510","0","0","1","348","346","230"
"23","0.1","1","false","false","false","true","false","false","false","1","1","1","0.25","1","0","0","0","100","0","75","0.4","10","2.5","2","60","1.6","0.4","20.5","6.7","16","8.21","365","14","1","0","0","299","299","17","87711","982","321","983","2","1","716","false","536070","0","0","1","419","421","270"
"23","0.1","1","false","false","false","true","false","false","false","1","1","1","0.25","1","0","0","0","100","0","75","0.4","10","2.5","2","60","1.6","0.4","20.5","6.7","16","8.21","365","14","1","0","0","299","299","18","87495","967","385","1147","5","1","1159","false","531244","0","0","1","489","496","315"
"23","0.1","1","false","false","false","true","false","false","false","1","1","1","0.25","1","0","0","0","100","0","75","0.4","10","2.5","2","60","1.6","0.4","20.5","6.7","16","8.21","365","14","1","0","0","299","299","19","87258","985","460","1285","11","1","1661","false","527237","0","0","1","575","566","359"
"23","0.1","1","false","false","false","true","false","false","false","1","1","1","0.25","1","0","0","0","100","0","75","0.4","10","2.5","2","60","1.6","0.4","20.5","6.7","16","8.21","365","14","1","0","0","299","299","20","87043","957","524","1460","14","2","2015","false","522847","0","0","2","656","626","405"
"23","0.1","1","false","false","false","true","false","false","false","1","1","1","0.25","1","0","0","0","100","0","75","0.4","10","2.5","2","60","1.6","0.4","20.5","6.7","16","8.21","365","14","1","0","0","299","299","21","86810","957","605","1604","21","3","2484","false","519902","0","0","3","731","708","461"
"23","0.1","1","false","false","false","true","false","false","false","1","1","1","0.25","1","0","0","0","100","0","75","0.4","10","2.5","2","60","1.6","0.4","20.5","6.7","16","8.21","365","14","1","0","0","299","299","22","86586","951","719","1711","29","4","3040","false","515963","0","0","4","824","804","528"
"23","0.1","1","false","false","false","true","false","false","false","1","1","1","0.25","1","0","0","0","100","0","75","0.4","10","2.5","2","60","1.6","0.4","20.5","6.7","16","8.21","365","14","1","0","0","299","299","23","86405","938","828","1783","42","4","3585","false","511549","0","0","4","899","908","571"
"23","0.1","1","false","false","false","true","false","false","false","1","1","1","0.25","1","0","0","0","100","0","75","0.4","10","2.5","2","60","1.6","0.4","20.5","6.7","16","8.21","365","14","1","0","0","299","299","24","86233","899","937","1866","60","5","4127","false","507287","0","0","5","985","1014","629"
"23","0.1","1","false","false","false","true","false","false","false","1","1","1","0.25","1","0","0","0","100","0","75","0.4","10","2.5","2","60","1.6","0.4","20.5","6.7","16","8.21","365","14","1","0","0","299","299","25","86082","810","1008","2009","84","7","4439","false","503155","0","1","6","1066","1110","679"
"23","0.1","1","false","false","false","true","false","false","false","1","1","1","0.25","1","0","0","0","100","0","75","0.4","10","2.5","2","60","1.6","0.4","20.5","6.7","16","8.21","365","14","1","0","0","299","299","26","85925","757","1075","2128","105","10","4842","false","500790","2","1","7","1151","1180","726"
"23","0.1","1","false","false","false","true","false","false","false","1","1","1","0.25","1","0","0","0","100","0","75","0.4","10","2.5","2","60","1.6","0.4","20.5","6.7","16","8.21","365","14","1","0","0","299","299","27","85769","718","1161","2213","129","10","5210","false","497592","2","1","7","1228","1262","777"
"23","0.1","1","false","false","false","true","false","false","false","1","1","1","0.25","1","0","0","0","100","0","75","0.4","10","2.5","2","60","1.6","0.4","20.5","6.7","16","8.21","365","14","1","0","0","299","299","28","85621","685","1230","2288","165","11","5483","false","494665","2","1","8","1295","1339","815"
"23","0.1","1","false","false","false","true","false","false","false","1","1","1","0.25","1","0","0","0","100","0","75","0.4","10","2.5","2","60","1.6","0.4","20.5","6.7","16","8.21","365","14","1","0","0","299","299","29","85491","651","1308","2319","218","13","5678","false","492245","3","1","9","1367","1417","867"
"23","0.1","1","false","false","false","true","false","false","false","1","1","1","0.25","1","0","0","0","100","0","75","0.4","10","2.5","2","60","1.6","0.4","20.5","6.7","16","8.21","365","14","1","0","0","299","299","30","85347","626","1361","2364","285","17","5656","false","490223","3","3","11","1432","1492","913"
"23","0.1","1","false","false","false","true","false","false","false","1","1","1","0.25","1","0","0","0","100","0","75","0.4","10","2.5","2","60","1.6","0.4","20.5","6.7","16","8.21","365","14","1","0","0","299","299","31","85170","667","1416","2384","343","20","5519","false","489583","4","4","12","1489","1555","956"
"23","0.1","1","false","false","false","true","false","false","false","1","1","1","0.25","1","0","0","0","100","0","75","0.4","10","2.5","2","60","1.6","0.4","20.5","6.7","16","8.21","365","14","1","0","0","299","299","32","84964","704","1454","2427","429","22","5412","false","490111","5","4","13","1540","1630","990"
"23","0.1","1","false","false","false","true","false","false","false","1","1","1","0.25","1","0","0","0","100","0","75","0.4","10","2.5","2","60","1.6","0.4","20.5","6.7","16","8.21","365","14","1","0","0","299","299","33","84689","824","1467","2476","517","27","5462","false","490404","5","5","17","1584","1690","1025"
"23","0.1","1","false","false","false","true","false","false","false","1","1","1","0.25","1","0","0","0","100","0","75","0.4","10","2.5","2","60","1.6","0.4","20.5","6.7","16","8.21","365","14","1","0","0","299","299","34","84388","956","1489","2525","614","28","5470","false","489516","5","5","18","1651","1745","1059"
"23","0.1","1","false","false","false","true","false","false","false","1","1","1","0.25","1","0","0","0","100","0","75","0.4","10","2.5","2","60","1.6","0.4","20.5","6.7","16","8.21","365","14","1","0","0","299","299","35","84049","1111","1518","2561","729","32","5437","false","488987","5","6","21","1720","1814","1100"
"23","0.1","1","false","false","false","true","false","false","false","1","1","1","0.25","1","0","0","0","100","0","75","0.4","10","2.5","2","60","1.6","0.4","20.5","6.7","16","8.21","365","14","1","0","0","299","299","36","83687","1243","1552","2640","846","32","5486","false","488755","5","6","21","1797","1893","1145"
"23","0.1","1","false","false","false","true","false","false","false","1","1","1","0.25","1","0","0","0","100","0","75","0.4","10","2.5","2","60","1.6","0.4","20.5","6.7","16","8.21","365","14","1","0","0","299","299","37","83340","1341","1547","2740","999","33","5467","false","488151","5","6","22","1859","1980","1190"
"23","0.1","1","false","false","false","true","false","false","false","1","1","1","0.25","1","0","0","0","100","0","75","0.4","10","2.5","2","60","1.6","0.4","20.5","6.7","16","8.21","365","14","1","0","0","299","299","38","82930","1462","1585","2876","1112","35","5544","false","487967","5","6","24","1954","2065","1255"
"23","0.1","1","false","false","false","true","false","false","false","1","1","1","0.25","1","0","0","0","100","0","75","0.4","10","2.5","2","60","1.6","0.4","20.5","6.7","16","8.21","365","14","1","0","0","299","299","39","82513","1553","1619","3008","1269","38","5730","false","486963","6","7","25","2070","2164","1323"
"23","0.1","1","false","false","false","true","false","false","false","1","1","1","0.25","1","0","0","0","100","0","75","0.4","10","2.5","2","60","1.6","0.4","20.5","6.7","16","8.21","365","14","1","0","0","299","299","40","82149","1580","1691","3102","1435","43","5895","false","485085","8","8","27","2191","2299","1406"
"23","0.1","1","false","false","false","true","false","false","false","1","1","1","0.25","1","0","0","0","100","0","75","0.4","10","2.5","2","60","1.6","0.4","20.5","6.7","16","8.21","365","14","1","0","0","299","299","41","81792","1580","1737","3238","1607","46","6031","false","483425","8","9","29","2317","2434","1473"
"23","0.1","1","false","false","false","true","false","false","false","1","1","1","0.25","1","0","0","0","100","0","75","0.4","10","2.5","2","60","1.6","0.4","20.5","6.7","16","8.21","365","14","1","0","0","299","299","42","81413","1616","1777","3350","1793","51","6117","false","482019","8","11","32","2444","2561","1556"
"23","0.1","1","false","false","false","true","false","false","false","1","1","1","0.25","1","0","0","0","100","0","75","0.4","10","2.5","2","60","1.6","0.4","20.5","6.7","16","8.21","365","14","1","0","0","299","299","43","80994","1673","1869","3459","1951","54","6250","false","481156","8","12","34","2591","2710","1634"
"23","0.1","1","false","false","false","true","false","false","false","1","1","1","0.25","1","0","0","0","100","0","75","0.4","10","2.5","2","60","1.6","0.4","20.5","6.7","16","8.21","365","14","1","0","0","299","299","44","80620","1669","1934","3610","2111","56","6297","false","479957","8","12","36","2702","2879","1710"
"23","0.1","1","false","false","false","true","false","false","false","1","1","1","0.25","1","0","0","0","100","0","75","0.4","10","2.5","2","60","1.6","0.4","20.5","6.7","16","8.21","365","14","1","0","0","299","299","45","80180","1732","1994","3752","2279","63","6506","false","479355","9","14","40","2818","3017","1795"
"23","0.1","1","false","false","false","true","false","false","false","1","1","1","0.25","1","0","0","0","100","0","75","0.4","10","2.5","2","60","1.6","0.4","20.5","6.7","16","8.21","365","14","1","0","0","299","299","46","79764","1762","2057","3863","2485","69","6724","false","477473","9","15","45","2963","3184","1877"
"23","0.1","1","false","false","false","true","false","false","false","1","1","1","0.25","1","0","0","0","100","0","75","0.4","10","2.5","2","60","1.6","0.4","20.5","6.7","16","8.21","365","14","1","0","0","299","299","47","79327","1777","2112","4018","2693","73","6802","false","475355","9","17","47","3101","3343","1962"
"23","0.1","1","false","false","false","true","false","false","false","1","1","1","0.25","1","0","0","0","100","0","75","0.4","10","2.5","2","60","1.6","0.4","20.5","6.7","16","8.21","365","14","1","0","0","299","299","48","78914","1810","2181","4128","2892","75","6926","false","474446","9","17","49","3226","3513","2042"
"23","0.1","1","false","false","false","true","false","false","false","1","1","1","0.25","1","0","0","0","100","0","75","0.4","10","2.5","2","60","1.6","0.4","20.5","6.7","16","8.21","365","14","1","0","0","299","299","49","78498","1790","2277","4265","3089","81","7066","false","473264","11","18","52","3384","3686","2159"
"23","0.1","1","false","false","false","true","false","false","false","1","1","1","0.25","1","0","0","0","100","0","75","0.4","10","2.5","2","60","1.6","0.4","20.5","6.7","16","8.21","365","14","1","0","0","299","299","50","78104","1722","2361","4443","3285","85","7114","false","472091","11","20","54","3545","3854","2257"
"23","0.1","1","false","false","false","true","false","false","false","1","1","1","0.25","1","0","0","0","100","0","75","0.4","10","2.5","2","60","1.6","0.4","20.5","6.7","16","8.21","365","14","1","0","0","299","299","51","77690","1746","2470","4546","3460","88","7328","false","471399","11","21","56","3718","4006","2338"
"23","0.1","1","false","false","false","true","false","false","false","1","1","1","0.25","1","0","0","0","100","0","75","0.4","10","2.5","2","60","1.6","0.4","20.5","6.7","16","8.21","365","14","1","0","0","299","299","52","77231","1807","2575","4669","3628","90","7420","false","469481","12","21","57","3868","4178","2441"
"23","0.1","1","false","false","false","true","false","false","false","1","1","1","0.25","1","0","0","0","100","0","75","0.4","10","2.5","2","60","1.6","0.4","20.5","6.7","16","8.21","365","14","1","0","0","299","299","53","76786","1847","2672","4782","3819","94","7618","false","468664","12","23","59","4018","4348","2539"
"23","0.1","1","false","false","false","true","false","false","false","1","1","1","0.25","1","0","0","0","100","0","75","0.4","10","2.5","2","60","1.6","0.4","20.5","6.7","16","8.21","365","14","1","0","0","299","299","54","76383","1814","2759","4908","4037","99","7687","false","466811","13","23","63","4188","4504","2635"
"23","0.1","1","false","false","false","true","false","false","false","1","1","1","0.25","1","0","0","0","100","0","75","0.4","10","2.5","2","60","1.6","0.4","20.5","6.7","16","8.21","365","14","1","0","0","299","299","55","75952","1830","2839","5031","4245","103","7930","false","466145","13","24","66","4325","4668","2722"
"23","0.1","1","false","false","false","true","false","false","false","1","1","1","0.25","1","0","0","0","100","0","75","0.4","10","2.5","2","60","1.6","0.4","20.5","6.7","16","8.21","365","14","1","0","0","299","299","56","75498","1899","2909","5140","4441","113","8076","false","464093","13","25","75","4473","4819","2805"
"23","0.1","1","false","false","false","true","false","false","false","1","1","1","0.25","1","0","0","0","100","0","75","0.4","10","2.5","2","60","1.6","0.4","20.5","6.7","16","8.21","365","14","1","0","0","299","299","57","75087","1867","2979","5270","4675","122","8152","false","462797","14","26","82","4649","5008","2883"
"23","0.1","1","false","false","false","true","false","false","false","1","1","1","0.25","1","0","0","0","100","0","75","0.4","10","2.5","2","60","1.6","0.4","20.5","6.7","16","8.21","365","14","1","0","0","299","299","58","74666","1833","3065","5400","4910","126","8329","false","461791","15","27","84","4818","5185","2991"
"23","0.1","1","false","false","false","true","false","false","false","1","1","1","0.25","1","0","0","0","100","0","75","0.4","10","2.5","2","60","1.6","0.4","20.5","6.7","16","8.21","365","14","1","0","0","299","299","59","74224","1853","3135","5492","5165","131","8427","false","460238","16","29","86","4980","5337","3087"
"23","0.1","1","false","false","false","true","false","false","false","1","1","1","0.25","1","0","0","0","100","0","75","0.4","10","2.5","2","60","1.6","0.4","20.5","6.7","16","8.21","365","14","1","0","0","299","299","60","73763","1855","3182","5613","5449","138","8463","false","459385","17","30","91","5126","5517","3189"
"23","0.1","1","false","false","false","true","false","false","false","1","1","1","0.25","1","0","0","0","100","0","75","0.4","10","2.5","2","60","1.6","0.4","20.5","6.7","16","8.21","365","14","1","0","0","299","299","61","73296","1916","3235","5660","5751","142","8514","false","459003","17","30","95","5298","5671","3285"
"23","0.1","1","false","false","false","true","false","false","false","1","1","1","0.25","1","0","0","0","100","0","75","0.4","10","2.5","2","60","1.6","0.4","20.5","6.7","16","8.21","365","14","1","0","0","299","299","62","72804","1987","3304","5707","6047","151","8698","false","458432","20","33","98","5480","5832","3381"
"23","0.1","1","false","false","false","true","false","false","false","1","1","1","0.25","1","0","0","0","100","0","75","0.4","10","2.5","2","60","1.6","0.4","20.5","6.7","16","8.21","365","14","1","0","0","299","299","63","72336","2004","3371","5783","6353","153","8819","false","456851","20","34","99","5625","6026","3484"
"23","0.1","1","false","false","false","true","false","false","false","1","1","1","0.25","1","0","0","0","100","0","75","0.4","10","2.5","2","60","1.6","0.4","20.5","6.7","16","8.21","365","14","1","0","0","299","299","64","71843","2054","3427","5872","6644","160","8889","false","455572","21","36","103","5783","6190","3594"
"23","0.1","1","false","false","false","true","false","false","false","1","1","1","0.25","1","0","0","0","100","0","75","0.4","10","2.5","2","60","1.6","0.4","20.5","6.7","16","8.21","365","14","1","0","0","299","299","65","71358","2068","3464","5971","6971","168","8940","false","454732","22","38","108","5946","6379","3691"
"23","0.1","1","false","false","false","true","false","false","false","1","1","1","0.25","1","0","0","0","100","0","75","0.4","10","2.5","2","60","1.6","0.4","20.5","6.7","16","8.21","365","14","1","0","0","299","299","66","70861","2097","3530","6058","7281","173","9034","false","454071","23","39","111","6118","6555","3811"
"23","0.1","1","false","false","false","true","false","false","false","1","1","1","0.25","1","0","0","0","100","0","75","0.4","10","2.5","2","60","1.6","0.4","20.5","6.7","16","8.21","365","14","1","0","0","299","299","67","70343","2124","3577","6164","7613","179","9072","false","453182","24","40","115","6300","6750","3892"
"23","0.1","1","false","false","false","true","false","false","false","1","1","1","0.25","1","0","0","0","100","0","75","0.4","10","2.5","2","60","1.6","0.4","20.5","6.7","16","8.21","365","14","1","0","0","299","299","68","69836","2162","3649","6219","7950","184","9225","false","452865","24","42","118","6480","6947","3994"
"23","0.1","1","false","false","false","true","false","false","false","1","1","1","0.25","1","0","0","0","100","0","75","0.4","10","2.5","2","60","1.6","0.4","20.5","6.7","16","8.21","365","14","1","0","0","299","299","69","69297","2193","3709","6284","8323","194","9342","false","451411","24","46","124","6674","7140","4118"
"23","0.1","1","false","false","false","true","false","false","false","1","1","1","0.25","1","0","0","0","100","0","75","0.4","10","2.5","2","60","1.6","0.4","20.5","6.7","16","8.21","365","14","1","0","0","299","299","70","68769","2240","3741","6347","8705","198","9432","false","450206","26","47","125","6858","7338","4221"
"23","0.1","1","false","false","false","true","false","false","false","1","1","1","0.25","1","0","0","0","100","0","75","0.4","10","2.5","2","60","1.6","0.4","20.5","6.7","16","8.21","365","14","1","0","0","299","299","71","68262","2214","3782","6461","9077","204","9485","false","449266","27","49","128","7055","7518","4346"
"23","0.1","1","false","false","false","true","false","false","false","1","1","1","0.25","1","0","0","0","100","0","75","0.4","10","2.5","2","60","1.6","0.4","20.5","6.7","16","8.21","365","14","1","0","0","299","299","72","67710","2261","3788","6530","9497","214","9453","false","448666","28","53","133","7219","7714","4452"
"23","0.1","1","false","false","false","true","false","false","false","1","1","1","0.25","1","0","0","0","100","0","75","0.4","10","2.5","2","60","1.6","0.4","20.5","6.7","16","8.21","365","14","1","0","0","299","299","73","67138","2304","3828","6602","9906","222","9560","false","448603","29","53","140","7389","7924","4579"
"23","0.1","1","false","false","false","true","false","false","false","1","1","1","0.25","1","0","0","0","100","0","75","0.4","10","2.5","2","60","1.6","0.4","20.5","6.7","16","8.21","365","14","1","0","0","299","299","74","66577","2349","3896","6644","10305","229","9688","false","447551","29","56","144","7582","8156","4709"
"23","0.1","1","false","false","false","true","false","false","false","1","1","1","0.25","1","0","0","0","100","0","75","0.4","10","2.5","2","60","1.6","0.4","20.5","6.7","16","8.21","365","14","1","0","0","299","299","75","66017","2352","3989","6728","10676","238","9718","false","446211","31","56","151","7787","8382","4849"
"23","0.1","1","false","false","false","true","false","false","false","1","1","1","0.25","1","0","0","0","100","0","75","0.4","10","2.5","2","60","1.6","0.4","20.5","6.7","16","8.21","365","14","1","0","0","299","299","76","65446","2398","4028","6785","11096","247","9714","false","445772","31","57","159","7962","8583","4974"
"23","0.1","1","false","false","false","true","false","false","false","1","1","1","0.25","1","0","0","0","100","0","75","0.4","10","2.5","2","60","1.6","0.4","20.5","6.7","16","8.21","365","14","1","0","0","299","299","77","64861","2421","4089","6889","11484","256","9709","false","445599","32","60","164","8180","8796","5103"
"23","0.1","1","false","false","false","true","false","false","false","1","1","1","0.25","1","0","0","0","100","0","75","0.4","10","2.5","2","60","1.6","0.4","20.5","6.7","16","8.21","365","14","1","0","0","299","299","78","64241","2473","4129","7033","11865","259","9853","false","445368","33","61","165","8385","9003","5225"
"23","0.1","1","false","false","false","true","false","false","false","1","1","1","0.25","1","0","0","0","100","0","75","0.4","10","2.5","2","60","1.6","0.4","20.5","6.7","16","8.21","365","14","1","0","0","299","299","79","63669","2452","4143","7142","12325","269","9892","false","444036","33","63","173","8575","9238","5370"
"23","0.1","1","false","false","false","true","false","false","false","1","1","1","0.25","1","0","0","0","100","0","75","0.4","10","2.5","2","60","1.6","0.4","20.5","6.7","16","8.21","365","14","1","0","0","299","299","80","63084","2488","4204","7201","12745","278","10117","false","443410","34","64","180","8772","9472","5486"
"23","0.1","1","false","false","false","true","false","false","false","1","1","1","0.25","1","0","0","0","100","0","75","0.4","10","2.5","2","60","1.6","0.4","20.5","6.7","16","8.21","365","14","1","0","0","299","299","81","62473","2545","4286","7249","13164","283","10299","false","441546","35","64","184","8970","9727","5610"
"23","0.1","1","false","false","false","true","false","false","false","1","1","1","0.25","1","0","0","0","100","0","75","0.4","10","2.5","2","60","1.6","0.4","20.5","6.7","16","8.21","365","14","1","0","0","299","299","82","61919","2514","4331","7365","13580","291","10291","false","440081","35","66","190","9162","9954","5751"
"23","0.1","1","false","false","false","true","false","false","false","1","1","1","0.25","1","0","0","0","100","0","75","0.4","10","2.5","2","60","1.6","0.4","20.5","6.7","16","8.21","365","14","1","0","0","299","299","83","61318","2542","4400","7437","14003","300","10371","false","440261","35","70","195","9375","10175","5886"
"23","0.1","1","false","false","false","true","false","false","false","1","1","1","0.25","1","0","0","0","100","0","75","0.4","10","2.5","2","60","1.6","0.4","20.5","6.7","16","8.21","365","14","1","0","0","299","299","84","60805","2491","4454","7484","14459","307","10404","false","439553","35","72","200","9599","10402","6026"
"23","0.1","1","false","false","false","true","false","false","false","1","1","1","0.25","1","0","0","0","100","0","75","0.4","10","2.5","2","60","1.6","0.4","20.5","6.7","16","8.21","365","14","1","0","0","299","299","85","60236","2462","4484","7581","14925","312","10468","false","439102","35","73","204","9814","10606","6175"
"23","0.1","1","false","false","false","true","false","false","false","1","1","1","0.25","1","0","0","0","100","0","75","0.4","10","2.5","2","60","1.6","0.4","20.5","6.7","16","8.21","365","14","1","0","0","299","299","86","59660","2445","4527","7676","15374","318","10455","false","438453","37","74","207","10043","10826","6308"
"23","0.1","1","false","false","false","true","false","false","false","1","1","1","0.25","1","0","0","0","100","0","75","0.4","10","2.5","2","60","1.6","0.4","20.5","6.7","16","8.21","365","14","1","0","0","299","299","87","59113","2431","4598","7708","15816","334","10489","false","438316","41","80","213","10252","11063","6445"
"23","0.1","1","false","false","false","true","false","false","false","1","1","1","0.25","1","0","0","0","100","0","75","0.4","10","2.5","2","60","1.6","0.4","20.5","6.7","16","8.21","365","14","1","0","0","299","299","88","58560","2426","4629","7772","16272","341","10415","false","437981","41","81","219","10454","11294","6565"
"23","0.1","1","false","false","false","true","false","false","false","1","1","1","0.25","1","0","0","0","100","0","75","0.4","10","2.5","2","60","1.6","0.4","20.5","6.7","16","8.21","365","14","1","0","0","299","299","89","58042","2377","4685","7822","16728","346","10461","false","438441","41","81","224","10664","11533","6700"
"23","0.1","1","false","false","false","true","false","false","false","1","1","1","0.25","1","0","0","0","100","0","75","0.4","10","2.5","2","60","1.6","0.4","20.5","6.7","16","8.21","365","14","1","0","0","299","299","90","57506","2368","4709","7900","17162","355","10474","false","437915","42","84","229","10851","11741","6828"
"23","0.1","1","false","false","false","true","false","false","false","1","1","1","0.25","1","0","0","0","100","0","75","0.4","10","2.5","2","60","1.6","0.4","20.5","6.7","16","8.21","365","14","1","0","0","299","299","91","56887","2404","4774","7961","17611","363","10548","false","437581","43","86","234","11067","11982","6966"
"23","0.1","1","false","false","false","true","false","false","false","1","1","1","0.25","1","0","0","0","100","0","75","0.4","10","2.5","2","60","1.6","0.4","20.5","6.7","16","8.21","365","14","1","0","0","299","299","92","56301","2476","4788","7917","18150","368","10500","false","436773","44","87","237","11254","12196","7095"
"23","0.1","1","false","false","false","true","false","false","false","1","1","1","0.25","1","0","0","0","100","0","75","0.4","10","2.5","2","60","1.6","0.4","20.5","6.7","16","8.21","365","14","1","0","0","299","299","93","55729","2469","4839","7964","18624","375","10506","false","436880","46","87","242","11445","12423","7244"
"23","0.1","1","false","false","false","true","false","false","false","1","1","1","0.25","1","0","0","0","100","0","75","0.4","10","2.5","2","60","1.6","0.4","20.5","6.7","16","8.21","365","14","1","0","0","299","299","94","55199","2433","4842","8028","19114","384","10351","false","436853","46","88","250","11665","12641","7364"
"23","0.1","1","false","false","false","true","false","false","false","1","1","1","0.25","1","0","0","0","100","0","75","0.4","10","2.5","2","60","1.6","0.4","20.5","6.7","16","8.21","365","14","1","0","0","299","299","95","54604","2420","4860","8090","19634","392","10255","false","438060","47","91","254","11900","12872","7497"
"23","0.1","1","false","false","false","true","false","false","false","1","1","1","0.25","1","0","0","0","100","0","75","0.4","10","2.5","2","60","1.6","0.4","20.5","6.7","16","8.21","365","14","1","0","0","299","299","96","53965","2515","4868","8105","20138","409","10323","false","438573","48","95","266","12087","13097","7631"
"23","0.1","1","false","false","false","true","false","false","false","1","1","1","0.25","1","0","0","0","100","0","75","0.4","10","2.5","2","60","1.6","0.4","20.5","6.7","16","8.21","365","14","1","0","0","299","299","97","53400","2519","4900","8074","20684","423","10428","false","438030","51","98","274","12309","13330","7772"
"23","0.1","1","false","false","false","true","false","false","false","1","1","1","0.25","1","0","0","0","100","0","75","0.4","10","2.5","2","60","1.6","0.4","20.5","6.7","16","8.21","365","14","1","0","0","299","299","98","52824","2509","4928","8092","21216","431","10416","false","437060","52","102","277","12515","13549","7906"
"23","0.1","1","false","false","false","true","false","false","false","1","1","1","0.25","1","0","0","0","100","0","75","0.4","10","2.5","2","60","1.6","0.4","20.5","6.7","16","8.21","365","14","1","0","0","299","299","99","52253","2519","4891","8136","21756","445","10377","false","437107","54","102","289","12725","13747","8031"
"23","0.1","1","false","false","false","true","false","false","false","1","1","1","0.25","1","0","0","0","100","0","75","0.4","10","2.5","2","60","1.6","0.4","20.5","6.7","16","8.21","365","14","1","0","0","299","299","100","51687","2516","4927","8120","22297","453","10371","false","437151","57","103","293","12931","13991","8160"
"23","0.1","1","false","false","false","true","false","false","false","1","1","1","0.25","1","0","0","0","100","0","75","0.4","10","2.5","2","60","1.6","0.4","20.5","6.7","16","8.21","365","14","1","0","0","299","299","101","51086","2515","4959","8119","22857","464","10476","false","437085","58","107","299","13156","14216","8304"
"23","0.1","1","false","false","false","true","false","false","false","1","1","1","0.25","1","0","0","0","100","0","75","0.4","10","2.5","2","60","1.6","0.4","20.5","6.7","16","8.21","365","14","1","0","0","299","299","102","50489","2542","4976","8124","23396","473","10528","false","436126","59","108","306","13368","14436","8431"
"23","0.1","1","false","false","false","true","false","false","false","1","1","1","0.25","1","0","0","0","100","0","75","0.4","10","2.5","2","60","1.6","0.4","20.5","6.7","16","8.21","365","14","1","0","0","299","299","103","49921","2527","5020","8136","23911","485","10536","false","435617","61","110","314","13597","14666","8568"
"23","0.1","1","false","false","false","true","false","false","false","1","1","1","0.25","1","0","0","0","100","0","75","0.4","10","2.5","2","60","1.6","0.4","20.5","6.7","16","8.21","365","14","1","0","0","299","299","104","49364","2480","5056","8179","24431","490","10473","false","435336","61","111","318","13849","14894","8693"
"23","0.1","1","false","false","false","true","false","false","false","1","1","1","0.25","1","0","0","0","100","0","75","0.4","10","2.5","2","60","1.6","0.4","20.5","6.7","16","8.21","365","14","1","0","0","299","299","105","48805","2493","5069","8153","24982","498","10442","false","435807","61","113","324","14049","15129","8813"
"23","0.1","1","false","false","false","true","false","false","false","1","1","1","0.25","1","0","0","0","100","0","75","0.4","10","2.5","2","60","1.6","0.4","20.5","6.7","16","8.21","365","14","1","0","0","299","299","106","48246","2465","5118","8147","25511","513","10474","false","435860","63","116","334","14255","15382","8969"
"23","0.1","1","false","false","false","true","false","false","false","1","1","1","0.25","1","0","0","0","100","0","75","0.4","10","2.5","2","60","1.6","0.4","20.5","6.7","16","8.21","365","14","1","0","0","299","299","107","47673","2478","5121","8126","26074","528","10415","false","435520","66","120","342","14469","15595","9088"
"23","0.1","1","false","false","false","true","false","false","false","1","1","1","0.25","1","0","0","0","100","0","75","0.4","10","2.5","2","60","1.6","0.4","20.5","6.7","16","8.21","365","14","1","0","0","299","299","108","47115","2456","5129","8137","26623","540","10415","false","435785","68","123","349","14681","15834","9225"
"23","0.1","1","false","false","false","true","false","false","false","1","1","1","0.25","1","0","0","0","100","0","75","0.4","10","2.5","2","60","1.6","0.4","20.5","6.7","16","8.21","365","14","1","0","0","299","299","109","46569","2399","5130","8177","27175","550","10306","false","435758","71","125","354","14916","16071","9355"
"23","0.1","1","false","false","false","true","false","false","false","1","1","1","0.25","1","0","0","0","100","0","75","0.4","10","2.5","2","60","1.6","0.4","20.5","6.7","16","8.21","365","14","1","0","0","299","299","110","46015","2370","5106","8209","27742","558","10249","false","436468","73","127","358","15131","16302","9475"
"23","0.1","1","false","false","false","true","false","false","false","1","1","1","0.25","1","0","0","0","100","0","75","0.4","10","2.5","2","60","1.6","0.4","20.5","6.7","16","8.21","365","14","1","0","0","299","299","111","45414","2454","5123","8132","28306","571","10233","false","436802","76","128","367","15344","16513","9607"
"23","0.1","1","false","false","false","true","false","false","false","1","1","1","0.25","1","0","0","0","100","0","75","0.4","10","2.5","2","60","1.6","0.4","20.5","6.7","16","8.21","365","14","1","0","0","299","299","112","44832","2457","5117","8131","28884","579","10236","false","436884","79","128","372","15549","16747","9747"
"23","0.1","1","false","false","false","true","false","false","false","1","1","1","0.25","1","0","0","0","100","0","75","0.4","10","2.5","2","60","1.6","0.4","20.5","6.7","16","8.21","365","14","1","0","0","299","299","113","44292","2435","5096","8140","29453","584","10254","false","436797","79","131","374","15758","16959","9875"
"23","0.1","1","false","false","false","true","false","false","false","1","1","1","0.25","1","0","0","0","100","0","75","0.4","10","2.5","2","60","1.6","0.4","20.5","6.7","16","8.21","365","14","1","0","0","299","299","114","43775","2381","5079","8144","30026","595","10091","false","436603","79","135","381","15957","17198","10011"
"23","0.1","1","false","false","false","true","false","false","false","1","1","1","0.25","1","0","0","0","100","0","75","0.4","10","2.5","2","60","1.6","0.4","20.5","6.7","16","8.21","365","14","1","0","0","299","299","115","43235","2339","5101","8175","30544","606","10024","false","437897","80","138","388","16199","17429","10127"
"23","0.1","1","false","false","false","true","false","false","false","1","1","1","0.25","1","0","0","0","100","0","75","0.4","10","2.5","2","60","1.6","0.4","20.5","6.7","16","8.21","365","14","1","0","0","299","299","116","42665","2344","5103","8181","31095","612","9980","false","438303","80","142","390","16412","17659","10262"
"23","0.1","1","false","false","false","true","false","false","false","1","1","1","0.25","1","0","0","0","100","0","75","0.4","10","2.5","2","60","1.6","0.4","20.5","6.7","16","8.21","365","14","1","0","0","299","299","117","42114","2362","5104","8186","31616","618","9972","false","438653","81","143","394","16629","17860","10389"
"23","0.1","1","false","false","false","true","false","false","false","1","1","1","0.25","1","0","0","0","100","0","75","0.4","10","2.5","2","60","1.6","0.4","20.5","6.7","16","8.21","365","14","1","0","0","299","299","118","41537","2360","5079","8191","32204","629","9925","false","438686","83","144","402","16817","18075","10518"
"23","0.1","1","false","false","false","true","false","false","false","1","1","1","0.25","1","0","0","0","100","0","75","0.4","10","2.5","2","60","1.6","0.4","20.5","6.7","16","8.21","365","14","1","0","0","299","299","119","41026","2328","5075","8157","32779","635","9887","false","438935","84","146","405","17040","18303","10638"
"23","0.1","1","false","false","false","true","false","false","false","1","1","1","0.25","1","0","0","0","100","0","75","0.4","10","2.5","2","60","1.6","0.4","20.5","6.7","16","8.21","365","14","1","0","0","299","299","120","40472","2351","5073","8133","33321","650","9823","false","439292","86","151","413","17230","18528","10772"
"23","0.1","1","false","false","false","true","false","false","false","1","1","1","0.25","1","0","0","0","100","0","75","0.4","10","2.5","2","60","1.6","0.4","20.5","6.7","16","8.21","365","14","1","0","0","299","299","121","39992","2287","5019","8109","33933","660","9875","false","439888","89","155","416","17423","18738","10908"
"23","0.1","1","false","false","false","true","false","false","false","1","1","1","0.25","1","0","0","0","100","0","75","0.4","10","2.5","2","60","1.6","0.4","20.5","6.7","16","8.21","365","14","1","0","0","299","299","122","39437","2271","4979","8143","34504","666","9787","false","439472","89","157","420","17620","18946","11029"
"23","0.1","1","false","false","false","true","false","false","false","1","1","1","0.25","1","0","0","0","100","0","75","0.4","10","2.5","2","60","1.6","0.4","20.5","6.7","16","8.21","365","14","1","0","0","299","299","123","38862","2299","4948","8162","35051","678","9884","false","440102","91","159","428","17834","19159","11153"
"23","0.1","1","false","false","false","true","false","false","false","1","1","1","0.25","1","0","0","0","100","0","75","0.4","10","2.5","2","60","1.6","0.4","20.5","6.7","16","8.21","365","14","1","0","0","299","299","124","38340","2304","4926","8104","35634","692","9828","false","439251","94","161","437","18045","19393","11258"
"23","0.1","1","false","false","false","true","false","false","false","1","1","1","0.25","1","0","0","0","100","0","75","0.4","10","2.5","2","60","1.6","0.4","20.5","6.7","16","8.21","365","14","1","0","0","299","299","125","37813","2225","4913","8152","36196","701","9715","false","439664","95","164","442","18256","19626","11398"
"23","0.1","1","false","false","false","true","false","false","false","1","1","1","0.25","1","0","0","0","100","0","75","0.4","10","2.5","2","60","1.6","0.4","20.5","6.7","16","8.21","365","14","1","0","0","299","299","126","37304","2163","4907","8164","36753","709","9676","false","440377","96","167","446","18469","19843","11513"
"23","0.1","1","false","false","false","true","false","false","false","1","1","1","0.25","1","0","0","0","100","0","75","0.4","10","2.5","2","60","1.6","0.4","20.5","6.7","16","8.21","365","14","1","0","0","299","299","127","36795","2161","4926","8103","37296","719","9627","false","440603","98","169","452","18689","20044","11630"
"23","0.1","1","false","false","false","true","false","false","false","1","1","1","0.25","1","0","0","0","100","0","75","0.4","10","2.5","2","60","1.6","0.4","20.5","6.7","16","8.21","365","14","1","0","0","299","299","128","36246","2203","4927","8068","37826","730","9554","false","440921","99","172","459","18898","20274","11726"
"23","0.1","1","false","false","false","true","false","false","false","1","1","1","0.25","1","0","0","0","100","0","75","0.4","10","2.5","2","60","1.6","0.4","20.5","6.7","16","8.21","365","14","1","0","0","299","299","129","35716","2232","4919","8015","38379","739","9561","false","441215","100","173","466","19105","20475","11845"
"23","0.1","1","false","false","false","true","false","false","false","1","1","1","0.25","1","0","0","0","100","0","75","0.4","10","2.5","2","60","1.6","0.4","20.5","6.7","16","8.21","365","14","1","0","0","299","299","130","35176","2241","4919","7987","38930","747","9511","false","441118","102","174","471","19324","20688","11965"
"23","0.1","1","false","false","false","true","false","false","false","1","1","1","0.25","1","0","0","0","100","0","75","0.4","10","2.5","2","60","1.6","0.4","20.5","6.7","16","8.21","365","14","1","0","0","299","299","131","34703","2219","4850","7915","39556","757","9426","false","441442","103","177","477","19496","20902","12068"
"23","0.1","1","false","false","false","true","false","false","false","1","1","1","0.25","1","0","0","0","100","0","75","0.4","10","2.5","2","60","1.6","0.4","20.5","6.7","16","8.21","365","14","1","0","0","299","299","132","34223","2180","4873","7891","40065","768","9371","false","442245","104","179","485","19685","21096","12191"
"23","0.1","1","false","false","false","true","false","false","false","1","1","1","0.25","1","0","0","0","100","0","75","0.4","10","2.5","2","60","1.6","0.4","20.5","6.7","16","8.21","365","14","1","0","0","299","299","133","33694","2189","4861","7883","40593","780","9334","false","442698","104","181","495","19880","21279","12304"
"23","0.1","1","false","false","false","true","false","false","false","1","1","1","0.25","1","0","0","0","100","0","75","0.4","10","2.5","2","60","1.6","0.4","20.5","6.7","16","8.21","365","14","1","0","0","299","299","134","33210","2164","4843","7847","41144","792","9285","false","442780","108","184","500","20054","21506","12425"
"23","0.1","1","false","false","false","true","false","false","false","1","1","1","0.25","1","0","0","0","100","0","75","0.4","10","2.5","2","60","1.6","0.4","20.5","6.7","16","8.21","365","14","1","0","0","299","299","135","32727","2119","4801","7832","41721","800","9224","false","443212","110","185","505","20254","21714","12551"
"23","0.1","1","false","false","false","true","false","false","false","1","1","1","0.25","1","0","0","0","100","0","75","0.4","10","2.5","2","60","1.6","0.4","20.5","6.7","16","8.21","365","14","1","0","0","299","299","136","32232","2143","4806","7756","42255","808","9253","false","443538","113","187","508","20420","21899","12661"
"23","0.1","1","false","false","false","true","false","false","false","1","1","1","0.25","1","0","0","0","100","0","75","0.4","10","2.5","2","60","1.6","0.4","20.5","6.7","16","8.21","365","14","1","0","0","299","299","137","31741","2128","4805","7703","42809","814","9146","false","443280","113","189","512","20611","22090","12800"
"23","0.1","1","false","false","false","true","false","false","false","1","1","1","0.25","1","0","0","0","100","0","75","0.4","10","2.5","2","60","1.6","0.4","20.5","6.7","16","8.21","365","14","1","0","0","299","299","138","31258","2114","4802","7601","43402","823","9047","false","444032","115","190","518","20813","22306","12912"
"23","0.1","1","false","false","false","true","false","false","false","1","1","1","0.25","1","0","0","0","100","0","75","0.4","10","2.5","2","60","1.6","0.4","20.5","6.7","16","8.21","365","14","1","0","0","299","299","139","30777","2083","4751","7575","43985","829","8894","false","444826","117","191","521","21009","22518","13016"
"23","0.1","1","false","false","false","true","false","false","false","1","1","1","0.25","1","0","0","0","100","0","75","0.4","10","2.5","2","60","1.6","0.4","20.5","6.7","16","8.21","365","14","1","0","0","299","299","140","30299","2083","4733","7504","44544","837","8788","false","446093","118","195","524","21199","22726","13144"
"23","0.1","1","false","false","false","true","false","false","false","1","1","1","0.25","1","0","0","0","100","0","75","0.4","10","2.5","2","60","1.6","0.4","20.5","6.7","16","8.21","365","14","1","0","0","299","299","141","29890","2002","4685","7445","45131","847","8660","false","446940","120","199","528","21360","22944","13247"
"23","0.1","1","false","false","false","true","false","false","false","1","1","1","0.25","1","0","0","0","100","0","75","0.4","10","2.5","2","60","1.6","0.4","20.5","6.7","16","8.21","365","14","1","0","0","299","299","142","29437","1971","4637","7432","45668","855","8598","false","447942","121","201","533","21549","23141","13365"
"23","0.1","1","false","false","false","true","false","false","false","1","1","1","0.25","1","0","0","0","100","0","75","0.4","10","2.5","2","60","1.6","0.4","20.5","6.7","16","8.21","365","14","1","0","0","299","299","143","28954","2004","4601","7378","46200","863","8503","false","448493","122","204","537","21704","23338","13467"
"23","0.1","1","false","false","false","true","false","false","false","1","1","1","0.25","1","0","0","0","100","0","75","0.4","10","2.5","2","60","1.6","0.4","20.5","6.7","16","8.21","365","14","1","0","0","299","299","144","28464","2017","4566","7344","46739","870","8444","false","449199","122","206","542","21877","23531","13575"
"23","0.1","1","false","false","false","true","false","false","false","1","1","1","0.25","1","0","0","0","100","0","75","0.4","10","2.5","2","60","1.6","0.4","20.5","6.7","16","8.21","365","14","1","0","0","299","299","145","28020","1981","4516","7306","47297","880","8215","false","449650","123","207","550","22033","23702","13687"
"23","0.1","1","false","false","false","true","false","false","false","1","1","1","0.25","1","0","0","0","100","0","75","0.4","10","2.5","2","60","1.6","0.4","20.5","6.7","16","8.21","365","14","1","0","0","299","299","146","27560","1977","4471","7289","47816","887","8110","false","451314","124","209","554","22216","23899","13774"
"23","0.1","1","false","false","false","true","false","false","false","1","1","1","0.25","1","0","0","0","100","0","75","0.4","10","2.5","2","60","1.6","0.4","20.5","6.7","16","8.21","365","14","1","0","0","299","299","147","27127","1947","4461","7239","48328","898","7955","false","452167","124","213","561","22386","24098","13877"
"23","0.1","1","false","false","false","true","false","false","false","1","1","1","0.25","1","0","0","0","100","0","75","0.4","10","2.5","2","60","1.6","0.4","20.5","6.7","16","8.21","365","14","1","0","0","299","299","148","26691","1889","4437","7214","48864","905","7880","false","453381","125","213","567","22567","24301","13986"
"23","0.1","1","false","false","false","true","false","false","false","1","1","1","0.25","1","0","0","0","100","0","75","0.4","10","2.5","2","60","1.6","0.4","20.5","6.7","16","8.21","365","14","1","0","0","299","299","149","26256","1871","4410","7167","49381","915","7703","false","454090","128","215","572","22743","24497","14088"
"23","0.1","1","false","false","false","true","false","false","false","1","1","1","0.25","1","0","0","0","100","0","75","0.4","10","2.5","2","60","1.6","0.4","20.5","6.7","16","8.21","365","14","1","0","0","299","299","150","25813","1885","4365","7117","49899","921","7572","false","455471","129","220","572","22900","24669","14178"
"23","0.1","1","false","false","false","true","false","false","false","1","1","1","0.25","1","0","0","0","100","0","75","0.4","10","2.5","2","60","1.6","0.4","20.5","6.7","16","8.21","365","14","1","0","0","299","299","151","25343","1940","4352","7011","50423","931","7603","false","456516","130","222","579","23058","24847","14288"
"23","0.1","1","false","false","false","true","false","false","false","1","1","1","0.25","1","0","0","0","100","0","75","0.4","10","2.5","2","60","1.6","0.4","20.5","6.7","16","8.21","365","14","1","0","0","299","299","152","24944","1878","4333","6976","50929","940","7494","false","456493","132","226","582","23227","25033","14389"
"23","0.1","1","false","false","false","true","false","false","false","1","1","1","0.25","1","0","0","0","100","0","75","0.4","10","2.5","2","60","1.6","0.4","20.5","6.7","16","8.21","365","14","1","0","0","299","299","153","24497","1878","4279","6953","51446","947","7437","false","457299","132","229","586","23382","25230","14482"
"23","0.1","1","false","false","false","true","false","false","false","1","1","1","0.25","1","0","0","0","100","0","75","0.4","10","2.5","2","60","1.6","0.4","20.5","6.7","16","8.21","365","14","1","0","0","299","299","154","24120","1824","4250","6903","51943","960","7387","false","457710","132","234","594","23553","25409","14581"
"23","0.1","1","false","false","false","true","false","false","false","1","1","1","0.25","1","0","0","0","100","0","75","0.4","10","2.5","2","60","1.6","0.4","20.5","6.7","16","8.21","365","14","1","0","0","299","299","155","23696","1799","4208","6884","52445","968","7424","false","458070","135","235","598","23711","25587","14680"
"23","0.1","1","false","false","false","true","false","false","false","1","1","1","0.25","1","0","0","0","100","0","75","0.4","10","2.5","2","60","1.6","0.4","20.5","6.7","16","8.21","365","14","1","0","0","299","299","156","23318","1755","4178","6872","52897","980","7370","false","457823","136","240","604","23874","25745","14774"
"23","0.1","1","false","false","false","true","false","false","false","1","1","1","0.25","1","0","0","0","100","0","75","0.4","10","2.5","2","60","1.6","0.4","20.5","6.7","16","8.21","365","14","1","0","0","299","299","157","22935","1696","4144","6810","53434","981","7280","false","458255","136","240","605","24036","25909","14871"
"23","0.1","1","false","false","false","true","false","false","false","1","1","1","0.25","1","0","0","0","100","0","75","0.4","10","2.5","2","60","1.6","0.4","20.5","6.7","16","8.21","365","14","1","0","0","299","299","158","22569","1640","4140","6725","53936","990","7345","false","459097","136","242","612","24185","26096","14971"
"23","0.1","1","false","false","false","true","false","false","false","1","1","1","0.25","1","0","0","0","100","0","75","0.4","10","2.5","2","60","1.6","0.4","20.5","6.7","16","8.21","365","14","1","0","0","299","299","159","22190","1632","4118","6629","54429","1002","7411","false","458719","137","244","621","24353","26255","15060"
"23","0.1","1","false","false","false","true","false","false","false","1","1","1","0.25","1","0","0","0","100","0","75","0.4","10","2.5","2","60","1.6","0.4","20.5","6.7","16","8.21","365","14","1","0","0","299","299","160","21840","1579","4118","6526","54918","1019","7286","false","458050","140","247","632","24523","26421","15154"
"23","0.1","1","false","false","false","true","false","false","false","1","1","1","0.25","1","0","0","0","100","0","75","0.4","10","2.5","2","60","1.6","0.4","20.5","6.7","16","8.21","365","14","1","0","0","299","299","161","21484","1596","4077","6402","55412","1029","7228","false","459024","141","253","635","24647","26567","15249"
"23","0.1","1","false","false","false","true","false","false","false","1","1","1","0.25","1","0","0","0","100","0","75","0.4","10","2.5","2","60","1.6","0.4","20.5","6.7","16","8.21","365","14","1","0","0","299","299","162","21149","1541","4050","6308","55917","1035","7174","false","459454","142","255","638","24799","26737","15340"
"23","0.1","1","false","false","false","true","false","false","false","1","1","1","0.25","1","0","0","0","100","0","75","0.4","10","2.5","2","60","1.6","0.4","20.5","6.7","16","8.21","365","14","1","0","0","299","299","163","20854","1488","3975","6245","56396","1042","6938","false","459949","143","259","640","24927","26876","15426"
"23","0.1","1","false","false","false","true","false","false","false","1","1","1","0.25","1","0","0","0","100","0","75","0.4","10","2.5","2","60","1.6","0.4","20.5","6.7","16","8.21","365","14","1","0","0","299","299","164","20531","1452","3917","6162","56884","1054","6789","false","461589","145","259","650","25060","27049","15499"
"23","0.1","1","false","false","false","true","false","false","false","1","1","1","0.25","1","0","0","0","100","0","75","0.4","10","2.5","2","60","1.6","0.4","20.5","6.7","16","8.21","365","14","1","0","0","299","299","165","20188","1438","3852","6108","57358","1056","6618","false","462715","145","259","652","25174","27204","15588"
"23","0.1","1","false","false","false","true","false","false","false","1","1","1","0.25","1","0","0","0","100","0","75","0.4","10","2.5","2","60","1.6","0.4","20.5","6.7","16","8.21","365","14","1","0","0","299","299","166","19863","1442","3774","6018","57836","1067","6472","false","464145","146","260","661","25286","27327","15669"
"23","0.1","1","false","false","false","true","false","false","false","1","1","1","0.25","1","0","0","0","100","0","75","0.4","10","2.5","2","60","1.6","0.4","20.5","6.7","16","8.21","365","14","1","0","0","299","299","167","19594","1386","3744","5900","58306","1070","6278","false","465333","146","260","664","25411","27469","15741"
"23","0.1","1","false","false","false","true","false","false","false","1","1","1","0.25","1","0","0","0","100","0","75","0.4","10","2.5","2","60","1.6","0.4","20.5","6.7","16","8.21","365","14","1","0","0","299","299","168","19294","1350","3681","5828","58763","1084","6132","false","466837","146","262","676","25544","27589","15819"
"23","0.1","1","false","false","false","true","false","false","false","1","1","1","0.25","1","0","0","0","100","0","75","0.4","10","2.5","2","60","1.6","0.4","20.5","6.7","16","8.21","365","14","1","0","0","299","299","169","18980","1354","3644","5746","59181","1095","5990","false","467999","147","267","681","25666","27710","15888"
"23","0.1","1","false","false","false","true","false","false","false","1","1","1","0.25","1","0","0","0","100","0","75","0.4","10","2.5","2","60","1.6","0.4","20.5","6.7","16","8.21","365","14","1","0","0","299","299","170","18629","1390","3593","5657","59631","1100","5887","false","469111","147","268","685","25780","27858","15958"
"23","0.1","1","false","false","false","true","false","false","false","1","1","1","0.25","1","0","0","0","100","0","75","0.4","10","2.5","2","60","1.6","0.4","20.5","6.7","16","8.21","365","14","1","0","0","299","299","171","18311","1399","3530","5555","60100","1105","5779","false","469963","147","271","687","25909","28001","16030"
"23","0.1","1","false","false","false","true","false","false","false","1","1","1","0.25","1","0","0","0","100","0","75","0.4","10","2.5","2","60","1.6","0.4","20.5","6.7","16","8.21","365","14","1","0","0","299","299","172","17996","1363","3461","5528","60540","1112","5615","false","470937","148","272","692","26024","28142","16100"
"23","0.1","1","false","false","false","true","false","false","false","1","1","1","0.25","1","0","0","0","100","0","75","0.4","10","2.5","2","60","1.6","0.4","20.5","6.7","16","8.21","365","14","1","0","0","299","299","173","17669","1356","3384","5482","60991","1118","5454","false","472331","148","274","696","26142","28244","16187"
"23","0.1","1","false","false","false","true","false","false","false","1","1","1","0.25","1","0","0","0","100","0","75","0.4","10","2.5","2","60","1.6","0.4","20.5","6.7","16","8.21","365","14","1","0","0","299","299","174","17359","1345","3355","5380","61436","1125","5411","false","473596","148","277","700","26273","28363","16278"
"23","0.1","1","false","false","false","true","false","false","false","1","1","1","0.25","1","0","0","0","100","0","75","0.4","10","2.5","2","60","1.6","0.4","20.5","6.7","16","8.21","365","14","1","0","0","299","299","175","17060","1319","3284","5318","61887","1132","5362","false","473899","149","278","705","26383","28498","16357"
"23","0.1","1","false","false","false","true","false","false","false","1","1","1","0.25","1","0","0","0","100","0","75","0.4","10","2.5","2","60","1.6","0.4","20.5","6.7","16","8.21","365","14","1","0","0","299","299","176","16753","1308","3225","5243","62334","1137","5287","false","474385","149","278","710","26509","28629","16421"
"23","0.1","1","false","false","false","true","false","false","false","1","1","1","0.25","1","0","0","0","100","0","75","0.4","10","2.5","2","60","1.6","0.4","20.5","6.7","16","8.21","365","14","1","0","0","299","299","177","16477","1268","3159","5163","62792","1141","5306","false","475020","149","280","712","26625","28730","16501"
"23","0.1","1","false","false","false","true","false","false","false","1","1","1","0.25","1","0","0","0","100","0","75","0.4","10","2.5","2","60","1.6","0.4","20.5","6.7","16","8.21","365","14","1","0","0","299","299","178","16160","1294","3108","5060","63229","1149","5270","false","475033","150","282","717","26738","28847","16570"
"23","0.1","1","false","false","false","true","false","false","false","1","1","1","0.25","1","0","0","0","100","0","75","0.4","10","2.5","2","60","1.6","0.4","20.5","6.7","16","8.21","365","14","1","0","0","299","299","179","15873","1273","3055","4984","63661","1154","5230","false","475309","151","282","721","26865","28983","16630"
"23","0.1","1","false","false","false","true","false","false","false","1","1","1","0.25","1","0","0","0","100","0","75","0.4","10","2.5","2","60","1.6","0.4","20.5","6.7","16","8.21","365","14","1","0","0","299","299","180","15593","1261","3041","4879","64067","1159","5227","false","475759","151","284","724","26986","29111","16691"
"23","0.1","1","false","false","false","true","false","false","false","1","1","1","0.25","1","0","0","0","100","0","75","0.4","10","2.5","2","60","1.6","0.4","20.5","6.7","16","8.21","365","14","1","0","0","299","299","181","15311","1216","3020","4849","64438","1166","5134","false","475943","151","288","727","27106","29247","16782"
"23","0.1","1","false","false","false","true","false","false","false","1","1","1","0.25","1","0","0","0","100","0","75","0.4","10","2.5","2","60","1.6","0.4","20.5","6.7","16","8.21","365","14","1","0","0","299","299","182","15022","1219","2982","4798","64810","1169","5085","false","476713","151","289","729","27226","29359","16839"
"23","0.1","1","false","false","false","true","false","false","false","1","1","1","0.25","1","0","0","0","100","0","75","0.4","10","2.5","2","60","1.6","0.4","20.5","6.7","16","8.21","365","14","1","0","0","299","299","183","14757","1206","2952","4751","65155","1179","5036","false","477239","151","294","734","27320","29468","16904"
"23","0.1","1","false","false","false","true","false","false","false","1","1","1","0.25","1","0","0","0","100","0","75","0.4","10","2.5","2","60","1.6","0.4","20.5","6.7","16","8.21","365","14","1","0","0","299","299","184","14501","1172","2939","4723","65478","1187","4995","false","477685","153","296","738","27440","29566","16980"
"23","0.1","1","false","false","false","true","false","false","false","1","1","1","0.25","1","0","0","0","100","0","75","0.4","10","2.5","2","60","1.6","0.4","20.5","6.7","16","8.21","365","14","1","0","0","299","299","185","14282","1130","2878","4654","65864","1192","4909","false","477991","153","297","742","27552","29663","17033"
"23","0.1","1","false","false","false","true","false","false","false","1","1","1","0.25","1","0","0","0","100","0","75","0.4","10","2.5","2","60","1.6","0.4","20.5","6.7","16","8.21","365","14","1","0","0","299","299","186","14067","1061","2859","4594","66221","1198","4877","false","478661","154","297","747","27661","29784","17098"
"23","0.1","1","false","false","false","true","false","false","false","1","1","1","0.25","1","0","0","0","100","0","75","0.4","10","2.5","2","60","1.6","0.4","20.5","6.7","16","8.21","365","14","1","0","0","299","299","187","13814","1053","2820","4528","66580","1205","4835","false","478901","155","299","751","27757","29901","17153"
"23","0.1","1","false","false","false","true","false","false","false","1","1","1","0.25","1","0","0","0","100","0","75","0.4","10","2.5","2","60","1.6","0.4","20.5","6.7","16","8.21","365","14","1","0","0","299","299","188","13556","1070","2788","4416","66960","1210","4737","false","479112","156","300","754","27844","30009","17213"
"23","0.1","1","false","false","false","true","false","false","false","1","1","1","0.25","1","0","0","0","100","0","75","0.4","10","2.5","2","60","1.6","0.4","20.5","6.7","16","8.21","365","14","1","0","0","299","299","189","13327","1054","2726","4382","67284","1227","4645","false","479929","157","303","767","27921","30116","17267"
"23","0.1","1","false","false","false","true","false","false","false","1","1","1","0.25","1","0","0","0","100","0","75","0.4","10","2.5","2","60","1.6","0.4","20.5","6.7","16","8.21","365","14","1","0","0","299","299","190","13070","1049","2692","4307","67652","1230","4581","false","480523","157","304","769","28026","30236","17331"
"23","0.1","1","false","false","false","true","false","false","false","1","1","1","0.25","1","0","0","0","100","0","75","0.4","10","2.5","2","60","1.6","0.4","20.5","6.7","16","8.21","365","14","1","0","0","299","299","191","12837","1033","2661","4270","67964","1235","4553","false","481233","157","307","771","28122","30354","17392"
"23","0.1","1","false","false","false","true","false","false","false","1","1","1","0.25","1","0","0","0","100","0","75","0.4","10","2.5","2","60","1.6","0.4","20.5","6.7","16","8.21","365","14","1","0","0","299","299","192","12610","1022","2612","4184","68331","1241","4444","false","481569","157","308","776","28205","30455","17442"
"23","0.1","1","false","false","false","true","false","false","false","1","1","1","0.25","1","0","0","0","100","0","75","0.4","10","2.5","2","60","1.6","0.4","20.5","6.7","16","8.21","365","14","1","0","0","299","299","193","12388","1008","2561","4116","68679","1248","4309","false","482477","158","309","781","28290","30550","17490"
"23","0.1","1","false","false","false","true","false","false","false","1","1","1","0.25","1","0","0","0","100","0","75","0.4","10","2.5","2","60","1.6","0.4","20.5","6.7","16","8.21","365","14","1","0","0","299","299","194","12163","1001","2526","4046","69011","1253","4267","false","483601","159","310","784","28365","30641","17554"
"23","0.1","1","false","false","false","true","false","false","false","1","1","1","0.25","1","0","0","0","100","0","75","0.4","10","2.5","2","60","1.6","0.4","20.5","6.7","16","8.21","365","14","1","0","0","299","299","195","11959","998","2513","3977","69294","1259","4250","false","483860","160","312","787","28445","30728","17611"
"23","0.1","1","false","false","false","true","false","false","false","1","1","1","0.25","1","0","0","0","100","0","75","0.4","10","2.5","2","60","1.6","0.4","20.5","6.7","16","8.21","365","14","1","0","0","299","299","196","11738","989","2456","3931","69620","1266","4143","false","484126","160","315","791","28531","30821","17657"
"23","0.1","1","false","false","false","true","false","false","false","1","1","1","0.25","1","0","0","0","100","0","75","0.4","10","2.5","2","60","1.6","0.4","20.5","6.7","16","8.21","365","14","1","0","0","299","299","197","11519","956","2425","3889","69945","1266","4085","false","484924","160","315","791","28643","30902","17704"
"23","0.1","1","false","false","false","true","false","false","false","1","1","1","0.25","1","0","0","0","100","0","75","0.4","10","2.5","2","60","1.6","0.4","20.5","6.7","16","8.21","365","14","1","0","0","299","299","198","11291","970","2389","3833","70244","1273","3996","false","485486","161","317","795","28727","30983","17755"
"23","0.1","1","false","false","false","true","false","false","false","1","1","1","0.25","1","0","0","0","100","0","75","0.4","10","2.5","2","60","1.6","0.4","20.5","6.7","16","8.21","365","14","1","0","0","299","299","199","11091","954","2362","3747","70566","1280","3944","false","486106","161","319","800","28805","31085","17804"
"23","0.1","1","false","false","false","true","false","false","false","1","1","1","0.25","1","0","0","0","100","0","75","0.4","10","2.5","2","60","1.6","0.4","20.5","6.7","16","8.21","365","14","1","0","0","299","299","200","10901","904","2327","3750","70832","1286","3899","false","486435","163","320","803","28889","31191","17859"
"23","0.1","1","false","false","false","true","false","false","false","1","1","1","0.25","1","0","0","0","100","0","75","0.4","10","2.5","2","60","1.6","0.4","20.5","6.7","16","8.21","365","14","1","0","0","299","299","201","10669","934","2305","3675","71127","1290","3873","false","486829","164","321","805","28963","31285","17899"
"23","0.1","1","false","false","false","true","false","false","false","1","1","1","0.25","1","0","0","0","100","0","75","0.4","10","2.5","2","60","1.6","0.4","20.5","6.7","16","8.21","365","14","1","0","0","299","299","202","10482","888","2254","3650","71431","1295","3779","false","487074","165","321","809","29049","31373","17952"
"23","0.1","1","false","false","false","true","false","false","false","1","1","1","0.25","1","0","0","0","100","0","75","0.4","10","2.5","2","60","1.6","0.4","20.5","6.7","16","8.21","365","14","1","0","0","299","299","203","10293","870","2219","3586","71729","1303","3702","false","487873","166","323","814","29124","31464","18000"
"23","0.1","1","false","false","false","true","false","false","false","1","1","1","0.25","1","0","0","0","100","0","75","0.4","10","2.5","2","60","1.6","0.4","20.5","6.7","16","8.21","365","14","1","0","0","299","299","204","10106","846","2164","3532","72045","1307","3607","false","488435","167","325","815","29208","31539","18049"
"23","0.1","1","false","false","false","true","false","false","false","1","1","1","0.25","1","0","0","0","100","0","75","0.4","10","2.5","2","60","1.6","0.4","20.5","6.7","16","8.21","365","14","1","0","0","299","299","205","9899","846","2122","3485","72336","1312","3564","false","489180","168","326","818","29283","31623","18094"
"23","0.1","1","false","false","false","true","false","false","false","1","1","1","0.25","1","0","0","0","100","0","75","0.4","10","2.5","2","60","1.6","0.4","20.5","6.7","16","8.21","365","14","1","0","0","299","299","206","9703","843","2096","3432","72611","1315","3574","false","489475","169","326","820","29360","31701","18142"
"23","0.1","1","false","false","false","true","false","false","false","1","1","1","0.25","1","0","0","0","100","0","75","0.4","10","2.5","2","60","1.6","0.4","20.5","6.7","16","8.21","365","14","1","0","0","299","299","207","9505","839","2083","3374","72879","1320","3595","false","489436","169","328","823","29426","31782","18194"
"23","0.1","1","false","false","false","true","false","false","false","1","1","1","0.25","1","0","0","0","100","0","75","0.4","10","2.5","2","60","1.6","0.4","20.5","6.7","16","8.21","365","14","1","0","0","299","299","208","9346","794","2060","3319","73158","1323","3569","false","489327","169","330","824","29505","31861","18247"
"23","0.1","1","false","false","false","true","false","false","false","1","1","1","0.25","1","0","0","0","100","0","75","0.4","10","2.5","2","60","1.6","0.4","20.5","6.7","16","8.21","365","14","1","0","0","299","299","209","9155","814","2029","3244","73431","1327","3567","false","489661","170","330","827","29580","31926","18293"
"23","0.1","1","false","false","false","true","false","false","false","1","1","1","0.25","1","0","0","0","100","0","75","0.4","10","2.5","2","60","1.6","0.4","20.5","6.7","16","8.21","365","14","1","0","0","299","299","210","9002","757","2012","3224","73670","1335","3489","false","489838","170","334","831","29652","32016","18353"
"23","0.1","1","false","false","false","true","false","false","false","1","1","1","0.25","1","0","0","0","100","0","75","0.4","10","2.5","2","60","1.6","0.4","20.5","6.7","16","8.21","365","14","1","0","0","299","299","211","8839","728","1974","3203","73917","1339","3416","false","490409","171","334","834","29719","32093","18397"
"23","0.1","1","false","false","false","true","false","false","false","1","1","1","0.25","1","0","0","0","100","0","75","0.4","10","2.5","2","60","1.6","0.4","20.5","6.7","16","8.21","365","14","1","0","0","299","299","212","8691","705","1956","3136","74169","1343","3330","false","491035","172","336","835","29784","32163","18446"
"23","0.1","1","false","false","false","true","false","false","false","1","1","1","0.25","1","0","0","0","100","0","75","0.4","10","2.5","2","60","1.6","0.4","20.5","6.7","16","8.21","365","14","1","0","0","299","299","213","8556","663","1923","3084","74429","1345","3257","false","491726","172","337","836","29835","32250","18484"
"23","0.1","1","false","false","false","true","false","false","false","1","1","1","0.25","1","0","0","0","100","0","75","0.4","10","2.5","2","60","1.6","0.4","20.5","6.7","16","8.21","365","14","1","0","0","299","299","214","8384","680","1919","3010","74660","1347","3158","false","492323","174","337","836","29906","32312","18528"
"23","0.1","1","false","false","false","true","false","false","false","1","1","1","0.25","1","0","0","0","100","0","75","0.4","10","2.5","2","60","1.6","0.4","20.5","6.7","16","8.21","365","14","1","0","0","299","299","215","8225","681","1891","2961","74887","1355","3104","false","493220","174","338","843","29978","32366","18567"
"23","0.1","1","false","false","false","true","false","false","false","1","1","1","0.25","1","0","0","0","100","0","75","0.4","10","2.5","2","60","1.6","0.4","20.5","6.7","16","8.21","365","14","1","0","0","299","299","216","8081","655","1852","2942","75109","1361","3022","false","493643","174","338","849","30045","32425","18598"
"23","0.1","1","false","false","false","true","false","false","false","1","1","1","0.25","1","0","0","0","100","0","75","0.4","10","2.5","2","60","1.6","0.4","20.5","6.7","16","8.21","365","14","1","0","0","299","299","217","7908","681","1822","2878","75348","1363","2963","false","494266","175","339","849","30098","32488","18631"
"23","0.1","1","false","false","false","true","false","false","false","1","1","1","0.25","1","0","0","0","100","0","75","0.4","10","2.5","2","60","1.6","0.4","20.5","6.7","16","8.21","365","14","1","0","0","299","299","218","7760","675","1800","2812","75582","1371","2906","false","494682","176","339","856","30152","32551","18674"
"23","0.1","1","false","false","false","true","false","false","false","1","1","1","0.25","1","0","0","0","100","0","75","0.4","10","2.5","2","60","1.6","0.4","20.5","6.7","16","8.21","365","14","1","0","0","299","299","219","7610","686","1759","2752","75821","1372","2805","false","495095","176","339","857","30202","32611","18702"
"23","0.1","1","false","false","false","true","false","false","false","1","1","1","0.25","1","0","0","0","100","0","75","0.4","10","2.5","2","60","1.6","0.4","20.5","6.7","16","8.21","365","14","1","0","0","299","299","220","7454","689","1741","2682","76060","1374","2716","false","495901","176","339","859","30253","32682","18743"
"23","0.1","1","false","false","false","true","false","false","false","1","1","1","0.25","1","0","0","0","100","0","75","0.4","10","2.5","2","60","1.6","0.4","20.5","6.7","16","8.21","365","14","1","0","0","299","299","221","7268","673","1720","2696","76265","1378","2609","false","496568","176","340","862","30320","32753","18781"
"23","0.1","1","false","false","false","true","false","false","false","1","1","1","0.25","1","0","0","0","100","0","75","0.4","10","2.5","2","60","1.6","0.4","20.5","6.7","16","8.21","365","14","1","0","0","299","299","222","7114","683","1686","2659","76478","1380","2524","false","497463","176","341","863","30374","32819","18812"
"23","0.1","1","false","false","false","true","false","false","false","1","1","1","0.25","1","0","0","0","100","0","75","0.4","10","2.5","2","60","1.6","0.4","20.5","6.7","16","8.21","365","14","1","0","0","299","299","223","6942","706","1648","2604","76714","1386","2514","false","498308","176","343","867","30431","32878","18852"
"23","0.1","1","false","false","false","true","false","false","false","1","1","1","0.25","1","0","0","0","100","0","75","0.4","10","2.5","2","60","1.6","0.4","20.5","6.7","16","8.21","365","14","1","0","0","299","299","224","6787","709","1626","2553","76930","1395","2533","false","498483","178","344","873","30501","32942","18878"
"23","0.1","1","false","false","false","true","false","false","false","1","1","1","0.25","1","0","0","0","100","0","75","0.4","10","2.5","2","60","1.6","0.4","20.5","6.7","16","8.21","365","14","1","0","0","299","299","225","6635","699","1591","2517","77163","1395","2562","false","498315","178","344","873","30568","33003","18918"
"23","0.1","1","false","false","false","true","false","false","false","1","1","1","0.25","1","0","0","0","100","0","75","0.4","10","2.5","2","60","1.6","0.4","20.5","6.7","16","8.21","365","14","1","0","0","299","299","226","6505","659","1552","2527","77360","1397","2507","false","498155","179","345","873","30618","33057","18954"
"23","0.1","1","false","false","false","true","false","false","false","1","1","1","0.25","1","0","0","0","100","0","75","0.4","10","2.5","2","60","1.6","0.4","20.5","6.7","16","8.21","365","14","1","0","0","299","299","227","6371","657","1527","2470","77576","1399","2521","false","498609","180","345","874","30675","33113","18988"
"23","0.1","1","false","false","false","true","false","false","false","1","1","1","0.25","1","0","0","0","100","0","75","0.4","10","2.5","2","60","1.6","0.4","20.5","6.7","16","8.21","365","14","1","0","0","299","299","228","6262","587","1534","2422","77794","1401","2462","false","498555","180","345","876","30755","33188","19036"
"23","0.1","1","false","false","false","true","false","false","false","1","1","1","0.25","1","0","0","0","100","0","75","0.4","10","2.5","2","60","1.6","0.4","20.5","6.7","16","8.21","365","14","1","0","0","299","299","229","6142","574","1492","2385","78001","1406","2383","false","499031","180","346","880","30814","33239","19055"
"23","0.1","1","false","false","false","true","false","false","false","1","1","1","0.25","1","0","0","0","100","0","75","0.4","10","2.5","2","60","1.6","0.4","20.5","6.7","16","8.21","365","14","1","0","0","299","299","230","6002","586","1477","2339","78184","1412","2336","false","499671","181","349","882","30865","33296","19088"
"23","0.1","1","false","false","false","true","false","false","false","1","1","1","0.25","1","0","0","0","100","0","75","0.4","10","2.5","2","60","1.6","0.4","20.5","6.7","16","8.21","365","14","1","0","0","299","299","231","5873","583","1454","2297","78377","1416","2292","false","499994","181","349","886","30914","33345","19113"
"23","0.1","1","false","false","false","true","false","false","false","1","1","1","0.25","1","0","0","0","100","0","75","0.4","10","2.5","2","60","1.6","0.4","20.5","6.7","16","8.21","365","14","1","0","0","299","299","232","5748","577","1430","2256","78569","1420","2304","false","500360","181","349","890","30962","33391","19147"
"23","0.1","1","false","false","false","true","false","false","false","1","1","1","0.25","1","0","0","0","100","0","75","0.4","10","2.5","2","60","1.6","0.4","20.5","6.7","16","8.21","365","14","1","0","0","299","299","233","5634","546","1413","2244","78742","1421","2262","false","500416","181","349","891","31023","33450","19193"
"23","0.1","1","false","false","false","true","false","false","false","1","1","1","0.25","1","0","0","0","100","0","75","0.4","10","2.5","2","60","1.6","0.4","20.5","6.7","16","8.21","365","14","1","0","0","299","299","234","5517","550","1383","2213","78915","1422","2230","false","500742","181","349","892","31061","33498","19218"
"23","0.1","1","false","false","false","true","false","false","false","1","1","1","0.25","1","0","0","0","100","0","75","0.4","10","2.5","2","60","1.6","0.4","20.5","6.7","16","8.21","365","14","1","0","0","299","299","235","5381","548","1377","2181","79085","1428","2239","false","501025","183","352","893","31128","33549","19252"
"23","0.1","1","false","false","false","true","false","false","false","1","1","1","0.25","1","0","0","0","100","0","75","0.4","10","2.5","2","60","1.6","0.4","20.5","6.7","16","8.21","365","14","1","0","0","299","299","236","5272","522","1354","2162","79260","1430","2164","false","500938","183","352","895","31177","33595","19273"
"23","0.1","1","false","false","false","true","false","false","false","1","1","1","0.25","1","0","0","0","100","0","75","0.4","10","2.5","2","60","1.6","0.4","20.5","6.7","16","8.21","365","14","1","0","0","299","299","237","5159","508","1326","2149","79427","1431","2129","false","501527","183","352","896","31216","33642","19305"
"23","0.1","1","false","false","false","true","false","false","false","1","1","1","0.25","1","0","0","0","100","0","75","0.4","10","2.5","2","60","1.6","0.4","20.5","6.7","16","8.21","365","14","1","0","0","299","299","238","5057","493","1310","2102","79606","1432","2094","false","501820","183","352","897","31254","33690","19328"
"23","0.1","1","false","false","false","true","false","false","false","1","1","1","0.25","1","0","0","0","100","0","75","0.4","10","2.5","2","60","1.6","0.4","20.5","6.7","16","8.21","365","14","1","0","0","299","299","239","4938","492","1301","2071","79763","1435","2069","false","502164","183","354","898","31299","33747","19360"
"23","0.1","1","false","false","false","true","false","false","false","1","1","1","0.25","1","0","0","0","100","0","75","0.4","10","2.5","2","60","1.6","0.4","20.5","6.7","16","8.21","365","14","1","0","0","299","299","240","4830","501","1293","2036","79904","1436","2064","false","502349","183","354","899","31346","33788","19391"
"23","0.1","1","false","false","false","true","false","false","false","1","1","1","0.25","1","0","0","0","100","0","75","0.4","10","2.5","2","60","1.6","0.4","20.5","6.7","16","8.21","365","14","1","0","0","299","299","241","4743","481","1267","2010","80061","1438","2041","false","502419","183","355","900","31391","33830","19418"
"23","0.1","1","false","false","false","true","false","false","false","1","1","1","0.25","1","0","0","0","100","0","75","0.4","10","2.5","2","60","1.6","0.4","20.5","6.7","16","8.21","365","14","1","0","0","299","299","242","4642","451","1259","1976","80232","1440","1999","false","502640","184","355","901","31442","33880","19447"
"23","0.1","1","false","false","false","true","false","false","false","1","1","1","0.25","1","0","0","0","100","0","75","0.4","10","2.5","2","60","1.6","0.4","20.5","6.7","16","8.21","365","14","1","0","0","299","299","243","4547","437","1230","1953","80385","1448","1978","false","502959","184","355","909","31488","33913","19473"
"23","0.1","1","false","false","false","true","false","false","false","1","1","1","0.25","1","0","0","0","100","0","75","0.4","10","2.5","2","60","1.6","0.4","20.5","6.7","16","8.21","365","14","1","0","0","299","299","244","4448","434","1211","1940","80517","1450","1931","false","503041","184","355","911","31514","33966","19498"
"23","0.1","1","false","false","false","true","false","false","false","1","1","1","0.25","1","0","0","0","100","0","75","0.4","10","2.5","2","60","1.6","0.4","20.5","6.7","16","8.21","365","14","1","0","0","299","299","245","4371","416","1198","1908","80654","1453","1852","false","503453","184","355","914","31554","34005","19523"
"23","0.1","1","false","false","false","true","false","false","false","1","1","1","0.25","1","0","0","0","100","0","75","0.4","10","2.5","2","60","1.6","0.4","20.5","6.7","16","8.21","365","14","1","0","0","299","299","246","4270","436","1181","1846","80808","1459","1888","false","504073","186","355","918","31588","34046","19549"
"23","0.1","1","false","false","false","true","false","false","false","1","1","1","0.25","1","0","0","0","100","0","75","0.4","10","2.5","2","60","1.6","0.4","20.5","6.7","16","8.21","365","14","1","0","0","299","299","247","4178","419","1154","1824","80964","1461","1881","false","503817","187","355","919","31623","34085","19579"
"23","0.1","1","false","false","false","true","false","false","false","1","1","1","0.25","1","0","0","0","100","0","75","0.4","10","2.5","2","60","1.6","0.4","20.5","6.7","16","8.21","365","14","1","0","0","299","299","248","4089","420","1137","1768","81121","1465","1767","false","503909","189","355","921","31658","34121","19591"
"23","0.1","1","false","false","false","true","false","false","false","1","1","1","0.25","1","0","0","0","100","0","75","0.4","10","2.5","2","60","1.6","0.4","20.5","6.7","16","8.21","365","14","1","0","0","299","299","249","3989","433","1130","1730","81251","1467","1701","false","504755","189","355","923","31696","34152","19615"
"23","0.1","1","false","false","false","true","false","false","false","1","1","1","0.25","1","0","0","0","100","0","75","0.4","10","2.5","2","60","1.6","0.4","20.5","6.7","16","8.21","365","14","1","0","0","299","299","250","3901","413","1106","1714","81398","1468","1690","false","505341","189","355","924","31737","34195","19643"
"23","0.1","1","false","false","false","true","false","false","false","1","1","1","0.25","1","0","0","0","100","0","75","0.4","10","2.5","2","60","1.6","0.4","20.5","6.7","16","8.21","365","14","1","0","0","299","299","251","3814","402","1083","1689","81543","1469","1646","false","505389","189","355","925","31776","34237","19667"
"23","0.1","1","false","false","false","true","false","false","false","1","1","1","0.25","1","0","0","0","100","0","75","0.4","10","2.5","2","60","1.6","0.4","20.5","6.7","16","8.21","365","14","1","0","0","299","299","252","3729","383","1062","1677","81679","1470","1585","false","505741","189","355","926","31821","34276","19689"
"23","0.1","1","false","false","false","true","false","false","false","1","1","1","0.25","1","0","0","0","100","0","75","0.4","10","2.5","2","60","1.6","0.4","20.5","6.7","16","8.21","365","14","1","0","0","299","299","253","3645","382","1042","1643","81816","1472","1542","false","506245","189","355","928","31856","34301","19702"
"23","0.1","1","false","false","false","true","false","false","false","1","1","1","0.25","1","0","0","0","100","0","75","0.4","10","2.5","2","60","1.6","0.4","20.5","6.7","16","8.21","365","14","1","0","0","299","299","254","3545","383","1023","1605","81970","1474","1510","false","506573","191","355","928","31898","34331","19728"
"23","0.1","1","false","false","false","true","false","false","false","1","1","1","0.25","1","0","0","0","100","0","75","0.4","10","2.5","2","60","1.6","0.4","20.5","6.7","16","8.21","365","14","1","0","0","299","299","255","3464","356","1004","1599","82099","1478","1488","false","506863","192","357","929","31945","34369","19750"
"23","0.1","1","false","false","false","true","false","false","false","1","1","1","0.25","1","0","0","0","100","0","75","0.4","10","2.5","2","60","1.6","0.4","20.5","6.7","16","8.21","365","14","1","0","0","299","299","256","3392","342","973","1559","82253","1481","1453","false","507007","192","359","930","31974","34406","19765"
"23","0.1","1","false","false","false","true","false","false","false","1","1","1","0.25","1","0","0","0","100","0","75","0.4","10","2.5","2","60","1.6","0.4","20.5","6.7","16","8.21","365","14","1","0","0","299","299","257","3304","350","952","1518","82394","1482","1447","false","507265","192","359","931","32019","34443","19784"
"23","0.1","1","false","false","false","true","false","false","false","1","1","1","0.25","1","0","0","0","100","0","75","0.4","10","2.5","2","60","1.6","0.4","20.5","6.7","16","8.21","365","14","1","0","0","299","299","258","3229","333","930","1501","82525","1482","1426","false","507369","192","359","931","32055","34480","19804"
"23","0.1","1","false","false","false","true","false","false","false","1","1","1","0.25","1","0","0","0","100","0","75","0.4","10","2.5","2","60","1.6","0.4","20.5","6.7","16","8.21","365","14","1","0","0","299","299","259","3148","340","916","1467","82647","1482","1415","false","507588","192","359","931","32085","34508","19824"
"23","0.1","1","false","false","false","true","false","false","false","1","1","1","0.25","1","0","0","0","100","0","75","0.4","10","2.5","2","60","1.6","0.4","20.5","6.7","16","8.21","365","14","1","0","0","299","299","260","3087","324","890","1449","82765","1485","1374","false","507724","192","361","932","32108","34541","19845"
"23","0.1","1","false","false","false","true","false","false","false","1","1","1","0.25","1","0","0","0","100","0","75","0.4","10","2.5","2","60","1.6","0.4","20.5","6.7","16","8.21","365","14","1","0","0","299","299","261","3003","336","881","1418","82876","1486","1406","false","508098","192","361","933","32139","34568","19857"
"23","0.1","1","false","false","false","true","false","false","false","1","1","1","0.25","1","0","0","0","100","0","75","0.4","10","2.5","2","60","1.6","0.4","20.5","6.7","16","8.21","365","14","1","0","0","299","299","262","2929","331","865","1397","82990","1488","1404","false","507919","192","361","935","32167","34602","19878"
"23","0.1","1","false","false","false","true","false","false","false","1","1","1","0.25","1","0","0","0","100","0","75","0.4","10","2.5","2","60","1.6","0.4","20.5","6.7","16","8.21","365","14","1","0","0","299","299","263","2867","317","853","1379","83094","1490","1364","false","507936","192","361","937","32187","34636","19900"
"23","0.1","1","false","false","false","true","false","false","false","1","1","1","0.25","1","0","0","0","100","0","75","0.4","10","2.5","2","60","1.6","0.4","20.5","6.7","16","8.21","365","14","1","0","0","299","299","264","2800","307","840","1357","83203","1493","1339","false","508242","192","361","940","32209","34667","19922"
"23","0.1","1","false","false","false","true","false","false","false","1","1","1","0.25","1","0","0","0","100","0","75","0.4","10","2.5","2","60","1.6","0.4","20.5","6.7","16","8.21","365","14","1","0","0","299","299","265","2735","287","824","1344","83317","1493","1316","false","508464","192","361","940","32234","34699","19936"
"23","0.1","1","false","false","false","true","false","false","false","1","1","1","0.25","1","0","0","0","100","0","75","0.4","10","2.5","2","60","1.6","0.4","20.5","6.7","16","8.21","365","14","1","0","0","299","299","266","2662","292","812","1311","83425","1498","1346","false","508674","194","362","942","32258","34738","19955"
"23","0.1","1","false","false","false","true","false","false","false","1","1","1","0.25","1","0","0","0","100","0","75","0.4","10","2.5","2","60","1.6","0.4","20.5","6.7","16","8.21","365","14","1","0","0","299","299","267","2604","281","798","1275","83542","1500","1325","false","508462","195","362","943","32286","34766","19970"
"23","0.1","1","false","false","false","true","false","false","false","1","1","1","0.25","1","0","0","0","100","0","75","0.4","10","2.5","2","60","1.6","0.4","20.5","6.7","16","8.21","365","14","1","0","0","299","299","268","2562","256","797","1259","83624","1502","1282","false","508666","195","362","945","32314","34801","19989"
"23","0.1","1","false","false","false","true","false","false","false","1","1","1","0.25","1","0","0","0","100","0","75","0.4","10","2.5","2","60","1.6","0.4","20.5","6.7","16","8.21","365","14","1","0","0","299","299","269","2495","262","779","1243","83719","1502","1262","false","509061","195","362","945","32334","34827","20005"
"23","0.1","1","false","false","false","true","false","false","false","1","1","1","0.25","1","0","0","0","100","0","75","0.4","10","2.5","2","60","1.6","0.4","20.5","6.7","16","8.21","365","14","1","0","0","299","299","270","2433","258","759","1233","83815","1502","1241","false","509266","195","362","945","32359","34847","20016"
"23","0.1","1","false","false","false","true","false","false","false","1","1","1","0.25","1","0","0","0","100","0","75","0.4","10","2.5","2","60","1.6","0.4","20.5","6.7","16","8.21","365","14","1","0","0","299","299","271","2381","251","755","1196","83914","1503","1213","false","509484","196","362","945","32393","34873","20029"
"23","0.1","1","false","false","false","true","false","false","false","1","1","1","0.25","1","0","0","0","100","0","75","0.4","10","2.5","2","60","1.6","0.4","20.5","6.7","16","8.21","365","14","1","0","0","299","299","272","2330","251","749","1153","84013","1504","1155","false","509736","196","362","946","32416","34896","20038"
"23","0.1","1","false","false","false","true","false","false","false","1","1","1","0.25","1","0","0","0","100","0","75","0.4","10","2.5","2","60","1.6","0.4","20.5","6.7","16","8.21","365","14","1","0","0","299","299","273","2283","234","728","1114","84137","1504","1114","false","510146","196","362","946","32436","34922","20051"
"23","0.1","1","false","false","false","true","false","false","false","1","1","1","0.25","1","0","0","0","100","0","75","0.4","10","2.5","2","60","1.6","0.4","20.5","6.7","16","8.21","365","14","1","0","0","299","299","274","2238","215","711","1093","84236","1507","1081","false","510421","197","363","947","32456","34948","20067"
"23","0.1","1","false","false","false","true","false","false","false","1","1","1","0.25","1","0","0","0","100","0","75","0.4","10","2.5","2","60","1.6","0.4","20.5","6.7","16","8.21","365","14","1","0","0","299","299","275","2181","225","694","1077","84314","1509","1071","false","510638","198","363","948","32472","34971","20078"
"23","0.1","1","false","false","false","true","false","false","false","1","1","1","0.25","1","0","0","0","100","0","75","0.4","10","2.5","2","60","1.6","0.4","20.5","6.7","16","8.21","365","14","1","0","0","299","299","276","2125","225","679","1044","84416","1511","1041","false","510710","198","363","950","32499","34988","20096"
"23","0.1","1","false","false","false","true","false","false","false","1","1","1","0.25","1","0","0","0","100","0","75","0.4","10","2.5","2","60","1.6","0.4","20.5","6.7","16","8.21","365","14","1","0","0","299","299","277","2077","224","664","1016","84508","1511","1028","false","510971","198","363","950","32521","35019","20107"
"23","0.1","1","false","false","false","true","false","false","false","1","1","1","0.25","1","0","0","0","100","0","75","0.4","10","2.5","2","60","1.6","0.4","20.5","6.7","16","8.21","365","14","1","0","0","299","299","278","2037","214","646","999","84593","1511","987","false","511113","198","363","950","32536","35041","20116"
"23","0.1","1","false","false","false","true","false","false","false","1","1","1","0.25","1","0","0","0","100","0","75","0.4","10","2.5","2","60","1.6","0.4","20.5","6.7","16","8.21","365","14","1","0","0","299","299","279","1986","214","635","971","84681","1513","933","false","511464","198","364","951","32556","35062","20129"
"23","0.1","1","false","false","false","true","false","false","false","1","1","1","0.25","1","0","0","0","100","0","75","0.4","10","2.5","2","60","1.6","0.4","20.5","6.7","16","8.21","365","14","1","0","0","299","299","280","1932","218","612","955","84768","1515","900","false","511883","198","364","953","32573","35079","20138"
"23","0.1","1","false","false","false","true","false","false","false","1","1","1","0.25","1","0","0","0","100","0","75","0.4","10","2.5","2","60","1.6","0.4","20.5","6.7","16","8.21","365","14","1","0","0","299","299","281","1885","207","587","954","84849","1518","872","false","512135","198","366","954","32586","35100","20155"
"23","0.1","1","false","false","false","true","false","false","false","1","1","1","0.25","1","0","0","0","100","0","75","0.4","10","2.5","2","60","1.6","0.4","20.5","6.7","16","8.21","365","14","1","0","0","299","299","282","1846","197","567","931","84939","1520","810","false","512327","198","366","956","32599","35120","20169"
"23","0.1","1","false","false","false","true","false","false","false","1","1","1","0.25","1","0","0","0","100","0","75","0.4","10","2.5","2","60","1.6","0.4","20.5","6.7","16","8.21","365","14","1","0","0","299","299","283","1802","196","565","896","85021","1520","762","false","512830","198","366","956","32624","35142","20181"
"23","0.1","1","false","false","false","true","false","false","false","1","1","1","0.25","1","0","0","0","100","0","75","0.4","10","2.5","2","60","1.6","0.4","20.5","6.7","16","8.21","365","14","1","0","0","299","299","284","1757","196","553","873","85100","1521","740","false","513296","198","366","957","32638","35157","20195"
"23","0.1","1","false","false","false","true","false","false","false","1","1","1","0.25","1","0","0","0","100","0","75","0.4","10","2.5","2","60","1.6","0.4","20.5","6.7","16","8.21","365","14","1","0","0","299","299","285","1712","198","544","838","85187","1521","727","false","513453","198","366","957","32658","35176","20209"
"23","0.1","1","false","false","false","true","false","false","false","1","1","1","0.25","1","0","0","0","100","0","75","0.4","10","2.5","2","60","1.6","0.4","20.5","6.7","16","8.21","365","14","1","0","0","299","299","286","1671","190","532","816","85269","1522","704","false","513556","198","366","958","32675","35198","20223"
"23","0.1","1","false","false","false","true","false","false","false","1","1","1","0.25","1","0","0","0","100","0","75","0.4","10","2.5","2","60","1.6","0.4","20.5","6.7","16","8.21","365","14","1","0","0","299","299","287","1616","184","518","820","85340","1522","705","false","513763","198","366","958","32693","35214","20239"
"23","0.1","1","false","false","false","true","false","false","false","1","1","1","0.25","1","0","0","0","100","0","75","0.4","10","2.5","2","60","1.6","0.4","20.5","6.7","16","8.21","365","14","1","0","0","299","299","288","1582","179","497","806","85412","1524","665","false","513823","198","367","959","32710","35230","20244"
"23","0.1","1","false","false","false","true","false","false","false","1","1","1","0.25","1","0","0","0","100","0","75","0.4","10","2.5","2","60","1.6","0.4","20.5","6.7","16","8.21","365","14","1","0","0","299","299","289","1542","183","491","787","85473","1524","630","false","514138","198","367","959","32720","35246","20251"
"23","0.1","1","false","false","false","true","false","false","false","1","1","1","0.25","1","0","0","0","100","0","75","0.4","10","2.5","2","60","1.6","0.4","20.5","6.7","16","8.21","365","14","1","0","0","299","299","290","1505","176","486","762","85546","1525","632","false","514459","198","367","960","32737","35268","20263"
"23","0.1","1","false","false","false","true","false","false","false","1","1","1","0.25","1","0","0","0","100","0","75","0.4","10","2.5","2","60","1.6","0.4","20.5","6.7","16","8.21","365","14","1","0","0","299","299","291","1465","172","474","756","85608","1525","615","false","514492","198","367","960","32749","35280","20273"
"23","0.1","1","false","false","false","true","false","false","false","1","1","1","0.25","1","0","0","0","100","0","75","0.4","10","2.5","2","60","1.6","0.4","20.5","6.7","16","8.21","365","14","1","0","0","299","299","292","1420","179","467","736","85671","1527","605","false","514629","198","368","961","32767","35295","20283"
"23","0.1","1","false","false","false","true","false","false","false","1","1","1","0.25","1","0","0","0","100","0","75","0.4","10","2.5","2","60","1.6","0.4","20.5","6.7","16","8.21","365","14","1","0","0","299","299","293","1392","169","475","709","85728","1527","593","false","514718","198","368","961","32782","35315","20290"
"23","0.1","1","false","false","false","true","false","false","false","1","1","1","0.25","1","0","0","0","100","0","75","0.4","10","2.5","2","60","1.6","0.4","20.5","6.7","16","8.21","365","14","1","0","0","299","299","294","1359","165","465","692","85792","1527","605","false","514833","198","368","961","32797","35334","20296"
"23","0.1","1","false","false","false","true","false","false","false","1","1","1","0.25","1","0","0","0","100","0","75","0.4","10","2.5","2","60","1.6","0.4","20.5","6.7","16","8.21","365","14","1","0","0","299","299","295","1324","156","465","676","85850","1529","602","false","514787","198","368","963","32813","35353","20305"
"23","0.1","1","false","false","false","true","false","false","false","1","1","1","0.25","1","0","0","0","100","0","75","0.4","10","2.5","2","60","1.6","0.4","20.5","6.7","16","8.21","365","14","1","0","0","299","299","296","1293","148","451","667","85912","1529","578","false","514851","198","368","963","32827","35370","20311"
"23","0.1","1","false","false","false","true","false","false","false","1","1","1","0.25","1","0","0","0","100","0","75","0.4","10","2.5","2","60","1.6","0.4","20.5","6.7","16","8.21","365","14","1","0","0","299","299","297","1268","138","445","650","85969","1530","591","false","515084","198","368","964","32841","35387","20317"
"23","0.1","1","false","false","false","true","false","false","false","1","1","1","0.25","1","0","0","0","100","0","75","0.4","10","2.5","2","60","1.6","0.4","20.5","6.7","16","8.21","365","14","1","0","0","299","299","298","1241","132","431","634","86031","1531","555","false","514998","198","369","964","32850","35401","20326"
"23","0.1","1","false","false","false","true","false","false","false","1","1","1","0.25","1","0","0","0","100","0","75","0.4","10","2.5","2","60","1.6","0.4","20.5","6.7","16","8.21","365","14","1","0","0","299","299","299","1215","124","425","622","86082","1532","540","false","515260","198","369","965","32865","35414","20333"
"23","0.1","1","false","false","false","true","false","false","false","1","1","1","0.25","1","0","0","0","100","0","75","0.4","10","2.5","2","60","1.6","0.4","20.5","6.7","16","8.21","365","14","1","0","0","299","299","300","1195","116","418","592","86147","1532","526","false","515407","198","369","965","32880","35425","20343"
"23","0.1","1","false","false","false","true","false","false","false","1","1","1","0.25","1","0","0","0","100","0","75","0.4","10","2.5","2","60","1.6","0.4","20.5","6.7","16","8.21","365","14","1","0","0","299","299","301","1169","114","416","573","86195","1533","524","false","515516","198","369","966","32896","35436","20352"
"23","0.1","1","false","false","false","true","false","false","false","1","1","1","0.25","1","0","0","0","100","0","75","0.4","10","2.5","2","60","1.6","0.4","20.5","6.7","16","8.21","365","14","1","0","0","299","299","302","1149","107","414","540","86257","1533","505","false","515524","198","369","966","32910","35449","20357"
"23","0.1","1","false","false","false","true","false","false","false","1","1","1","0.25","1","0","0","0","100","0","75","0.4","10","2.5","2","60","1.6","0.4","20.5","6.7","16","8.21","365","14","1","0","0","299","299","303","1121","111","404","526","86305","1533","504","false","515656","198","369","966","32919","35459","20362"
"23","0.1","1","false","false","false","true","false","false","false","1","1","1","0.25","1","0","0","0","100","0","75","0.4","10","2.5","2","60","1.6","0.4","20.5","6.7","16","8.21","365","14","1","0","0","299","299","304","1106","103","394","516","86346","1535","484","false","515712","199","369","967","32927","35469","20367"
"23","0.1","1","false","false","false","true","false","false","false","1","1","1","0.25","1","0","0","0","100","0","75","0.4","10","2.5","2","60","1.6","0.4","20.5","6.7","16","8.21","365","14","1","0","0","299","299","305","1094","89","380","513","86389","1535","454","false","515867","199","369","967","32933","35481","20372"
"23","0.1","1","false","false","false","true","false","false","false","1","1","1","0.25","1","0","0","0","100","0","75","0.4","10","2.5","2","60","1.6","0.4","20.5","6.7","16","8.21","365","14","1","0","0","299","299","306","1077","80","374","496","86437","1536","437","false","516114","199","369","968","32939","35491","20379"
"23","0.1","1","false","false","false","true","false","false","false","1","1","1","0.25","1","0","0","0","100","0","75","0.4","10","2.5","2","60","1.6","0.4","20.5","6.7","16","8.21","365","14","1","0","0","299","299","307","1055","82","370","480","86477","1536","404","false","516193","199","369","968","32949","35499","20382"
"23","0.1","1","false","false","false","true","false","false","false","1","1","1","0.25","1","0","0","0","100","0","75","0.4","10","2.5","2","60","1.6","0.4","20.5","6.7","16","8.21","365","14","1","0","0","299","299","308","1036","84","355","462","86524","1539","374","false","516473","200","369","970","32960","35505","20389"
"23","0.1","1","false","false","false","true","false","false","false","1","1","1","0.25","1","0","0","0","100","0","75","0.4","10","2.5","2","60","1.6","0.4","20.5","6.7","16","8.21","365","14","1","0","0","299","299","309","1016","87","341","438","86579","1539","363","false","516688","200","369","970","32967","35512","20394"
"23","0.1","1","false","false","false","true","false","false","false","1","1","1","0.25","1","0","0","0","100","0","75","0.4","10","2.5","2","60","1.6","0.4","20.5","6.7","16","8.21","365","14","1","0","0","299","299","310","999","85","324","424","86629","1539","344","false","516768","200","369","970","32974","35519","20398"
"23","0.1","1","false","false","false","true","false","false","false","1","1","1","0.25","1","0","0","0","100","0","75","0.4","10","2.5","2","60","1.6","0.4","20.5","6.7","16","8.21","365","14","1","0","0","299","299","311","982","84","312","408","86675","1539","330","false","516957","200","369","970","32984","35529","20403"
"23","0.1","1","false","false","false","true","false","false","false","1","1","1","0.25","1","0","0","0","100","0","75","0.4","10","2.5","2","60","1.6","0.4","20.5","6.7","16","8.21","365","14","1","0","0","299","299","312","967","75","294","397","86727","1540","313","false","517091","200","369","971","32991","35536","20408"
"23","0.1","1","false","false","false","true","false","false","false","1","1","1","0.25","1","0","0","0","100","0","75","0.4","10","2.5","2","60","1.6","0.4","20.5","6.7","16","8.21","365","14","1","0","0","299","299","313","941","74","292","394","86758","1541","292","false","517232","200","369","972","32998","35549","20414"
"23","0.1","1","false","false","false","true","false","false","false","1","1","1","0.25","1","0","0","0","100","0","75","0.4","10","2.5","2","60","1.6","0.4","20.5","6.7","16","8.21","365","14","1","0","0","299","299","314","926","81","275","381","86795","1542","278","false","517406","200","370","972","33002","35553","20415"
"23","0.1","1","false","false","false","true","false","false","false","1","1","1","0.25","1","0","0","0","100","0","75","0.4","10","2.5","2","60","1.6","0.4","20.5","6.7","16","8.21","365","14","1","0","0","299","299","315","905","87","265","366","86834","1543","267","false","517521","200","370","973","33011","35558","20420"
"23","0.1","1","false","false","false","true","false","false","false","1","1","1","0.25","1","0","0","0","100","0","75","0.4","10","2.5","2","60","1.6","0.4","20.5","6.7","16","8.21","365","14","1","0","0","299","299","316","883","83","251","356","86882","1545","284","false","517629","200","371","974","33020","35566","20427"
"23","0.1","1","false","false","false","true","false","false","false","1","1","1","0.25","1","0","0","0","100","0","75","0.4","10","2.5","2","60","1.6","0.4","20.5","6.7","16","8.21","365","14","1","0","0","299","299","317","869","82","232","346","86925","1546","258","false","517494","200","371","975","33025","35569","20429"
"23","0.1","1","false","false","false","true","false","false","false","1","1","1","0.25","1","0","0","0","100","0","75","0.4","10","2.5","2","60","1.6","0.4","20.5","6.7","16","8.21","365","14","1","0","0","299","299","318","853","76","225","348","86952","1546","271","false","517674","200","371","975","33036","35575","20432"
"23","0.1","1","false","false","false","true","false","false","false","1","1","1","0.25","1","0","0","0","100","0","75","0.4","10","2.5","2","60","1.6","0.4","20.5","6.7","16","8.21","365","14","1","0","0","299","299","319","840","73","225","331","86984","1547","291","false","517595","200","371","976","33042","35587","20434"
"23","0.1","1","false","false","false","true","false","false","false","1","1","1","0.25","1","0","0","0","100","0","75","0.4","10","2.5","2","60","1.6","0.4","20.5","6.7","16","8.21","365","14","1","0","0","299","299","320","831","64","220","316","87021","1548","274","false","517452","201","371","976","33050","35594","20435"
"23","0.1","1","false","false","false","true","false","false","false","1","1","1","0.25","1","0","0","0","100","0","75","0.4","10","2.5","2","60","1.6","0.4","20.5","6.7","16","8.21","365","14","1","0","0","299","299","321","818","57","213","302","87062","1548","256","false","517564","201","371","976","33055","35607","20438"
"23","0.1","1","false","false","false","true","false","false","false","1","1","1","0.25","1","0","0","0","100","0","75","0.4","10","2.5","2","60","1.6","0.4","20.5","6.7","16","8.21","365","14","1","0","0","299","299","322","801","61","199","297","87094","1548","238","false","517718","201","371","976","33059","35616","20441"
"23","0.1","1","false","false","false","true","false","false","false","1","1","1","0.25","1","0","0","0","100","0","75","0.4","10","2.5","2","60","1.6","0.4","20.5","6.7","16","8.21","365","14","1","0","0","299","299","323","783","68","197","277","87126","1549","222","false","517880","201","371","977","33068","35622","20446"
"23","0.1","1","false","false","false","true","false","false","false","1","1","1","0.25","1","0","0","0","100","0","75","0.4","10","2.5","2","60","1.6","0.4","20.5","6.7","16","8.21","365","14","1","0","0","299","299","324","770","62","190","271","87156","1551","200","false","517991","202","372","977","33075","35630","20450"
"23","0.1","1","false","false","false","true","false","false","false","1","1","1","0.25","1","0","0","0","100","0","75","0.4","10","2.5","2","60","1.6","0.4","20.5","6.7","16","8.21","365","14","1","0","0","299","299","325","758","55","185","274","87176","1552","180","false","518140","202","372","978","33080","35638","20456"
"23","0.1","1","false","false","false","true","false","false","false","1","1","1","0.25","1","0","0","0","100","0","75","0.4","10","2.5","2","60","1.6","0.4","20.5","6.7","16","8.21","365","14","1","0","0","299","299","326","745","56","182","266","87199","1552","155","false","518301","202","372","978","33085","35644","20459"
"23","0.1","1","false","false","false","true","false","false","false","1","1","1","0.25","1","0","0","0","100","0","75","0.4","10","2.5","2","60","1.6","0.4","20.5","6.7","16","8.21","365","14","1","0","0","299","299","327","727","61","180","255","87224","1553","133","false","518527","203","372","978","33088","35651","20463"
"23","0.1","1","false","false","false","true","false","false","false","1","1","1","0.25","1","0","0","0","100","0","75","0.4","10","2.5","2","60","1.6","0.4","20.5","6.7","16","8.21","365","14","1","0","0","299","299","328","708","64","167","261","87246","1554","114","false","518733","203","372","979","33092","35654","20468"
"23","0.1","1","false","false","false","true","false","false","false","1","1","1","0.25","1","0","0","0","100","0","75","0.4","10","2.5","2","60","1.6","0.4","20.5","6.7","16","8.21","365","14","1","0","0","299","299","329","683","75","168","259","87261","1554","74","false","518920","203","372","979","33098","35659","20470"
"23","0.1","1","false","false","false","true","false","false","false","1","1","1","0.25","1","0","0","0","100","0","75","0.4","10","2.5","2","60","1.6","0.4","20.5","6.7","16","8.21","365","14","1","0","0","299","299","330","660","78","162","263","87283","1554","52","false","519310","203","372","979","33103","35668","20472"
"23","0.1","1","false","false","false","true","false","false","false","1","1","1","0.25","1","0","0","0","100","0","75","0.4","10","2.5","2","60","1.6","0.4","20.5","6.7","16","8.21","365","14","1","0","0","299","299","331","634","88","157","265","87302","1554","35","false","519537","203","372","979","33110","35673","20476"
"23","0.1","1","false","false","false","true","false","false","false","1","1","1","0.25","1","0","0","0","100","0","75","0.4","10","2.5","2","60","1.6","0.4","20.5","6.7","16","8.21","365","14","1","0","0","299","299","332","621","84","157","265","87318","1555","14","false","519718","204","372","979","33113","35677","20481"
"23","0.1","1","false","false","false","true","false","false","false","1","1","1","0.25","1","0","0","0","100","0","75","0.4","10","2.5","2","60","1.6","0.4","20.5","6.7","16","8.21","365","14","1","0","0","299","299","333","589","99","161","262","87334","1555","0","false","519934","204","372","979","33121","35681","20484"
"23","0.1","1","false","false","false","true","false","false","false","1","1","1","0.25","1","0","0","0","100","0","75","0.4","10","2.5","2","60","1.6","0.4","20.5","6.7","16","8.21","365","14","1","0","0","299","299","334","567","112","158","254","87354","1555","0","false","520088","204","372","979","33123","35687","20490"
"23","0.1","1","false","false","false","true","false","false","false","1","1","1","0.25","1","0","0","0","100","0","75","0.4","10","2.5","2","60","1.6","0.4","20.5","6.7","16","8.21","365","14","1","0","0","299","299","335","547","112","153","260","87373","1555","0","false","520088","204","372","979","33132","35693","20492"
"23","0.1","1","false","false","false","true","false","false","false","1","1","1","0.25","1","0","0","0","100","0","75","0.4","10","2.5","2","60","1.6","0.4","20.5","6.7","16","8.21","365","14","1","0","0","299","299","336","523","110","156","266","87390","1555","0","false","520088","204","372","979","33145","35702","20495"
"23","0.1","1","false","false","false","true","false","false","false","1","1","1","0.25","1","0","0","0","100","0","75","0.4","10","2.5","2","60","1.6","0.4","20.5","6.7","16","8.21","365","14","1","0","0","299","299","337","498","107","155","267","87418","1555","0","false","520088","204","372","979","33152","35709","20502"
"23","0.1","1","false","false","false","true","false","false","false","1","1","1","0.25","1","0","0","0","100","0","75","0.4","10","2.5","2","60","1.6","0.4","20.5","6.7","16","8.21","365","14","1","0","0","299","299","338","472","112","153","276","87431","1556","0","false","520088","204","372","980","33154","35716","20507"
"23","0.1","1","false","false","false","true","false","false","false","1","1","1","0.25","1","0","0","0","100","0","75","0.4","10","2.5","2","60","1.6","0.4","20.5","6.7","16","8.21","365","14","1","0","0","299","299","339","448","104","161","280","87451","1556","0","false","520076","204","372","980","33170","35728","20513"
"23","0.1","1","false","false","false","true","false","false","false","1","1","1","0.25","1","0","0","0","100","0","75","0.4","10","2.5","2","60","1.6","0.4","20.5","6.7","16","8.21","365","14","1","0","0","299","299","340","424","108","166","268","87478","1556","0","false","520076","204","372","980","33179","35736","20521"
"23","0.1","1","false","false","false","true","false","false","false","1","1","1","0.25","1","0","0","0","100","0","75","0.4","10","2.5","2","60","1.6","0.4","20.5","6.7","16","8.21","365","14","1","0","0","299","299","341","397","110","165","270","87502","1556","0","false","520076","204","372","980","33186","35753","20525"
"23","0.1","1","false","false","false","true","false","false","false","1","1","1","0.25","1","0","0","0","100","0","75","0.4","10","2.5","2","60","1.6","0.4","20.5","6.7","16","8.21","365","14","1","0","0","299","299","342","382","100","171","272","87519","1556","0","false","520076","204","372","980","33197","35765","20533"
"23","0.1","1","false","false","false","true","false","false","false","1","1","1","0.25","1","0","0","0","100","0","75","0.4","10","2.5","2","60","1.6","0.4","20.5","6.7","16","8.21","365","14","1","0","0","299","299","343","358","105","176","273","87532","1556","0","false","520076","204","372","980","33202","35774","20538"
"23","0.1","1","false","false","false","true","false","false","false","1","1","1","0.25","1","0","0","0","100","0","75","0.4","10","2.5","2","60","1.6","0.4","20.5","6.7","16","8.21","365","14","1","0","0","299","299","344","337","100","170","281","87555","1557","0","false","520076","204","372","981","33210","35781","20543"
"23","0.1","1","false","false","false","true","false","false","false","1","1","1","0.25","1","0","0","0","100","0","75","0.4","10","2.5","2","60","1.6","0.4","20.5","6.7","16","8.21","365","14","1","0","0","299","299","345","323","94","171","282","87573","1557","0","false","520064","204","372","981","33219","35786","20547"
"23","0.1","1","false","false","false","true","false","false","false","1","1","1","0.25","1","0","0","0","100","0","75","0.4","10","2.5","2","60","1.6","0.4","20.5","6.7","16","8.21","365","14","1","0","0","299","299","346","306","82","179","292","87584","1557","0","false","520064","204","372","981","33225","35801","20553"
"23","0.1","1","false","false","false","true","false","false","false","1","1","1","0.25","1","0","0","0","100","0","75","0.4","10","2.5","2","60","1.6","0.4","20.5","6.7","16","8.21","365","14","1","0","0","299","299","347","289","75","182","295","87602","1557","0","false","520064","204","372","981","33233","35812","20558"
"23","0.1","1","false","false","false","true","false","false","false","1","1","1","0.25","1","0","0","0","100","0","75","0.4","10","2.5","2","60","1.6","0.4","20.5","6.7","16","8.21","365","14","1","0","0","299","299","348","266","79","179","300","87619","1557","0","false","520064","204","372","981","33237","35822","20564"
"23","0.1","1","false","false","false","true","false","false","false","1","1","1","0.25","1","0","0","0","100","0","75","0.4","10","2.5","2","60","1.6","0.4","20.5","6.7","16","8.21","365","14","1","0","0","299","299","349","245","81","184","300","87632","1558","0","false","520064","204","372","982","33243","35834","20571"
"23","0.1","1","false","false","false","true","false","false","false","1","1","1","0.25","1","0","0","0","100","0","75","0.4","10","2.5","2","60","1.6","0.4","20.5","6.7","16","8.21","365","14","1","0","0","299","299","350","228","80","190","295","87649","1558","0","false","520052","204","372","982","33256","35841","20575"
"23","0.1","1","false","false","false","true","false","false","false","1","1","1","0.25","1","0","0","0","100","0","75","0.4","10","2.5","2","60","1.6","0.4","20.5","6.7","16","8.21","365","14","1","0","0","299","299","351","214","74","193","296","87665","1558","0","false","520052","204","372","982","33263","35848","20580"
"23","0.1","1","false","false","false","true","false","false","false","1","1","1","0.25","1","0","0","0","100","0","75","0.4","10","2.5","2","60","1.6","0.4","20.5","6.7","16","8.21","365","14","1","0","0","299","299","352","194","81","192","289","87686","1558","0","false","520052","204","372","982","33270","35854","20586"
"23","0.1","1","false","false","false","true","false","false","false","1","1","1","0.25","1","0","0","0","100","0","75","0.4","10","2.5","2","60","1.6","0.4","20.5","6.7","16","8.21","365","14","1","0","0","299","299","353","174","82","191","291","87704","1558","0","false","520052","204","372","982","33277","35862","20594"
"23","0.1","1","false","false","false","true","false","false","false","1","1","1","0.25","1","0","0","0","100","0","75","0.4","10","2.5","2","60","1.6","0.4","20.5","6.7","16","8.21","365","14","1","0","0","299","299","354","157","84","187","288","87726","1558","0","false","520052","204","372","982","33280","35866","20597"
"23","0.1","1","false","false","false","true","false","false","false","1","1","1","0.25","1","0","0","0","100","0","75","0.4","10","2.5","2","60","1.6","0.4","20.5","6.7","16","8.21","365","14","1","0","0","299","299","355","147","75","181","289","87750","1558","0","false","520052","204","372","982","33285","35872","20602"
"23","0.1","1","false","false","false","true","false","false","false","1","1","1","0.25","1","0","0","0","100","0","75","0.4","10","2.5","2","60","1.6","0.4","20.5","6.7","16","8.21","365","14","1","0","0","299","299","356","135","69","180","295","87763","1558","0","false","520052","204","372","982","33291","35876","20603"
"23","0.1","1","false","false","false","true","false","false","false","1","1","1","0.25","1","0","0","0","100","0","75","0.4","10","2.5","2","60","1.6","0.4","20.5","6.7","16","8.21","365","14","1","0","0","299","299","357","126","62","177","290","87787","1558","0","false","520052","204","372","982","33299","35883","20604"
"23","0.1","1","false","false","false","true","false","false","false","1","1","1","0.25","1","0","0","0","100","0","75","0.4","10","2.5","2","60","1.6","0.4","20.5","6.7","16","8.21","365","14","1","0","0","299","299","358","111","63","182","284","87802","1558","0","false","520052","204","372","982","33305","35893","20610"
"23","0.1","1","false","false","false","true","false","false","false","1","1","1","0.25","1","0","0","0","100","0","75","0.4","10","2.5","2","60","1.6","0.4","20.5","6.7","16","8.21","365","14","1","0","0","299","299","359","105","53","185","280","87818","1559","0","false","520052","204","372","983","33314","35898","20612"
"23","0.1","1","false","false","false","true","false","false","false","1","1","1","0.25","1","0","0","0","100","0","75","0.4","10","2.5","2","60","1.6","0.4","20.5","6.7","16","8.21","365","14","1","0","0","299","299","360","96","47","182","281","87834","1560","0","false","520040","204","373","983","33318","35907","20616"
"23","0.1","1","false","false","false","true","false","false","false","1","1","1","0.25","1","0","0","0","100","0","75","0.4","10","2.5","2","60","1.6","0.4","20.5","6.7","16","8.21","365","14","1","0","0","299","299","361","89","40","185","273","87853","1560","0","false","520028","204","373","983","33326","35911","20619"
"23","0.1","1","false","false","false","true","false","false","false","1","1","1","0.25","1","0","0","0","100","0","75","0.4","10","2.5","2","60","1.6","0.4","20.5","6.7","16","8.21","365","14","1","0","0","299","299","362","87","33","176","262","87881","1561","0","false","520028","204","373","984","33329","35917","20621"
"23","0.1","1","false","false","false","true","false","false","false","1","1","1","0.25","1","0","0","0","100","0","75","0.4","10","2.5","2","60","1.6","0.4","20.5","6.7","16","8.21","365","14","1","0","0","299","299","363","78","32","170","258","87900","1562","0","false","520016","204","373","985","33330","35921","20626"
"23","0.1","1","false","false","false","true","false","false","false","1","1","1","0.25","1","0","0","0","100","0","75","0.4","10","2.5","2","60","1.6","0.4","20.5","6.7","16","8.21","365","14","1","0","0","299","299","364","73","28","165","252","87920","1562","0","false","520005","204","373","985","33332","35926","20628"
"23","0.1","1","false","false","false","true","false","false","false","1","1","1","0.25","1","0","0","0","100","0","75","0.4","10","2.5","2","60","1.6","0.4","20.5","6.7","16","8.21","365","14","1","0","0","299","299","365","71","18","169","237","87943","1562","0","false","520005","204","373","985","33336","35933","20630"
"24","0.1","1","false","false","false","true","false","false","false","1","1","1","0.25","1","0","0","0","100","0","75","0.5","10","2.5","2","60","1.6","0.4","20.5","6.7","16","8.21","365","14","1","0","0","299","299","0","89910","90","0","0","0","0","0","false","0","0","0","0","0","0","0"
"24","0.1","1","false","false","false","true","false","false","false","1","1","1","0.25","1","0","0","0","100","0","75","0.5","10","2.5","2","60","1.6","0.4","20.5","6.7","16","8.21","365","14","1","0","0","299","299","1","89910","85","0","5","0","0","0","false","538432","0","0","0","2","2","0"
"24","0.1","1","false","false","false","true","false","false","false","1","1","1","0.25","1","0","0","0","100","0","75","0.5","10","2.5","2","60","1.6","0.4","20.5","6.7","16","8.21","365","14","1","0","0","299","299","2","89905","74","0","21","0","0","0","false","538432","0","0","0","5","7","2"
"24","0.1","1","false","false","false","true","false","false","false","1","1","1","0.25","1","0","0","0","100","0","75","0.5","10","2.5","2","60","1.6","0.4","20.5","6.7","16","8.21","365","14","1","0","0","299","299","3","89876","77","0","47","0","0","0","false","538432","0","0","0","10","14","4"
"24","0.1","1","false","false","false","true","false","false","false","1","1","1","0.25","1","0","0","0","100","0","75","0.5","10","2.5","2","60","1.6","0.4","20.5","6.7","16","8.21","365","14","1","0","0","299","299","4","89813","122","3","62","0","0","0","false","538432","0","0","0","15","19","7"
"24","0.1","1","false","false","false","true","false","false","false","1","1","1","0.25","1","0","0","0","100","0","75","0.5","10","2.5","2","60","1.6","0.4","20.5","6.7","16","8.21","365","14","1","0","0","299","299","5","89762","155","12","71","0","0","0","false","538432","0","0","0","20","24","14"
"24","0.1","1","false","false","false","true","false","false","false","1","1","1","0.25","1","0","0","0","100","0","75","0.5","10","2.5","2","60","1.6","0.4","20.5","6.7","16","8.21","365","14","1","0","0","299","299","6","89688","202","16","94","0","0","0","false","538432","0","0","0","26","33","21"
"24","0.1","1","false","false","false","true","false","false","false","1","1","1","0.25","1","0","0","0","100","0","75","0.5","10","2.5","2","60","1.6","0.4","20.5","6.7","16","8.21","365","14","1","0","0","299","299","7","89587","261","26","126","0","0","0","false","538432","0","0","0","47","44","27"
"24","0.1","1","false","false","false","true","false","false","false","1","1","1","0.25","1","0","0","0","100","0","75","0.5","10","2.5","2","60","1.6","0.4","20.5","6.7","16","8.21","365","14","1","0","0","299","299","8","89480","315","36","169","0","0","0","false","538432","0","0","0","65","53","38"
"24","0.1","1","false","false","false","true","false","false","false","1","1","1","0.25","1","0","0","0","100","0","75","0.5","10","2.5","2","60","1.6","0.4","20.5","6.7","16","8.21","365","14","1","0","0","299","299","9","89347","390","46","217","0","0","0","false","538432","0","0","0","85","71","45"
"24","0.1","1","false","false","false","true","false","false","false","1","1","1","0.25","1","0","0","0","100","0","75","0.5","10","2.5","2","60","1.6","0.4","20.5","6.7","16","8.21","365","14","1","0","0","299","299","10","89185","473","60","282","0","0","0","false","538432","0","0","0","102","99","67"
"24","0.1","1","false","false","false","true","false","false","false","1","1","1","0.25","1","0","0","0","100","0","75","0.5","10","2.5","2","60","1.6","0.4","20.5","6.7","16","8.21","365","14","1","0","0","299","299","11","89021","552","88","339","0","0","0","false","538432","0","0","0","129","137","88"
"24","0.1","1","false","false","false","true","false","false","false","1","1","1","0.25","1","0","0","0","100","0","75","0.5","10","2.5","2","60","1.6","0.4","20.5","6.7","16","8.21","365","14","1","0","0","299","299","12","88828","653","112","407","0","0","0","false","538432","0","0","0","163","168","106"
"24","0.1","1","false","false","false","true","false","false","false","1","1","1","0.25","1","0","0","0","100","0","75","0.5","10","2.5","2","60","1.6","0.4","20.5","6.7","16","8.21","365","14","1","0","0","299","299","13","88628","714","133","525","0","0","0","false","538432","0","0","0","207","202","129"
"24","0.1","1","false","false","false","true","false","false","false","1","1","1","0.25","1","0","0","0","100","0","75","0.5","10","2.5","2","60","1.6","0.4","20.5","6.7","16","8.21","365","14","1","0","0","299","299","14","88395","780","162","663","0","0","0","false","538432","0","0","0","260","259","159"
"24","0.1","1","false","false","false","true","false","false","false","1","1","1","0.25","1","0","0","0","100","0","75","0.5","10","2.5","2","60","1.6","0.4","20.5","6.7","16","8.21","365","14","1","0","0","299","299","15","88132","899","202","767","0","0","0","false","538432","0","0","0","308","313","190"
"24","0.1","1","false","false","false","true","false","false","false","1","1","1","0.25","1","0","0","0","100","0","75","0.5","10","2.5","2","60","1.6","0.4","20.5","6.7","16","8.21","365","14","1","0","0","299","299","16","87861","985","249","905","0","0","213","false","538432","0","0","0","367","378","223"
"24","0.1","1","false","false","false","true","false","false","false","1","1","1","0.25","1","0","0","0","100","0","75","0.5","10","2.5","2","60","1.6","0.4","20.5","6.7","16","8.21","365","14","1","0","0","299","299","17","87584","1051","300","1062","3","0","628","false","536002","0","0","0","426","460","265"
"24","0.1","1","false","false","false","true","false","false","false","1","1","1","0.25","1","0","0","0","100","0","75","0.5","10","2.5","2","60","1.6","0.4","20.5","6.7","16","8.21","365","14","1","0","0","299","299","18","87359","1051","365","1217","8","0","1121","false","531969","0","0","0","504","536","306"
"24","0.1","1","false","false","false","true","false","false","false","1","1","1","0.25","1","0","0","0","100","0","75","0.5","10","2.5","2","60","1.6","0.4","20.5","6.7","16","8.21","365","14","1","0","0","299","299","19","87098","1090","428","1374","10","0","1467","false","527471","0","0","0","571","622","345"
"24","0.1","1","false","false","false","true","false","false","false","1","1","1","0.25","1","0","0","0","100","0","75","0.5","10","2.5","2","60","1.6","0.4","20.5","6.7","16","8.21","365","14","1","0","0","299","299","20","86865","1091","502","1531","10","1","1990","false","524381","0","0","1","648","711","398"
"24","0.1","1","false","false","false","true","false","false","false","1","1","1","0.25","1","0","0","0","100","0","75","0.5","10","2.5","2","60","1.6","0.4","20.5","6.7","16","8.21","365","14","1","0","0","299","299","21","86632","1078","592","1677","19","2","2452","false","519782","0","0","2","758","795","444"
"24","0.1","1","false","false","false","true","false","false","false","1","1","1","0.25","1","0","0","0","100","0","75","0.5","10","2.5","2","60","1.6","0.4","20.5","6.7","16","8.21","365","14","1","0","0","299","299","22","86394","1047","703","1825","29","2","3037","false","515914","0","0","2","868","896","511"
"24","0.1","1","false","false","false","true","false","false","false","1","1","1","0.25","1","0","0","0","100","0","75","0.5","10","2.5","2","60","1.6","0.4","20.5","6.7","16","8.21","365","14","1","0","0","299","299","23","86151","1028","789","1985","44","3","3592","false","511275","0","0","3","952","986","566"
"24","0.1","1","false","false","false","true","false","false","false","1","1","1","0.25","1","0","0","0","100","0","75","0.5","10","2.5","2","60","1.6","0.4","20.5","6.7","16","8.21","365","14","1","0","0","299","299","24","85938","1020","875","2103","60","4","4064","false","506863","0","0","4","1034","1074","621"
"24","0.1","1","false","false","false","true","false","false","false","1","1","1","0.25","1","0","0","0","100","0","75","0.5","10","2.5","2","60","1.6","0.4","20.5","6.7","16","8.21","365","14","1","0","0","299","299","25","85731","980","986","2216","82","5","4597","false","503201","0","0","5","1115","1193","673"
"24","0.1","1","false","false","false","true","false","false","false","1","1","1","0.25","1","0","0","0","100","0","75","0.5","10","2.5","2","60","1.6","0.4","20.5","6.7","16","8.21","365","14","1","0","0","299","299","26","85527","955","1079","2330","104","5","5114","false","499119","0","0","5","1210","1280","726"
"24","0.1","1","false","false","false","true","false","false","false","1","1","1","0.25","1","0","0","0","100","0","75","0.5","10","2.5","2","60","1.6","0.4","20.5","6.7","16","8.21","365","14","1","0","0","299","299","27","85363","881","1170","2450","130","6","5522","false","495169","0","1","5","1290","1381","779"
"24","0.1","1","false","false","false","true","false","false","false","1","1","1","0.25","1","0","0","0","100","0","75","0.5","10","2.5","2","60","1.6","0.4","20.5","6.7","16","8.21","365","14","1","0","0","299","299","28","85186","832","1245","2557","173","7","5887","false","491901","0","2","5","1368","1472","835"
"24","0.1","1","false","false","false","true","false","false","false","1","1","1","0.25","1","0","0","0","100","0","75","0.5","10","2.5","2","60","1.6","0.4","20.5","6.7","16","8.21","365","14","1","0","0","299","299","29","85029","793","1349","2597","224","8","6228","false","488657","0","2","6","1462","1556","893"
"24","0.1","1","false","false","false","true","false","false","false","1","1","1","0.25","1","0","0","0","100","0","75","0.5","10","2.5","2","60","1.6","0.4","20.5","6.7","16","8.21","365","14","1","0","0","299","299","30","84857","772","1439","2652","271","9","6281","false","485650","0","2","7","1547","1628","951"
"24","0.1","1","false","false","false","true","false","false","false","1","1","1","0.25","1","0","0","0","100","0","75","0.5","10","2.5","2","60","1.6","0.4","20.5","6.7","16","8.21","365","14","1","0","0","299","299","31","84659","791","1495","2704","340","11","6308","false","484678","0","2","9","1613","1716","993"
"24","0.1","1","false","false","false","true","false","false","false","1","1","1","0.25","1","0","0","0","100","0","75","0.5","10","2.5","2","60","1.6","0.4","20.5","6.7","16","8.21","365","14","1","0","0","299","299","32","84420","854","1561","2724","427","14","6284","false","483893","0","2","12","1682","1808","1036"
"24","0.1","1","false","false","false","true","false","false","false","1","1","1","0.25","1","0","0","0","100","0","75","0.5","10","2.5","2","60","1.6","0.4","20.5","6.7","16","8.21","365","14","1","0","0","299","299","33","84140","951","1606","2762","527","14","6332","false","483511","0","2","12","1759","1890","1062"
"24","0.1","1","false","false","false","true","false","false","false","1","1","1","0.25","1","0","0","0","100","0","75","0.5","10","2.5","2","60","1.6","0.4","20.5","6.7","16","8.21","365","14","1","0","0","299","299","34","83786","1106","1633","2818","640","17","6381","false","482602","0","4","13","1826","1951","1106"
"24","0.1","1","false","false","false","true","false","false","false","1","1","1","0.25","1","0","0","0","100","0","75","0.5","10","2.5","2","60","1.6","0.4","20.5","6.7","16","8.21","365","14","1","0","0","299","299","35","83453","1212","1668","2889","759","19","6425","false","481674","1","5","13","1904","2041","1150"
"24","0.1","1","false","false","false","true","false","false","false","1","1","1","0.25","1","0","0","0","100","0","75","0.5","10","2.5","2","60","1.6","0.4","20.5","6.7","16","8.21","365","14","1","0","0","299","299","36","83114","1281","1688","3000","896","21","6363","false","480616","1","7","13","1978","2121","1203"
"24","0.1","1","false","false","false","true","false","false","false","1","1","1","0.25","1","0","0","0","100","0","75","0.5","10","2.5","2","60","1.6","0.4","20.5","6.7","16","8.21","365","14","1","0","0","299","299","37","82719","1411","1720","3099","1027","24","6423","false","480620","1","7","16","2072","2221","1263"
"24","0.1","1","false","false","false","true","false","false","false","1","1","1","0.25","1","0","0","0","100","0","75","0.5","10","2.5","2","60","1.6","0.4","20.5","6.7","16","8.21","365","14","1","0","0","299","299","38","82310","1534","1768","3176","1188","24","6518","false","479643","1","7","16","2173","2332","1335"
"24","0.1","1","false","false","false","true","false","false","false","1","1","1","0.25","1","0","0","0","100","0","75","0.5","10","2.5","2","60","1.6","0.4","20.5","6.7","16","8.21","365","14","1","0","0","299","299","39","81947","1584","1804","3283","1355","27","6531","false","478415","1","8","18","2271","2457","1399"
"24","0.1","1","false","false","false","true","false","false","false","1","1","1","0.25","1","0","0","0","100","0","75","0.5","10","2.5","2","60","1.6","0.4","20.5","6.7","16","8.21","365","14","1","0","0","299","299","40","81526","1637","1833","3442","1529","33","6552","false","478095","1","9","23","2400","2567","1486"
"24","0.1","1","false","false","false","true","false","false","false","1","1","1","0.25","1","0","0","0","100","0","75","0.5","10","2.5","2","60","1.6","0.4","20.5","6.7","16","8.21","365","14","1","0","0","299","299","41","81084","1699","1870","3557","1754","36","6709","false","477501","1","10","25","2536","2697","1553"
"24","0.1","1","false","false","false","true","false","false","false","1","1","1","0.25","1","0","0","0","100","0","75","0.5","10","2.5","2","60","1.6","0.4","20.5","6.7","16","8.21","365","14","1","0","0","299","299","42","80617","1801","1944","3652","1949","37","6865","false","475835","1","11","25","2681","2820","1639"
"24","0.1","1","false","false","false","true","false","false","false","1","1","1","0.25","1","0","0","0","100","0","75","0.5","10","2.5","2","60","1.6","0.4","20.5","6.7","16","8.21","365","14","1","0","0","299","299","43","80165","1842","2019","3803","2132","39","6958","false","474405","1","11","27","2817","2980","1732"
"24","0.1","1","false","false","false","true","false","false","false","1","1","1","0.25","1","0","0","0","100","0","75","0.5","10","2.5","2","60","1.6","0.4","20.5","6.7","16","8.21","365","14","1","0","0","299","299","44","79721","1863","2070","3976","2328","42","7059","false","473455","1","12","29","2953","3140","1819"
"24","0.1","1","false","false","false","true","false","false","false","1","1","1","0.25","1","0","0","0","100","0","75","0.5","10","2.5","2","60","1.6","0.4","20.5","6.7","16","8.21","365","14","1","0","0","299","299","45","79237","1929","2169","4084","2538","43","7252","false","472387","1","13","29","3128","3300","1907"
"24","0.1","1","false","false","false","true","false","false","false","1","1","1","0.25","1","0","0","0","100","0","75","0.5","10","2.5","2","60","1.6","0.4","20.5","6.7","16","8.21","365","14","1","0","0","299","299","46","78756","1994","2217","4230","2756","47","7380","false","470656","3","13","31","3276","3441","2000"
"24","0.1","1","false","false","false","true","false","false","false","1","1","1","0.25","1","0","0","0","100","0","75","0.5","10","2.5","2","60","1.6","0.4","20.5","6.7","16","8.21","365","14","1","0","0","299","299","47","78294","1988","2307","4406","2955","50","7480","false","469575","4","13","33","3425","3653","2104"
"24","0.1","1","false","false","false","true","false","false","false","1","1","1","0.25","1","0","0","0","100","0","75","0.5","10","2.5","2","60","1.6","0.4","20.5","6.7","16","8.21","365","14","1","0","0","299","299","48","77842","1996","2414","4552","3143","53","7625","false","468682","5","14","34","3595","3827","2190"
"24","0.1","1","false","false","false","true","false","false","false","1","1","1","0.25","1","0","0","0","100","0","75","0.5","10","2.5","2","60","1.6","0.4","20.5","6.7","16","8.21","365","14","1","0","0","299","299","49","77389","1973","2497","4706","3377","58","7762","false","467381","6","14","38","3765","4006","2292"
"24","0.1","1","false","false","false","true","false","false","false","1","1","1","0.25","1","0","0","0","100","0","75","0.5","10","2.5","2","60","1.6","0.4","20.5","6.7","16","8.21","365","14","1","0","0","299","299","50","76881","1994","2580","4899","3583","63","7819","false","465898","7","15","41","3923","4193","2397"
"24","0.1","1","false","false","false","true","false","false","false","1","1","1","0.25","1","0","0","0","100","0","75","0.5","10","2.5","2","60","1.6","0.4","20.5","6.7","16","8.21","365","14","1","0","0","299","299","51","76397","2020","2710","5025","3779","69","8025","false","465203","10","15","44","4098","4384","2500"
"24","0.1","1","false","false","false","true","false","false","false","1","1","1","0.25","1","0","0","0","100","0","75","0.5","10","2.5","2","60","1.6","0.4","20.5","6.7","16","8.21","365","14","1","0","0","299","299","52","75942","2025","2844","5148","3967","74","8144","false","463415","11","16","47","4256","4559","2631"
"24","0.1","1","false","false","false","true","false","false","false","1","1","1","0.25","1","0","0","0","100","0","75","0.5","10","2.5","2","60","1.6","0.4","20.5","6.7","16","8.21","365","14","1","0","0","299","299","53","75479","2049","2956","5239","4197","80","8443","false","462292","12","16","52","4452","4744","2731"
"24","0.1","1","false","false","false","true","false","false","false","1","1","1","0.25","1","0","0","0","100","0","75","0.5","10","2.5","2","60","1.6","0.4","20.5","6.7","16","8.21","365","14","1","0","0","299","299","54","75007","2012","3041","5424","4431","85","8616","false","459783","12","17","56","4619","4948","2820"
"24","0.1","1","false","false","false","true","false","false","false","1","1","1","0.25","1","0","0","0","100","0","75","0.5","10","2.5","2","60","1.6","0.4","20.5","6.7","16","8.21","365","14","1","0","0","299","299","55","74484","2077","3131","5565","4655","88","8787","false","458273","13","18","57","4807","5131","2905"
"24","0.1","1","false","false","false","true","false","false","false","1","1","1","0.25","1","0","0","0","100","0","75","0.5","10","2.5","2","60","1.6","0.4","20.5","6.7","16","8.21","365","14","1","0","0","299","299","56","74016","2074","3259","5681","4878","92","8915","false","456896","15","19","58","5001","5326","3020"
"24","0.1","1","false","false","false","true","false","false","false","1","1","1","0.25","1","0","0","0","100","0","75","0.5","10","2.5","2","60","1.6","0.4","20.5","6.7","16","8.21","365","14","1","0","0","299","299","57","73532","2098","3343","5803","5129","95","9083","false","455751","16","19","60","5162","5521","3118"
"24","0.1","1","false","false","false","true","false","false","false","1","1","1","0.25","1","0","0","0","100","0","75","0.5","10","2.5","2","60","1.6","0.4","20.5","6.7","16","8.21","365","14","1","0","0","299","299","58","72995","2137","3440","5920","5411","97","9236","false","454187","16","19","62","5327","5727","3236"
"24","0.1","1","false","false","false","true","false","false","false","1","1","1","0.25","1","0","0","0","100","0","75","0.5","10","2.5","2","60","1.6","0.4","20.5","6.7","16","8.21","365","14","1","0","0","299","299","59","72499","2124","3525","6039","5710","103","9425","false","452804","16","20","67","5512","5926","3352"
"24","0.1","1","false","false","false","true","false","false","false","1","1","1","0.25","1","0","0","0","100","0","75","0.5","10","2.5","2","60","1.6","0.4","20.5","6.7","16","8.21","365","14","1","0","0","299","299","60","72037","2106","3586","6156","6009","106","9510","false","451035","16","21","69","5674","6114","3464"
"24","0.1","1","false","false","false","true","false","false","false","1","1","1","0.25","1","0","0","0","100","0","75","0.5","10","2.5","2","60","1.6","0.4","20.5","6.7","16","8.21","365","14","1","0","0","299","299","61","71564","2104","3676","6266","6278","112","9480","false","450094","17","22","73","5848","6299","3584"
"24","0.1","1","false","false","false","true","false","false","false","1","1","1","0.25","1","0","0","0","100","0","75","0.5","10","2.5","2","60","1.6","0.4","20.5","6.7","16","8.21","365","14","1","0","0","299","299","62","71059","2102","3772","6355","6591","121","9657","false","450064","19","24","78","6035","6507","3699"
"24","0.1","1","false","false","false","true","false","false","false","1","1","1","0.25","1","0","0","0","100","0","75","0.5","10","2.5","2","60","1.6","0.4","20.5","6.7","16","8.21","365","14","1","0","0","299","299","63","70540","2135","3840","6439","6916","130","9801","false","448340","20","27","83","6219","6727","3797"
"24","0.1","1","false","false","false","true","false","false","false","1","1","1","0.25","1","0","0","0","100","0","75","0.5","10","2.5","2","60","1.6","0.4","20.5","6.7","16","8.21","365","14","1","0","0","299","299","64","70035","2156","3913","6481","7282","133","9804","false","446790","21","27","85","6388","6909","3927"
"24","0.1","1","false","false","false","true","false","false","false","1","1","1","0.25","1","0","0","0","100","0","75","0.5","10","2.5","2","60","1.6","0.4","20.5","6.7","16","8.21","365","14","1","0","0","299","299","65","69478","2190","3975","6594","7625","138","9850","false","446645","22","28","88","6580","7119","4038"
"24","0.1","1","false","false","false","true","false","false","false","1","1","1","0.25","1","0","0","0","100","0","75","0.5","10","2.5","2","60","1.6","0.4","20.5","6.7","16","8.21","365","14","1","0","0","299","299","66","68949","2195","4036","6675","8003","142","9805","false","446146","23","28","91","6774","7322","4157"
"24","0.1","1","false","false","false","true","false","false","false","1","1","1","0.25","1","0","0","0","100","0","75","0.5","10","2.5","2","60","1.6","0.4","20.5","6.7","16","8.21","365","14","1","0","0","299","299","67","68332","2300","4091","6761","8368","148","9859","false","446288","23","30","95","6959","7492","4289"
"24","0.1","1","false","false","false","true","false","false","false","1","1","1","0.25","1","0","0","0","100","0","75","0.5","10","2.5","2","60","1.6","0.4","20.5","6.7","16","8.21","365","14","1","0","0","299","299","68","67707","2437","4142","6792","8764","158","9930","false","445507","24","32","102","7144","7699","4405"
"24","0.1","1","false","false","false","true","false","false","false","1","1","1","0.25","1","0","0","0","100","0","75","0.5","10","2.5","2","60","1.6","0.4","20.5","6.7","16","8.21","365","14","1","0","0","299","299","69","67113","2524","4168","6838","9197","160","10010","false","444727","25","33","102","7337","7906","4523"
"24","0.1","1","false","false","false","true","false","false","false","1","1","1","0.25","1","0","0","0","100","0","75","0.5","10","2.5","2","60","1.6","0.4","20.5","6.7","16","8.21","365","14","1","0","0","299","299","70","66491","2524","4214","6971","9632","168","10209","false","443945","25","36","107","7556","8149","4654"
"24","0.1","1","false","false","false","true","false","false","false","1","1","1","0.25","1","0","0","0","100","0","75","0.5","10","2.5","2","60","1.6","0.4","20.5","6.7","16","8.21","365","14","1","0","0","299","299","71","65882","2581","4261","7057","10042","177","10286","false","442220","27","37","113","7753","8368","4777"
"24","0.1","1","false","false","false","true","false","false","false","1","1","1","0.25","1","0","0","0","100","0","75","0.5","10","2.5","2","60","1.6","0.4","20.5","6.7","16","8.21","365","14","1","0","0","299","299","72","65291","2615","4277","7149","10484","184","10290","false","441261","28","38","118","7967","8577","4903"
"24","0.1","1","false","false","false","true","false","false","false","1","1","1","0.25","1","0","0","0","100","0","75","0.5","10","2.5","2","60","1.6","0.4","20.5","6.7","16","8.21","365","14","1","0","0","299","299","73","64677","2624","4311","7291","10906","191","10364","false","441022","31","40","120","8179","8796","5040"
"24","0.1","1","false","false","false","true","false","false","false","1","1","1","0.25","1","0","0","0","100","0","75","0.5","10","2.5","2","60","1.6","0.4","20.5","6.7","16","8.21","365","14","1","0","0","299","299","74","64066","2628","4374","7431","11306","195","10448","false","440309","33","40","122","8394","9038","5176"
"24","0.1","1","false","false","false","true","false","false","false","1","1","1","0.25","1","0","0","0","100","0","75","0.5","10","2.5","2","60","1.6","0.4","20.5","6.7","16","8.21","365","14","1","0","0","299","299","75","63467","2622","4412","7504","11788","207","10476","false","439439","36","42","129","8599","9277","5334"
"24","0.1","1","false","false","false","true","false","false","false","1","1","1","0.25","1","0","0","0","100","0","75","0.5","10","2.5","2","60","1.6","0.4","20.5","6.7","16","8.21","365","14","1","0","0","299","299","76","62755","2671","4465","7686","12212","211","10657","false","438943","36","43","132","8805","9507","5472"
"24","0.1","1","false","false","false","true","false","false","false","1","1","1","0.25","1","0","0","0","100","0","75","0.5","10","2.5","2","60","1.6","0.4","20.5","6.7","16","8.21","365","14","1","0","0","299","299","77","62154","2663","4514","7785","12664","220","10939","false","437420","38","46","136","9030","9764","5606"
"24","0.1","1","false","false","false","true","false","false","false","1","1","1","0.25","1","0","0","0","100","0","75","0.5","10","2.5","2","60","1.6","0.4","20.5","6.7","16","8.21","365","14","1","0","0","299","299","78","61583","2618","4577","7871","13123","228","11027","false","435016","39","48","141","9262","10017","5753"
"24","0.1","1","false","false","false","true","false","false","false","1","1","1","0.25","1","0","0","0","100","0","75","0.5","10","2.5","2","60","1.6","0.4","20.5","6.7","16","8.21","365","14","1","0","0","299","299","79","60954","2598","4639","7983","13590","236","11157","false","433959","39","50","147","9496","10264","5915"
"24","0.1","1","false","false","false","true","false","false","false","1","1","1","0.25","1","0","0","0","100","0","75","0.5","10","2.5","2","60","1.6","0.4","20.5","6.7","16","8.21","365","14","1","0","0","299","299","80","60348","2559","4709","8044","14097","243","11209","false","432967","39","54","150","9724","10522","6082"
"24","0.1","1","false","false","false","true","false","false","false","1","1","1","0.25","1","0","0","0","100","0","75","0.5","10","2.5","2","60","1.6","0.4","20.5","6.7","16","8.21","365","14","1","0","0","299","299","81","59745","2568","4718","8092","14626","251","11206","false","432468","40","54","157","9935","10775","6232"
"24","0.1","1","false","false","false","true","false","false","false","1","1","1","0.25","1","0","0","0","100","0","75","0.5","10","2.5","2","60","1.6","0.4","20.5","6.7","16","8.21","365","14","1","0","0","299","299","82","59126","2558","4763","8177","15111","265","11238","false","432221","43","59","163","10160","11023","6388"
"24","0.1","1","false","false","false","true","false","false","false","1","1","1","0.25","1","0","0","0","100","0","75","0.5","10","2.5","2","60","1.6","0.4","20.5","6.7","16","8.21","365","14","1","0","0","299","299","83","58538","2549","4803","8258","15572","280","11266","false","431474","43","62","175","10395","11252","6524"
"24","0.1","1","false","false","false","true","false","false","false","1","1","1","0.25","1","0","0","0","100","0","75","0.5","10","2.5","2","60","1.6","0.4","20.5","6.7","16","8.21","365","14","1","0","0","299","299","84","57902","2562","4870","8339","16037","290","11273","false","430946","44","64","182","10627","11521","6649"
"24","0.1","1","false","false","false","true","false","false","false","1","1","1","0.25","1","0","0","0","100","0","75","0.5","10","2.5","2","60","1.6","0.4","20.5","6.7","16","8.21","365","14","1","0","0","299","299","85","57323","2582","4927","8356","16516","296","11343","false","430686","45","66","185","10837","11757","6792"
"24","0.1","1","false","false","false","true","false","false","false","1","1","1","0.25","1","0","0","0","100","0","75","0.5","10","2.5","2","60","1.6","0.4","20.5","6.7","16","8.21","365","14","1","0","0","299","299","86","56727","2600","4986","8393","16990","304","11443","false","429895","48","68","188","11060","11979","6925"
"24","0.1","1","false","false","false","true","false","false","false","1","1","1","0.25","1","0","0","0","100","0","75","0.5","10","2.5","2","60","1.6","0.4","20.5","6.7","16","8.21","365","14","1","0","0","299","299","87","56121","2546","4984","8497","17538","314","11544","false","428838","51","68","195","11305","12230","7068"
"24","0.1","1","false","false","false","true","false","false","false","1","1","1","0.25","1","0","0","0","100","0","75","0.5","10","2.5","2","60","1.6","0.4","20.5","6.7","16","8.21","365","14","1","0","0","299","299","88","55465","2615","5044","8516","18032","328","11607","false","428092","54","70","204","11526","12460","7204"
"24","0.1","1","false","false","false","true","false","false","false","1","1","1","0.25","1","0","0","0","100","0","75","0.5","10","2.5","2","60","1.6","0.4","20.5","6.7","16","8.21","365","14","1","0","0","299","299","89","54875","2591","5096","8557","18545","336","11514","false","427523","54","73","209","11757","12704","7349"
"24","0.1","1","false","false","false","true","false","false","false","1","1","1","0.25","1","0","0","0","100","0","75","0.5","10","2.5","2","60","1.6","0.4","20.5","6.7","16","8.21","365","14","1","0","0","299","299","90","54242","2633","5129","8584","19070","342","11596","false","428293","55","74","213","11961","12956","7475"
"24","0.1","1","false","false","false","true","false","false","false","1","1","1","0.25","1","0","0","0","100","0","75","0.5","10","2.5","2","60","1.6","0.4","20.5","6.7","16","8.21","365","14","1","0","0","299","299","91","53633","2611","5161","8636","19608","351","11452","false","427628","56","76","219","12204","13192","7625"
"24","0.1","1","false","false","false","true","false","false","false","1","1","1","0.25","1","0","0","0","100","0","75","0.5","10","2.5","2","60","1.6","0.4","20.5","6.7","16","8.21","365","14","1","0","0","299","299","92","52947","2702","5190","8650","20154","357","11442","false","428530","58","77","222","12407","13458","7754"
"24","0.1","1","false","false","false","true","false","false","false","1","1","1","0.25","1","0","0","0","100","0","75","0.5","10","2.5","2","60","1.6","0.4","20.5","6.7","16","8.21","365","14","1","0","0","299","299","93","52371","2665","5190","8705","20695","374","11332","false","428661","59","79","236","12631","13696","7879"
"24","0.1","1","false","false","false","true","false","false","false","1","1","1","0.25","1","0","0","0","100","0","75","0.5","10","2.5","2","60","1.6","0.4","20.5","6.7","16","8.21","365","14","1","0","0","299","299","94","51741","2676","5260","8725","21213","385","11408","false","429280","61","81","243","12840","13978","8038"
"24","0.1","1","false","false","false","true","false","false","false","1","1","1","0.25","1","0","0","0","100","0","75","0.5","10","2.5","2","60","1.6","0.4","20.5","6.7","16","8.21","365","14","1","0","0","299","299","95","51123","2680","5303","8761","21744","389","11375","false","428532","61","82","246","13068","14231","8173"
"24","0.1","1","false","false","false","true","false","false","false","1","1","1","0.25","1","0","0","0","100","0","75","0.5","10","2.5","2","60","1.6","0.4","20.5","6.7","16","8.21","365","14","1","0","0","299","299","96","50500","2645","5318","8841","22300","396","11308","false","428627","61","85","250","13304","14479","8318"
"24","0.1","1","false","false","false","true","false","false","false","1","1","1","0.25","1","0","0","0","100","0","75","0.5","10","2.5","2","60","1.6","0.4","20.5","6.7","16","8.21","365","14","1","0","0","299","299","97","49861","2676","5319","8822","22916","406","11286","false","428967","63","88","255","13523","14713","8465"
"24","0.1","1","false","false","false","true","false","false","false","1","1","1","0.25","1","0","0","0","100","0","75","0.5","10","2.5","2","60","1.6","0.4","20.5","6.7","16","8.21","365","14","1","0","0","299","299","98","49225","2730","5337","8856","23435","417","11201","false","429056","65","90","262","13748","14935","8595"
"24","0.1","1","false","false","false","true","false","false","false","1","1","1","0.25","1","0","0","0","100","0","75","0.5","10","2.5","2","60","1.6","0.4","20.5","6.7","16","8.21","365","14","1","0","0","299","299","99","48607","2739","5396","8818","24012","428","11197","false","429492","66","92","270","13971","15193","8745"
"24","0.1","1","false","false","false","true","false","false","false","1","1","1","0.25","1","0","0","0","100","0","75","0.5","10","2.5","2","60","1.6","0.4","20.5","6.7","16","8.21","365","14","1","0","0","299","299","100","48043","2683","5412","8831","24594","437","11105","false","429561","68","92","277","14211","15446","8884"
"24","0.1","1","false","false","false","true","false","false","false","1","1","1","0.25","1","0","0","0","100","0","75","0.5","10","2.5","2","60","1.6","0.4","20.5","6.7","16","8.21","365","14","1","0","0","299","299","101","47413","2656","5433","8855","25191","452","11174","false","430020","68","94","290","14440","15698","9059"
"24","0.1","1","false","false","false","true","false","false","false","1","1","1","0.25","1","0","0","0","100","0","75","0.5","10","2.5","2","60","1.6","0.4","20.5","6.7","16","8.21","365","14","1","0","0","299","299","102","46761","2691","5433","8877","25775","463","11239","false","429466","73","98","292","14657","15961","9184"
"24","0.1","1","false","false","false","true","false","false","false","1","1","1","0.25","1","0","0","0","100","0","75","0.5","10","2.5","2","60","1.6","0.4","20.5","6.7","16","8.21","365","14","1","0","0","299","299","103","46151","2648","5463","8903","26362","473","11182","false","428841","76","103","294","14880","16216","9333"
"24","0.1","1","false","false","false","true","false","false","false","1","1","1","0.25","1","0","0","0","100","0","75","0.5","10","2.5","2","60","1.6","0.4","20.5","6.7","16","8.21","365","14","1","0","0","299","299","104","45523","2679","5467","8865","26977","489","11231","false","429008","79","107","303","15112","16475","9463"
"24","0.1","1","false","false","false","true","false","false","false","1","1","1","0.25","1","0","0","0","100","0","75","0.5","10","2.5","2","60","1.6","0.4","20.5","6.7","16","8.21","365","14","1","0","0","299","299","105","44964","2630","5536","8820","27554","496","11211","false","428286","80","109","307","15325","16735","9625"
"24","0.1","1","false","false","false","true","false","false","false","1","1","1","0.25","1","0","0","0","100","0","75","0.5","10","2.5","2","60","1.6","0.4","20.5","6.7","16","8.21","365","14","1","0","0","299","299","106","44382","2568","5523","8861","28159","507","11158","false","428613","83","110","314","15555","16983","9795"
"24","0.1","1","false","false","false","true","false","false","false","1","1","1","0.25","1","0","0","0","100","0","75","0.5","10","2.5","2","60","1.6","0.4","20.5","6.7","16","8.21","365","14","1","0","0","299","299","107","43804","2512","5470","8876","28824","514","11103","false","428967","83","112","319","15756","17229","9950"
"24","0.1","1","false","false","false","true","false","false","false","1","1","1","0.25","1","0","0","0","100","0","75","0.5","10","2.5","2","60","1.6","0.4","20.5","6.7","16","8.21","365","14","1","0","0","299","299","108","43250","2451","5473","8881","29419","526","11080","false","429489","83","115","328","15975","17491","10092"
"24","0.1","1","false","false","false","true","false","false","false","1","1","1","0.25","1","0","0","0","100","0","75","0.5","10","2.5","2","60","1.6","0.4","20.5","6.7","16","8.21","365","14","1","0","0","299","299","109","42673","2455","5460","8850","30024","538","11030","false","429631","85","119","334","16185","17730","10242"
"24","0.1","1","false","false","false","true","false","false","false","1","1","1","0.25","1","0","0","0","100","0","75","0.5","10","2.5","2","60","1.6","0.4","20.5","6.7","16","8.21","365","14","1","0","0","299","299","110","42069","2484","5433","8849","30617","548","10988","false","430015","86","121","341","16396","17990","10368"
"24","0.1","1","false","false","false","true","false","false","false","1","1","1","0.25","1","0","0","0","100","0","75","0.5","10","2.5","2","60","1.6","0.4","20.5","6.7","16","8.21","365","14","1","0","0","299","299","111","41462","2528","5431","8801","31218","560","10982","false","430153","89","122","349","16611","18212","10499"
"24","0.1","1","false","false","false","true","false","false","false","1","1","1","0.25","1","0","0","0","100","0","75","0.5","10","2.5","2","60","1.6","0.4","20.5","6.7","16","8.21","365","14","1","0","0","299","299","112","40874","2545","5430","8803","31779","569","10916","false","430052","90","122","357","16838","18435","10633"
"24","0.1","1","false","false","false","true","false","false","false","1","1","1","0.25","1","0","0","0","100","0","75","0.5","10","2.5","2","60","1.6","0.4","20.5","6.7","16","8.21","365","14","1","0","0","299","299","113","40358","2463","5383","8822","32395","579","10680","false","430427","90","125","364","17032","18669","10763"
"24","0.1","1","false","false","false","true","false","false","false","1","1","1","0.25","1","0","0","0","100","0","75","0.5","10","2.5","2","60","1.6","0.4","20.5","6.7","16","8.21","365","14","1","0","0","299","299","114","39808","2427","5383","8806","32985","591","10555","false","432107","91","127","373","17260","18889","10901"
"24","0.1","1","false","false","false","true","false","false","false","1","1","1","0.25","1","0","0","0","100","0","75","0.5","10","2.5","2","60","1.6","0.4","20.5","6.7","16","8.21","365","14","1","0","0","299","299","115","39220","2431","5374","8763","33610","602","10450","false","433172","92","132","378","17452","19141","11041"
"24","0.1","1","false","false","false","true","false","false","false","1","1","1","0.25","1","0","0","0","100","0","75","0.5","10","2.5","2","60","1.6","0.4","20.5","6.7","16","8.21","365","14","1","0","0","299","299","116","38646","2443","5352","8729","34219","611","10357","false","433958","93","134","384","17665","19367","11167"
"24","0.1","1","false","false","false","true","false","false","false","1","1","1","0.25","1","0","0","0","100","0","75","0.5","10","2.5","2","60","1.6","0.4","20.5","6.7","16","8.21","365","14","1","0","0","299","299","117","38035","2462","5347","8719","34815","622","10394","false","434672","95","136","391","17876","19587","11294"
"24","0.1","1","false","false","false","true","false","false","false","1","1","1","0.25","1","0","0","0","100","0","75","0.5","10","2.5","2","60","1.6","0.4","20.5","6.7","16","8.21","365","14","1","0","0","299","299","118","37470","2485","5356","8624","35431","634","10269","false","434147","98","138","398","18074","19823","11434"
"24","0.1","1","false","false","false","true","false","false","false","1","1","1","0.25","1","0","0","0","100","0","75","0.5","10","2.5","2","60","1.6","0.4","20.5","6.7","16","8.21","365","14","1","0","0","299","299","119","36896","2494","5350","8573","36042","645","10227","false","435006","100","141","404","18293","20034","11590"
"24","0.1","1","false","false","false","true","false","false","false","1","1","1","0.25","1","0","0","0","100","0","75","0.5","10","2.5","2","60","1.6","0.4","20.5","6.7","16","8.21","365","14","1","0","0","299","299","120","36324","2464","5310","8553","36694","655","10157","false","435400","102","143","410","18492","20269","11734"
"24","0.1","1","false","false","false","true","false","false","false","1","1","1","0.25","1","0","0","0","100","0","75","0.5","10","2.5","2","60","1.6","0.4","20.5","6.7","16","8.21","365","14","1","0","0","299","299","121","35783","2458","5286","8509","37296","668","10042","false","435861","102","148","418","18688","20518","11854"
"24","0.1","1","false","false","false","true","false","false","false","1","1","1","0.25","1","0","0","0","100","0","75","0.5","10","2.5","2","60","1.6","0.4","20.5","6.7","16","8.21","365","14","1","0","0","299","299","122","35204","2464","5296","8482","37884","670","10003","false","436982","102","148","420","18904","20745","11976"
"24","0.1","1","false","false","false","true","false","false","false","1","1","1","0.25","1","0","0","0","100","0","75","0.5","10","2.5","2","60","1.6","0.4","20.5","6.7","16","8.21","365","14","1","0","0","299","299","123","34653","2441","5289","8445","38496","676","9938","false","437499","103","148","425","19136","20970","12095"
"24","0.1","1","false","false","false","true","false","false","false","1","1","1","0.25","1","0","0","0","100","0","75","0.5","10","2.5","2","60","1.6","0.4","20.5","6.7","16","8.21","365","14","1","0","0","299","299","124","34079","2455","5274","8433","39077","682","9817","false","437955","104","150","428","19337","21208","12220"
"24","0.1","1","false","false","false","true","false","false","false","1","1","1","0.25","1","0","0","0","100","0","75","0.5","10","2.5","2","60","1.6","0.4","20.5","6.7","16","8.21","365","14","1","0","0","299","299","125","33545","2414","5286","8409","39655","691","9853","false","438945","104","151","436","19563","21438","12344"
"24","0.1","1","false","false","false","true","false","false","false","1","1","1","0.25","1","0","0","0","100","0","75","0.5","10","2.5","2","60","1.6","0.4","20.5","6.7","16","8.21","365","14","1","0","0","299","299","126","32980","2386","5250","8430","40252","702","9828","false","438665","106","153","443","19809","21651","12461"
"24","0.1","1","false","false","false","true","false","false","false","1","1","1","0.25","1","0","0","0","100","0","75","0.5","10","2.5","2","60","1.6","0.4","20.5","6.7","16","8.21","365","14","1","0","0","299","299","127","32467","2316","5213","8403","40883","718","9884","false","438902","107","157","454","20051","21858","12585"
"24","0.1","1","false","false","false","true","false","false","false","1","1","1","0.25","1","0","0","0","100","0","75","0.5","10","2.5","2","60","1.6","0.4","20.5","6.7","16","8.21","365","14","1","0","0","299","299","128","31969","2274","5216","8341","41468","732","9896","false","438257","108","164","460","20256","22082","12708"
"24","0.1","1","false","false","false","true","false","false","false","1","1","1","0.25","1","0","0","0","100","0","75","0.5","10","2.5","2","60","1.6","0.4","20.5","6.7","16","8.21","365","14","1","0","0","299","299","129","31481","2229","5216","8233","42098","743","9841","false","438140","108","167","468","20450","22315","12856"
"24","0.1","1","false","false","false","true","false","false","false","1","1","1","0.25","1","0","0","0","100","0","75","0.5","10","2.5","2","60","1.6","0.4","20.5","6.7","16","8.21","365","14","1","0","0","299","299","130","31038","2119","5220","8203","42668","752","9705","false","438545","111","168","473","20662","22550","12979"
"24","0.1","1","false","false","false","true","false","false","false","1","1","1","0.25","1","0","0","0","100","0","75","0.5","10","2.5","2","60","1.6","0.4","20.5","6.7","16","8.21","365","14","1","0","0","299","299","131","30578","2045","5195","8177","43241","764","9602","false","439544","113","170","481","20836","22773","13104"
"24","0.1","1","false","false","false","true","false","false","false","1","1","1","0.25","1","0","0","0","100","0","75","0.5","10","2.5","2","60","1.6","0.4","20.5","6.7","16","8.21","365","14","1","0","0","299","299","132","30096","2041","5180","8049","43862","772","9566","false","440404","116","172","484","21035","22980","13243"
"24","0.1","1","false","false","false","true","false","false","false","1","1","1","0.25","1","0","0","0","100","0","75","0.5","10","2.5","2","60","1.6","0.4","20.5","6.7","16","8.21","365","14","1","0","0","299","299","133","29588","2094","5172","7896","44467","783","9498","false","440739","117","176","490","21241","23185","13356"
"24","0.1","1","false","false","false","true","false","false","false","1","1","1","0.25","1","0","0","0","100","0","75","0.5","10","2.5","2","60","1.6","0.4","20.5","6.7","16","8.21","365","14","1","0","0","299","299","134","29149","2054","5139","7827","45038","793","9389","false","441323","118","179","496","21411","23377","13472"
"24","0.1","1","false","false","false","true","false","false","false","1","1","1","0.25","1","0","0","0","100","0","75","0.5","10","2.5","2","60","1.6","0.4","20.5","6.7","16","8.21","365","14","1","0","0","299","299","135","28679","2052","5083","7775","45609","802","9222","false","442105","120","183","499","21590","23564","13577"
"24","0.1","1","false","false","false","true","false","false","false","1","1","1","0.25","1","0","0","0","100","0","75","0.5","10","2.5","2","60","1.6","0.4","20.5","6.7","16","8.21","365","14","1","0","0","299","299","136","28176","2088","5031","7727","46169","809","9137","false","443348","120","184","505","21770","23741","13675"
"24","0.1","1","false","false","false","true","false","false","false","1","1","1","0.25","1","0","0","0","100","0","75","0.5","10","2.5","2","60","1.6","0.4","20.5","6.7","16","8.21","365","14","1","0","0","299","299","137","27738","2006","4964","7709","46770","813","8882","false","444258","120","186","507","21945","23930","13802"
"24","0.1","1","false","false","false","true","false","false","false","1","1","1","0.25","1","0","0","0","100","0","75","0.5","10","2.5","2","60","1.6","0.4","20.5","6.7","16","8.21","365","14","1","0","0","299","299","138","27296","1987","4905","7661","47328","823","8777","false","446066","121","187","515","22091","24120","13913"
"24","0.1","1","false","false","false","true","false","false","false","1","1","1","0.25","1","0","0","0","100","0","75","0.5","10","2.5","2","60","1.6","0.4","20.5","6.7","16","8.21","365","14","1","0","0","299","299","139","26802","1995","4877","7606","47890","830","8632","false","446820","123","188","519","22283","24321","14013"
"24","0.1","1","false","false","false","true","false","false","false","1","1","1","0.25","1","0","0","0","100","0","75","0.5","10","2.5","2","60","1.6","0.4","20.5","6.7","16","8.21","365","14","1","0","0","299","299","140","26318","2013","4819","7557","48454","839","8516","false","447892","123","190","526","22465","24498","14117"
"24","0.1","1","false","false","false","true","false","false","false","1","1","1","0.25","1","0","0","0","100","0","75","0.5","10","2.5","2","60","1.6","0.4","20.5","6.7","16","8.21","365","14","1","0","0","299","299","141","25811","2088","4748","7434","49069","850","8502","false","448707","125","191","534","22633","24675","14230"
"24","0.1","1","false","false","false","true","false","false","false","1","1","1","0.25","1","0","0","0","100","0","75","0.5","10","2.5","2","60","1.6","0.4","20.5","6.7","16","8.21","365","14","1","0","0","299","299","142","25368","2020","4713","7397","49640","862","8366","false","448847","126","198","538","22805","24879","14358"
"24","0.1","1","false","false","false","true","false","false","false","1","1","1","0.25","1","0","0","0","100","0","75","0.5","10","2.5","2","60","1.6","0.4","20.5","6.7","16","8.21","365","14","1","0","0","299","299","143","24938","1988","4657","7329","50216","872","8264","false","449874","127","199","546","22970","25046","14483"
"24","0.1","1","false","false","false","true","false","false","false","1","1","1","0.25","1","0","0","0","100","0","75","0.5","10","2.5","2","60","1.6","0.4","20.5","6.7","16","8.21","365","14","1","0","0","299","299","144","24498","1973","4589","7239","50813","888","8131","false","450869","129","201","558","23129","25238","14575"
"24","0.1","1","false","false","false","true","false","false","false","1","1","1","0.25","1","0","0","0","100","0","75","0.5","10","2.5","2","60","1.6","0.4","20.5","6.7","16","8.21","365","14","1","0","0","299","299","145","24051","1926","4576","7201","51350","896","8116","false","451917","130","203","563","23321","25440","14682"
"24","0.1","1","false","false","false","true","false","false","false","1","1","1","0.25","1","0","0","0","100","0","75","0.5","10","2.5","2","60","1.6","0.4","20.5","6.7","16","8.21","365","14","1","0","0","299","299","146","23650","1850","4543","7146","51906","905","7999","false","452278","131","204","570","23507","25635","14783"
"24","0.1","1","false","false","false","true","false","false","false","1","1","1","0.25","1","0","0","0","100","0","75","0.5","10","2.5","2","60","1.6","0.4","20.5","6.7","16","8.21","365","14","1","0","0","299","299","147","23221","1838","4492","7054","52484","911","7859","false","453288","131","204","576","23670","25817","14885"
"24","0.1","1","false","false","false","true","false","false","false","1","1","1","0.25","1","0","0","0","100","0","75","0.5","10","2.5","2","60","1.6","0.4","20.5","6.7","16","8.21","365","14","1","0","0","299","299","148","22804","1838","4446","6984","53010","918","7801","false","454336","132","204","582","23821","25996","15001"
"24","0.1","1","false","false","false","true","false","false","false","1","1","1","0.25","1","0","0","0","100","0","75","0.5","10","2.5","2","60","1.6","0.4","20.5","6.7","16","8.21","365","14","1","0","0","299","299","149","22387","1807","4417","6946","53516","927","7731","false","455057","132","206","589","23979","26207","15093"
"24","0.1","1","false","false","false","true","false","false","false","1","1","1","0.25","1","0","0","0","100","0","75","0.5","10","2.5","2","60","1.6","0.4","20.5","6.7","16","8.21","365","14","1","0","0","299","299","150","21999","1779","4395","6859","54037","931","7670","false","455517","133","207","591","24153","26396","15201"
"24","0.1","1","false","false","false","true","false","false","false","1","1","1","0.25","1","0","0","0","100","0","75","0.5","10","2.5","2","60","1.6","0.4","20.5","6.7","16","8.21","365","14","1","0","0","299","299","151","21627","1744","4356","6776","54556","941","7596","false","456041","133","209","599","24300","26548","15298"
"24","0.1","1","false","false","false","true","false","false","false","1","1","1","0.25","1","0","0","0","100","0","75","0.5","10","2.5","2","60","1.6","0.4","20.5","6.7","16","8.21","365","14","1","0","0","299","299","152","21260","1679","4280","6740","55091","950","7449","false","456728","134","209","607","24446","26692","15394"
"24","0.1","1","false","false","false","true","false","false","false","1","1","1","0.25","1","0","0","0","100","0","75","0.5","10","2.5","2","60","1.6","0.4","20.5","6.7","16","8.21","365","14","1","0","0","299","299","153","20881","1668","4233","6640","55619","959","7306","false","457930","136","209","614","24586","26864","15479"
"24","0.1","1","false","false","false","true","false","false","false","1","1","1","0.25","1","0","0","0","100","0","75","0.5","10","2.5","2","60","1.6","0.4","20.5","6.7","16","8.21","365","14","1","0","0","299","299","154","20537","1623","4204","6541","56128","967","7224","false","458964","137","213","617","24750","27035","15555"
"24","0.1","1","false","false","false","true","false","false","false","1","1","1","0.25","1","0","0","0","100","0","75","0.5","10","2.5","2","60","1.6","0.4","20.5","6.7","16","8.21","365","14","1","0","0","299","299","155","20182","1593","4167","6446","56639","973","7110","false","459681","139","215","619","24895","27220","15644"
"24","0.1","1","false","false","false","true","false","false","false","1","1","1","0.25","1","0","0","0","100","0","75","0.5","10","2.5","2","60","1.6","0.4","20.5","6.7","16","8.21","365","14","1","0","0","299","299","156","19834","1537","4140","6395","57111","983","6976","false","460682","140","218","625","25050","27381","15741"
"24","0.1","1","false","false","false","true","false","false","false","1","1","1","0.25","1","0","0","0","100","0","75","0.5","10","2.5","2","60","1.6","0.4","20.5","6.7","16","8.21","365","14","1","0","0","299","299","157","19464","1556","4094","6291","57611","984","6789","false","461702","141","218","625","25198","27517","15820"
"24","0.1","1","false","false","false","true","false","false","false","1","1","1","0.25","1","0","0","0","100","0","75","0.5","10","2.5","2","60","1.6","0.4","20.5","6.7","16","8.21","365","14","1","0","0","299","299","158","19117","1540","4021","6260","58071","991","6760","false","463331","143","219","629","25340","27672","15889"
"24","0.1","1","false","false","false","true","false","false","false","1","1","1","0.25","1","0","0","0","100","0","75","0.5","10","2.5","2","60","1.6","0.4","20.5","6.7","16","8.21","365","14","1","0","0","299","299","159","18789","1506","3977","6190","58539","999","6476","false","463539","144","220","635","25467","27821","15981"
"24","0.1","1","false","false","false","true","false","false","false","1","1","1","0.25","1","0","0","0","100","0","75","0.5","10","2.5","2","60","1.6","0.4","20.5","6.7","16","8.21","365","14","1","0","0","299","299","160","18444","1492","3949","6101","59011","1003","6447","false","465675","145","221","637","25602","27968","16064"
"24","0.1","1","false","false","false","true","false","false","false","1","1","1","0.25","1","0","0","0","100","0","75","0.5","10","2.5","2","60","1.6","0.4","20.5","6.7","16","8.21","365","14","1","0","0","299","299","161","18127","1456","3897","6026","59482","1012","6318","false","466142","148","224","640","25732","28096","16141"
"24","0.1","1","false","false","false","true","false","false","false","1","1","1","0.25","1","0","0","0","100","0","75","0.5","10","2.5","2","60","1.6","0.4","20.5","6.7","16","8.21","365","14","1","0","0","299","299","162","17799","1434","3875","5961","59912","1019","6149","false","467332","151","225","643","25864","28221","16245"
"24","0.1","1","false","false","false","true","false","false","false","1","1","1","0.25","1","0","0","0","100","0","75","0.5","10","2.5","2","60","1.6","0.4","20.5","6.7","16","8.21","365","14","1","0","0","299","299","163","17457","1431","3815","5864","60410","1023","6046","false","468680","151","225","647","25986","28378","16320"
"24","0.1","1","false","false","false","true","false","false","false","1","1","1","0.25","1","0","0","0","100","0","75","0.5","10","2.5","2","60","1.6","0.4","20.5","6.7","16","8.21","365","14","1","0","0","299","299","164","17137","1388","3754","5819","60874","1028","5896","false","469537","151","225","652","26137","28505","16400"
"24","0.1","1","false","false","false","true","false","false","false","1","1","1","0.25","1","0","0","0","100","0","75","0.5","10","2.5","2","60","1.6","0.4","20.5","6.7","16","8.21","365","14","1","0","0","299","299","165","16788","1391","3689","5770","61328","1034","5814","false","470710","151","227","656","26262","28648","16480"
"24","0.1","1","false","false","false","true","false","false","false","1","1","1","0.25","1","0","0","0","100","0","75","0.5","10","2.5","2","60","1.6","0.4","20.5","6.7","16","8.21","365","14","1","0","0","299","299","166","16444","1412","3641","5664","61796","1043","5697","false","471249","151","227","665","26392","28793","16548"
"24","0.1","1","false","false","false","true","false","false","false","1","1","1","0.25","1","0","0","0","100","0","75","0.5","10","2.5","2","60","1.6","0.4","20.5","6.7","16","8.21","365","14","1","0","0","299","299","167","16154","1366","3597","5577","62257","1049","5623","false","472251","151","230","668","26533","28933","16627"
"24","0.1","1","false","false","false","true","false","false","false","1","1","1","0.25","1","0","0","0","100","0","75","0.5","10","2.5","2","60","1.6","0.4","20.5","6.7","16","8.21","365","14","1","0","0","299","299","168","15815","1383","3541","5475","62732","1054","5521","false","472982","152","232","670","26647","29053","16719"
"24","0.1","1","false","false","false","true","false","false","false","1","1","1","0.25","1","0","0","0","100","0","75","0.5","10","2.5","2","60","1.6","0.4","20.5","6.7","16","8.21","365","14","1","0","0","299","299","169","15514","1384","3478","5372","63187","1065","5515","false","474015","152","238","675","26748","29184","16788"
"24","0.1","1","false","false","false","true","false","false","false","1","1","1","0.25","1","0","0","0","100","0","75","0.5","10","2.5","2","60","1.6","0.4","20.5","6.7","16","8.21","365","14","1","0","0","299","299","170","15221","1354","3405","5271","63676","1073","5480","false","473952","152","240","681","26862","29328","16861"
"24","0.1","1","false","false","false","true","false","false","false","1","1","1","0.25","1","0","0","0","100","0","75","0.5","10","2.5","2","60","1.6","0.4","20.5","6.7","16","8.21","365","14","1","0","0","299","299","171","14937","1300","3365","5210","64107","1081","5488","false","474257","152","241","688","26975","29486","16933"
"24","0.1","1","false","false","false","true","false","false","false","1","1","1","0.25","1","0","0","0","100","0","75","0.5","10","2.5","2","60","1.6","0.4","20.5","6.7","16","8.21","365","14","1","0","0","299","299","172","14675","1252","3304","5157","64527","1085","5349","false","474151","152","242","691","27099","29607","17011"
"24","0.1","1","false","false","false","true","false","false","false","1","1","1","0.25","1","0","0","0","100","0","75","0.5","10","2.5","2","60","1.6","0.4","20.5","6.7","16","8.21","365","14","1","0","0","299","299","173","14381","1206","3244","5130","64949","1090","5365","false","475335","153","243","694","27210","29737","17084"
"24","0.1","1","false","false","false","true","false","false","false","1","1","1","0.25","1","0","0","0","100","0","75","0.5","10","2.5","2","60","1.6","0.4","20.5","6.7","16","8.21","365","14","1","0","0","299","299","174","14102","1202","3218","5025","65357","1096","5341","false","475249","154","243","699","27325","29854","17147"
"24","0.1","1","false","false","false","true","false","false","false","1","1","1","0.25","1","0","0","0","100","0","75","0.5","10","2.5","2","60","1.6","0.4","20.5","6.7","16","8.21","365","14","1","0","0","299","299","175","13832","1196","3173","4940","65758","1101","5309","false","475503","155","246","700","27433","29976","17219"
"24","0.1","1","false","false","false","true","false","false","false","1","1","1","0.25","1","0","0","0","100","0","75","0.5","10","2.5","2","60","1.6","0.4","20.5","6.7","16","8.21","365","14","1","0","0","299","299","176","13574","1161","3146","4871","66144","1104","5268","false","475909","155","247","702","27527","30098","17297"
"24","0.1","1","false","false","false","true","false","false","false","1","1","1","0.25","1","0","0","0","100","0","75","0.5","10","2.5","2","60","1.6","0.4","20.5","6.7","16","8.21","365","14","1","0","0","299","299","177","13304","1169","3117","4775","66529","1106","5233","false","476362","156","248","702","27628","30204","17367"
"24","0.1","1","false","false","false","true","false","false","false","1","1","1","0.25","1","0","0","0","100","0","75","0.5","10","2.5","2","60","1.6","0.4","20.5","6.7","16","8.21","365","14","1","0","0","299","299","178","13058","1146","3053","4713","66920","1110","5070","false","476643","156","249","705","27717","30306","17432"
"24","0.1","1","false","false","false","true","false","false","false","1","1","1","0.25","1","0","0","0","100","0","75","0.5","10","2.5","2","60","1.6","0.4","20.5","6.7","16","8.21","365","14","1","0","0","299","299","179","12785","1124","3020","4658","67299","1114","5063","false","477969","156","250","708","27816","30437","17504"
"24","0.1","1","false","false","false","true","false","false","false","1","1","1","0.25","1","0","0","0","100","0","75","0.5","10","2.5","2","60","1.6","0.4","20.5","6.7","16","8.21","365","14","1","0","0","299","299","180","12529","1124","2971","4582","67670","1124","4996","false","477989","158","253","713","27925","30534","17562"
"24","0.1","1","false","false","false","true","false","false","false","1","1","1","0.25","1","0","0","0","100","0","75","0.5","10","2.5","2","60","1.6","0.4","20.5","6.7","16","8.21","365","14","1","0","0","299","299","181","12285","1101","2924","4531","68031","1128","4899","false","478540","158","253","717","28025","30644","17607"
"24","0.1","1","false","false","false","true","false","false","false","1","1","1","0.25","1","0","0","0","100","0","75","0.5","10","2.5","2","60","1.6","0.4","20.5","6.7","16","8.21","365","14","1","0","0","299","299","182","12038","1096","2865","4451","68416","1134","4762","false","479382","159","253","722","28127","30743","17663"
"24","0.1","1","false","false","false","true","false","false","false","1","1","1","0.25","1","0","0","0","100","0","75","0.5","10","2.5","2","60","1.6","0.4","20.5","6.7","16","8.21","365","14","1","0","0","299","299","183","11785","1098","2844","4345","68791","1137","4670","false","480506","159","253","725","28228","30850","17716"
"24","0.1","1","false","false","false","true","false","false","false","1","1","1","0.25","1","0","0","0","100","0","75","0.5","10","2.5","2","60","1.6","0.4","20.5","6.7","16","8.21","365","14","1","0","0","299","299","184","11531","1084","2792","4314","69138","1141","4697","false","481277","159","254","728","28322","30962","17778"
"24","0.1","1","false","false","false","true","false","false","false","1","1","1","0.25","1","0","0","0","100","0","75","0.5","10","2.5","2","60","1.6","0.4","20.5","6.7","16","8.21","365","14","1","0","0","299","299","185","11269","1109","2756","4238","69482","1146","4691","false","481149","160","256","730","28419","31063","17840"
"24","0.1","1","false","false","false","true","false","false","false","1","1","1","0.25","1","0","0","0","100","0","75","0.5","10","2.5","2","60","1.6","0.4","20.5","6.7","16","8.21","365","14","1","0","0","299","299","186","11032","1093","2709","4185","69832","1149","4641","false","481264","160","257","732","28515","31150","17903"
"24","0.1","1","false","false","false","true","false","false","false","1","1","1","0.25","1","0","0","0","100","0","75","0.5","10","2.5","2","60","1.6","0.4","20.5","6.7","16","8.21","365","14","1","0","0","299","299","187","10834","1030","2659","4139","70187","1151","4555","false","481639","161","258","732","28630","31249","17958"
"24","0.1","1","false","false","false","true","false","false","false","1","1","1","0.25","1","0","0","0","100","0","75","0.5","10","2.5","2","60","1.6","0.4","20.5","6.7","16","8.21","365","14","1","0","0","299","299","188","10600","1011","2632","4049","70549","1159","4484","false","482429","162","260","737","28728","31347","18018"
"24","0.1","1","false","false","false","true","false","false","false","1","1","1","0.25","1","0","0","0","100","0","75","0.5","10","2.5","2","60","1.6","0.4","20.5","6.7","16","8.21","365","14","1","0","0","299","299","189","10358","1029","2579","3993","70877","1164","4422","false","482974","162","261","741","28815","31435","18065"
"24","0.1","1","false","false","false","true","false","false","false","1","1","1","0.25","1","0","0","0","100","0","75","0.5","10","2.5","2","60","1.6","0.4","20.5","6.7","16","8.21","365","14","1","0","0","299","299","190","10117","1010","2533","3967","71207","1166","4471","false","483389","162","262","742","28930","31522","18115"
"24","0.1","1","false","false","false","true","false","false","false","1","1","1","0.25","1","0","0","0","100","0","75","0.5","10","2.5","2","60","1.6","0.4","20.5","6.7","16","8.21","365","14","1","0","0","299","299","191","9878","1001","2518","3943","71486","1174","4424","false","483041","163","264","747","29031","31615","18183"
"24","0.1","1","false","false","false","true","false","false","false","1","1","1","0.25","1","0","0","0","100","0","75","0.5","10","2.5","2","60","1.6","0.4","20.5","6.7","16","8.21","365","14","1","0","0","299","299","192","9664","995","2489","3865","71804","1183","4356","false","483409","163","266","754","29108","31706","18248"
"24","0.1","1","false","false","false","true","false","false","false","1","1","1","0.25","1","0","0","0","100","0","75","0.5","10","2.5","2","60","1.6","0.4","20.5","6.7","16","8.21","365","14","1","0","0","299","299","193","9478","962","2435","3813","72124","1188","4235","false","483918","163","267","758","29184","31804","18306"
"24","0.1","1","false","false","false","true","false","false","false","1","1","1","0.25","1","0","0","0","100","0","75","0.5","10","2.5","2","60","1.6","0.4","20.5","6.7","16","8.21","365","14","1","0","0","299","299","194","9255","931","2397","3769","72457","1191","4180","false","484938","163","267","761","29265","31908","18375"
"24","0.1","1","false","false","false","true","false","false","false","1","1","1","0.25","1","0","0","0","100","0","75","0.5","10","2.5","2","60","1.6","0.4","20.5","6.7","16","8.21","365","14","1","0","0","299","299","195","9033","925","2361","3720","72769","1192","4166","false","485405","163","268","761","29343","32005","18427"
"24","0.1","1","false","false","false","true","false","false","false","1","1","1","0.25","1","0","0","0","100","0","75","0.5","10","2.5","2","60","1.6","0.4","20.5","6.7","16","8.21","365","14","1","0","0","299","299","196","8827","912","2327","3683","73055","1196","4065","false","485513","163","268","765","29417","32096","18476"
"24","0.1","1","false","false","false","true","false","false","false","1","1","1","0.25","1","0","0","0","100","0","75","0.5","10","2.5","2","60","1.6","0.4","20.5","6.7","16","8.21","365","14","1","0","0","299","299","197","8619","908","2283","3642","73343","1205","3922","false","486395","165","271","769","29486","32178","18528"
"24","0.1","1","false","false","false","true","false","false","false","1","1","1","0.25","1","0","0","0","100","0","75","0.5","10","2.5","2","60","1.6","0.4","20.5","6.7","16","8.21","365","14","1","0","0","299","299","198","8397","902","2264","3591","73634","1212","3903","false","487436","166","273","773","29572","32289","18572"
"24","0.1","1","false","false","false","true","false","false","false","1","1","1","0.25","1","0","0","0","100","0","75","0.5","10","2.5","2","60","1.6","0.4","20.5","6.7","16","8.21","365","14","1","0","0","299","299","199","8165","928","2229","3550","73914","1214","3816","false","487616","166","274","774","29647","32373","18625"
"24","0.1","1","false","false","false","true","false","false","false","1","1","1","0.25","1","0","0","0","100","0","75","0.5","10","2.5","2","60","1.6","0.4","20.5","6.7","16","8.21","365","14","1","0","0","299","299","200","7972","924","2218","3488","74181","1217","3838","false","488339","168","274","775","29722","32464","18677"
"24","0.1","1","false","false","false","true","false","false","false","1","1","1","0.25","1","0","0","0","100","0","75","0.5","10","2.5","2","60","1.6","0.4","20.5","6.7","16","8.21","365","14","1","0","0","299","299","201","7779","887","2195","3468","74448","1223","3809","false","488207","169","276","778","29803","32542","18729"
"24","0.1","1","false","false","false","true","false","false","false","1","1","1","0.25","1","0","0","0","100","0","75","0.5","10","2.5","2","60","1.6","0.4","20.5","6.7","16","8.21","365","14","1","0","0","299","299","202","7596","865","2163","3413","74734","1229","3709","false","488516","170","276","783","29877","32625","18787"
"24","0.1","1","false","false","false","true","false","false","false","1","1","1","0.25","1","0","0","0","100","0","75","0.5","10","2.5","2","60","1.6","0.4","20.5","6.7","16","8.21","365","14","1","0","0","299","299","203","7404","833","2145","3402","74984","1232","3649","false","489327","170","277","785","29971","32709","18833"
"24","0.1","1","false","false","false","true","false","false","false","1","1","1","0.25","1","0","0","0","100","0","75","0.5","10","2.5","2","60","1.6","0.4","20.5","6.7","16","8.21","365","14","1","0","0","299","299","204","7192","865","2123","3344","75240","1236","3570","false","489839","170","280","786","30048","32786","18870"
"24","0.1","1","false","false","false","true","false","false","false","1","1","1","0.25","1","0","0","0","100","0","75","0.5","10","2.5","2","60","1.6","0.4","20.5","6.7","16","8.21","365","14","1","0","0","299","299","205","7012","838","2104","3298","75511","1237","3501","false","490554","170","280","787","30127","32873","18910"
"24","0.1","1","false","false","false","true","false","false","false","1","1","1","0.25","1","0","0","0","100","0","75","0.5","10","2.5","2","60","1.6","0.4","20.5","6.7","16","8.21","365","14","1","0","0","299","299","206","6833","798","2082","3300","75742","1245","3452","false","491135","173","280","792","30194","32954","18956"
"24","0.1","1","false","false","false","true","false","false","false","1","1","1","0.25","1","0","0","0","100","0","75","0.5","10","2.5","2","60","1.6","0.4","20.5","6.7","16","8.21","365","14","1","0","0","299","299","207","6656","773","2035","3278","76008","1250","3459","false","491470","173","280","797","30267","33035","19005"
"24","0.1","1","false","false","false","true","false","false","false","1","1","1","0.25","1","0","0","0","100","0","75","0.5","10","2.5","2","60","1.6","0.4","20.5","6.7","16","8.21","365","14","1","0","0","299","299","208","6478","774","2017","3232","76249","1250","3442","false","491545","173","280","797","30325","33138","19049"
"24","0.1","1","false","false","false","true","false","false","false","1","1","1","0.25","1","0","0","0","100","0","75","0.5","10","2.5","2","60","1.6","0.4","20.5","6.7","16","8.21","365","14","1","0","0","299","299","209","6287","755","1998","3194","76512","1254","3441","false","491796","176","280","798","30407","33220","19099"
"24","0.1","1","false","false","false","true","false","false","false","1","1","1","0.25","1","0","0","0","100","0","75","0.5","10","2.5","2","60","1.6","0.4","20.5","6.7","16","8.21","365","14","1","0","0","299","299","210","6124","739","1984","3130","76766","1257","3344","false","491930","177","281","799","30489","33316","19132"
"24","0.1","1","false","false","false","true","false","false","false","1","1","1","0.25","1","0","0","0","100","0","75","0.5","10","2.5","2","60","1.6","0.4","20.5","6.7","16","8.21","365","14","1","0","0","299","299","211","5957","739","1960","3080","77006","1258","3251","false","492635","178","281","799","30535","33383","19171"
"24","0.1","1","false","false","false","true","false","false","false","1","1","1","0.25","1","0","0","0","100","0","75","0.5","10","2.5","2","60","1.6","0.4","20.5","6.7","16","8.21","365","14","1","0","0","299","299","212","5795","735","1925","3040","77245","1260","3175","false","493323","178","281","801","30604","33442","19208"
"24","0.1","1","false","false","false","true","false","false","false","1","1","1","0.25","1","0","0","0","100","0","75","0.5","10","2.5","2","60","1.6","0.4","20.5","6.7","16","8.21","365","14","1","0","0","299","299","213","5628","735","1892","2996","77484","1265","3119","false","494021","180","282","803","30655","33512","19258"
"24","0.1","1","false","false","false","true","false","false","false","1","1","1","0.25","1","0","0","0","100","0","75","0.5","10","2.5","2","60","1.6","0.4","20.5","6.7","16","8.21","365","14","1","0","0","299","299","214","5482","712","1851","2962","77722","1271","3017","false","494468","181","283","807","30723","33583","19304"
"24","0.1","1","false","false","false","true","false","false","false","1","1","1","0.25","1","0","0","0","100","0","75","0.5","10","2.5","2","60","1.6","0.4","20.5","6.7","16","8.21","365","14","1","0","0","299","299","215","5319","699","1831","2935","77939","1277","2931","false","495232","182","284","811","30798","33645","19344"
"24","0.1","1","false","false","false","true","false","false","false","1","1","1","0.25","1","0","0","0","100","0","75","0.5","10","2.5","2","60","1.6","0.4","20.5","6.7","16","8.21","365","14","1","0","0","299","299","216","5174","688","1790","2895","78171","1282","2881","false","495817","183","285","814","30854","33713","19372"
"24","0.1","1","false","false","false","true","false","false","false","1","1","1","0.25","1","0","0","0","100","0","75","0.5","10","2.5","2","60","1.6","0.4","20.5","6.7","16","8.21","365","14","1","0","0","299","299","217","5004","703","1775","2833","78399","1286","2916","false","496259","184","287","815","30913","33791","19408"
"24","0.1","1","false","false","false","true","false","false","false","1","1","1","0.25","1","0","0","0","100","0","75","0.5","10","2.5","2","60","1.6","0.4","20.5","6.7","16","8.21","365","14","1","0","0","299","299","218","4861","686","1733","2790","78639","1291","2856","false","496133","186","287","818","30971","33846","19446"
"24","0.1","1","false","false","false","true","false","false","false","1","1","1","0.25","1","0","0","0","100","0","75","0.5","10","2.5","2","60","1.6","0.4","20.5","6.7","16","8.21","365","14","1","0","0","299","299","219","4709","675","1698","2754","78869","1295","2826","false","496630","186","289","820","31025","33891","19494"
"24","0.1","1","false","false","false","true","false","false","false","1","1","1","0.25","1","0","0","0","100","0","75","0.5","10","2.5","2","60","1.6","0.4","20.5","6.7","16","8.21","365","14","1","0","0","299","299","220","4580","647","1667","2720","79088","1298","2735","false","496890","187","290","821","31077","33950","19535"
"24","0.1","1","false","false","false","true","false","false","false","1","1","1","0.25","1","0","0","0","100","0","75","0.5","10","2.5","2","60","1.6","0.4","20.5","6.7","16","8.21","365","14","1","0","0","299","299","221","4420","656","1657","2662","79305","1300","2678","false","497612","188","291","821","31137","34013","19565"
"24","0.1","1","false","false","false","true","false","false","false","1","1","1","0.25","1","0","0","0","100","0","75","0.5","10","2.5","2","60","1.6","0.4","20.5","6.7","16","8.21","365","14","1","0","0","299","299","222","4273","651","1659","2602","79509","1306","2588","false","498096","188","292","826","31192","34077","19609"
"24","0.1","1","false","false","false","true","false","false","false","1","1","1","0.25","1","0","0","0","100","0","75","0.5","10","2.5","2","60","1.6","0.4","20.5","6.7","16","8.21","365","14","1","0","0","299","299","223","4127","618","1638","2585","79723","1309","2578","false","498868","188","294","827","31273","34149","19636"
"24","0.1","1","false","false","false","true","false","false","false","1","1","1","0.25","1","0","0","0","100","0","75","0.5","10","2.5","2","60","1.6","0.4","20.5","6.7","16","8.21","365","14","1","0","0","299","299","224","3994","591","1617","2548","79939","1311","2577","false","499059","188","295","828","31329","34218","19675"
"24","0.1","1","false","false","false","true","false","false","false","1","1","1","0.25","1","0","0","0","100","0","75","0.5","10","2.5","2","60","1.6","0.4","20.5","6.7","16","8.21","365","14","1","0","0","299","299","225","3859","580","1599","2524","80126","1312","2477","false","499118","188","296","828","31384","34280","19710"
"24","0.1","1","false","false","false","true","false","false","false","1","1","1","0.25","1","0","0","0","100","0","75","0.5","10","2.5","2","60","1.6","0.4","20.5","6.7","16","8.21","365","14","1","0","0","299","299","226","3730","570","1571","2473","80340","1316","2425","false","499948","189","298","829","31432","34338","19747"
"24","0.1","1","false","false","false","true","false","false","false","1","1","1","0.25","1","0","0","0","100","0","75","0.5","10","2.5","2","60","1.6","0.4","20.5","6.7","16","8.21","365","14","1","0","0","299","299","227","3601","577","1556","2424","80524","1318","2422","false","500406","189","299","830","31494","34397","19769"
"24","0.1","1","false","false","false","true","false","false","false","1","1","1","0.25","1","0","0","0","100","0","75","0.5","10","2.5","2","60","1.6","0.4","20.5","6.7","16","8.21","365","14","1","0","0","299","299","228","3484","545","1534","2378","80738","1321","2366","false","500431","189","299","833","31558","34451","19806"
"24","0.1","1","false","false","false","true","false","false","false","1","1","1","0.25","1","0","0","0","100","0","75","0.5","10","2.5","2","60","1.6","0.4","20.5","6.7","16","8.21","365","14","1","0","0","299","299","229","3375","533","1514","2318","80936","1324","2299","false","500926","189","299","836","31606","34504","19841"
"24","0.1","1","false","false","false","true","false","false","false","1","1","1","0.25","1","0","0","0","100","0","75","0.5","10","2.5","2","60","1.6","0.4","20.5","6.7","16","8.21","365","14","1","0","0","299","299","230","3251","532","1492","2273","81126","1326","2220","false","501479","190","299","837","31646","34558","19866"
"24","0.1","1","false","false","false","true","false","false","false","1","1","1","0.25","1","0","0","0","100","0","75","0.5","10","2.5","2","60","1.6","0.4","20.5","6.7","16","8.21","365","14","1","0","0","299","299","231","3155","493","1459","2238","81327","1328","2149","false","502057","190","300","838","31698","34602","19896"
"24","0.1","1","false","false","false","true","false","false","false","1","1","1","0.25","1","0","0","0","100","0","75","0.5","10","2.5","2","60","1.6","0.4","20.5","6.7","16","8.21","365","14","1","0","0","299","299","232","3058","466","1439","2205","81501","1331","2071","false","502666","190","302","839","31754","34658","19921"
"24","0.1","1","false","false","false","true","false","false","false","1","1","1","0.25","1","0","0","0","100","0","75","0.5","10","2.5","2","60","1.6","0.4","20.5","6.7","16","8.21","365","14","1","0","0","299","299","233","2941","473","1418","2169","81667","1332","2027","false","503314","190","302","840","31792","34691","19947"
"24","0.1","1","false","false","false","true","false","false","false","1","1","1","0.25","1","0","0","0","100","0","75","0.5","10","2.5","2","60","1.6","0.4","20.5","6.7","16","8.21","365","14","1","0","0","299","299","234","2845","457","1401","2117","81842","1338","1980","false","503719","193","303","842","31838","34747","19968"
"24","0.1","1","false","false","false","true","false","false","false","1","1","1","0.25","1","0","0","0","100","0","75","0.5","10","2.5","2","60","1.6","0.4","20.5","6.7","16","8.21","365","14","1","0","0","299","299","235","2727","474","1382","2046","82030","1341","1967","false","504138","193","304","844","31874","34791","20001"
"24","0.1","1","false","false","false","true","false","false","false","1","1","1","0.25","1","0","0","0","100","0","75","0.5","10","2.5","2","60","1.6","0.4","20.5","6.7","16","8.21","365","14","1","0","0","299","299","236","2643","445","1351","2008","82210","1343","1958","false","504297","193","305","845","31925","34829","20033"
"24","0.1","1","false","false","false","true","false","false","false","1","1","1","0.25","1","0","0","0","100","0","75","0.5","10","2.5","2","60","1.6","0.4","20.5","6.7","16","8.21","365","14","1","0","0","299","299","237","2572","401","1334","1975","82371","1347","1887","false","504408","196","305","846","31965","34875","20063"
"24","0.1","1","false","false","false","true","false","false","false","1","1","1","0.25","1","0","0","0","100","0","75","0.5","10","2.5","2","60","1.6","0.4","20.5","6.7","16","8.21","365","14","1","0","0","299","299","238","2480","375","1300","1944","82552","1349","1818","false","505047","197","305","847","32002","34915","20095"
"24","0.1","1","false","false","false","true","false","false","false","1","1","1","0.25","1","0","0","0","100","0","75","0.5","10","2.5","2","60","1.6","0.4","20.5","6.7","16","8.21","365","14","1","0","0","299","299","239","2406","361","1276","1900","82707","1350","1753","false","505636","197","306","847","32030","34950","20119"
"24","0.1","1","false","false","false","true","false","false","false","1","1","1","0.25","1","0","0","0","100","0","75","0.5","10","2.5","2","60","1.6","0.4","20.5","6.7","16","8.21","365","14","1","0","0","299","299","240","2321","338","1249","1867","82873","1352","1735","false","506150","197","306","849","32070","34999","20144"
"24","0.1","1","false","false","false","true","false","false","false","1","1","1","0.25","1","0","0","0","100","0","75","0.5","10","2.5","2","60","1.6","0.4","20.5","6.7","16","8.21","365","14","1","0","0","299","299","241","2230","349","1227","1791","83045","1358","1713","false","506396","198","308","852","32106","35036","20167"
"24","0.1","1","false","false","false","true","false","false","false","1","1","1","0.25","1","0","0","0","100","0","75","0.5","10","2.5","2","60","1.6","0.4","20.5","6.7","16","8.21","365","14","1","0","0","299","299","242","2147","362","1185","1734","83208","1364","1650","false","506578","198","308","858","32133","35069","20185"
"24","0.1","1","false","false","false","true","false","false","false","1","1","1","0.25","1","0","0","0","100","0","75","0.5","10","2.5","2","60","1.6","0.4","20.5","6.7","16","8.21","365","14","1","0","0","299","299","243","2072","354","1167","1692","83349","1366","1618","false","507071","198","309","859","32166","35107","20204"
"24","0.1","1","false","false","false","true","false","false","false","1","1","1","0.25","1","0","0","0","100","0","75","0.5","10","2.5","2","60","1.6","0.4","20.5","6.7","16","8.21","365","14","1","0","0","299","299","244","1997","349","1155","1647","83480","1372","1589","false","507354","199","309","864","32201","35139","20222"
"24","0.1","1","false","false","false","true","false","false","false","1","1","1","0.25","1","0","0","0","100","0","75","0.5","10","2.5","2","60","1.6","0.4","20.5","6.7","16","8.21","365","14","1","0","0","299","299","245","1933","311","1128","1627","83628","1373","1517","false","507595","199","309","865","32237","35171","20242"
"24","0.1","1","false","false","false","true","false","false","false","1","1","1","0.25","1","0","0","0","100","0","75","0.5","10","2.5","2","60","1.6","0.4","20.5","6.7","16","8.21","365","14","1","0","0","299","299","246","1865","310","1099","1598","83755","1373","1461","false","508154","199","309","865","32267","35197","20260"
"24","0.1","1","false","false","false","true","false","false","false","1","1","1","0.25","1","0","0","0","100","0","75","0.5","10","2.5","2","60","1.6","0.4","20.5","6.7","16","8.21","365","14","1","0","0","299","299","247","1797","311","1064","1559","83892","1377","1419","false","508654","200","310","867","32289","35231","20283"
"24","0.1","1","false","false","false","true","false","false","false","1","1","1","0.25","1","0","0","0","100","0","75","0.5","10","2.5","2","60","1.6","0.4","20.5","6.7","16","8.21","365","14","1","0","0","299","299","248","1731","311","1040","1509","84029","1380","1359","false","509045","201","311","868","32312","35272","20296"
"24","0.1","1","false","false","false","true","false","false","false","1","1","1","0.25","1","0","0","0","100","0","75","0.5","10","2.5","2","60","1.6","0.4","20.5","6.7","16","8.21","365","14","1","0","0","299","299","249","1679","288","997","1466","84189","1381","1279","false","509528","201","312","868","32342","35299","20311"
"24","0.1","1","false","false","false","true","false","false","false","1","1","1","0.25","1","0","0","0","100","0","75","0.5","10","2.5","2","60","1.6","0.4","20.5","6.7","16","8.21","365","14","1","0","0","299","299","250","1627","268","962","1427","84332","1384","1188","false","510172","201","314","869","32366","35323","20329"
"24","0.1","1","false","false","false","true","false","false","false","1","1","1","0.25","1","0","0","0","100","0","75","0.5","10","2.5","2","60","1.6","0.4","20.5","6.7","16","8.21","365","14","1","0","0","299","299","251","1559","277","941","1370","84469","1384","1144","false","510796","201","314","869","32388","35342","20343"
"24","0.1","1","false","false","false","true","false","false","false","1","1","1","0.25","1","0","0","0","100","0","75","0.5","10","2.5","2","60","1.6","0.4","20.5","6.7","16","8.21","365","14","1","0","0","299","299","252","1474","304","916","1331","84587","1388","1135","false","511178","201","316","871","32409","35366","20361"
"24","0.1","1","false","false","false","true","false","false","false","1","1","1","0.25","1","0","0","0","100","0","75","0.5","10","2.5","2","60","1.6","0.4","20.5","6.7","16","8.21","365","14","1","0","0","299","299","253","1413","302","894","1271","84731","1389","1100","false","511216","201","316","872","32434","35405","20373"
"24","0.1","1","false","false","false","true","false","false","false","1","1","1","0.25","1","0","0","0","100","0","75","0.5","10","2.5","2","60","1.6","0.4","20.5","6.7","16","8.21","365","14","1","0","0","299","299","254","1367","272","868","1243","84855","1395","1050","false","511518","203","317","875","32460","35434","20392"
"24","0.1","1","false","false","false","true","false","false","false","1","1","1","0.25","1","0","0","0","100","0","75","0.5","10","2.5","2","60","1.6","0.4","20.5","6.7","16","8.21","365","14","1","0","0","299","299","255","1309","269","840","1210","84976","1396","1045","false","511947","203","318","875","32483","35454","20412"
"24","0.1","1","false","false","false","true","false","false","false","1","1","1","0.25","1","0","0","0","100","0","75","0.5","10","2.5","2","60","1.6","0.4","20.5","6.7","16","8.21","365","14","1","0","0","299","299","256","1253","260","808","1188","85094","1397","1021","false","512104","203","319","875","32506","35482","20421"
"24","0.1","1","false","false","false","true","false","false","false","1","1","1","0.25","1","0","0","0","100","0","75","0.5","10","2.5","2","60","1.6","0.4","20.5","6.7","16","8.21","365","14","1","0","0","299","299","257","1202","242","774","1165","85216","1401","989","false","512320","203","319","879","32530","35504","20444"
"24","0.1","1","false","false","false","true","false","false","false","1","1","1","0.25","1","0","0","0","100","0","75","0.5","10","2.5","2","60","1.6","0.4","20.5","6.7","16","8.21","365","14","1","0","0","299","299","258","1147","244","743","1127","85338","1401","987","false","512628","203","319","879","32550","35524","20460"
"24","0.1","1","false","false","false","true","false","false","false","1","1","1","0.25","1","0","0","0","100","0","75","0.5","10","2.5","2","60","1.6","0.4","20.5","6.7","16","8.21","365","14","1","0","0","299","299","259","1096","232","730","1095","85442","1405","958","false","512722","204","319","882","32572","35555","20480"
"24","0.1","1","false","false","false","true","false","false","false","1","1","1","0.25","1","0","0","0","100","0","75","0.5","10","2.5","2","60","1.6","0.4","20.5","6.7","16","8.21","365","14","1","0","0","299","299","260","1051","220","706","1074","85543","1406","917","false","512939","204","319","883","32592","35572","20494"
"24","0.1","1","false","false","false","true","false","false","false","1","1","1","0.25","1","0","0","0","100","0","75","0.5","10","2.5","2","60","1.6","0.4","20.5","6.7","16","8.21","365","14","1","0","0","299","299","261","1021","183","696","1057","85636","1407","896","false","513275","204","319","884","32623","35594","20513"
"24","0.1","1","false","false","false","true","false","false","false","1","1","1","0.25","1","0","0","0","100","0","75","0.5","10","2.5","2","60","1.6","0.4","20.5","6.7","16","8.21","365","14","1","0","0","299","299","262","975","180","678","1032","85727","1408","876","false","513488","204","319","885","32652","35610","20522"
"24","0.1","1","false","false","false","true","false","false","false","1","1","1","0.25","1","0","0","0","100","0","75","0.5","10","2.5","2","60","1.6","0.4","20.5","6.7","16","8.21","365","14","1","0","0","299","299","263","947","165","656","997","85825","1410","841","false","513727","204","319","887","32668","35632","20528"
"24","0.1","1","false","false","false","true","false","false","false","1","1","1","0.25","1","0","0","0","100","0","75","0.5","10","2.5","2","60","1.6","0.4","20.5","6.7","16","8.21","365","14","1","0","0","299","299","264","916","154","640","957","85923","1410","788","false","514005","204","319","887","32682","35655","20540"
"24","0.1","1","false","false","false","true","false","false","false","1","1","1","0.25","1","0","0","0","100","0","75","0.5","10","2.5","2","60","1.6","0.4","20.5","6.7","16","8.21","365","14","1","0","0","299","299","265","881","141","615","940","86011","1412","774","false","514436","204","320","888","32698","35674","20548"
"24","0.1","1","false","false","false","true","false","false","false","1","1","1","0.25","1","0","0","0","100","0","75","0.5","10","2.5","2","60","1.6","0.4","20.5","6.7","16","8.21","365","14","1","0","0","299","299","266","853","132","604","917","86081","1413","738","false","514617","204","321","888","32715","35690","20557"
"24","0.1","1","false","false","false","true","false","false","false","1","1","1","0.25","1","0","0","0","100","0","75","0.5","10","2.5","2","60","1.6","0.4","20.5","6.7","16","8.21","365","14","1","0","0","299","299","267","821","136","590","869","86170","1414","720","false","514936","204","322","888","32731","35710","20566"
"24","0.1","1","false","false","false","true","false","false","false","1","1","1","0.25","1","0","0","0","100","0","75","0.5","10","2.5","2","60","1.6","0.4","20.5","6.7","16","8.21","365","14","1","0","0","299","299","268","786","137","576","848","86238","1415","672","false","515101","204","322","889","32744","35728","20571"
"24","0.1","1","false","false","false","true","false","false","false","1","1","1","0.25","1","0","0","0","100","0","75","0.5","10","2.5","2","60","1.6","0.4","20.5","6.7","16","8.21","365","14","1","0","0","299","299","269","752","138","553","827","86313","1417","639","false","515483","204","322","891","32751","35739","20582"
"24","0.1","1","false","false","false","true","false","false","false","1","1","1","0.25","1","0","0","0","100","0","75","0.5","10","2.5","2","60","1.6","0.4","20.5","6.7","16","8.21","365","14","1","0","0","299","299","270","726","129","534","800","86393","1418","594","false","515753","204","322","892","32761","35755","20588"
"24","0.1","1","false","false","false","true","false","false","false","1","1","1","0.25","1","0","0","0","100","0","75","0.5","10","2.5","2","60","1.6","0.4","20.5","6.7","16","8.21","365","14","1","0","0","299","299","271","688","133","519","769","86469","1422","585","false","516136","204","324","894","32782","35767","20593"
"24","0.1","1","false","false","false","true","false","false","false","1","1","1","0.25","1","0","0","0","100","0","75","0.5","10","2.5","2","60","1.6","0.4","20.5","6.7","16","8.21","365","14","1","0","0","299","299","272","661","132","496","733","86555","1423","552","false","516151","204","324","895","32791","35777","20601"
"24","0.1","1","false","false","false","true","false","false","false","1","1","1","0.25","1","0","0","0","100","0","75","0.5","10","2.5","2","60","1.6","0.4","20.5","6.7","16","8.21","365","14","1","0","0","299","299","273","621","141","487","700","86625","1426","567","false","516442","205","325","896","32804","35791","20607"
"24","0.1","1","false","false","false","true","false","false","false","1","1","1","0.25","1","0","0","0","100","0","75","0.5","10","2.5","2","60","1.6","0.4","20.5","6.7","16","8.21","365","14","1","0","0","299","299","274","598","134","471","693","86677","1427","543","false","516354","205","325","897","32813","35802","20617"
"24","0.1","1","false","false","false","true","false","false","false","1","1","1","0.25","1","0","0","0","100","0","75","0.5","10","2.5","2","60","1.6","0.4","20.5","6.7","16","8.21","365","14","1","0","0","299","299","275","577","120","450","670","86754","1429","515","false","516582","205","325","899","32825","35811","20628"
"24","0.1","1","false","false","false","true","false","false","false","1","1","1","0.25","1","0","0","0","100","0","75","0.5","10","2.5","2","60","1.6","0.4","20.5","6.7","16","8.21","365","14","1","0","0","299","299","276","558","108","428","654","86821","1431","498","false","516801","205","325","901","32834","35823","20633"
"24","0.1","1","false","false","false","true","false","false","false","1","1","1","0.25","1","0","0","0","100","0","75","0.5","10","2.5","2","60","1.6","0.4","20.5","6.7","16","8.21","365","14","1","0","0","299","299","277","529","108","420","638","86871","1434","477","false","516933","205","326","903","32847","35834","20639"
"24","0.1","1","false","false","false","true","false","false","false","1","1","1","0.25","1","0","0","0","100","0","75","0.5","10","2.5","2","60","1.6","0.4","20.5","6.7","16","8.21","365","14","1","0","0","299","299","278","504","111","410","600","86941","1434","456","false","517058","205","326","903","32854","35848","20648"
"24","0.1","1","false","false","false","true","false","false","false","1","1","1","0.25","1","0","0","0","100","0","75","0.5","10","2.5","2","60","1.6","0.4","20.5","6.7","16","8.21","365","14","1","0","0","299","299","279","482","104","404","580","86996","1434","437","false","517221","205","326","903","32868","35862","20654"
"24","0.1","1","false","false","false","true","false","false","false","1","1","1","0.25","1","0","0","0","100","0","75","0.5","10","2.5","2","60","1.6","0.4","20.5","6.7","16","8.21","365","14","1","0","0","299","299","280","448","112","387","562","87057","1434","428","false","517405","205","326","903","32881","35872","20656"
"24","0.1","1","false","false","false","true","false","false","false","1","1","1","0.25","1","0","0","0","100","0","75","0.5","10","2.5","2","60","1.6","0.4","20.5","6.7","16","8.21","365","14","1","0","0","299","299","281","420","119","370","544","87113","1434","422","false","517503","205","326","903","32890","35883","20659"
"24","0.1","1","false","false","false","true","false","false","false","1","1","1","0.25","1","0","0","0","100","0","75","0.5","10","2.5","2","60","1.6","0.4","20.5","6.7","16","8.21","365","14","1","0","0","299","299","282","403","111","354","510","87188","1434","384","false","517576","205","326","903","32902","35893","20664"
"24","0.1","1","false","false","false","true","false","false","false","1","1","1","0.25","1","0","0","0","100","0","75","0.5","10","2.5","2","60","1.6","0.4","20.5","6.7","16","8.21","365","14","1","0","0","299","299","283","388","92","344","501","87239","1436","369","false","517906","205","327","904","32912","35910","20670"
"24","0.1","1","false","false","false","true","false","false","false","1","1","1","0.25","1","0","0","0","100","0","75","0.5","10","2.5","2","60","1.6","0.4","20.5","6.7","16","8.21","365","14","1","0","0","299","299","284","366","86","333","491","87287","1437","358","false","518015","205","327","905","32920","35919","20677"
"24","0.1","1","false","false","false","true","false","false","false","1","1","1","0.25","1","0","0","0","100","0","75","0.5","10","2.5","2","60","1.6","0.4","20.5","6.7","16","8.21","365","14","1","0","0","299","299","285","348","82","318","471","87342","1439","341","false","518102","205","327","907","32932","35926","20682"
"24","0.1","1","false","false","false","true","false","false","false","1","1","1","0.25","1","0","0","0","100","0","75","0.5","10","2.5","2","60","1.6","0.4","20.5","6.7","16","8.21","365","14","1","0","0","299","299","286","326","85","315","456","87376","1442","336","false","518236","206","327","909","32936","35936","20687"
"24","0.1","1","false","false","false","true","false","false","false","1","1","1","0.25","1","0","0","0","100","0","75","0.5","10","2.5","2","60","1.6","0.4","20.5","6.7","16","8.21","365","14","1","0","0","299","299","287","307","84","306","443","87417","1443","307","false","518225","206","327","910","32942","35953","20691"
"24","0.1","1","false","false","false","true","false","false","false","1","1","1","0.25","1","0","0","0","100","0","75","0.5","10","2.5","2","60","1.6","0.4","20.5","6.7","16","8.21","365","14","1","0","0","299","299","288","295","82","297","411","87472","1443","297","false","518458","206","327","910","32945","35961","20696"
"24","0.1","1","false","false","false","true","false","false","false","1","1","1","0.25","1","0","0","0","100","0","75","0.5","10","2.5","2","60","1.6","0.4","20.5","6.7","16","8.21","365","14","1","0","0","299","299","289","276","79","285","402","87515","1443","283","false","518575","206","327","910","32949","35971","20703"
"24","0.1","1","false","false","false","true","false","false","false","1","1","1","0.25","1","0","0","0","100","0","75","0.5","10","2.5","2","60","1.6","0.4","20.5","6.7","16","8.21","365","14","1","0","0","299","299","290","265","70","274","392","87556","1443","267","false","518705","206","327","910","32956","35976","20709"
"24","0.1","1","false","false","false","true","false","false","false","1","1","1","0.25","1","0","0","0","100","0","75","0.5","10","2.5","2","60","1.6","0.4","20.5","6.7","16","8.21","365","14","1","0","0","299","299","291","252","69","264","374","87598","1443","260","false","518851","206","327","910","32963","35983","20714"
"24","0.1","1","false","false","false","true","false","false","false","1","1","1","0.25","1","0","0","0","100","0","75","0.5","10","2.5","2","60","1.6","0.4","20.5","6.7","16","8.21","365","14","1","0","0","299","299","292","235","77","258","344","87642","1444","255","false","518914","206","327","911","32969","35988","20718"
"24","0.1","1","false","false","false","true","false","false","false","1","1","1","0.25","1","0","0","0","100","0","75","0.5","10","2.5","2","60","1.6","0.4","20.5","6.7","16","8.21","365","14","1","0","0","299","299","293","219","67","247","337","87686","1444","250","false","518954","206","327","911","32973","35997","20725"
"24","0.1","1","false","false","false","true","false","false","false","1","1","1","0.25","1","0","0","0","100","0","75","0.5","10","2.5","2","60","1.6","0.4","20.5","6.7","16","8.21","365","14","1","0","0","299","299","294","205","63","238","335","87715","1444","238","false","519028","206","327","911","32978","36003","20729"
"24","0.1","1","false","false","false","true","false","false","false","1","1","1","0.25","1","0","0","0","100","0","75","0.5","10","2.5","2","60","1.6","0.4","20.5","6.7","16","8.21","365","14","1","0","0","299","299","295","195","59","234","327","87741","1444","224","false","519168","206","327","911","32982","36011","20734"
"24","0.1","1","false","false","false","true","false","false","false","1","1","1","0.25","1","0","0","0","100","0","75","0.5","10","2.5","2","60","1.6","0.4","20.5","6.7","16","8.21","365","14","1","0","0","299","299","296","186","58","232","307","87772","1445","221","false","519289","206","328","911","32989","36018","20737"
"24","0.1","1","false","false","false","true","false","false","false","1","1","1","0.25","1","0","0","0","100","0","75","0.5","10","2.5","2","60","1.6","0.4","20.5","6.7","16","8.21","365","14","1","0","0","299","299","297","172","61","226","292","87804","1445","208","false","519335","206","328","911","32995","36025","20742"
"24","0.1","1","false","false","false","true","false","false","false","1","1","1","0.25","1","0","0","0","100","0","75","0.5","10","2.5","2","60","1.6","0.4","20.5","6.7","16","8.21","365","14","1","0","0","299","299","298","160","62","211","286","87836","1445","187","false","519452","206","328","911","32996","36031","20742"
"24","0.1","1","false","false","false","true","false","false","false","1","1","1","0.25","1","0","0","0","100","0","75","0.5","10","2.5","2","60","1.6","0.4","20.5","6.7","16","8.21","365","14","1","0","0","299","299","299","153","49","202","286","87865","1445","164","false","519601","206","328","911","33001","36034","20746"
"24","0.1","1","false","false","false","true","false","false","false","1","1","1","0.25","1","0","0","0","100","0","75","0.5","10","2.5","2","60","1.6","0.4","20.5","6.7","16","8.21","365","14","1","0","0","299","299","300","149","42","192","283","87889","1445","148","false","519787","206","328","911","33004","36040","20747"
"24","0.1","1","false","false","false","true","false","false","false","1","1","1","0.25","1","0","0","0","100","0","75","0.5","10","2.5","2","60","1.6","0.4","20.5","6.7","16","8.21","365","14","1","0","0","299","299","301","136","42","189","265","87923","1445","133","false","519921","206","328","911","33011","36041","20753"
"24","0.1","1","false","false","false","true","false","false","false","1","1","1","0.25","1","0","0","0","100","0","75","0.5","10","2.5","2","60","1.6","0.4","20.5","6.7","16","8.21","365","14","1","0","0","299","299","302","129","35","181","258","87952","1445","111","false","520023","206","328","911","33021","36046","20754"
"24","0.1","1","false","false","false","true","false","false","false","1","1","1","0.25","1","0","0","0","100","0","75","0.5","10","2.5","2","60","1.6","0.4","20.5","6.7","16","8.21","365","14","1","0","0","299","299","303","113","44","179","246","87973","1445","99","false","520220","206","328","911","33023","36049","20757"
"24","0.1","1","false","false","false","true","false","false","false","1","1","1","0.25","1","0","0","0","100","0","75","0.5","10","2.5","2","60","1.6","0.4","20.5","6.7","16","8.21","365","14","1","0","0","299","299","304","104","38","171","245","87997","1445","86","false","520325","206","328","911","33028","36055","20760"
"24","0.1","1","false","false","false","true","false","false","false","1","1","1","0.25","1","0","0","0","100","0","75","0.5","10","2.5","2","60","1.6","0.4","20.5","6.7","16","8.21","365","14","1","0","0","299","299","305","95","38","165","231","88025","1446","72","false","520449","206","328","912","33036","36060","20760"
"24","0.1","1","false","false","false","true","false","false","false","1","1","1","0.25","1","0","0","0","100","0","75","0.5","10","2.5","2","60","1.6","0.4","20.5","6.7","16","8.21","365","14","1","0","0","299","299","306","87","37","164","223","88042","1447","50","false","520570","206","329","912","33041","36064","20763"
"24","0.1","1","false","false","false","true","false","false","false","1","1","1","0.25","1","0","0","0","100","0","75","0.5","10","2.5","2","60","1.6","0.4","20.5","6.7","16","8.21","365","14","1","0","0","299","299","307","81","36","157","212","88067","1447","38","false","520751","206","329","912","33042","36068","20765"
"24","0.1","1","false","false","false","true","false","false","false","1","1","1","0.25","1","0","0","0","100","0","75","0.5","10","2.5","2","60","1.6","0.4","20.5","6.7","16","8.21","365","14","1","0","0","299","299","308","75","29","139","213","88096","1448","20","false","520865","206","329","913","33044","36077","20767"
"24","0.1","1","false","false","false","true","false","false","false","1","1","1","0.25","1","0","0","0","100","0","75","0.5","10","2.5","2","60","1.6","0.4","20.5","6.7","16","8.21","365","14","1","0","0","299","299","309","65","31","133","202","88121","1448","13","false","521021","206","329","913","33046","36080","20768"
"24","0.1","1","false","false","false","true","false","false","false","1","1","1","0.25","1","0","0","0","100","0","75","0.5","10","2.5","2","60","1.6","0.4","20.5","6.7","16","8.21","365","14","1","0","0","299","299","310","60","28","130","196","88137","1449","5","false","521079","206","329","914","33048","36084","20769"
"24","0.1","1","false","false","false","true","false","false","false","1","1","1","0.25","1","0","0","0","100","0","75","0.5","10","2.5","2","60","1.6","0.4","20.5","6.7","16","8.21","365","14","1","0","0","299","299","311","49","33","125","185","88157","1451","0","false","521144","206","330","915","33049","36085","20770"
"24","0.1","1","false","false","false","true","false","false","false","1","1","1","0.25","1","0","0","0","100","0","75","0.5","10","2.5","2","60","1.6","0.4","20.5","6.7","16","8.21","365","14","1","0","0","299","299","312","45","33","118","177","88175","1452","0","false","521176","207","330","915","33053","36086","20772"
"24","0.1","1","false","false","false","true","false","false","false","1","1","1","0.25","1","0","0","0","100","0","75","0.5","10","2.5","2","60","1.6","0.4","20.5","6.7","16","8.21","365","14","1","0","0","299","299","313","37","31","113","169","88198","1452","0","false","521165","207","330","915","33061","36089","20773"
"24","0.1","1","false","false","false","true","false","false","false","1","1","1","0.25","1","0","0","0","100","0","75","0.5","10","2.5","2","60","1.6","0.4","20.5","6.7","16","8.21","365","14","1","0","0","299","299","314","30","32","111","157","88218","1452","0","false","521165","207","330","915","33064","36090","20776"
"24","0.1","1","false","false","false","true","false","false","false","1","1","1","0.25","1","0","0","0","100","0","75","0.5","10","2.5","2","60","1.6","0.4","20.5","6.7","16","8.21","365","14","1","0","0","299","299","315","29","22","107","153","88237","1452","0","false","521165","207","330","915","33066","36094","20779"
"24","0.1","1","false","false","false","true","false","false","false","1","1","1","0.25","1","0","0","0","100","0","75","0.5","10","2.5","2","60","1.6","0.4","20.5","6.7","16","8.21","365","14","1","0","0","299","299","316","27","19","98","150","88254","1452","0","false","521165","207","330","915","33067","36095","20780"
"24","0.1","1","false","false","false","true","false","false","false","1","1","1","0.25","1","0","0","0","100","0","75","0.5","10","2.5","2","60","1.6","0.4","20.5","6.7","16","8.21","365","14","1","0","0","299","299","317","25","19","98","137","88269","1452","0","false","521165","207","330","915","33071","36097","20781"
"24","0.1","1","false","false","false","true","false","false","false","1","1","1","0.25","1","0","0","0","100","0","75","0.5","10","2.5","2","60","1.6","0.4","20.5","6.7","16","8.21","365","14","1","0","0","299","299","318","24","12","101","129","88282","1452","0","false","521165","207","330","915","33076","36099","20783"
"24","0.1","1","false","false","false","true","false","false","false","1","1","1","0.25","1","0","0","0","100","0","75","0.5","10","2.5","2","60","1.6","0.4","20.5","6.7","16","8.21","365","14","1","0","0","299","299","319","24","9","100","121","88294","1452","0","false","521165","207","330","915","33077","36100","20784"
"24","0.1","1","false","false","false","true","false","false","false","1","1","1","0.25","1","0","0","0","100","0","75","0.5","10","2.5","2","60","1.6","0.4","20.5","6.7","16","8.21","365","14","1","0","0","299","299","320","23","6","97","113","88309","1452","0","false","521165","207","330","915","33078","36102","20784"
"24","0.1","1","false","false","false","true","false","false","false","1","1","1","0.25","1","0","0","0","100","0","75","0.5","10","2.5","2","60","1.6","0.4","20.5","6.7","16","8.21","365","14","1","0","0","299","299","321","23","4","96","106","88319","1452","0","false","521165","207","330","915","33080","36102","20784"
"24","0.1","1","false","false","false","true","false","false","false","1","1","1","0.25","1","0","0","0","100","0","75","0.5","10","2.5","2","60","1.6","0.4","20.5","6.7","16","8.21","365","14","1","0","0","299","299","322","22","3","91","101","88331","1452","0","false","521165","207","330","915","33082","36103","20784"
"24","0.1","1","false","false","false","true","false","false","false","1","1","1","0.25","1","0","0","0","100","0","75","0.5","10","2.5","2","60","1.6","0.4","20.5","6.7","16","8.21","365","14","1","0","0","299","299","323","22","1","84","95","88346","1452","0","false","521165","207","330","915","33082","36105","20785"
"24","0.1","1","false","false","false","true","false","false","false","1","1","1","0.25","1","0","0","0","100","0","75","0.5","10","2.5","2","60","1.6","0.4","20.5","6.7","16","8.21","365","14","1","0","0","299","299","324","22","1","80","81","88363","1453","0","false","521165","207","330","916","33082","36107","20785"
"24","0.1","1","false","false","false","true","false","false","false","1","1","1","0.25","1","0","0","0","100","0","75","0.5","10","2.5","2","60","1.6","0.4","20.5","6.7","16","8.21","365","14","1","0","0","299","299","325","21","1","75","72","88377","1454","0","false","521154","208","330","916","33083","36108","20785"
"24","0.1","1","false","false","false","true","false","false","false","1","1","1","0.25","1","0","0","0","100","0","75","0.5","10","2.5","2","60","1.6","0.4","20.5","6.7","16","8.21","365","14","1","0","0","299","299","326","20","1","72","69","88384","1454","0","false","521143","208","330","916","33083","36108","20785"
"24","0.1","1","false","false","false","true","false","false","false","1","1","1","0.25","1","0","0","0","100","0","75","0.5","10","2.5","2","60","1.6","0.4","20.5","6.7","16","8.21","365","14","1","0","0","299","299","327","20","1","67","65","88392","1455","0","false","521143","208","330","917","33084","36108","20785"
"24","0.1","1","false","false","false","true","false","false","false","1","1","1","0.25","1","0","0","0","100","0","75","0.5","10","2.5","2","60","1.6","0.4","20.5","6.7","16","8.21","365","14","1","0","0","299","299","328","20","1","66","57","88401","1455","0","false","521134","208","330","917","33084","36108","20785"
"24","0.1","1","false","false","false","true","false","false","false","1","1","1","0.25","1","0","0","0","100","0","75","0.5","10","2.5","2","60","1.6","0.4","20.5","6.7","16","8.21","365","14","1","0","0","299","299","329","20","0","58","55","88412","1455","0","false","521134","208","330","917","33085","36110","20785"
"24","0.1","1","false","false","false","true","false","false","false","1","1","1","0.25","1","0","0","0","100","0","75","0.5","10","2.5","2","60","1.6","0.4","20.5","6.7","16","8.21","365","14","1","0","0","299","299","330","20","0","55","48","88422","1455","0","false","521134","208","330","917","33085","36110","20785"
"24","0.1","1","false","false","false","true","false","false","false","1","1","1","0.25","1","0","0","0","100","0","75","0.5","10","2.5","2","60","1.6","0.4","20.5","6.7","16","8.21","365","14","1","0","0","299","299","331","20","0","52","46","88427","1455","0","false","521134","208","330","917","33085","36110","20785"
"24","0.1","1","false","false","false","true","false","false","false","1","1","1","0.25","1","0","0","0","100","0","75","0.5","10","2.5","2","60","1.6","0.4","20.5","6.7","16","8.21","365","14","1","0","0","299","299","332","20","0","49","42","88434","1455","0","false","521134","208","330","917","33085","36110","20785"
"24","0.1","1","false","false","false","true","false","false","false","1","1","1","0.25","1","0","0","0","100","0","75","0.5","10","2.5","2","60","1.6","0.4","20.5","6.7","16","8.21","365","14","1","0","0","299","299","333","20","0","42","33","88450","1455","0","false","521134","208","330","917","33085","36110","20785"
"24","0.1","1","false","false","false","true","false","false","false","1","1","1","0.25","1","0","0","0","100","0","75","0.5","10","2.5","2","60","1.6","0.4","20.5","6.7","16","8.21","365","14","1","0","0","299","299","334","19","1","41","26","88458","1455","0","false","521134","208","330","917","33085","36110","20785"
"24","0.1","1","false","false","false","true","false","false","false","1","1","1","0.25","1","0","0","0","100","0","75","0.5","10","2.5","2","60","1.6","0.4","20.5","6.7","16","8.21","365","14","1","0","0","299","299","335","19","1","37","21","88466","1456","0","false","521134","208","330","918","33085","36110","20785"
"24","0.1","1","false","false","false","true","false","false","false","1","1","1","0.25","1","0","0","0","100","0","75","0.5","10","2.5","2","60","1.6","0.4","20.5","6.7","16","8.21","365","14","1","0","0","299","299","336","19","1","35","15","88474","1456","0","false","521126","208","330","918","33085","36110","20785"
"24","0.1","1","false","false","false","true","false","false","false","1","1","1","0.25","1","0","0","0","100","0","75","0.5","10","2.5","2","60","1.6","0.4","20.5","6.7","16","8.21","365","14","1","0","0","299","299","337","19","1","30","12","88482","1456","0","false","521126","208","330","918","33085","36110","20785"
"24","0.1","1","false","false","false","true","false","false","false","1","1","1","0.25","1","0","0","0","100","0","75","0.5","10","2.5","2","60","1.6","0.4","20.5","6.7","16","8.21","365","14","1","0","0","299","299","338","19","1","27","11","88486","1456","0","false","521126","208","330","918","33085","36110","20785"
"24","0.1","1","false","false","false","true","false","false","false","1","1","1","0.25","1","0","0","0","100","0","75","0.5","10","2.5","2","60","1.6","0.4","20.5","6.7","16","8.21","365","14","1","0","0","299","299","339","19","0","25","11","88489","1456","0","false","521126","208","330","918","33085","36110","20785"
"24","0.1","1","false","false","false","true","false","false","false","1","1","1","0.25","1","0","0","0","100","0","75","0.5","10","2.5","2","60","1.6","0.4","20.5","6.7","16","8.21","365","14","1","0","0","299","299","340","19","0","23","9","88493","1456","0","false","521126","208","330","918","33085","36110","20785"
"24","0.1","1","false","false","false","true","false","false","false","1","1","1","0.25","1","0","0","0","100","0","75","0.5","10","2.5","2","60","1.6","0.4","20.5","6.7","16","8.21","365","14","1","0","0","299","299","341","19","0","20","6","88499","1456","0","false","521126","208","330","918","33085","36111","20785"
"24","0.1","1","false","false","false","true","false","false","false","1","1","1","0.25","1","0","0","0","100","0","75","0.5","10","2.5","2","60","1.6","0.4","20.5","6.7","16","8.21","365","14","1","0","0","299","299","342","19","0","16","5","88504","1456","0","false","521126","208","330","918","33085","36111","20785"
"24","0.1","1","false","false","false","true","false","false","false","1","1","1","0.25","1","0","0","0","100","0","75","0.5","10","2.5","2","60","1.6","0.4","20.5","6.7","16","8.21","365","14","1","0","0","299","299","343","19","0","13","5","88507","1456","0","false","521126","208","330","918","33085","36111","20785"
"24","0.1","1","false","false","false","true","false","false","false","1","1","1","0.25","1","0","0","0","100","0","75","0.5","10","2.5","2","60","1.6","0.4","20.5","6.7","16","8.21","365","14","1","0","0","299","299","344","19","0","8","4","88513","1456","0","false","521126","208","330","918","33085","36111","20785"
"24","0.1","1","false","false","false","true","false","false","false","1","1","1","0.25","1","0","0","0","100","0","75","0.5","10","2.5","2","60","1.6","0.4","20.5","6.7","16","8.21","365","14","1","0","0","299","299","345","19","0","8","2","88515","1456","0","false","521126","208","330","918","33085","36111","20785"
"24","0.1","1","false","false","false","true","false","false","false","1","1","1","0.25","1","0","0","0","100","0","75","0.5","10","2.5","2","60","1.6","0.4","20.5","6.7","16","8.21","365","14","1","0","0","299","299","346","19","0","8","2","88515","1456","0","false","521126","208","330","918","33085","36111","20785"
"24","0.1","1","false","false","false","true","false","false","false","1","1","1","0.25","1","0","0","0","100","0","75","0.5","10","2.5","2","60","1.6","0.4","20.5","6.7","16","8.21","365","14","1","0","0","299","299","347","19","0","7","2","88516","1456","0","false","521126","208","330","918","33085","36111","20785"
"24","0.1","1","false","false","false","true","false","false","false","1","1","1","0.25","1","0","0","0","100","0","75","0.5","10","2.5","2","60","1.6","0.4","20.5","6.7","16","8.21","365","14","1","0","0","299","299","348","19","0","7","2","88516","1456","0","false","521126","208","330","918","33085","36111","20785"
"24","0.1","1","false","false","false","true","false","false","false","1","1","1","0.25","1","0","0","0","100","0","75","0.5","10","2.5","2","60","1.6","0.4","20.5","6.7","16","8.21","365","14","1","0","0","299","299","349","19","0","6","2","88517","1456","0","false","521126","208","330","918","33085","36111","20785"
"24","0.1","1","false","false","false","true","false","false","false","1","1","1","0.25","1","0","0","0","100","0","75","0.5","10","2.5","2","60","1.6","0.4","20.5","6.7","16","8.21","365","14","1","0","0","299","299","350","19","0","6","2","88517","1456","0","false","521126","208","330","918","33085","36111","20785"
"24","0.1","1","false","false","false","true","false","false","false","1","1","1","0.25","1","0","0","0","100","0","75","0.5","10","2.5","2","60","1.6","0.4","20.5","6.7","16","8.21","365","14","1","0","0","299","299","351","19","0","6","1","88518","1456","0","false","521126","208","330","918","33085","36111","20785"
"24","0.1","1","false","false","false","true","false","false","false","1","1","1","0.25","1","0","0","0","100","0","75","0.5","10","2.5","2","60","1.6","0.4","20.5","6.7","16","8.21","365","14","1","0","0","299","299","352","19","0","5","1","88519","1456","0","false","521126","208","330","918","33085","36111","20785"
"24","0.1","1","false","false","false","true","false","false","false","1","1","1","0.25","1","0","0","0","100","0","75","0.5","10","2.5","2","60","1.6","0.4","20.5","6.7","16","8.21","365","14","1","0","0","299","299","353","19","0","4","1","88520","1456","0","false","521126","208","330","918","33085","36111","20785"
"24","0.1","1","false","false","false","true","false","false","false","1","1","1","0.25","1","0","0","0","100","0","75","0.5","10","2.5","2","60","1.6","0.4","20.5","6.7","16","8.21","365","14","1","0","0","299","299","354","19","0","3","1","88521","1456","0","false","521126","208","330","918","33085","36111","20785"
"24","0.1","1","false","false","false","true","false","false","false","1","1","1","0.25","1","0","0","0","100","0","75","0.5","10","2.5","2","60","1.6","0.4","20.5","6.7","16","8.21","365","14","1","0","0","299","299","355","19","0","1","1","88523","1456","0","false","521126","208","330","918","33085","36111","20785"
"24","0.1","1","false","false","false","true","false","false","false","1","1","1","0.25","1","0","0","0","100","0","75","0.5","10","2.5","2","60","1.6","0.4","20.5","6.7","16","8.21","365","14","1","0","0","299","299","356","19","0","1","0","88524","1456","0","false","521126","208","330","918","33085","36111","20785"
"24","0.1","1","false","false","false","true","false","false","false","1","1","1","0.25","1","0","0","0","100","0","75","0.5","10","2.5","2","60","1.6","0.4","20.5","6.7","16","8.21","365","14","1","0","0","299","299","357","19","0","1","0","88524","1456","0","false","521126","208","330","918","33085","36111","20785"
"24","0.1","1","false","false","false","true","false","false","false","1","1","1","0.25","1","0","0","0","100","0","75","0.5","10","2.5","2","60","1.6","0.4","20.5","6.7","16","8.21","365","14","1","0","0","299","299","358","19","0","1","0","88524","1456","0","false","521126","208","330","918","33085","36111","20785"
"24","0.1","1","false","false","false","true","false","false","false","1","1","1","0.25","1","0","0","0","100","0","75","0.5","10","2.5","2","60","1.6","0.4","20.5","6.7","16","8.21","365","14","1","0","0","299","299","359","19","0","1","0","88524","1456","0","false","521126","208","330","918","33085","36111","20785"
"24","0.1","1","false","false","false","true","false","false","false","1","1","1","0.25","1","0","0","0","100","0","75","0.5","10","2.5","2","60","1.6","0.4","20.5","6.7","16","8.21","365","14","1","0","0","299","299","360","19","0","1","0","88524","1456","0","false","521126","208","330","918","33085","36111","20785"
"24","0.1","1","false","false","false","true","false","false","false","1","1","1","0.25","1","0","0","0","100","0","75","0.5","10","2.5","2","60","1.6","0.4","20.5","6.7","16","8.21","365","14","1","0","0","299","299","361","19","0","1","0","88524","1456","0","false","521126","208","330","918","33085","36111","20785"
"24","0.1","1","false","false","false","true","false","false","false","1","1","1","0.25","1","0","0","0","100","0","75","0.5","10","2.5","2","60","1.6","0.4","20.5","6.7","16","8.21","365","14","1","0","0","299","299","362","19","0","1","0","88524","1456","0","false","521126","208","330","918","33085","36111","20785"
"24","0.1","1","false","false","false","true","false","false","false","1","1","1","0.25","1","0","0","0","100","0","75","0.5","10","2.5","2","60","1.6","0.4","20.5","6.7","16","8.21","365","14","1","0","0","299","299","363","19","0","1","0","88524","1456","0","false","521126","208","330","918","33085","36111","20785"
"24","0.1","1","false","false","false","true","false","false","false","1","1","1","0.25","1","0","0","0","100","0","75","0.5","10","2.5","2","60","1.6","0.4","20.5","6.7","16","8.21","365","14","1","0","0","299","299","364","19","0","1","0","88524","1456","0","false","521126","208","330","918","33085","36111","20785"
"24","0.1","1","false","false","false","true","false","false","false","1","1","1","0.25","1","0","0","0","100","0","75","0.5","10","2.5","2","60","1.6","0.4","20.5","6.7","16","8.21","365","14","1","0","0","299","299","365","19","0","1","0","88524","1456","0","false","521126","208","330","918","33085","36111","20785"
"25","0.1","1","false","false","false","true","false","false","false","1","1","1","0.25","1","0","0","0","100","0","100","0","10","2.5","2","60","1.6","0.4","20.5","6.7","16","8.21","365","14","1","0","0","299","299","0","89910","90","0","0","0","0","0","false","0","0","0","0","0","0","0"
"25","0.1","1","false","false","false","true","false","false","false","1","1","1","0.25","1","0","0","0","100","0","100","0","10","2.5","2","60","1.6","0.4","20.5","6.7","16","8.21","365","14","1","0","0","299","299","1","89910","85","0","5","0","0","0","false","538566","0","0","0","1","3","0"
"25","0.1","1","false","false","false","true","false","false","false","1","1","1","0.25","1","0","0","0","100","0","100","0","10","2.5","2","60","1.6","0.4","20.5","6.7","16","8.21","365","14","1","0","0","299","299","2","89909","75","0","16","0","0","0","false","538566","0","0","0","5","6","1"
"25","0.1","1","false","false","false","true","false","false","false","1","1","1","0.25","1","0","0","0","100","0","100","0","10","2.5","2","60","1.6","0.4","20.5","6.7","16","8.21","365","14","1","0","0","299","299","3","89889","74","0","37","0","0","0","false","538566","0","0","0","7","11","5"
"25","0.1","1","false","false","false","true","false","false","false","1","1","1","0.25","1","0","0","0","100","0","100","0","10","2.5","2","60","1.6","0.4","20.5","6.7","16","8.21","365","14","1","0","0","299","299","4","89831","113","1","55","0","0","0","false","538566","0","0","0","11","15","8"
"25","0.1","1","false","false","false","true","false","false","false","1","1","1","0.25","1","0","0","0","100","0","100","0","10","2.5","2","60","1.6","0.4","20.5","6.7","16","8.21","365","14","1","0","0","299","299","5","89784","133","8","75","0","0","0","false","538566","0","0","0","15","26","12"
"25","0.1","1","false","false","false","true","false","false","false","1","1","1","0.25","1","0","0","0","100","0","100","0","10","2.5","2","60","1.6","0.4","20.5","6.7","16","8.21","365","14","1","0","0","299","299","6","89702","194","16","88","0","0","0","false","538566","0","0","0","23","30","16"
"25","0.1","1","false","false","false","true","false","false","false","1","1","1","0.25","1","0","0","0","100","0","100","0","10","2.5","2","60","1.6","0.4","20.5","6.7","16","8.21","365","14","1","0","0","299","299","7","89609","245","28","118","0","0","0","false","538566","0","0","0","35","49","23"
"25","0.1","1","false","false","false","true","false","false","false","1","1","1","0.25","1","0","0","0","100","0","100","0","10","2.5","2","60","1.6","0.4","20.5","6.7","16","8.21","365","14","1","0","0","299","299","8","89495","320","38","147","0","0","0","false","538566","0","0","0","46","58","32"
"25","0.1","1","false","false","false","true","false","false","false","1","1","1","0.25","1","0","0","0","100","0","100","0","10","2.5","2","60","1.6","0.4","20.5","6.7","16","8.21","365","14","1","0","0","299","299","9","89389","362","47","202","0","0","0","false","538566","0","0","0","59","78","43"
"25","0.1","1","false","false","false","true","false","false","false","1","1","1","0.25","1","0","0","0","100","0","100","0","10","2.5","2","60","1.6","0.4","20.5","6.7","16","8.21","365","14","1","0","0","299","299","10","89258","412","68","262","0","0","0","false","538566","0","0","0","81","108","56"
"25","0.1","1","false","false","false","true","false","false","false","1","1","1","0.25","1","0","0","0","100","0","100","0","10","2.5","2","60","1.6","0.4","20.5","6.7","16","8.21","365","14","1","0","0","299","299","11","89085","504","90","321","0","0","0","false","538566","0","0","0","101","140","78"
"25","0.1","1","false","false","false","true","false","false","false","1","1","1","0.25","1","0","0","0","100","0","100","0","10","2.5","2","60","1.6","0.4","20.5","6.7","16","8.21","365","14","1","0","0","299","299","12","88895","601","118","386","0","0","0","false","538566","0","0","0","139","166","92"
"25","0.1","1","false","false","false","true","false","false","false","1","1","1","0.25","1","0","0","0","100","0","100","0","10","2.5","2","60","1.6","0.4","20.5","6.7","16","8.21","365","14","1","0","0","299","299","13","88691","688","150","471","0","0","0","false","538566","0","0","0","180","210","121"
"25","0.1","1","false","false","false","true","false","false","false","1","1","1","0.25","1","0","0","0","100","0","100","0","10","2.5","2","60","1.6","0.4","20.5","6.7","16","8.21","365","14","1","0","0","299","299","14","88466","770","182","582","0","0","0","false","538566","0","0","0","216","253","153"
"25","0.1","1","false","false","false","true","false","false","false","1","1","1","0.25","1","0","0","0","100","0","100","0","10","2.5","2","60","1.6","0.4","20.5","6.7","16","8.21","365","14","1","0","0","299","299","15","88200","863","219","718","0","0","0","false","538566","0","0","0","266","310","184"
"25","0.1","1","false","false","false","true","false","false","false","1","1","1","0.25","1","0","0","0","100","0","100","0","10","2.5","2","60","1.6","0.4","20.5","6.7","16","8.21","365","14","1","0","0","299","299","16","87881","1010","265","842","2","0","265","false","538566","0","0","0","325","375","214"
"25","0.1","1","false","false","false","true","false","false","false","1","1","1","0.25","1","0","0","0","100","0","100","0","10","2.5","2","60","1.6","0.4","20.5","6.7","16","8.21","365","14","1","0","0","299","299","17","87659","1026","320","993","2","0","608","false","535603","0","0","0","397","436","250"
"25","0.1","1","false","false","false","true","false","false","false","1","1","1","0.25","1","0","0","0","100","0","100","0","10","2.5","2","60","1.6","0.4","20.5","6.7","16","8.21","365","14","1","0","0","299","299","18","87408","1050","394","1145","3","0","1054","false","532332","0","0","0","469","516","307"
"25","0.1","1","false","false","false","true","false","false","false","1","1","1","0.25","1","0","0","0","100","0","100","0","10","2.5","2","60","1.6","0.4","20.5","6.7","16","8.21","365","14","1","0","0","299","299","19","87195","1018","471","1306","9","1","1541","false","528303","0","0","1","548","617","354"
"25","0.1","1","false","false","false","true","false","false","false","1","1","1","0.25","1","0","0","0","100","0","100","0","10","2.5","2","60","1.6","0.4","20.5","6.7","16","8.21","365","14","1","0","0","299","299","20","86962","983","548","1493","13","1","1989","false","524005","0","0","1","639","704","420"
"25","0.1","1","false","false","false","true","false","false","false","1","1","1","0.25","1","0","0","0","100","0","100","0","10","2.5","2","60","1.6","0.4","20.5","6.7","16","8.21","365","14","1","0","0","299","299","21","86760","953","651","1615","20","1","2513","false","520208","0","0","1","732","804","476"
"25","0.1","1","false","false","false","true","false","false","false","1","1","1","0.25","1","0","0","0","100","0","100","0","10","2.5","2","60","1.6","0.4","20.5","6.7","16","8.21","365","14","1","0","0","299","299","22","86554","938","734","1743","28","3","2963","false","515958","0","2","1","814","904","525"
"25","0.1","1","false","false","false","true","false","false","false","1","1","1","0.25","1","0","0","0","100","0","100","0","10","2.5","2","60","1.6","0.4","20.5","6.7","16","8.21","365","14","1","0","0","299","299","23","86363","906","827","1858","43","3","3455","false","512335","0","2","1","897","990","581"
"25","0.1","1","false","false","false","true","false","false","false","1","1","1","0.25","1","0","0","0","100","0","100","0","10","2.5","2","60","1.6","0.4","20.5","6.7","16","8.21","365","14","1","0","0","299","299","24","86178","875","912","1980","51","4","3874","false","508367","0","2","2","960","1089","627"
"25","0.1","1","false","false","false","true","false","false","false","1","1","1","0.25","1","0","0","0","100","0","100","0","10","2.5","2","60","1.6","0.4","20.5","6.7","16","8.21","365","14","1","0","0","299","299","25","86010","821","998","2085","82","4","4280","false","505062","0","2","2","1061","1190","681"
"25","0.1","1","false","false","false","true","false","false","false","1","1","1","0.25","1","0","0","0","100","0","100","0","10","2.5","2","60","1.6","0.4","20.5","6.7","16","8.21","365","14","1","0","0","299","299","26","85830","809","1069","2179","108","5","4608","false","501881","1","2","2","1119","1280","722"
"25","0.1","1","false","false","false","true","false","false","false","1","1","1","0.25","1","0","0","0","100","0","100","0","10","2.5","2","60","1.6","0.4","20.5","6.7","16","8.21","365","14","1","0","0","299","299","27","85653","776","1152","2273","140","6","4963","false","499342","1","3","2","1184","1376","776"
"25","0.1","1","false","false","false","true","false","false","false","1","1","1","0.25","1","0","0","0","100","0","100","0","10","2.5","2","60","1.6","0.4","20.5","6.7","16","8.21","365","14","1","0","0","299","299","28","85495","741","1223","2356","178","7","5203","false","496479","1","3","3","1261","1458","815"
"25","0.1","1","false","false","false","true","false","false","false","1","1","1","0.25","1","0","0","0","100","0","100","0","10","2.5","2","60","1.6","0.4","20.5","6.7","16","8.21","365","14","1","0","0","299","299","29","85349","723","1281","2414","225","8","5329","false","494321","1","3","4","1327","1524","855"
"25","0.1","1","false","false","false","true","false","false","false","1","1","1","0.25","1","0","0","0","100","0","100","0","10","2.5","2","60","1.6","0.4","20.5","6.7","16","8.21","365","14","1","0","0","299","299","30","85172","729","1332","2474","282","11","5351","false","492864","2","4","5","1389","1594","899"
"25","0.1","1","false","false","false","true","false","false","false","1","1","1","0.25","1","0","0","0","100","0","100","0","10","2.5","2","60","1.6","0.4","20.5","6.7","16","8.21","365","14","1","0","0","299","299","31","84941","766","1388","2551","342","12","5393","false","492020","3","4","5","1455","1672","940"
"25","0.1","1","false","false","false","true","false","false","false","1","1","1","0.25","1","0","0","0","100","0","100","0","10","2.5","2","60","1.6","0.4","20.5","6.7","16","8.21","365","14","1","0","0","299","299","32","84679","848","1432","2593","431","17","5433","false","491024","4","7","6","1515","1751","992"
"25","0.1","1","false","false","false","true","false","false","false","1","1","1","0.25","1","0","0","0","100","0","100","0","10","2.5","2","60","1.6","0.4","20.5","6.7","16","8.21","365","14","1","0","0","299","299","33","84369","989","1469","2633","522","18","5383","false","490322","4","7","7","1567","1809","1041"
"25","0.1","1","false","false","false","true","false","false","false","1","1","1","0.25","1","0","0","0","100","0","100","0","10","2.5","2","60","1.6","0.4","20.5","6.7","16","8.21","365","14","1","0","0","299","299","34","84049","1081","1507","2730","612","21","5378","false","490350","5","8","8","1645","1887","1099"
"25","0.1","1","false","false","false","true","false","false","false","1","1","1","0.25","1","0","0","0","100","0","100","0","10","2.5","2","60","1.6","0.4","20.5","6.7","16","8.21","365","14","1","0","0","299","299","35","83655","1268","1533","2779","742","23","5459","false","489988","6","8","9","1733","1943","1146"
"25","0.1","1","false","false","false","true","false","false","false","1","1","1","0.25","1","0","0","0","100","0","100","0","10","2.5","2","60","1.6","0.4","20.5","6.7","16","8.21","365","14","1","0","0","299","299","36","83285","1401","1574","2837","878","25","5596","false","488926","6","8","11","1831","2035","1198"
"25","0.1","1","false","false","false","true","false","false","false","1","1","1","0.25","1","0","0","0","100","0","100","0","10","2.5","2","60","1.6","0.4","20.5","6.7","16","8.21","365","14","1","0","0","299","299","37","82902","1472","1613","2990","996","27","5657","false","487526","6","8","13","1935","2133","1259"
"25","0.1","1","false","false","false","true","false","false","false","1","1","1","0.25","1","0","0","0","100","0","100","0","10","2.5","2","60","1.6","0.4","20.5","6.7","16","8.21","365","14","1","0","0","299","299","38","82501","1564","1656","3108","1142","29","5792","false","486750","6","8","15","2036","2232","1320"
"25","0.1","1","false","false","false","true","false","false","false","1","1","1","0.25","1","0","0","0","100","0","100","0","10","2.5","2","60","1.6","0.4","20.5","6.7","16","8.21","365","14","1","0","0","299","299","39","82073","1628","1692","3287","1289","31","5833","false","485401","6","8","17","2161","2366","1386"
"25","0.1","1","false","false","false","true","false","false","false","1","1","1","0.25","1","0","0","0","100","0","100","0","10","2.5","2","60","1.6","0.4","20.5","6.7","16","8.21","365","14","1","0","0","299","299","40","81669","1668","1738","3422","1471","32","6013","false","484744","6","9","17","2278","2504","1452"
"25","0.1","1","false","false","false","true","false","false","false","1","1","1","0.25","1","0","0","0","100","0","100","0","10","2.5","2","60","1.6","0.4","20.5","6.7","16","8.21","365","14","1","0","0","299","299","41","81226","1726","1822","3568","1624","34","6231","false","482874","6","9","19","2411","2654","1538"
"25","0.1","1","false","false","false","true","false","false","false","1","1","1","0.25","1","0","0","0","100","0","100","0","10","2.5","2","60","1.6","0.4","20.5","6.7","16","8.21","365","14","1","0","0","299","299","42","80825","1747","1889","3691","1809","39","6381","false","480840","6","9","24","2546","2807","1618"
"25","0.1","1","false","false","false","true","false","false","false","1","1","1","0.25","1","0","0","0","100","0","100","0","10","2.5","2","60","1.6","0.4","20.5","6.7","16","8.21","365","14","1","0","0","299","299","43","80419","1771","1973","3806","1988","43","6629","false","479366","6","11","26","2677","2977","1714"
"25","0.1","1","false","false","false","true","false","false","false","1","1","1","0.25","1","0","0","0","100","0","100","0","10","2.5","2","60","1.6","0.4","20.5","6.7","16","8.21","365","14","1","0","0","299","299","44","80015","1750","2034","3983","2173","45","6725","false","477113","7","11","27","2817","3151","1801"
"25","0.1","1","false","false","false","true","false","false","false","1","1","1","0.25","1","0","0","0","100","0","100","0","10","2.5","2","60","1.6","0.4","20.5","6.7","16","8.21","365","14","1","0","0","299","299","45","79591","1764","2121","4123","2351","50","6780","false","476138","8","14","28","2960","3332","1879"
"25","0.1","1","false","false","false","true","false","false","false","1","1","1","0.25","1","0","0","0","100","0","100","0","10","2.5","2","60","1.6","0.4","20.5","6.7","16","8.21","365","14","1","0","0","299","299","46","79141","1821","2174","4248","2562","54","6938","false","475567","8","14","32","3094","3475","1983"
"25","0.1","1","false","false","false","true","false","false","false","1","1","1","0.25","1","0","0","0","100","0","100","0","10","2.5","2","60","1.6","0.4","20.5","6.7","16","8.21","365","14","1","0","0","299","299","47","78669","1874","2283","4351","2765","58","7222","false","473995","8","15","35","3263","3642","2078"
"25","0.1","1","false","false","false","true","false","false","false","1","1","1","0.25","1","0","0","0","100","0","100","0","10","2.5","2","60","1.6","0.4","20.5","6.7","16","8.21","365","14","1","0","0","299","299","48","78237","1882","2340","4515","2965","61","7198","false","471565","11","15","35","3399","3801","2175"
"25","0.1","1","false","false","false","true","false","false","false","1","1","1","0.25","1","0","0","0","100","0","100","0","10","2.5","2","60","1.6","0.4","20.5","6.7","16","8.21","365","14","1","0","0","299","299","49","77833","1857","2434","4661","3150","65","7321","false","471517","12","15","38","3565","3962","2286"
"25","0.1","1","false","false","false","true","false","false","false","1","1","1","0.25","1","0","0","0","100","0","100","0","10","2.5","2","60","1.6","0.4","20.5","6.7","16","8.21","365","14","1","0","0","299","299","50","77364","1881","2532","4815","3339","69","7393","false","470330","13","16","40","3733","4133","2383"
"25","0.1","1","false","false","false","true","false","false","false","1","1","1","0.25","1","0","0","0","100","0","100","0","10","2.5","2","60","1.6","0.4","20.5","6.7","16","8.21","365","14","1","0","0","299","299","51","76918","1853","2631","4980","3547","71","7515","false","469578","13","17","41","3930","4310","2485"
"25","0.1","1","false","false","false","true","false","false","false","1","1","1","0.25","1","0","0","0","100","0","100","0","10","2.5","2","60","1.6","0.4","20.5","6.7","16","8.21","365","14","1","0","0","299","299","52","76473","1856","2713","5120","3765","73","7597","false","468465","13","18","42","4095","4476","2573"
"25","0.1","1","false","false","false","true","false","false","false","1","1","1","0.25","1","0","0","0","100","0","100","0","10","2.5","2","60","1.6","0.4","20.5","6.7","16","8.21","365","14","1","0","0","299","299","53","76056","1809","2816","5268","3974","77","7692","false","467640","14","19","44","4286","4659","2666"
"25","0.1","1","false","false","false","true","false","false","false","1","1","1","0.25","1","0","0","0","100","0","100","0","10","2.5","2","60","1.6","0.4","20.5","6.7","16","8.21","365","14","1","0","0","299","299","54","75616","1816","2885","5405","4193","85","7772","false","466609","15","19","51","4449","4834","2746"
"25","0.1","1","false","false","false","true","false","false","false","1","1","1","0.25","1","0","0","0","100","0","100","0","10","2.5","2","60","1.6","0.4","20.5","6.7","16","8.21","365","14","1","0","0","299","299","55","75127","1879","2968","5495","4441","90","7859","false","465865","15","19","56","4612","5017","2852"
"25","0.1","1","false","false","false","true","false","false","false","1","1","1","0.25","1","0","0","0","100","0","100","0","10","2.5","2","60","1.6","0.4","20.5","6.7","16","8.21","365","14","1","0","0","299","299","56","74658","1951","3058","5518","4720","95","7937","false","464770","15","20","60","4764","5179","2941"
"25","0.1","1","false","false","false","true","false","false","false","1","1","1","0.25","1","0","0","0","100","0","100","0","10","2.5","2","60","1.6","0.4","20.5","6.7","16","8.21","365","14","1","0","0","299","299","57","74186","1991","3124","5605","4993","101","8048","false","463890","15","21","65","4925","5352","3032"
"25","0.1","1","false","false","false","true","false","false","false","1","1","1","0.25","1","0","0","0","100","0","100","0","10","2.5","2","60","1.6","0.4","20.5","6.7","16","8.21","365","14","1","0","0","299","299","58","73679","2090","3184","5701","5245","101","8092","false","462810","15","21","65","5064","5507","3132"
"25","0.1","1","false","false","false","true","false","false","false","1","1","1","0.25","1","0","0","0","100","0","100","0","10","2.5","2","60","1.6","0.4","20.5","6.7","16","8.21","365","14","1","0","0","299","299","59","73175","2112","3266","5814","5525","108","8203","false","462346","17","22","69","5239","5692","3244"
"25","0.1","1","false","false","false","true","false","false","false","1","1","1","0.25","1","0","0","0","100","0","100","0","10","2.5","2","60","1.6","0.4","20.5","6.7","16","8.21","365","14","1","0","0","299","299","60","72673","2100","3347","5932","5837","111","8334","false","461332","17","24","70","5416","5903","3349"
"25","0.1","1","false","false","false","true","false","false","false","1","1","1","0.25","1","0","0","0","100","0","100","0","10","2.5","2","60","1.6","0.4","20.5","6.7","16","8.21","365","14","1","0","0","299","299","61","72111","2178","3398","6050","6147","116","8385","false","460188","17","24","75","5586","6083","3459"
"25","0.1","1","false","false","false","true","false","false","false","1","1","1","0.25","1","0","0","0","100","0","100","0","10","2.5","2","60","1.6","0.4","20.5","6.7","16","8.21","365","14","1","0","0","299","299","62","71572","2240","3444","6151","6473","120","8622","false","459644","17","26","77","5753","6285","3548"
"25","0.1","1","false","false","false","true","false","false","false","1","1","1","0.25","1","0","0","0","100","0","100","0","10","2.5","2","60","1.6","0.4","20.5","6.7","16","8.21","365","14","1","0","0","299","299","63","71073","2213","3527","6246","6808","133","8779","false","457493","19","29","85","5947","6482","3661"
"25","0.1","1","false","false","false","true","false","false","false","1","1","1","0.25","1","0","0","0","100","0","100","0","10","2.5","2","60","1.6","0.4","20.5","6.7","16","8.21","365","14","1","0","0","299","299","64","70573","2197","3583","6391","7116","140","8887","false","456181","22","30","88","6136","6671","3781"
"25","0.1","1","false","false","false","true","false","false","false","1","1","1","0.25","1","0","0","0","100","0","100","0","10","2.5","2","60","1.6","0.4","20.5","6.7","16","8.21","365","14","1","0","0","299","299","65","70022","2254","3671","6466","7438","149","9096","false","455156","24","32","93","6333","6856","3896"
"25","0.1","1","false","false","false","true","false","false","false","1","1","1","0.25","1","0","0","0","100","0","100","0","10","2.5","2","60","1.6","0.4","20.5","6.7","16","8.21","365","14","1","0","0","299","299","66","69490","2254","3764","6522","7817","153","9272","false","453300","25","33","95","6545","7057","4015"
"25","0.1","1","false","false","false","true","false","false","false","1","1","1","0.25","1","0","0","0","100","0","100","0","10","2.5","2","60","1.6","0.4","20.5","6.7","16","8.21","365","14","1","0","0","299","299","67","68929","2312","3816","6608","8171","164","9365","false","451590","25","36","103","6717","7272","4163"
"25","0.1","1","false","false","false","true","false","false","false","1","1","1","0.25","1","0","0","0","100","0","100","0","10","2.5","2","60","1.6","0.4","20.5","6.7","16","8.21","365","14","1","0","0","299","299","68","68432","2307","3891","6646","8555","169","9454","false","450693","26","37","106","6895","7463","4288"
"25","0.1","1","false","false","false","true","false","false","false","1","1","1","0.25","1","0","0","0","100","0","100","0","10","2.5","2","60","1.6","0.4","20.5","6.7","16","8.21","365","14","1","0","0","299","299","69","67843","2353","3955","6744","8923","182","9616","false","449781","27","40","115","7089","7679","4400"
"25","0.1","1","false","false","false","true","false","false","false","1","1","1","0.25","1","0","0","0","100","0","100","0","10","2.5","2","60","1.6","0.4","20.5","6.7","16","8.21","365","14","1","0","0","299","299","70","67295","2365","4004","6812","9334","190","9708","false","448213","28","41","121","7273","7888","4530"
"25","0.1","1","false","false","false","true","false","false","false","1","1","1","0.25","1","0","0","0","100","0","100","0","10","2.5","2","60","1.6","0.4","20.5","6.7","16","8.21","365","14","1","0","0","299","299","71","66773","2318","4061","6933","9717","198","9816","false","447234","29","43","126","7487","8107","4633"
"25","0.1","1","false","false","false","true","false","false","false","1","1","1","0.25","1","0","0","0","100","0","100","0","10","2.5","2","60","1.6","0.4","20.5","6.7","16","8.21","365","14","1","0","0","299","299","72","66238","2346","4125","6958","10124","209","9997","false","446104","29","45","135","7668","8327","4733"
"25","0.1","1","false","false","false","true","false","false","false","1","1","1","0.25","1","0","0","0","100","0","100","0","10","2.5","2","60","1.6","0.4","20.5","6.7","16","8.21","365","14","1","0","0","299","299","73","65642","2385","4225","7003","10528","217","10139","false","444471","30","47","140","7897","8550","4856"
"25","0.1","1","false","false","false","true","false","false","false","1","1","1","0.25","1","0","0","0","100","0","100","0","10","2.5","2","60","1.6","0.4","20.5","6.7","16","8.21","365","14","1","0","0","299","299","74","65073","2402","4255","7083","10966","221","10158","false","443225","30","49","142","8077","8769","4986"
"25","0.1","1","false","false","false","true","false","false","false","1","1","1","0.25","1","0","0","0","100","0","100","0","10","2.5","2","60","1.6","0.4","20.5","6.7","16","8.21","365","14","1","0","0","299","299","75","64474","2441","4310","7136","11414","225","10190","false","442860","30","52","143","8281","8992","5098"
"25","0.1","1","false","false","false","true","false","false","false","1","1","1","0.25","1","0","0","0","100","0","100","0","10","2.5","2","60","1.6","0.4","20.5","6.7","16","8.21","365","14","1","0","0","299","299","76","63901","2485","4391","7150","11841","232","10300","false","442412","30","56","146","8491","9214","5235"
"25","0.1","1","false","false","false","true","false","false","false","1","1","1","0.25","1","0","0","0","100","0","100","0","10","2.5","2","60","1.6","0.4","20.5","6.7","16","8.21","365","14","1","0","0","299","299","77","63281","2547","4477","7205","12250","240","10430","false","441374","32","58","150","8712","9441","5368"
"25","0.1","1","false","false","false","true","false","false","false","1","1","1","0.25","1","0","0","0","100","0","100","0","10","2.5","2","60","1.6","0.4","20.5","6.7","16","8.21","365","14","1","0","0","299","299","78","62678","2532","4509","7371","12662","248","10423","false","440188","33","59","156","8915","9666","5495"
"25","0.1","1","false","false","false","true","false","false","false","1","1","1","0.25","1","0","0","0","100","0","100","0","10","2.5","2","60","1.6","0.4","20.5","6.7","16","8.21","365","14","1","0","0","299","299","79","62077","2519","4553","7466","13131","254","10412","false","439838","35","60","159","9133","9891","5649"
"25","0.1","1","false","false","false","true","false","false","false","1","1","1","0.25","1","0","0","0","100","0","100","0","10","2.5","2","60","1.6","0.4","20.5","6.7","16","8.21","365","14","1","0","0","299","299","80","61436","2554","4612","7543","13590","265","10623","false","439568","37","60","168","9386","10111","5796"
"25","0.1","1","false","false","false","true","false","false","false","1","1","1","0.25","1","0","0","0","100","0","100","0","10","2.5","2","60","1.6","0.4","20.5","6.7","16","8.21","365","14","1","0","0","299","299","81","60803","2621","4657","7616","14031","272","10542","false","437640","39","62","171","9596","10335","5920"
"25","0.1","1","false","false","false","true","false","false","false","1","1","1","0.25","1","0","0","0","100","0","100","0","10","2.5","2","60","1.6","0.4","20.5","6.7","16","8.21","365","14","1","0","0","299","299","82","60207","2643","4684","7675","14509","282","10605","false","437870","42","65","175","9802","10600","6027"
"25","0.1","1","false","false","false","true","false","false","false","1","1","1","0.25","1","0","0","0","100","0","100","0","10","2.5","2","60","1.6","0.4","20.5","6.7","16","8.21","365","14","1","0","0","299","299","83","59564","2695","4763","7720","14969","289","10629","false","437156","42","70","177","10046","10827","6159"
"25","0.1","1","false","false","false","true","false","false","false","1","1","1","0.25","1","0","0","0","100","0","100","0","10","2.5","2","60","1.6","0.4","20.5","6.7","16","8.21","365","14","1","0","0","299","299","84","58935","2700","4799","7845","15424","297","10784","false","436889","42","73","182","10282","11068","6297"
"25","0.1","1","false","false","false","true","false","false","false","1","1","1","0.25","1","0","0","0","100","0","100","0","10","2.5","2","60","1.6","0.4","20.5","6.7","16","8.21","365","14","1","0","0","299","299","85","58288","2694","4818","7999","15899","302","10735","false","435532","44","75","183","10487","11319","6448"
"25","0.1","1","false","false","false","true","false","false","false","1","1","1","0.25","1","0","0","0","100","0","100","0","10","2.5","2","60","1.6","0.4","20.5","6.7","16","8.21","365","14","1","0","0","299","299","86","57630","2734","4858","8083","16387","308","10742","false","435673","45","76","187","10705","11582","6581"
"25","0.1","1","false","false","false","true","false","false","false","1","1","1","0.25","1","0","0","0","100","0","100","0","10","2.5","2","60","1.6","0.4","20.5","6.7","16","8.21","365","14","1","0","0","299","299","87","56950","2747","4938","8178","16872","315","10995","false","435664","45","79","191","10979","11852","6728"
"25","0.1","1","false","false","false","true","false","false","false","1","1","1","0.25","1","0","0","0","100","0","100","0","10","2.5","2","60","1.6","0.4","20.5","6.7","16","8.21","365","14","1","0","0","299","299","88","56297","2757","4997","8284","17343","322","11132","false","433443","46","80","196","11205","12113","6874"
"25","0.1","1","false","false","false","true","false","false","false","1","1","1","0.25","1","0","0","0","100","0","100","0","10","2.5","2","60","1.6","0.4","20.5","6.7","16","8.21","365","14","1","0","0","299","299","89","55673","2755","5023","8385","17833","331","11236","false","432151","47","82","202","11446","12313","7020"
"25","0.1","1","false","false","false","true","false","false","false","1","1","1","0.25","1","0","0","0","100","0","100","0","10","2.5","2","60","1.6","0.4","20.5","6.7","16","8.21","365","14","1","0","0","299","299","90","55034","2733","5085","8496","18313","339","11272","false","431005","47","86","206","11683","12572","7186"
"25","0.1","1","false","false","false","true","false","false","false","1","1","1","0.25","1","0","0","0","100","0","100","0","10","2.5","2","60","1.6","0.4","20.5","6.7","16","8.21","365","14","1","0","0","299","299","91","54428","2662","5159","8556","18849","346","11251","false","430662","49","88","209","11950","12834","7355"
"25","0.1","1","false","false","false","true","false","false","false","1","1","1","0.25","1","0","0","0","100","0","100","0","10","2.5","2","60","1.6","0.4","20.5","6.7","16","8.21","365","14","1","0","0","299","299","92","53806","2687","5226","8571","19358","352","11361","false","430712","52","89","211","12186","13086","7517"
"25","0.1","1","false","false","false","true","false","false","false","1","1","1","0.25","1","0","0","0","100","0","100","0","10","2.5","2","60","1.6","0.4","20.5","6.7","16","8.21","365","14","1","0","0","299","299","93","53213","2661","5221","8635","19909","361","11289","false","429854","52","92","217","12424","13320","7647"
"25","0.1","1","false","false","false","true","false","false","false","1","1","1","0.25","1","0","0","0","100","0","100","0","10","2.5","2","60","1.6","0.4","20.5","6.7","16","8.21","365","14","1","0","0","299","299","94","52592","2656","5254","8709","20417","372","11324","false","430335","52","95","225","12659","13570","7803"
"25","0.1","1","false","false","false","true","false","false","false","1","1","1","0.25","1","0","0","0","100","0","100","0","10","2.5","2","60","1.6","0.4","20.5","6.7","16","8.21","365","14","1","0","0","299","299","95","51952","2679","5250","8744","20990","385","11309","false","429979","54","98","233","12886","13834","7933"
"25","0.1","1","false","false","false","true","false","false","false","1","1","1","0.25","1","0","0","0","100","0","100","0","10","2.5","2","60","1.6","0.4","20.5","6.7","16","8.21","365","14","1","0","0","299","299","96","51318","2665","5274","8796","21553","394","11314","false","429838","55","100","239","13105","14107","8085"
"25","0.1","1","false","false","false","true","false","false","false","1","1","1","0.25","1","0","0","0","100","0","100","0","10","2.5","2","60","1.6","0.4","20.5","6.7","16","8.21","365","14","1","0","0","299","299","97","50675","2681","5272","8854","22117","401","11263","false","429652","56","102","243","13313","14350","8222"
"25","0.1","1","false","false","false","true","false","false","false","1","1","1","0.25","1","0","0","0","100","0","100","0","10","2.5","2","60","1.6","0.4","20.5","6.7","16","8.21","365","14","1","0","0","299","299","98","50012","2722","5254","8921","22677","414","11179","false","429875","58","105","251","13533","14586","8369"
"25","0.1","1","false","false","false","true","false","false","false","1","1","1","0.25","1","0","0","0","100","0","100","0","10","2.5","2","60","1.6","0.4","20.5","6.7","16","8.21","365","14","1","0","0","299","299","99","49383","2735","5296","8959","23203","424","11315","false","430174","58","108","258","13773","14852","8506"
"25","0.1","1","false","false","false","true","false","false","false","1","1","1","0.25","1","0","0","0","100","0","100","0","10","2.5","2","60","1.6","0.4","20.5","6.7","16","8.21","365","14","1","0","0","299","299","100","48763","2732","5321","8956","23789","439","11273","false","428985","59","109","271","14026","15083","8673"
"25","0.1","1","false","false","false","true","false","false","false","1","1","1","0.25","1","0","0","0","100","0","100","0","10","2.5","2","60","1.6","0.4","20.5","6.7","16","8.21","365","14","1","0","0","299","299","101","48080","2781","5371","8968","24351","449","11186","false","429103","59","111","279","14252","15345","8833"
"25","0.1","1","false","false","false","true","false","false","false","1","1","1","0.25","1","0","0","0","100","0","100","0","10","2.5","2","60","1.6","0.4","20.5","6.7","16","8.21","365","14","1","0","0","299","299","102","47461","2751","5368","9002","24955","463","11116","false","429634","60","116","287","14476","15584","8963"
"25","0.1","1","false","false","false","true","false","false","false","1","1","1","0.25","1","0","0","0","100","0","100","0","10","2.5","2","60","1.6","0.4","20.5","6.7","16","8.21","365","14","1","0","0","299","299","103","46817","2698","5364","9095","25555","471","11020","false","429969","60","118","293","14704","15854","9120"
"25","0.1","1","false","false","false","true","false","false","false","1","1","1","0.25","1","0","0","0","100","0","100","0","10","2.5","2","60","1.6","0.4","20.5","6.7","16","8.21","365","14","1","0","0","299","299","104","46156","2728","5387","9120","26126","483","11030","false","430824","62","119","302","14948","16122","9270"
"25","0.1","1","false","false","false","true","false","false","false","1","1","1","0.25","1","0","0","0","100","0","100","0","10","2.5","2","60","1.6","0.4","20.5","6.7","16","8.21","365","14","1","0","0","299","299","105","45576","2676","5415","9100","26736","497","10975","false","430481","63","124","310","15177","16406","9419"
"25","0.1","1","false","false","false","true","false","false","false","1","1","1","0.25","1","0","0","0","100","0","100","0","10","2.5","2","60","1.6","0.4","20.5","6.7","16","8.21","365","14","1","0","0","299","299","106","44930","2687","5441","9083","27351","508","11028","false","430667","68","126","314","15425","16665","9564"
"25","0.1","1","false","false","false","true","false","false","false","1","1","1","0.25","1","0","0","0","100","0","100","0","10","2.5","2","60","1.6","0.4","20.5","6.7","16","8.21","365","14","1","0","0","299","299","107","44300","2700","5401","9114","27973","512","10957","false","430128","68","126","318","15662","16899","9697"
"25","0.1","1","false","false","false","true","false","false","false","1","1","1","0.25","1","0","0","0","100","0","100","0","10","2.5","2","60","1.6","0.4","20.5","6.7","16","8.21","365","14","1","0","0","299","299","108","43643","2704","5438","9140","28554","521","11099","false","430659","69","130","322","15905","17198","9823"
"25","0.1","1","false","false","false","true","false","false","false","1","1","1","0.25","1","0","0","0","100","0","100","0","10","2.5","2","60","1.6","0.4","20.5","6.7","16","8.21","365","14","1","0","0","299","299","109","42993","2733","5444","9128","29171","531","11181","false","429632","69","132","330","16139","17467","9973"
"25","0.1","1","false","false","false","true","false","false","false","1","1","1","0.25","1","0","0","0","100","0","100","0","10","2.5","2","60","1.6","0.4","20.5","6.7","16","8.21","365","14","1","0","0","299","299","110","42394","2689","5464","9139","29776","538","11033","false","428956","69","134","335","16352","17710","10123"
"25","0.1","1","false","false","false","true","false","false","false","1","1","1","0.25","1","0","0","0","100","0","100","0","10","2.5","2","60","1.6","0.4","20.5","6.7","16","8.21","365","14","1","0","0","299","299","111","41769","2658","5427","9216","30376","554","10891","false","430288","69","139","346","16581","17957","10278"
"25","0.1","1","false","false","false","true","false","false","false","1","1","1","0.25","1","0","0","0","100","0","100","0","10","2.5","2","60","1.6","0.4","20.5","6.7","16","8.21","365","14","1","0","0","299","299","112","41162","2589","5475","9238","30977","559","10845","false","431138","69","140","350","16805","18225","10444"
"25","0.1","1","false","false","false","true","false","false","false","1","1","1","0.25","1","0","0","0","100","0","100","0","10","2.5","2","60","1.6","0.4","20.5","6.7","16","8.21","365","14","1","0","0","299","299","113","40549","2579","5455","9281","31572","564","10764","false","431595","70","142","352","17023","18469","10577"
"25","0.1","1","false","false","false","true","false","false","false","1","1","1","0.25","1","0","0","0","100","0","100","0","10","2.5","2","60","1.6","0.4","20.5","6.7","16","8.21","365","14","1","0","0","299","299","114","39940","2594","5478","9216","32193","579","10757","false","432109","72","148","359","17283","18697","10720"
"25","0.1","1","false","false","false","true","false","false","false","1","1","1","0.25","1","0","0","0","100","0","100","0","10","2.5","2","60","1.6","0.4","20.5","6.7","16","8.21","365","14","1","0","0","299","299","115","39316","2608","5477","9216","32793","590","10712","false","432137","74","150","366","17514","18931","10853"
"25","0.1","1","false","false","false","true","false","false","false","1","1","1","0.25","1","0","0","0","100","0","100","0","10","2.5","2","60","1.6","0.4","20.5","6.7","16","8.21","365","14","1","0","0","299","299","116","38722","2641","5458","9192","33382","605","10675","false","432425","76","152","377","17721","19169","11009"
"25","0.1","1","false","false","false","true","false","false","false","1","1","1","0.25","1","0","0","0","100","0","100","0","10","2.5","2","60","1.6","0.4","20.5","6.7","16","8.21","365","14","1","0","0","299","299","117","38143","2582","5486","9163","34009","617","10792","false","432629","76","155","386","17965","19428","11180"
"25","0.1","1","false","false","false","true","false","false","false","1","1","1","0.25","1","0","0","0","100","0","100","0","10","2.5","2","60","1.6","0.4","20.5","6.7","16","8.21","365","14","1","0","0","299","299","118","37573","2530","5517","9115","34637","628","10756","false","431543","76","160","392","18231","19660","11324"
"25","0.1","1","false","false","false","true","false","false","false","1","1","1","0.25","1","0","0","0","100","0","100","0","10","2.5","2","60","1.6","0.4","20.5","6.7","16","8.21","365","14","1","0","0","299","299","119","37009","2517","5503","9095","35237","639","10604","false","431696","78","162","399","18441","19920","11441"
"25","0.1","1","false","false","false","true","false","false","false","1","1","1","0.25","1","0","0","0","100","0","100","0","10","2.5","2","60","1.6","0.4","20.5","6.7","16","8.21","365","14","1","0","0","299","299","120","36465","2480","5467","9054","35884","650","10401","false","432675","79","164","407","18660","20150","11561"
"25","0.1","1","false","false","false","true","false","false","false","1","1","1","0.25","1","0","0","0","100","0","100","0","10","2.5","2","60","1.6","0.4","20.5","6.7","16","8.21","365","14","1","0","0","299","299","121","35941","2412","5427","9052","36504","664","10244","false","434386","83","169","412","18862","20370","11703"
"25","0.1","1","false","false","false","true","false","false","false","1","1","1","0.25","1","0","0","0","100","0","100","0","10","2.5","2","60","1.6","0.4","20.5","6.7","16","8.21","365","14","1","0","0","299","299","122","35405","2379","5428","8975","37138","675","10152","false","435361","87","172","416","19093","20609","11817"
"25","0.1","1","false","false","false","true","false","false","false","1","1","1","0.25","1","0","0","0","100","0","100","0","10","2.5","2","60","1.6","0.4","20.5","6.7","16","8.21","365","14","1","0","0","299","299","123","34879","2298","5419","8982","37740","682","10123","false","436093","91","173","418","19337","20841","11930"
"25","0.1","1","false","false","false","true","false","false","false","1","1","1","0.25","1","0","0","0","100","0","100","0","10","2.5","2","60","1.6","0.4","20.5","6.7","16","8.21","365","14","1","0","0","299","299","124","34333","2342","5403","8827","38403","692","10108","false","436438","92","176","424","19550","21045","12050"
"25","0.1","1","false","false","false","true","false","false","false","1","1","1","0.25","1","0","0","0","100","0","100","0","10","2.5","2","60","1.6","0.4","20.5","6.7","16","8.21","365","14","1","0","0","299","299","125","33786","2341","5405","8760","39006","702","10027","false","436595","94","177","431","19774","21282","12172"
"25","0.1","1","false","false","false","true","false","false","false","1","1","1","0.25","1","0","0","0","100","0","100","0","10","2.5","2","60","1.6","0.4","20.5","6.7","16","8.21","365","14","1","0","0","299","299","126","33277","2283","5397","8685","39650","708","9883","false","437151","94","178","436","19993","21515","12315"
"25","0.1","1","false","false","false","true","false","false","false","1","1","1","0.25","1","0","0","0","100","0","100","0","10","2.5","2","60","1.6","0.4","20.5","6.7","16","8.21","365","14","1","0","0","299","299","127","32766","2221","5365","8678","40256","714","9673","false","438312","94","178","442","20231","21716","12439"
"25","0.1","1","false","false","false","true","false","false","false","1","1","1","0.25","1","0","0","0","100","0","100","0","10","2.5","2","60","1.6","0.4","20.5","6.7","16","8.21","365","14","1","0","0","299","299","128","32238","2239","5303","8624","40869","727","9560","false","440045","95","180","452","20422","21905","12544"
"25","0.1","1","false","false","false","true","false","false","false","1","1","1","0.25","1","0","0","0","100","0","100","0","10","2.5","2","60","1.6","0.4","20.5","6.7","16","8.21","365","14","1","0","0","299","299","129","31752","2225","5298","8501","41491","733","9433","false","440777","96","182","455","20598","22120","12669"
"25","0.1","1","false","false","false","true","false","false","false","1","1","1","0.25","1","0","0","0","100","0","100","0","10","2.5","2","60","1.6","0.4","20.5","6.7","16","8.21","365","14","1","0","0","299","299","130","31244","2176","5266","8421","42146","747","9267","false","441736","98","186","463","20814","22333","12798"
"25","0.1","1","false","false","false","true","false","false","false","1","1","1","0.25","1","0","0","0","100","0","100","0","10","2.5","2","60","1.6","0.4","20.5","6.7","16","8.21","365","14","1","0","0","299","299","131","30758","2139","5221","8375","42750","757","9078","false","442940","99","189","469","21000","22557","12919"
"25","0.1","1","false","false","false","true","false","false","false","1","1","1","0.25","1","0","0","0","100","0","100","0","10","2.5","2","60","1.6","0.4","20.5","6.7","16","8.21","365","14","1","0","0","299","299","132","30272","2112","5180","8310","43353","773","8970","false","444345","101","193","479","21183","22758","13059"
"25","0.1","1","false","false","false","true","false","false","false","1","1","1","0.25","1","0","0","0","100","0","100","0","10","2.5","2","60","1.6","0.4","20.5","6.7","16","8.21","365","14","1","0","0","299","299","133","29767","2111","5144","8217","43976","785","8885","false","445257","101","197","487","21361","22992","13183"
"25","0.1","1","false","false","false","true","false","false","false","1","1","1","0.25","1","0","0","0","100","0","100","0","10","2.5","2","60","1.6","0.4","20.5","6.7","16","8.21","365","14","1","0","0","299","299","134","29294","2105","5069","8152","44581","799","8681","false","445845","103","201","495","21529","23192","13291"
"25","0.1","1","false","false","false","true","false","false","false","1","1","1","0.25","1","0","0","0","100","0","100","0","10","2.5","2","60","1.6","0.4","20.5","6.7","16","8.21","365","14","1","0","0","299","299","135","28809","2087","5020","8069","45209","806","8556","false","447441","103","203","500","21734","23378","13412"
"25","0.1","1","false","false","false","true","false","false","false","1","1","1","0.25","1","0","0","0","100","0","100","0","10","2.5","2","60","1.6","0.4","20.5","6.7","16","8.21","365","14","1","0","0","299","299","136","28294","2126","4960","8008","45798","814","8363","false","448611","104","203","507","21908","23547","13547"
"25","0.1","1","false","false","false","true","false","false","false","1","1","1","0.25","1","0","0","0","100","0","100","0","10","2.5","2","60","1.6","0.4","20.5","6.7","16","8.21","365","14","1","0","0","299","299","137","27795","2133","4883","7946","46422","821","8276","false","450137","108","204","509","22092","23740","13650"
"25","0.1","1","false","false","false","true","false","false","false","1","1","1","0.25","1","0","0","0","100","0","100","0","10","2.5","2","60","1.6","0.4","20.5","6.7","16","8.21","365","14","1","0","0","299","299","138","27314","2110","4870","7883","46990","833","8243","false","451041","110","207","516","22291","23931","13764"
"25","0.1","1","false","false","false","true","false","false","false","1","1","1","0.25","1","0","0","0","100","0","100","0","10","2.5","2","60","1.6","0.4","20.5","6.7","16","8.21","365","14","1","0","0","299","299","139","26847","2083","4809","7817","47598","846","8179","false","451382","115","210","521","22452","24147","13874"
"25","0.1","1","false","false","false","true","false","false","false","1","1","1","0.25","1","0","0","0","100","0","100","0","10","2.5","2","60","1.6","0.4","20.5","6.7","16","8.21","365","14","1","0","0","299","299","140","26430","2013","4741","7732","48229","855","8041","false","451995","117","210","528","22629","24331","13979"
"25","0.1","1","false","false","false","true","false","false","false","1","1","1","0.25","1","0","0","0","100","0","100","0","10","2.5","2","60","1.6","0.4","20.5","6.7","16","8.21","365","14","1","0","0","299","299","141","25947","1998","4700","7649","48843","863","7909","false","453117","118","210","535","22824","24542","14085"
"25","0.1","1","false","false","false","true","false","false","false","1","1","1","0.25","1","0","0","0","100","0","100","0","10","2.5","2","60","1.6","0.4","20.5","6.7","16","8.21","365","14","1","0","0","299","299","142","25526","1946","4692","7559","49410","867","7881","false","453995","118","213","536","23019","24731","14194"
"25","0.1","1","false","false","false","true","false","false","false","1","1","1","0.25","1","0","0","0","100","0","100","0","10","2.5","2","60","1.6","0.4","20.5","6.7","16","8.21","365","14","1","0","0","299","299","143","25088","1926","4641","7455","50012","878","7843","false","454356","119","215","544","23197","24932","14298"
"25","0.1","1","false","false","false","true","false","false","false","1","1","1","0.25","1","0","0","0","100","0","100","0","10","2.5","2","60","1.6","0.4","20.5","6.7","16","8.21","365","14","1","0","0","299","299","144","24673","1894","4601","7380","50565","887","7759","false","454699","120","218","549","23360","25113","14412"
"25","0.1","1","false","false","false","true","false","false","false","1","1","1","0.25","1","0","0","0","100","0","100","0","10","2.5","2","60","1.6","0.4","20.5","6.7","16","8.21","365","14","1","0","0","299","299","145","24249","1845","4574","7322","51116","894","7679","false","455418","120","220","554","23529","25316","14533"
"25","0.1","1","false","false","false","true","false","false","false","1","1","1","0.25","1","0","0","0","100","0","100","0","10","2.5","2","60","1.6","0.4","20.5","6.7","16","8.21","365","14","1","0","0","299","299","146","23815","1813","4519","7303","51654","896","7644","false","456039","120","221","555","23691","25510","14634"
"25","0.1","1","false","false","false","true","false","false","false","1","1","1","0.25","1","0","0","0","100","0","100","0","10","2.5","2","60","1.6","0.4","20.5","6.7","16","8.21","365","14","1","0","0","299","299","147","23401","1818","4440","7187","52251","903","7582","false","456567","123","223","557","23823","25693","14737"
"25","0.1","1","false","false","false","true","false","false","false","1","1","1","0.25","1","0","0","0","100","0","100","0","10","2.5","2","60","1.6","0.4","20.5","6.7","16","8.21","365","14","1","0","0","299","299","148","22998","1801","4418","7084","52787","912","7447","false","457048","124","226","562","23979","25869","14845"
"25","0.1","1","false","false","false","true","false","false","false","1","1","1","0.25","1","0","0","0","100","0","100","0","10","2.5","2","60","1.6","0.4","20.5","6.7","16","8.21","365","14","1","0","0","299","299","149","22605","1762","4382","7023","53306","922","7303","false","458169","126","228","568","24130","26041","14949"
"25","0.1","1","false","false","false","true","false","false","false","1","1","1","0.25","1","0","0","0","100","0","100","0","10","2.5","2","60","1.6","0.4","20.5","6.7","16","8.21","365","14","1","0","0","299","299","150","22213","1768","4336","6918","53836","929","7195","false","459343","127","230","572","24272","26198","15049"
"25","0.1","1","false","false","false","true","false","false","false","1","1","1","0.25","1","0","0","0","100","0","100","0","10","2.5","2","60","1.6","0.4","20.5","6.7","16","8.21","365","14","1","0","0","299","299","151","21802","1733","4292","6892","54338","943","7098","false","460130","127","232","584","24444","26365","15141"
"25","0.1","1","false","false","false","true","false","false","false","1","1","1","0.25","1","0","0","0","100","0","100","0","10","2.5","2","60","1.6","0.4","20.5","6.7","16","8.21","365","14","1","0","0","299","299","152","21429","1718","4246","6790","54868","949","6999","false","460929","127","234","588","24581","26532","15241"
"25","0.1","1","false","false","false","true","false","false","false","1","1","1","0.25","1","0","0","0","100","0","100","0","10","2.5","2","60","1.6","0.4","20.5","6.7","16","8.21","365","14","1","0","0","299","299","153","21045","1680","4171","6752","55395","957","6912","false","461712","128","236","593","24738","26687","15339"
"25","0.1","1","false","false","false","true","false","false","false","1","1","1","0.25","1","0","0","0","100","0","100","0","10","2.5","2","60","1.6","0.4","20.5","6.7","16","8.21","365","14","1","0","0","299","299","154","20667","1644","4133","6668","55921","967","6892","false","462471","129","239","599","24902","26858","15438"
"25","0.1","1","false","false","false","true","false","false","false","1","1","1","0.25","1","0","0","0","100","0","100","0","10","2.5","2","60","1.6","0.4","20.5","6.7","16","8.21","365","14","1","0","0","299","299","155","20304","1612","4108","6574","56427","975","6786","false","462601","130","242","603","25062","27012","15516"
"25","0.1","1","false","false","false","true","false","false","false","1","1","1","0.25","1","0","0","0","100","0","100","0","10","2.5","2","60","1.6","0.4","20.5","6.7","16","8.21","365","14","1","0","0","299","299","156","19969","1562","4059","6493","56935","982","6649","false","463402","130","245","607","25217","27169","15610"
"25","0.1","1","false","false","false","true","false","false","false","1","1","1","0.25","1","0","0","0","100","0","100","0","10","2.5","2","60","1.6","0.4","20.5","6.7","16","8.21","365","14","1","0","0","299","299","157","19614","1567","4000","6397","57438","984","6507","false","464575","130","246","608","25358","27315","15698"
"25","0.1","1","false","false","false","true","false","false","false","1","1","1","0.25","1","0","0","0","100","0","100","0","10","2.5","2","60","1.6","0.4","20.5","6.7","16","8.21","365","14","1","0","0","299","299","158","19259","1548","3942","6286","57974","991","6468","false","465849","132","250","609","25525","27459","15784"
"25","0.1","1","false","false","false","true","false","false","false","1","1","1","0.25","1","0","0","0","100","0","100","0","10","2.5","2","60","1.6","0.4","20.5","6.7","16","8.21","365","14","1","0","0","299","299","159","18902","1528","3891","6192","58485","1002","6368","false","466234","133","252","617","25658","27625","15860"
"25","0.1","1","false","false","false","true","false","false","false","1","1","1","0.25","1","0","0","0","100","0","100","0","10","2.5","2","60","1.6","0.4","20.5","6.7","16","8.21","365","14","1","0","0","299","299","160","18552","1535","3834","6127","58946","1006","6207","false","467085","133","253","620","25792","27754","15930"
"25","0.1","1","false","false","false","true","false","false","false","1","1","1","0.25","1","0","0","0","100","0","100","0","10","2.5","2","60","1.6","0.4","20.5","6.7","16","8.21","365","14","1","0","0","299","299","161","18217","1499","3800","6053","59418","1013","6150","false","468373","134","254","625","25948","27915","16001"
"25","0.1","1","false","false","false","true","false","false","false","1","1","1","0.25","1","0","0","0","100","0","100","0","10","2.5","2","60","1.6","0.4","20.5","6.7","16","8.21","365","14","1","0","0","299","299","162","17904","1470","3724","5982","59896","1024","6074","false","468874","135","258","631","26076","28032","16067"
"25","0.1","1","false","false","false","true","false","false","false","1","1","1","0.25","1","0","0","0","100","0","100","0","10","2.5","2","60","1.6","0.4","20.5","6.7","16","8.21","365","14","1","0","0","299","299","163","17601","1437","3696","5885","60348","1033","5999","false","469457","138","259","636","26227","28184","16135"
"25","0.1","1","false","false","false","true","false","false","false","1","1","1","0.25","1","0","0","0","100","0","100","0","10","2.5","2","60","1.6","0.4","20.5","6.7","16","8.21","365","14","1","0","0","299","299","164","17275","1415","3652","5797","60819","1042","5925","false","470088","140","264","638","26354","28308","16208"
"25","0.1","1","false","false","false","true","false","false","false","1","1","1","0.25","1","0","0","0","100","0","100","0","10","2.5","2","60","1.6","0.4","20.5","6.7","16","8.21","365","14","1","0","0","299","299","165","16973","1382","3604","5701","61295","1045","5803","false","470631","140","264","641","26481","28448","16293"
"25","0.1","1","false","false","false","true","false","false","false","1","1","1","0.25","1","0","0","0","100","0","100","0","10","2.5","2","60","1.6","0.4","20.5","6.7","16","8.21","365","14","1","0","0","299","299","166","16605","1410","3573","5627","61729","1056","5760","false","471565","144","265","647","26628","28570","16378"
"25","0.1","1","false","false","false","true","false","false","false","1","1","1","0.25","1","0","0","0","100","0","100","0","10","2.5","2","60","1.6","0.4","20.5","6.7","16","8.21","365","14","1","0","0","299","299","167","16286","1419","3536","5529","62169","1061","5668","false","471968","145","266","650","26745","28704","16462"
"25","0.1","1","false","false","false","true","false","false","false","1","1","1","0.25","1","0","0","0","100","0","100","0","10","2.5","2","60","1.6","0.4","20.5","6.7","16","8.21","365","14","1","0","0","299","299","168","15940","1418","3492","5475","62607","1068","5604","false","472643","147","266","655","26879","28838","16541"
"25","0.1","1","false","false","false","true","false","false","false","1","1","1","0.25","1","0","0","0","100","0","100","0","10","2.5","2","60","1.6","0.4","20.5","6.7","16","8.21","365","14","1","0","0","299","299","169","15651","1370","3428","5399","63076","1076","5579","false","473248","148","266","662","27005","28974","16621"
"25","0.1","1","false","false","false","true","false","false","false","1","1","1","0.25","1","0","0","0","100","0","100","0","10","2.5","2","60","1.6","0.4","20.5","6.7","16","8.21","365","14","1","0","0","299","299","170","15340","1334","3366","5377","63495","1088","5486","false","473477","148","268","672","27141","29099","16705"
"25","0.1","1","false","false","false","true","false","false","false","1","1","1","0.25","1","0","0","0","100","0","100","0","10","2.5","2","60","1.6","0.4","20.5","6.7","16","8.21","365","14","1","0","0","299","299","171","15019","1327","3322","5375","63863","1094","5407","false","474251","148","270","676","27267","29218","16782"
"25","0.1","1","false","false","false","true","false","false","false","1","1","1","0.25","1","0","0","0","100","0","100","0","10","2.5","2","60","1.6","0.4","20.5","6.7","16","8.21","365","14","1","0","0","299","299","172","14749","1290","3292","5336","64235","1098","5339","false","474863","150","270","678","27382","29347","16853"
"25","0.1","1","false","false","false","true","false","false","false","1","1","1","0.25","1","0","0","0","100","0","100","0","10","2.5","2","60","1.6","0.4","20.5","6.7","16","8.21","365","14","1","0","0","299","299","173","14451","1268","3247","5257","64667","1110","5306","false","475511","152","272","686","27503","29482","16930"
"25","0.1","1","false","false","false","true","false","false","false","1","1","1","0.25","1","0","0","0","100","0","100","0","10","2.5","2","60","1.6","0.4","20.5","6.7","16","8.21","365","14","1","0","0","299","299","174","14133","1285","3183","5184","65099","1116","5284","false","475921","152","274","690","27615","29592","17002"
"25","0.1","1","false","false","false","true","false","false","false","1","1","1","0.25","1","0","0","0","100","0","100","0","10","2.5","2","60","1.6","0.4","20.5","6.7","16","8.21","365","14","1","0","0","299","299","175","13863","1251","3166","5124","65475","1121","5184","false","476098","152","275","694","27736","29721","17059"
"25","0.1","1","false","false","false","true","false","false","false","1","1","1","0.25","1","0","0","0","100","0","100","0","10","2.5","2","60","1.6","0.4","20.5","6.7","16","8.21","365","14","1","0","0","299","299","176","13577","1236","3124","5038","65896","1129","5078","false","476990","155","275","699","27854","29842","17136"
"25","0.1","1","false","false","false","true","false","false","false","1","1","1","0.25","1","0","0","0","100","0","100","0","10","2.5","2","60","1.6","0.4","20.5","6.7","16","8.21","365","14","1","0","0","299","299","177","13322","1205","3065","4939","66333","1136","5021","false","477730","155","276","705","27980","29973","17195"
"25","0.1","1","false","false","false","true","false","false","false","1","1","1","0.25","1","0","0","0","100","0","100","0","10","2.5","2","60","1.6","0.4","20.5","6.7","16","8.21","365","14","1","0","0","299","299","178","13057","1176","3058","4856","66711","1142","4962","false","478105","156","279","707","28101","30093","17262"
"25","0.1","1","false","false","false","true","false","false","false","1","1","1","0.25","1","0","0","0","100","0","100","0","10","2.5","2","60","1.6","0.4","20.5","6.7","16","8.21","365","14","1","0","0","299","299","179","12758","1193","3005","4833","67063","1148","4858","false","478711","156","280","712","28213","30209","17310"
"25","0.1","1","false","false","false","true","false","false","false","1","1","1","0.25","1","0","0","0","100","0","100","0","10","2.5","2","60","1.6","0.4","20.5","6.7","16","8.21","365","14","1","0","0","299","299","180","12481","1180","2986","4776","67420","1157","4758","false","479605","158","281","718","28297","30316","17384"
"25","0.1","1","false","false","false","true","false","false","false","1","1","1","0.25","1","0","0","0","100","0","100","0","10","2.5","2","60","1.6","0.4","20.5","6.7","16","8.21","365","14","1","0","0","299","299","181","12196","1185","2937","4726","67794","1162","4728","false","480432","158","283","721","28407","30417","17445"
"25","0.1","1","false","false","false","true","false","false","false","1","1","1","0.25","1","0","0","0","100","0","100","0","10","2.5","2","60","1.6","0.4","20.5","6.7","16","8.21","365","14","1","0","0","299","299","182","11926","1175","2885","4690","68151","1173","4575","false","480732","160","284","729","28525","30521","17509"
"25","0.1","1","false","false","false","true","false","false","false","1","1","1","0.25","1","0","0","0","100","0","100","0","10","2.5","2","60","1.6","0.4","20.5","6.7","16","8.21","365","14","1","0","0","299","299","183","11668","1133","2865","4624","68534","1176","4563","false","481873","160","286","730","28626","30641","17577"
"25","0.1","1","false","false","false","true","false","false","false","1","1","1","0.25","1","0","0","0","100","0","100","0","10","2.5","2","60","1.6","0.4","20.5","6.7","16","8.21","365","14","1","0","0","299","299","184","11425","1112","2834","4559","68889","1181","4476","false","482109","160","287","734","28718","30762","17655"
"25","0.1","1","false","false","false","true","false","false","false","1","1","1","0.25","1","0","0","0","100","0","100","0","10","2.5","2","60","1.6","0.4","20.5","6.7","16","8.21","365","14","1","0","0","299","299","185","11133","1122","2811","4501","69245","1188","4494","false","482836","162","289","737","28819","30894","17715"
"25","0.1","1","false","false","false","true","false","false","false","1","1","1","0.25","1","0","0","0","100","0","100","0","10","2.5","2","60","1.6","0.4","20.5","6.7","16","8.21","365","14","1","0","0","299","299","186","10916","1089","2779","4415","69604","1197","4398","false","482720","162","291","744","28917","30997","17771"
"25","0.1","1","false","false","false","true","false","false","false","1","1","1","0.25","1","0","0","0","100","0","100","0","10","2.5","2","60","1.6","0.4","20.5","6.7","16","8.21","365","14","1","0","0","299","299","187","10666","1081","2717","4369","69962","1205","4312","false","483414","164","291","750","29004","31089","17823"
"25","0.1","1","false","false","false","true","false","false","false","1","1","1","0.25","1","0","0","0","100","0","100","0","10","2.5","2","60","1.6","0.4","20.5","6.7","16","8.21","365","14","1","0","0","299","299","188","10440","1049","2683","4320","70299","1209","4245","false","484121","165","292","752","29100","31195","17878"
"25","0.1","1","false","false","false","true","false","false","false","1","1","1","0.25","1","0","0","0","100","0","100","0","10","2.5","2","60","1.6","0.4","20.5","6.7","16","8.21","365","14","1","0","0","299","299","189","10242","968","2651","4285","70641","1213","4185","false","484769","165","292","756","29190","31326","17942"
"25","0.1","1","false","false","false","true","false","false","false","1","1","1","0.25","1","0","0","0","100","0","100","0","10","2.5","2","60","1.6","0.4","20.5","6.7","16","8.21","365","14","1","0","0","299","299","190","10032","948","2620","4169","71010","1221","4161","false","485383","166","294","761","29295","31432","17997"
"25","0.1","1","false","false","false","true","false","false","false","1","1","1","0.25","1","0","0","0","100","0","100","0","10","2.5","2","60","1.6","0.4","20.5","6.7","16","8.21","365","14","1","0","0","299","299","191","9829","916","2600","4103","71325","1227","4073","false","485662","168","296","763","29375","31523","18049"
"25","0.1","1","false","false","false","true","false","false","false","1","1","1","0.25","1","0","0","0","100","0","100","0","10","2.5","2","60","1.6","0.4","20.5","6.7","16","8.21","365","14","1","0","0","299","299","192","9593","941","2560","4009","71665","1232","4034","false","486389","168","298","766","29469","31609","18101"
"25","0.1","1","false","false","false","true","false","false","false","1","1","1","0.25","1","0","0","0","100","0","100","0","10","2.5","2","60","1.6","0.4","20.5","6.7","16","8.21","365","14","1","0","0","299","299","193","9366","951","2510","3918","72017","1238","3948","false","486676","168","299","771","29559","31693","18142"
"25","0.1","1","false","false","false","true","false","false","false","1","1","1","0.25","1","0","0","0","100","0","100","0","10","2.5","2","60","1.6","0.4","20.5","6.7","16","8.21","365","14","1","0","0","299","299","194","9182","903","2476","3857","72339","1243","3934","false","487324","170","299","774","29648","31780","18195"
"25","0.1","1","false","false","false","true","false","false","false","1","1","1","0.25","1","0","0","0","100","0","100","0","10","2.5","2","60","1.6","0.4","20.5","6.7","16","8.21","365","14","1","0","0","299","299","195","9015","867","2456","3785","72631","1246","3841","false","487474","170","301","775","29719","31868","18248"
"25","0.1","1","false","false","false","true","false","false","false","1","1","1","0.25","1","0","0","0","100","0","100","0","10","2.5","2","60","1.6","0.4","20.5","6.7","16","8.21","365","14","1","0","0","299","299","196","8816","864","2442","3737","72891","1250","3760","false","488199","170","301","779","29800","31941","18304"
"25","0.1","1","false","false","false","true","false","false","false","1","1","1","0.25","1","0","0","0","100","0","100","0","10","2.5","2","60","1.6","0.4","20.5","6.7","16","8.21","365","14","1","0","0","299","299","197","8660","814","2427","3658","73187","1254","3656","false","488899","170","303","781","29886","32026","18352"
"25","0.1","1","false","false","false","true","false","false","false","1","1","1","0.25","1","0","0","0","100","0","100","0","10","2.5","2","60","1.6","0.4","20.5","6.7","16","8.21","365","14","1","0","0","299","299","198","8463","818","2395","3594","73470","1260","3555","false","489779","170","303","787","29961","32098","18389"
"25","0.1","1","false","false","false","true","false","false","false","1","1","1","0.25","1","0","0","0","100","0","100","0","10","2.5","2","60","1.6","0.4","20.5","6.7","16","8.21","365","14","1","0","0","299","299","199","8281","800","2343","3527","73782","1267","3447","false","490527","173","305","789","30046","32175","18423"
"25","0.1","1","false","false","false","true","false","false","false","1","1","1","0.25","1","0","0","0","100","0","100","0","10","2.5","2","60","1.6","0.4","20.5","6.7","16","8.21","365","14","1","0","0","299","299","200","8101","777","2327","3462","74066","1267","3448","false","491448","173","305","789","30131","32266","18472"
"25","0.1","1","false","false","false","true","false","false","false","1","1","1","0.25","1","0","0","0","100","0","100","0","10","2.5","2","60","1.6","0.4","20.5","6.7","16","8.21","365","14","1","0","0","299","299","201","7941","750","2320","3377","74341","1271","3366","false","491527","173","306","792","30204","32339","18522"
"25","0.1","1","false","false","false","true","false","false","false","1","1","1","0.25","1","0","0","0","100","0","100","0","10","2.5","2","60","1.6","0.4","20.5","6.7","16","8.21","365","14","1","0","0","299","299","202","7784","735","2265","3312","74626","1278","3270","false","492244","174","308","796","30266","32407","18569"
"25","0.1","1","false","false","false","true","false","false","false","1","1","1","0.25","1","0","0","0","100","0","100","0","10","2.5","2","60","1.6","0.4","20.5","6.7","16","8.21","365","14","1","0","0","299","299","203","7629","707","2236","3241","74904","1283","3142","false","493011","175","309","799","30353","32487","18607"
"25","0.1","1","false","false","false","true","false","false","false","1","1","1","0.25","1","0","0","0","100","0","100","0","10","2.5","2","60","1.6","0.4","20.5","6.7","16","8.21","365","14","1","0","0","299","299","204","7486","670","2212","3170","75177","1285","3019","false","494006","176","309","800","30426","32559","18645"
"25","0.1","1","false","false","false","true","false","false","false","1","1","1","0.25","1","0","0","0","100","0","100","0","10","2.5","2","60","1.6","0.4","20.5","6.7","16","8.21","365","14","1","0","0","299","299","205","7325","670","2158","3102","75453","1292","2931","false","495038","176","310","806","30484","32625","18680"
"25","0.1","1","false","false","false","true","false","false","false","1","1","1","0.25","1","0","0","0","100","0","100","0","10","2.5","2","60","1.6","0.4","20.5","6.7","16","8.21","365","14","1","0","0","299","299","206","7170","654","2106","3034","75739","1297","2886","false","495700","177","312","808","30555","32681","18722"
"25","0.1","1","false","false","false","true","false","false","false","1","1","1","0.25","1","0","0","0","100","0","100","0","10","2.5","2","60","1.6","0.4","20.5","6.7","16","8.21","365","14","1","0","0","299","299","207","6998","674","2059","2944","76020","1305","2852","false","496053","179","312","814","30616","32738","18757"
"25","0.1","1","false","false","false","true","false","false","false","1","1","1","0.25","1","0","0","0","100","0","100","0","10","2.5","2","60","1.6","0.4","20.5","6.7","16","8.21","365","14","1","0","0","299","299","208","6830","696","2020","2853","76293","1308","2796","false","496280","180","313","815","30689","32803","18792"
"25","0.1","1","false","false","false","true","false","false","false","1","1","1","0.25","1","0","0","0","100","0","100","0","10","2.5","2","60","1.6","0.4","20.5","6.7","16","8.21","365","14","1","0","0","299","299","209","6699","671","1945","2790","76582","1313","2739","false","496855","180","314","819","30736","32871","18826"
"25","0.1","1","false","false","false","true","false","false","false","1","1","1","0.25","1","0","0","0","100","0","100","0","10","2.5","2","60","1.6","0.4","20.5","6.7","16","8.21","365","14","1","0","0","299","299","210","6548","665","1890","2728","76850","1319","2673","false","497327","183","315","821","30797","32931","18858"
"25","0.1","1","false","false","false","true","false","false","false","1","1","1","0.25","1","0","0","0","100","0","100","0","10","2.5","2","60","1.6","0.4","20.5","6.7","16","8.21","365","14","1","0","0","299","299","211","6405","659","1852","2665","77095","1324","2615","false","497802","185","317","822","30867","32984","18896"
"25","0.1","1","false","false","false","true","false","false","false","1","1","1","0.25","1","0","0","0","100","0","100","0","10","2.5","2","60","1.6","0.4","20.5","6.7","16","8.21","365","14","1","0","0","299","299","212","6268","643","1804","2630","77327","1328","2524","false","498312","185","317","826","30932","33041","18931"
"25","0.1","1","false","false","false","true","false","false","false","1","1","1","0.25","1","0","0","0","100","0","100","0","10","2.5","2","60","1.6","0.4","20.5","6.7","16","8.21","365","14","1","0","0","299","299","213","6138","617","1781","2582","77550","1332","2444","false","499012","185","318","829","31001","33099","18970"
"25","0.1","1","false","false","false","true","false","false","false","1","1","1","0.25","1","0","0","0","100","0","100","0","10","2.5","2","60","1.6","0.4","20.5","6.7","16","8.21","365","14","1","0","0","299","299","214","6018","561","1742","2579","77765","1335","2338","false","499718","185","319","831","31063","33150","19014"
"25","0.1","1","false","false","false","true","false","false","false","1","1","1","0.25","1","0","0","0","100","0","100","0","10","2.5","2","60","1.6","0.4","20.5","6.7","16","8.21","365","14","1","0","0","299","299","215","5886","551","1709","2549","77968","1337","2304","false","500653","185","320","832","31113","33206","19046"
"25","0.1","1","false","false","false","true","false","false","false","1","1","1","0.25","1","0","0","0","100","0","100","0","10","2.5","2","60","1.6","0.4","20.5","6.7","16","8.21","365","14","1","0","0","299","299","216","5748","562","1681","2481","78186","1342","2361","false","501060","185","321","836","31165","33262","19078"
"25","0.1","1","false","false","false","true","false","false","false","1","1","1","0.25","1","0","0","0","100","0","100","0","10","2.5","2","60","1.6","0.4","20.5","6.7","16","8.21","365","14","1","0","0","299","299","217","5640","530","1665","2421","78399","1345","2340","false","500628","185","321","839","31211","33329","19122"
"25","0.1","1","false","false","false","true","false","false","false","1","1","1","0.25","1","0","0","0","100","0","100","0","10","2.5","2","60","1.6","0.4","20.5","6.7","16","8.21","365","14","1","0","0","299","299","218","5511","542","1638","2356","78602","1351","2314","false","500799","185","323","843","31264","33387","19145"
"25","0.1","1","false","false","false","true","false","false","false","1","1","1","0.25","1","0","0","0","100","0","100","0","10","2.5","2","60","1.6","0.4","20.5","6.7","16","8.21","365","14","1","0","0","299","299","219","5409","521","1610","2316","78792","1352","2246","false","501037","185","323","844","31308","33436","19175"
"25","0.1","1","false","false","false","true","false","false","false","1","1","1","0.25","1","0","0","0","100","0","100","0","10","2.5","2","60","1.6","0.4","20.5","6.7","16","8.21","365","14","1","0","0","299","299","220","5307","507","1572","2256","79000","1358","2151","false","501575","186","324","848","31354","33492","19196"
"25","0.1","1","false","false","false","true","false","false","false","1","1","1","0.25","1","0","0","0","100","0","100","0","10","2.5","2","60","1.6","0.4","20.5","6.7","16","8.21","365","14","1","0","0","299","299","221","5188","484","1514","2237","79216","1361","2075","false","502238","186","325","850","31409","33551","19225"
"25","0.1","1","false","false","false","true","false","false","false","1","1","1","0.25","1","0","0","0","100","0","100","0","10","2.5","2","60","1.6","0.4","20.5","6.7","16","8.21","365","14","1","0","0","299","299","222","5074","479","1482","2188","79413","1364","2068","false","502876","186","326","852","31448","33605","19246"
"25","0.1","1","false","false","false","true","false","false","false","1","1","1","0.25","1","0","0","0","100","0","100","0","10","2.5","2","60","1.6","0.4","20.5","6.7","16","8.21","365","14","1","0","0","299","299","223","4967","484","1447","2130","79607","1365","2030","false","502965","186","326","853","31494","33657","19271"
"25","0.1","1","false","false","false","true","false","false","false","1","1","1","0.25","1","0","0","0","100","0","100","0","10","2.5","2","60","1.6","0.4","20.5","6.7","16","8.21","365","14","1","0","0","299","299","224","4884","452","1406","2100","79789","1369","1954","false","503341","189","326","854","31550","33695","19298"
"25","0.1","1","false","false","false","true","false","false","false","1","1","1","0.25","1","0","0","0","100","0","100","0","10","2.5","2","60","1.6","0.4","20.5","6.7","16","8.21","365","14","1","0","0","299","299","225","4791","436","1371","2044","79985","1373","1897","false","504035","190","327","856","31590","33731","19321"
"25","0.1","1","false","false","false","true","false","false","false","1","1","1","0.25","1","0","0","0","100","0","100","0","10","2.5","2","60","1.6","0.4","20.5","6.7","16","8.21","365","14","1","0","0","299","299","226","4708","404","1333","2014","80163","1378","1866","false","504498","191","328","859","31635","33772","19350"
"25","0.1","1","false","false","false","true","false","false","false","1","1","1","0.25","1","0","0","0","100","0","100","0","10","2.5","2","60","1.6","0.4","20.5","6.7","16","8.21","365","14","1","0","0","299","299","227","4614","391","1304","1974","80335","1382","1820","false","504787","191","329","862","31678","33818","19379"
"25","0.1","1","false","false","false","true","false","false","false","1","1","1","0.25","1","0","0","0","100","0","100","0","10","2.5","2","60","1.6","0.4","20.5","6.7","16","8.21","365","14","1","0","0","299","299","228","4532","375","1274","1926","80506","1387","1756","false","505210","192","331","864","31714","33859","19408"
"25","0.1","1","false","false","false","true","false","false","false","1","1","1","0.25","1","0","0","0","100","0","100","0","10","2.5","2","60","1.6","0.4","20.5","6.7","16","8.21","365","14","1","0","0","299","299","229","4445","368","1250","1881","80668","1388","1680","false","505658","192","332","864","31752","33898","19432"
"25","0.1","1","false","false","false","true","false","false","false","1","1","1","0.25","1","0","0","0","100","0","100","0","10","2.5","2","60","1.6","0.4","20.5","6.7","16","8.21","365","14","1","0","0","299","299","230","4360","376","1204","1842","80829","1389","1623","false","506306","192","332","865","31790","33919","19451"
"25","0.1","1","false","false","false","true","false","false","false","1","1","1","0.25","1","0","0","0","100","0","100","0","10","2.5","2","60","1.6","0.4","20.5","6.7","16","8.21","365","14","1","0","0","299","299","231","4246","409","1178","1793","80985","1389","1590","false","506833","192","332","865","31830","33955","19467"
"25","0.1","1","false","false","false","true","false","false","false","1","1","1","0.25","1","0","0","0","100","0","100","0","10","2.5","2","60","1.6","0.4","20.5","6.7","16","8.21","365","14","1","0","0","299","299","232","4149","417","1141","1743","81158","1392","1532","false","507158","193","334","865","31863","33991","19481"
"25","0.1","1","false","false","false","true","false","false","false","1","1","1","0.25","1","0","0","0","100","0","100","0","10","2.5","2","60","1.6","0.4","20.5","6.7","16","8.21","365","14","1","0","0","299","299","233","4054","414","1095","1738","81306","1393","1524","false","507612","193","334","866","31891","34021","19507"
"25","0.1","1","false","false","false","true","false","false","false","1","1","1","0.25","1","0","0","0","100","0","100","0","10","2.5","2","60","1.6","0.4","20.5","6.7","16","8.21","365","14","1","0","0","299","299","234","3961","430","1066","1689","81457","1397","1520","false","507766","194","336","867","31922","34062","19523"
"25","0.1","1","false","false","false","true","false","false","false","1","1","1","0.25","1","0","0","0","100","0","100","0","10","2.5","2","60","1.6","0.4","20.5","6.7","16","8.21","365","14","1","0","0","299","299","235","3871","408","1022","1674","81626","1399","1482","false","507687","194","336","869","31957","34100","19550"
"25","0.1","1","false","false","false","true","false","false","false","1","1","1","0.25","1","0","0","0","100","0","100","0","10","2.5","2","60","1.6","0.4","20.5","6.7","16","8.21","365","14","1","0","0","299","299","236","3799","390","1005","1639","81765","1402","1396","false","508005","194","336","872","31993","34144","19572"
"25","0.1","1","false","false","false","true","false","false","false","1","1","1","0.25","1","0","0","0","100","0","100","0","10","2.5","2","60","1.6","0.4","20.5","6.7","16","8.21","365","14","1","0","0","299","299","237","3707","383","1000","1616","81890","1404","1409","false","508738","194","337","873","32039","34181","19593"
"25","0.1","1","false","false","false","true","false","false","false","1","1","1","0.25","1","0","0","0","100","0","100","0","10","2.5","2","60","1.6","0.4","20.5","6.7","16","8.21","365","14","1","0","0","299","299","238","3626","361","975","1607","82024","1407","1414","false","508748","194","337","876","32083","34205","19611"
"25","0.1","1","false","false","false","true","false","false","false","1","1","1","0.25","1","0","0","0","100","0","100","0","10","2.5","2","60","1.6","0.4","20.5","6.7","16","8.21","365","14","1","0","0","299","299","239","3546","366","953","1561","82164","1410","1375","false","508724","194","337","879","32117","34232","19630"
"25","0.1","1","false","false","false","true","false","false","false","1","1","1","0.25","1","0","0","0","100","0","100","0","10","2.5","2","60","1.6","0.4","20.5","6.7","16","8.21","365","14","1","0","0","299","299","240","3485","341","939","1534","82290","1411","1346","false","509057","194","337","880","32151","34272","19649"
"25","0.1","1","false","false","false","true","false","false","false","1","1","1","0.25","1","0","0","0","100","0","100","0","10","2.5","2","60","1.6","0.4","20.5","6.7","16","8.21","365","14","1","0","0","299","299","241","3418","324","920","1516","82409","1413","1298","false","509330","194","337","882","32179","34297","19667"
"25","0.1","1","false","false","false","true","false","false","false","1","1","1","0.25","1","0","0","0","100","0","100","0","10","2.5","2","60","1.6","0.4","20.5","6.7","16","8.21","365","14","1","0","0","299","299","242","3352","312","903","1469","82547","1417","1287","false","509744","194","339","884","32211","34333","19686"
"25","0.1","1","false","false","false","true","false","false","false","1","1","1","0.25","1","0","0","0","100","0","100","0","10","2.5","2","60","1.6","0.4","20.5","6.7","16","8.21","365","14","1","0","0","299","299","243","3295","294","884","1431","82678","1418","1257","false","509821","194","339","885","32238","34359","19709"
"25","0.1","1","false","false","false","true","false","false","false","1","1","1","0.25","1","0","0","0","100","0","100","0","10","2.5","2","60","1.6","0.4","20.5","6.7","16","8.21","365","14","1","0","0","299","299","244","3230","292","871","1389","82799","1419","1196","false","510008","194","340","885","32265","34382","19735"
"25","0.1","1","false","false","false","true","false","false","false","1","1","1","0.25","1","0","0","0","100","0","100","0","10","2.5","2","60","1.6","0.4","20.5","6.7","16","8.21","365","14","1","0","0","299","299","245","3170","280","861","1354","82914","1421","1177","false","510518","194","340","887","32292","34414","19755"
"25","0.1","1","false","false","false","true","false","false","false","1","1","1","0.25","1","0","0","0","100","0","100","0","10","2.5","2","60","1.6","0.4","20.5","6.7","16","8.21","365","14","1","0","0","299","299","246","3116","258","844","1336","83024","1422","1140","false","510683","194","340","888","32323","34443","19767"
"25","0.1","1","false","false","false","true","false","false","false","1","1","1","0.25","1","0","0","0","100","0","100","0","10","2.5","2","60","1.6","0.4","20.5","6.7","16","8.21","365","14","1","0","0","299","299","247","3047","260","820","1307","83142","1424","1122","false","511009","194","341","889","32353","34467","19789"
"25","0.1","1","false","false","false","true","false","false","false","1","1","1","0.25","1","0","0","0","100","0","100","0","10","2.5","2","60","1.6","0.4","20.5","6.7","16","8.21","365","14","1","0","0","299","299","248","2991","256","805","1263","83260","1425","1094","false","511156","194","341","890","32380","34498","19800"
"25","0.1","1","false","false","false","true","false","false","false","1","1","1","0.25","1","0","0","0","100","0","100","0","10","2.5","2","60","1.6","0.4","20.5","6.7","16","8.21","365","14","1","0","0","299","299","249","2950","235","806","1242","83341","1426","1050","false","511408","194","341","891","32410","34530","19811"
"25","0.1","1","false","false","false","true","false","false","false","1","1","1","0.25","1","0","0","0","100","0","100","0","10","2.5","2","60","1.6","0.4","20.5","6.7","16","8.21","365","14","1","0","0","299","299","250","2901","221","795","1223","83431","1429","986","false","511779","194","342","893","32436","34552","19826"
"25","0.1","1","false","false","false","true","false","false","false","1","1","1","0.25","1","0","0","0","100","0","100","0","10","2.5","2","60","1.6","0.4","20.5","6.7","16","8.21","365","14","1","0","0","299","299","251","2855","215","761","1197","83541","1431","947","false","512297","194","343","894","32454","34573","19833"
"25","0.1","1","false","false","false","true","false","false","false","1","1","1","0.25","1","0","0","0","100","0","100","0","10","2.5","2","60","1.6","0.4","20.5","6.7","16","8.21","365","14","1","0","0","299","299","252","2816","198","738","1168","83644","1436","887","false","512612","195","343","898","32480","34596","19845"
"25","0.1","1","false","false","false","true","false","false","false","1","1","1","0.25","1","0","0","0","100","0","100","0","10","2.5","2","60","1.6","0.4","20.5","6.7","16","8.21","365","14","1","0","0","299","299","253","2767","198","731","1135","83732","1437","878","false","513070","195","343","899","32499","34614","19861"
"25","0.1","1","false","false","false","true","false","false","false","1","1","1","0.25","1","0","0","0","100","0","100","0","10","2.5","2","60","1.6","0.4","20.5","6.7","16","8.21","365","14","1","0","0","299","299","254","2723","200","703","1093","83843","1438","837","false","513177","195","343","900","32515","34627","19874"
"25","0.1","1","false","false","false","true","false","false","false","1","1","1","0.25","1","0","0","0","100","0","100","0","10","2.5","2","60","1.6","0.4","20.5","6.7","16","8.21","365","14","1","0","0","299","299","255","2681","193","689","1057","83940","1440","805","false","513536","196","343","901","32534","34652","19886"
"25","0.1","1","false","false","false","true","false","false","false","1","1","1","0.25","1","0","0","0","100","0","100","0","10","2.5","2","60","1.6","0.4","20.5","6.7","16","8.21","365","14","1","0","0","299","299","256","2633","194","673","1032","84026","1442","766","false","513767","196","344","902","32546","34672","19896"
"25","0.1","1","false","false","false","true","false","false","false","1","1","1","0.25","1","0","0","0","100","0","100","0","10","2.5","2","60","1.6","0.4","20.5","6.7","16","8.21","365","14","1","0","0","299","299","257","2582","192","654","1001","84127","1444","786","false","514081","196","344","904","32569","34693","19911"
"25","0.1","1","false","false","false","true","false","false","false","1","1","1","0.25","1","0","0","0","100","0","100","0","10","2.5","2","60","1.6","0.4","20.5","6.7","16","8.21","365","14","1","0","0","299","299","258","2547","184","637","974","84212","1446","749","false","513931","196","344","906","32586","34708","19922"
"25","0.1","1","false","false","false","true","false","false","false","1","1","1","0.25","1","0","0","0","100","0","100","0","10","2.5","2","60","1.6","0.4","20.5","6.7","16","8.21","365","14","1","0","0","299","299","259","2512","177","634","932","84298","1447","725","false","514235","196","345","906","32607","34724","19933"
"25","0.1","1","false","false","false","true","false","false","false","1","1","1","0.25","1","0","0","0","100","0","100","0","10","2.5","2","60","1.6","0.4","20.5","6.7","16","8.21","365","14","1","0","0","299","299","260","2476","177","612","907","84379","1449","712","false","514469","196","345","908","32626","34741","19940"
"25","0.1","1","false","false","false","true","false","false","false","1","1","1","0.25","1","0","0","0","100","0","100","0","10","2.5","2","60","1.6","0.4","20.5","6.7","16","8.21","365","14","1","0","0","299","299","261","2426","190","595","885","84454","1450","706","false","514603","196","345","909","32641","34757","19943"
"25","0.1","1","false","false","false","true","false","false","false","1","1","1","0.25","1","0","0","0","100","0","100","0","10","2.5","2","60","1.6","0.4","20.5","6.7","16","8.21","365","14","1","0","0","299","299","262","2400","164","562","867","84555","1452","686","false","514643","197","345","910","32656","34778","19950"
"25","0.1","1","false","false","false","true","false","false","false","1","1","1","0.25","1","0","0","0","100","0","100","0","10","2.5","2","60","1.6","0.4","20.5","6.7","16","8.21","365","14","1","0","0","299","299","263","2360","173","546","831","84638","1452","700","false","514834","197","345","910","32673","34796","19954"
"25","0.1","1","false","false","false","true","false","false","false","1","1","1","0.25","1","0","0","0","100","0","100","0","10","2.5","2","60","1.6","0.4","20.5","6.7","16","8.21","365","14","1","0","0","299","299","264","2327","164","522","799","84735","1453","683","false","514764","197","345","911","32681","34817","19966"
"25","0.1","1","false","false","false","true","false","false","false","1","1","1","0.25","1","0","0","0","100","0","100","0","10","2.5","2","60","1.6","0.4","20.5","6.7","16","8.21","365","14","1","0","0","299","299","265","2299","151","501","770","84825","1454","682","false","514919","197","345","912","32700","34828","19977"
"25","0.1","1","false","false","false","true","false","false","false","1","1","1","0.25","1","0","0","0","100","0","100","0","10","2.5","2","60","1.6","0.4","20.5","6.7","16","8.21","365","14","1","0","0","299","299","266","2280","130","493","742","84901","1454","646","false","514980","197","345","912","32712","34843","19986"
"25","0.1","1","false","false","false","true","false","false","false","1","1","1","0.25","1","0","0","0","100","0","100","0","10","2.5","2","60","1.6","0.4","20.5","6.7","16","8.21","365","14","1","0","0","299","299","267","2258","110","490","735","84952","1455","604","false","515268","197","345","913","32727","34865","19993"
"25","0.1","1","false","false","false","true","false","false","false","1","1","1","0.25","1","0","0","0","100","0","100","0","10","2.5","2","60","1.6","0.4","20.5","6.7","16","8.21","365","14","1","0","0","299","299","268","2236","105","463","700","85039","1457","576","false","515589","197","346","914","32740","34877","19996"
"25","0.1","1","false","false","false","true","false","false","false","1","1","1","0.25","1","0","0","0","100","0","100","0","10","2.5","2","60","1.6","0.4","20.5","6.7","16","8.21","365","14","1","0","0","299","299","269","2208","102","448","690","85095","1457","546","false","515802","197","346","914","32752","34895","20002"
"25","0.1","1","false","false","false","true","false","false","false","1","1","1","0.25","1","0","0","0","100","0","100","0","10","2.5","2","60","1.6","0.4","20.5","6.7","16","8.21","365","14","1","0","0","299","299","270","2184","107","432","655","85160","1462","521","false","516074","197","346","919","32762","34911","20008"
"25","0.1","1","false","false","false","true","false","false","false","1","1","1","0.25","1","0","0","0","100","0","100","0","10","2.5","2","60","1.6","0.4","20.5","6.7","16","8.21","365","14","1","0","0","299","299","271","2151","116","424","625","85221","1463","506","false","516227","197","347","919","32771","34921","20015"
"25","0.1","1","false","false","false","true","false","false","false","1","1","1","0.25","1","0","0","0","100","0","100","0","10","2.5","2","60","1.6","0.4","20.5","6.7","16","8.21","365","14","1","0","0","299","299","272","2129","108","404","619","85276","1464","494","false","516389","197","348","919","32786","34930","20019"
"25","0.1","1","false","false","false","true","false","false","false","1","1","1","0.25","1","0","0","0","100","0","100","0","10","2.5","2","60","1.6","0.4","20.5","6.7","16","8.21","365","14","1","0","0","299","299","273","2106","103","394","609","85324","1464","455","false","516489","197","348","919","32796","34937","20026"
"25","0.1","1","false","false","false","true","false","false","false","1","1","1","0.25","1","0","0","0","100","0","100","0","10","2.5","2","60","1.6","0.4","20.5","6.7","16","8.21","365","14","1","0","0","299","299","274","2079","112","371","577","85396","1465","430","false","516850","197","348","920","32800","34949","20031"
"25","0.1","1","false","false","false","true","false","false","false","1","1","1","0.25","1","0","0","0","100","0","100","0","10","2.5","2","60","1.6","0.4","20.5","6.7","16","8.21","365","14","1","0","0","299","299","275","2064","102","347","555","85466","1466","427","false","517070","198","348","920","32806","34956","20041"
"25","0.1","1","false","false","false","true","false","false","false","1","1","1","0.25","1","0","0","0","100","0","100","0","10","2.5","2","60","1.6","0.4","20.5","6.7","16","8.21","365","14","1","0","0","299","299","276","2044","102","339","536","85513","1466","425","false","517108","198","348","920","32816","34966","20044"
"25","0.1","1","false","false","false","true","false","false","false","1","1","1","0.25","1","0","0","0","100","0","100","0","10","2.5","2","60","1.6","0.4","20.5","6.7","16","8.21","365","14","1","0","0","299","299","277","2018","101","323","513","85579","1466","400","false","517190","198","348","920","32831","34973","20052"
"25","0.1","1","false","false","false","true","false","false","false","1","1","1","0.25","1","0","0","0","100","0","100","0","10","2.5","2","60","1.6","0.4","20.5","6.7","16","8.21","365","14","1","0","0","299","299","278","1995","103","312","496","85627","1467","402","false","517430","198","348","921","32844","34978","20053"
"25","0.1","1","false","false","false","true","false","false","false","1","1","1","0.25","1","0","0","0","100","0","100","0","10","2.5","2","60","1.6","0.4","20.5","6.7","16","8.21","365","14","1","0","0","299","299","279","1973","98","305","477","85679","1468","402","false","517432","198","348","922","32853","34988","20059"
"25","0.1","1","false","false","false","true","false","false","false","1","1","1","0.25","1","0","0","0","100","0","100","0","10","2.5","2","60","1.6","0.4","20.5","6.7","16","8.21","365","14","1","0","0","299","299","280","1954","86","302","465","85725","1468","406","false","517443","198","348","922","32867","35001","20064"
"25","0.1","1","false","false","false","true","false","false","false","1","1","1","0.25","1","0","0","0","100","0","100","0","10","2.5","2","60","1.6","0.4","20.5","6.7","16","8.21","365","14","1","0","0","299","299","281","1931","89","297","449","85766","1468","396","false","517429","198","348","922","32880","35008","20068"
"25","0.1","1","false","false","false","true","false","false","false","1","1","1","0.25","1","0","0","0","100","0","100","0","10","2.5","2","60","1.6","0.4","20.5","6.7","16","8.21","365","14","1","0","0","299","299","282","1917","86","288","427","85813","1469","372","false","517501","198","348","923","32886","35018","20071"
"25","0.1","1","false","false","false","true","false","false","false","1","1","1","0.25","1","0","0","0","100","0","100","0","10","2.5","2","60","1.6","0.4","20.5","6.7","16","8.21","365","14","1","0","0","299","299","283","1898","82","278","417","85856","1469","348","false","517714","198","348","923","32889","35026","20080"
"25","0.1","1","false","false","false","true","false","false","false","1","1","1","0.25","1","0","0","0","100","0","100","0","10","2.5","2","60","1.6","0.4","20.5","6.7","16","8.21","365","14","1","0","0","299","299","284","1868","95","267","400","85901","1469","349","false","517884","198","348","923","32896","35034","20083"
"25","0.1","1","false","false","false","true","false","false","false","1","1","1","0.25","1","0","0","0","100","0","100","0","10","2.5","2","60","1.6","0.4","20.5","6.7","16","8.21","365","14","1","0","0","299","299","285","1847","98","262","389","85934","1470","351","false","517900","198","348","924","32907","35043","20088"
"25","0.1","1","false","false","false","true","false","false","false","1","1","1","0.25","1","0","0","0","100","0","100","0","10","2.5","2","60","1.6","0.4","20.5","6.7","16","8.21","365","14","1","0","0","299","299","286","1820","108","249","364","85988","1471","373","false","517862","198","348","925","32909","35050","20093"
"25","0.1","1","false","false","false","true","false","false","false","1","1","1","0.25","1","0","0","0","100","0","100","0","10","2.5","2","60","1.6","0.4","20.5","6.7","16","8.21","365","14","1","0","0","299","299","287","1807","97","240","360","86025","1471","366","false","517701","198","348","925","32913","35063","20096"
"25","0.1","1","false","false","false","true","false","false","false","1","1","1","0.25","1","0","0","0","100","0","100","0","10","2.5","2","60","1.6","0.4","20.5","6.7","16","8.21","365","14","1","0","0","299","299","288","1789","85","240","364","86049","1473","370","false","517739","198","349","926","32924","35072","20104"
"25","0.1","1","false","false","false","true","false","false","false","1","1","1","0.25","1","0","0","0","100","0","100","0","10","2.5","2","60","1.6","0.4","20.5","6.7","16","8.21","365","14","1","0","0","299","299","289","1771","85","222","353","86095","1474","328","false","517680","198","349","927","32929","35078","20109"
"25","0.1","1","false","false","false","true","false","false","false","1","1","1","0.25","1","0","0","0","100","0","100","0","10","2.5","2","60","1.6","0.4","20.5","6.7","16","8.21","365","14","1","0","0","299","299","290","1749","87","216","346","86128","1474","305","false","517993","198","349","927","32939","35088","20113"
"25","0.1","1","false","false","false","true","false","false","false","1","1","1","0.25","1","0","0","0","100","0","100","0","10","2.5","2","60","1.6","0.4","20.5","6.7","16","8.21","365","14","1","0","0","299","299","291","1727","82","211","354","86152","1474","288","false","518181","198","349","927","32947","35100","20122"
"25","0.1","1","false","false","false","true","false","false","false","1","1","1","0.25","1","0","0","0","100","0","100","0","10","2.5","2","60","1.6","0.4","20.5","6.7","16","8.21","365","14","1","0","0","299","299","292","1710","82","208","345","86181","1474","259","false","518320","198","349","927","32955","35108","20125"
"25","0.1","1","false","false","false","true","false","false","false","1","1","1","0.25","1","0","0","0","100","0","100","0","10","2.5","2","60","1.6","0.4","20.5","6.7","16","8.21","365","14","1","0","0","299","299","293","1675","96","208","335","86212","1474","237","false","518588","198","349","927","32967","35116","20129"
"25","0.1","1","false","false","false","true","false","false","false","1","1","1","0.25","1","0","0","0","100","0","100","0","10","2.5","2","60","1.6","0.4","20.5","6.7","16","8.21","365","14","1","0","0","299","299","294","1648","101","200","335","86242","1474","215","false","518777","198","349","927","32974","35122","20134"
"25","0.1","1","false","false","false","true","false","false","false","1","1","1","0.25","1","0","0","0","100","0","100","0","10","2.5","2","60","1.6","0.4","20.5","6.7","16","8.21","365","14","1","0","0","299","299","295","1629","94","195","349","86259","1474","199","false","518970","198","349","927","32979","35130","20140"
"25","0.1","1","false","false","false","true","false","false","false","1","1","1","0.25","1","0","0","0","100","0","100","0","10","2.5","2","60","1.6","0.4","20.5","6.7","16","8.21","365","14","1","0","0","299","299","296","1604","94","193","348","86287","1474","175","false","519100","198","349","927","32991","35138","20144"
"25","0.1","1","false","false","false","true","false","false","false","1","1","1","0.25","1","0","0","0","100","0","100","0","10","2.5","2","60","1.6","0.4","20.5","6.7","16","8.21","365","14","1","0","0","299","299","297","1585","99","196","336","86310","1474","148","false","519311","198","349","927","32996","35146","20147"
"25","0.1","1","false","false","false","true","false","false","false","1","1","1","0.25","1","0","0","0","100","0","100","0","10","2.5","2","60","1.6","0.4","20.5","6.7","16","8.21","365","14","1","0","0","299","299","298","1556","103","199","334","86334","1474","112","false","519552","198","349","927","33008","35156","20154"
"25","0.1","1","false","false","false","true","false","false","false","1","1","1","0.25","1","0","0","0","100","0","100","0","10","2.5","2","60","1.6","0.4","20.5","6.7","16","8.21","365","14","1","0","0","299","299","299","1526","118","190","329","86363","1474","78","false","519886","198","349","927","33014","35165","20155"
"25","0.1","1","false","false","false","true","false","false","false","1","1","1","0.25","1","0","0","0","100","0","100","0","10","2.5","2","60","1.6","0.4","20.5","6.7","16","8.21","365","14","1","0","0","299","299","300","1507","110","194","327","86388","1474","43","false","520234","198","349","927","33026","35180","20158"
"25","0.1","1","false","false","false","true","false","false","false","1","1","1","0.25","1","0","0","0","100","0","100","0","10","2.5","2","60","1.6","0.4","20.5","6.7","16","8.21","365","14","1","0","0","299","299","301","1469","121","194","333","86409","1474","17","false","520574","198","349","927","33032","35191","20164"
"25","0.1","1","false","false","false","true","false","false","false","1","1","1","0.25","1","0","0","0","100","0","100","0","10","2.5","2","60","1.6","0.4","20.5","6.7","16","8.21","365","14","1","0","0","299","299","302","1428","138","190","328","86442","1474","0","false","520826","198","349","927","33044","35194","20170"
"25","0.1","1","false","false","false","true","false","false","false","1","1","1","0.25","1","0","0","0","100","0","100","0","10","2.5","2","60","1.6","0.4","20.5","6.7","16","8.21","365","14","1","0","0","299","299","303","1389","142","186","339","86469","1475","0","false","521021","198","349","928","33054","35199","20179"
"25","0.1","1","false","false","false","true","false","false","false","1","1","1","0.25","1","0","0","0","100","0","100","0","10","2.5","2","60","1.6","0.4","20.5","6.7","16","8.21","365","14","1","0","0","299","299","304","1361","142","186","340","86496","1475","0","false","521009","198","349","928","33066","35207","20186"
"25","0.1","1","false","false","false","true","false","false","false","1","1","1","0.25","1","0","0","0","100","0","100","0","10","2.5","2","60","1.6","0.4","20.5","6.7","16","8.21","365","14","1","0","0","299","299","305","1330","146","189","340","86519","1476","0","false","521009","198","349","929","33080","35221","20187"
"25","0.1","1","false","false","false","true","false","false","false","1","1","1","0.25","1","0","0","0","100","0","100","0","10","2.5","2","60","1.6","0.4","20.5","6.7","16","8.21","365","14","1","0","0","299","299","306","1297","139","190","356","86542","1476","0","false","520997","198","349","929","33093","35238","20195"
"25","0.1","1","false","false","false","true","false","false","false","1","1","1","0.25","1","0","0","0","100","0","100","0","10","2.5","2","60","1.6","0.4","20.5","6.7","16","8.21","365","14","1","0","0","299","299","307","1260","149","194","352","86568","1477","0","false","520997","198","350","929","33101","35249","20203"
"25","0.1","1","false","false","false","true","false","false","false","1","1","1","0.25","1","0","0","0","100","0","100","0","10","2.5","2","60","1.6","0.4","20.5","6.7","16","8.21","365","14","1","0","0","299","299","308","1230","139","199","371","86584","1477","0","false","520985","198","350","929","33112","35256","20212"
"25","0.1","1","false","false","false","true","false","false","false","1","1","1","0.25","1","0","0","0","100","0","100","0","10","2.5","2","60","1.6","0.4","20.5","6.7","16","8.21","365","14","1","0","0","299","299","309","1204","132","206","371","86609","1478","0","false","520985","198","350","930","33122","35272","20221"
"25","0.1","1","false","false","false","true","false","false","false","1","1","1","0.25","1","0","0","0","100","0","100","0","10","2.5","2","60","1.6","0.4","20.5","6.7","16","8.21","365","14","1","0","0","299","299","310","1156","157","213","365","86631","1478","0","false","520973","198","350","930","33133","35281","20228"
"25","0.1","1","false","false","false","true","false","false","false","1","1","1","0.25","1","0","0","0","100","0","100","0","10","2.5","2","60","1.6","0.4","20.5","6.7","16","8.21","365","14","1","0","0","299","299","311","1126","145","223","379","86649","1478","0","false","520973","198","350","930","33148","35304","20236"
"25","0.1","1","false","false","false","true","false","false","false","1","1","1","0.25","1","0","0","0","100","0","100","0","10","2.5","2","60","1.6","0.4","20.5","6.7","16","8.21","365","14","1","0","0","299","299","312","1093","148","228","378","86674","1479","253","false","520973","198","351","930","33155","35321","20246"
"25","0.1","1","false","false","false","true","false","false","false","1","1","1","0.25","1","0","0","0","100","0","100","0","10","2.5","2","60","1.6","0.4","20.5","6.7","16","8.21","365","14","1","0","0","299","299","313","1075","140","234","383","86689","1479","287","false","518546","198","351","930","33166","35333","20252"
"25","0.1","1","false","false","false","true","false","false","false","1","1","1","0.25","1","0","0","0","100","0","100","0","10","2.5","2","60","1.6","0.4","20.5","6.7","16","8.21","365","14","1","0","0","299","299","314","1050","134","239","390","86708","1479","340","false","518249","198","351","930","33176","35346","20259"
"25","0.1","1","false","false","false","true","false","false","false","1","1","1","0.25","1","0","0","0","100","0","100","0","10","2.5","2","60","1.6","0.4","20.5","6.7","16","8.21","365","14","1","0","0","299","299","315","1037","115","242","401","86726","1479","356","false","517750","198","351","930","33188","35356","20266"
"25","0.1","1","false","false","false","true","false","false","false","1","1","1","0.25","1","0","0","0","100","0","100","0","10","2.5","2","60","1.6","0.4","20.5","6.7","16","8.21","365","14","1","0","0","299","299","316","1031","92","246","404","86748","1479","419","false","517610","198","351","930","33201","35369","20271"
"25","0.1","1","false","false","false","true","false","false","false","1","1","1","0.25","1","0","0","0","100","0","100","0","10","2.5","2","60","1.6","0.4","20.5","6.7","16","8.21","365","14","1","0","0","299","299","317","1015","79","252","403","86771","1480","425","false","517089","198","351","931","33208","35380","20278"
"25","0.1","1","false","false","false","true","false","false","false","1","1","1","0.25","1","0","0","0","100","0","100","0","10","2.5","2","60","1.6","0.4","20.5","6.7","16","8.21","365","14","1","0","0","299","299","318","1001","78","254","395","86791","1481","440","false","517052","199","351","931","33211","35393","20282"
"25","0.1","1","false","false","false","true","false","false","false","1","1","1","0.25","1","0","0","0","100","0","100","0","10","2.5","2","60","1.6","0.4","20.5","6.7","16","8.21","365","14","1","0","0","299","299","319","992","63","257","393","86813","1482","473","false","516906","199","352","931","33220","35402","20289"
"25","0.1","1","false","false","false","true","false","false","false","1","1","1","0.25","1","0","0","0","100","0","100","0","10","2.5","2","60","1.6","0.4","20.5","6.7","16","8.21","365","14","1","0","0","299","299","320","981","51","265","382","86839","1482","494","false","516649","199","352","931","33228","35411","20293"
"25","0.1","1","false","false","false","true","false","false","false","1","1","1","0.25","1","0","0","0","100","0","100","0","10","2.5","2","60","1.6","0.4","20.5","6.7","16","8.21","365","14","1","0","0","299","299","321","973","48","263","369","86864","1483","516","false","516511","199","352","932","33237","35420","20295"
"25","0.1","1","false","false","false","true","false","false","false","1","1","1","0.25","1","0","0","0","100","0","100","0","10","2.5","2","60","1.6","0.4","20.5","6.7","16","8.21","365","14","1","0","0","299","299","322","964","39","265","363","86886","1483","520","false","516383","199","352","932","33243","35433","20299"
"25","0.1","1","false","false","false","true","false","false","false","1","1","1","0.25","1","0","0","0","100","0","100","0","10","2.5","2","60","1.6","0.4","20.5","6.7","16","8.21","365","14","1","0","0","299","299","323","956","38","265","347","86910","1484","512","false","516381","199","352","933","33246","35437","20302"
"25","0.1","1","false","false","false","true","false","false","false","1","1","1","0.25","1","0","0","0","100","0","100","0","10","2.5","2","60","1.6","0.4","20.5","6.7","16","8.21","365","14","1","0","0","299","299","324","952","34","256","337","86936","1485","500","false","516447","199","352","934","33251","35439","20305"
"25","0.1","1","false","false","false","true","false","false","false","1","1","1","0.25","1","0","0","0","100","0","100","0","10","2.5","2","60","1.6","0.4","20.5","6.7","16","8.21","365","14","1","0","0","299","299","325","943","34","252","326","86960","1485","437","false","516570","199","352","934","33255","35442","20312"
"25","0.1","1","false","false","false","true","false","false","false","1","1","1","0.25","1","0","0","0","100","0","100","0","10","2.5","2","60","1.6","0.4","20.5","6.7","16","8.21","365","14","1","0","0","299","299","326","941","29","248","311","86986","1485","364","false","517142","199","352","934","33258","35446","20315"
"25","0.1","1","false","false","false","true","false","false","false","1","1","1","0.25","1","0","0","0","100","0","100","0","10","2.5","2","60","1.6","0.4","20.5","6.7","16","8.21","365","14","1","0","0","299","299","327","930","34","239","289","87023","1485","329","false","517758","199","352","934","33260","35449","20319"
"25","0.1","1","false","false","false","true","false","false","false","1","1","1","0.25","1","0","0","0","100","0","100","0","10","2.5","2","60","1.6","0.4","20.5","6.7","16","8.21","365","14","1","0","0","299","299","328","914","43","228","279","87051","1485","323","false","517994","199","352","934","33265","35452","20320"
"25","0.1","1","false","false","false","true","false","false","false","1","1","1","0.25","1","0","0","0","100","0","100","0","10","2.5","2","60","1.6","0.4","20.5","6.7","16","8.21","365","14","1","0","0","299","299","329","895","58","216","267","87079","1485","288","false","518031","199","352","934","33265","35453","20320"
"25","0.1","1","false","false","false","true","false","false","false","1","1","1","0.25","1","0","0","0","100","0","100","0","10","2.5","2","60","1.6","0.4","20.5","6.7","16","8.21","365","14","1","0","0","299","299","330","875","67","204","259","87110","1485","248","false","518270","199","352","934","33269","35455","20324"
"25","0.1","1","false","false","false","true","false","false","false","1","1","1","0.25","1","0","0","0","100","0","100","0","10","2.5","2","60","1.6","0.4","20.5","6.7","16","8.21","365","14","1","0","0","299","299","331","859","61","196","265","87134","1485","224","false","518591","199","352","934","33276","35464","20324"
"25","0.1","1","false","false","false","true","false","false","false","1","1","1","0.25","1","0","0","0","100","0","100","0","10","2.5","2","60","1.6","0.4","20.5","6.7","16","8.21","365","14","1","0","0","299","299","332","835","72","186","247","87175","1485","193","false","518792","199","352","934","33280","35468","20328"
"25","0.1","1","false","false","false","true","false","false","false","1","1","1","0.25","1","0","0","0","100","0","100","0","10","2.5","2","60","1.6","0.4","20.5","6.7","16","8.21","365","14","1","0","0","299","299","333","810","86","175","237","87207","1485","157","false","519023","199","352","934","33288","35471","20330"
"25","0.1","1","false","false","false","true","false","false","false","1","1","1","0.25","1","0","0","0","100","0","100","0","10","2.5","2","60","1.6","0.4","20.5","6.7","16","8.21","365","14","1","0","0","299","299","334","785","92","170","237","87230","1486","139","false","519348","200","352","934","33296","35478","20333"
"25","0.1","1","false","false","false","true","false","false","false","1","1","1","0.25","1","0","0","0","100","0","100","0","10","2.5","2","60","1.6","0.4","20.5","6.7","16","8.21","365","14","1","0","0","299","299","335","766","93","171","231","87253","1486","111","false","519490","200","352","934","33302","35485","20339"
"25","0.1","1","false","false","false","true","false","false","false","1","1","1","0.25","1","0","0","0","100","0","100","0","10","2.5","2","60","1.6","0.4","20.5","6.7","16","8.21","365","14","1","0","0","299","299","336","737","99","160","234","87284","1486","100","false","519776","200","352","934","33309","35492","20342"
"25","0.1","1","false","false","false","true","false","false","false","1","1","1","0.25","1","0","0","0","100","0","100","0","10","2.5","2","60","1.6","0.4","20.5","6.7","16","8.21","365","14","1","0","0","299","299","337","715","101","147","237","87314","1486","83","false","519873","200","352","934","33316","35497","20349"
"25","0.1","1","false","false","false","true","false","false","false","1","1","1","0.25","1","0","0","0","100","0","100","0","10","2.5","2","60","1.6","0.4","20.5","6.7","16","8.21","365","14","1","0","0","299","299","338","687","110","148","235","87334","1486","66","false","520037","200","352","934","33324","35504","20351"
"25","0.1","1","false","false","false","true","false","false","false","1","1","1","0.25","1","0","0","0","100","0","100","0","10","2.5","2","60","1.6","0.4","20.5","6.7","16","8.21","365","14","1","0","0","299","299","339","662","104","149","236","87363","1486","54","false","520212","200","352","934","33336","35515","20357"
"25","0.1","1","false","false","false","true","false","false","false","1","1","1","0.25","1","0","0","0","100","0","100","0","10","2.5","2","60","1.6","0.4","20.5","6.7","16","8.21","365","14","1","0","0","299","299","340","637","105","141","245","87385","1487","41","false","520333","200","353","934","33343","35521","20363"
"25","0.1","1","false","false","false","true","false","false","false","1","1","1","0.25","1","0","0","0","100","0","100","0","10","2.5","2","60","1.6","0.4","20.5","6.7","16","8.21","365","14","1","0","0","299","299","341","619","93","139","256","87405","1488","16","false","520449","200","353","935","33356","35525","20371"
"25","0.1","1","false","false","false","true","false","false","false","1","1","1","0.25","1","0","0","0","100","0","100","0","10","2.5","2","60","1.6","0.4","20.5","6.7","16","8.21","365","14","1","0","0","299","299","342","589","99","139","260","87425","1488","0","false","520679","200","353","935","33364","35535","20374"
"25","0.1","1","false","false","false","true","false","false","false","1","1","1","0.25","1","0","0","0","100","0","100","0","10","2.5","2","60","1.6","0.4","20.5","6.7","16","8.21","365","14","1","0","0","299","299","343","567","101","143","259","87440","1490","0","false","520858","200","353","937","33376","35543","20377"
"25","0.1","1","false","false","false","true","false","false","false","1","1","1","0.25","1","0","0","0","100","0","100","0","10","2.5","2","60","1.6","0.4","20.5","6.7","16","8.21","365","14","1","0","0","299","299","344","548","87","153","271","87451","1490","0","false","520834","200","353","937","33388","35562","20384"
"25","0.1","1","false","false","false","true","false","false","false","1","1","1","0.25","1","0","0","0","100","0","100","0","10","2.5","2","60","1.6","0.4","20.5","6.7","16","8.21","365","14","1","0","0","299","299","345","520","97","153","274","87466","1490","0","false","520834","200","353","937","33394","35568","20392"
"25","0.1","1","false","false","false","true","false","false","false","1","1","1","0.25","1","0","0","0","100","0","100","0","10","2.5","2","60","1.6","0.4","20.5","6.7","16","8.21","365","14","1","0","0","299","299","346","500","95","158","274","87483","1490","0","false","520834","200","353","937","33403","35577","20398"
"25","0.1","1","false","false","false","true","false","false","false","1","1","1","0.25","1","0","0","0","100","0","100","0","10","2.5","2","60","1.6","0.4","20.5","6.7","16","8.21","365","14","1","0","0","299","299","347","491","86","160","278","87494","1491","0","false","520834","200","354","937","33410","35584","20404"
"25","0.1","1","false","false","false","true","false","false","false","1","1","1","0.25","1","0","0","0","100","0","100","0","10","2.5","2","60","1.6","0.4","20.5","6.7","16","8.21","365","14","1","0","0","299","299","348","481","69","162","289","87507","1492","0","false","520822","200","355","937","33419","35594","20408"
"25","0.1","1","false","false","false","true","false","false","false","1","1","1","0.25","1","0","0","0","100","0","100","0","10","2.5","2","60","1.6","0.4","20.5","6.7","16","8.21","365","14","1","0","0","299","299","349","476","55","165","290","87522","1492","0","false","520810","200","355","937","33425","35607","20412"
"25","0.1","1","false","false","false","true","false","false","false","1","1","1","0.25","1","0","0","0","100","0","100","0","10","2.5","2","60","1.6","0.4","20.5","6.7","16","8.21","365","14","1","0","0","299","299","350","463","56","167","288","87534","1492","0","false","520810","200","355","937","33433","35612","20414"
"25","0.1","1","false","false","false","true","false","false","false","1","1","1","0.25","1","0","0","0","100","0","100","0","10","2.5","2","60","1.6","0.4","20.5","6.7","16","8.21","365","14","1","0","0","299","299","351","449","54","171","288","87546","1492","0","false","520810","200","355","937","33443","35617","20417"
"25","0.1","1","false","false","false","true","false","false","false","1","1","1","0.25","1","0","0","0","100","0","100","0","10","2.5","2","60","1.6","0.4","20.5","6.7","16","8.21","365","14","1","0","0","299","299","352","441","48","172","279","87568","1492","0","false","520810","200","355","937","33453","35621","20418"
"25","0.1","1","false","false","false","true","false","false","false","1","1","1","0.25","1","0","0","0","100","0","100","0","10","2.5","2","60","1.6","0.4","20.5","6.7","16","8.21","365","14","1","0","0","299","299","353","431","40","173","282","87581","1493","0","false","520810","200","356","937","33461","35627","20425"
"25","0.1","1","false","false","false","true","false","false","false","1","1","1","0.25","1","0","0","0","100","0","100","0","10","2.5","2","60","1.6","0.4","20.5","6.7","16","8.21","365","14","1","0","0","299","299","354","422","42","175","274","87594","1493","0","false","520802","200","356","937","33464","35631","20429"
"25","0.1","1","false","false","false","true","false","false","false","1","1","1","0.25","1","0","0","0","100","0","100","0","10","2.5","2","60","1.6","0.4","20.5","6.7","16","8.21","365","14","1","0","0","299","299","355","411","44","171","270","87610","1494","0","false","520802","200","356","938","33468","35636","20431"
"25","0.1","1","false","false","false","true","false","false","false","1","1","1","0.25","1","0","0","0","100","0","100","0","10","2.5","2","60","1.6","0.4","20.5","6.7","16","8.21","365","14","1","0","0","299","299","356","400","44","171","263","87628","1494","0","false","520790","200","356","938","33472","35638","20432"
"25","0.1","1","false","false","false","true","false","false","false","1","1","1","0.25","1","0","0","0","100","0","100","0","10","2.5","2","60","1.6","0.4","20.5","6.7","16","8.21","365","14","1","0","0","299","299","357","392","41","171","256","87646","1494","0","false","520790","200","356","938","33475","35642","20435"
"25","0.1","1","false","false","false","true","false","false","false","1","1","1","0.25","1","0","0","0","100","0","100","0","10","2.5","2","60","1.6","0.4","20.5","6.7","16","8.21","365","14","1","0","0","299","299","358","383","43","172","251","87657","1494","0","false","520790","200","356","938","33479","35645","20436"
"25","0.1","1","false","false","false","true","false","false","false","1","1","1","0.25","1","0","0","0","100","0","100","0","10","2.5","2","60","1.6","0.4","20.5","6.7","16","8.21","365","14","1","0","0","299","299","359","373","39","170","244","87680","1494","0","false","520790","200","356","938","33483","35652","20440"
"25","0.1","1","false","false","false","true","false","false","false","1","1","1","0.25","1","0","0","0","100","0","100","0","10","2.5","2","60","1.6","0.4","20.5","6.7","16","8.21","365","14","1","0","0","299","299","360","359","43","169","241","87693","1495","0","false","520790","200","356","939","33488","35657","20442"
"25","0.1","1","false","false","false","true","false","false","false","1","1","1","0.25","1","0","0","0","100","0","100","0","10","2.5","2","60","1.6","0.4","20.5","6.7","16","8.21","365","14","1","0","0","299","299","361","353","43","167","229","87713","1495","0","false","520778","200","356","939","33492","35661","20445"
"25","0.1","1","false","false","false","true","false","false","false","1","1","1","0.25","1","0","0","0","100","0","100","0","10","2.5","2","60","1.6","0.4","20.5","6.7","16","8.21","365","14","1","0","0","299","299","362","336","48","155","218","87748","1495","0","false","520778","200","356","939","33497","35662","20448"
"25","0.1","1","false","false","false","true","false","false","false","1","1","1","0.25","1","0","0","0","100","0","100","0","10","2.5","2","60","1.6","0.4","20.5","6.7","16","8.21","365","14","1","0","0","299","299","363","323","49","148","216","87767","1497","0","false","520778","200","358","939","33499","35663","20457"
"25","0.1","1","false","false","false","true","false","false","false","1","1","1","0.25","1","0","0","0","100","0","100","0","10","2.5","2","60","1.6","0.4","20.5","6.7","16","8.21","365","14","1","0","0","299","299","364","318","44","142","216","87783","1497","0","false","520754","200","358","939","33500","35668","20461"
"25","0.1","1","false","false","false","true","false","false","false","1","1","1","0.25","1","0","0","0","100","0","100","0","10","2.5","2","60","1.6","0.4","20.5","6.7","16","8.21","365","14","1","0","0","299","299","365","311","38","136","212","87806","1497","0","false","520754","200","358","939","33507","35672","20464"
"26","0.1","1","false","false","false","true","false","false","false","1","1","1","0.25","1","0","0","0","100","0","100","0.1","10","2.5","2","60","1.6","0.4","20.5","6.7","16","8.21","365","14","1","0","0","299","299","0","89910","90","0","0","0","0","0","false","0","0","0","0","0","0","0"
"26","0.1","1","false","false","false","true","false","false","false","1","1","1","0.25","1","0","0","0","100","0","100","0.1","10","2.5","2","60","1.6","0.4","20.5","6.7","16","8.21","365","14","1","0","0","299","299","1","89910","80","0","10","0","0","0","false","538562","0","0","0","2","0","4"
"26","0.1","1","false","false","false","true","false","false","false","1","1","1","0.25","1","0","0","0","100","0","100","0.1","10","2.5","2","60","1.6","0.4","20.5","6.7","16","8.21","365","14","1","0","0","299","299","2","89898","77","0","25","0","0","0","false","538562","0","0","0","5","6","6"
"26","0.1","1","false","false","false","true","false","false","false","1","1","1","0.25","1","0","0","0","100","0","100","0.1","10","2.5","2","60","1.6","0.4","20.5","6.7","16","8.21","365","14","1","0","0","299","299","3","89860","94","1","45","0","0","0","false","538562","0","0","0","11","12","7"
"26","0.1","1","false","false","false","true","false","false","false","1","1","1","0.25","1","0","0","0","100","0","100","0.1","10","2.5","2","60","1.6","0.4","20.5","6.7","16","8.21","365","14","1","0","0","299","299","4","89812","123","3","62","0","0","0","false","538562","0","0","0","18","18","11"
"26","0.1","1","false","false","false","true","false","false","false","1","1","1","0.25","1","0","0","0","100","0","100","0.1","10","2.5","2","60","1.6","0.4","20.5","6.7","16","8.21","365","14","1","0","0","299","299","5","89753","154","8","85","0","0","0","false","538562","0","0","0","23","34","14"
"26","0.1","1","false","false","false","true","false","false","false","1","1","1","0.25","1","0","0","0","100","0","100","0.1","10","2.5","2","60","1.6","0.4","20.5","6.7","16","8.21","365","14","1","0","0","299","299","6","89663","220","17","100","0","0","0","false","538562","0","0","0","33","43","19"
"26","0.1","1","false","false","false","true","false","false","false","1","1","1","0.25","1","0","0","0","100","0","100","0.1","10","2.5","2","60","1.6","0.4","20.5","6.7","16","8.21","365","14","1","0","0","299","299","7","89572","276","22","130","0","0","0","false","538562","0","0","0","38","59","26"
"26","0.1","1","false","false","false","true","false","false","false","1","1","1","0.25","1","0","0","0","100","0","100","0.1","10","2.5","2","60","1.6","0.4","20.5","6.7","16","8.21","365","14","1","0","0","299","299","8","89464","333","30","173","0","0","0","false","538562","0","0","0","55","75","34"
"26","0.1","1","false","false","false","true","false","false","false","1","1","1","0.25","1","0","0","0","100","0","100","0.1","10","2.5","2","60","1.6","0.4","20.5","6.7","16","8.21","365","14","1","0","0","299","299","9","89358","382","40","220","0","0","0","false","538562","0","0","0","65","95","43"
"26","0.1","1","false","false","false","true","false","false","false","1","1","1","0.25","1","0","0","0","100","0","100","0.1","10","2.5","2","60","1.6","0.4","20.5","6.7","16","8.21","365","14","1","0","0","299","299","10","89211","446","53","290","0","0","0","false","538562","0","0","0","86","118","64"
"26","0.1","1","false","false","false","true","false","false","false","1","1","1","0.25","1","0","0","0","100","0","100","0.1","10","2.5","2","60","1.6","0.4","20.5","6.7","16","8.21","365","14","1","0","0","299","299","11","89016","538","70","376","0","0","0","false","538562","0","0","0","108","152","85"
"26","0.1","1","false","false","false","true","false","false","false","1","1","1","0.25","1","0","0","0","100","0","100","0.1","10","2.5","2","60","1.6","0.4","20.5","6.7","16","8.21","365","14","1","0","0","299","299","12","88827","632","91","450","0","0","0","false","538562","0","0","0","136","186","97"
"26","0.1","1","false","false","false","true","false","false","false","1","1","1","0.25","1","0","0","0","100","0","100","0.1","10","2.5","2","60","1.6","0.4","20.5","6.7","16","8.21","365","14","1","0","0","299","299","13","88606","727","134","533","0","0","0","false","538562","0","0","0","185","234","119"
"26","0.1","1","false","false","false","true","false","false","false","1","1","1","0.25","1","0","0","0","100","0","100","0.1","10","2.5","2","60","1.6","0.4","20.5","6.7","16","8.21","365","14","1","0","0","299","299","14","88379","792","166","663","0","0","0","false","538562","0","0","0","229","284","153"
"26","0.1","1","false","false","false","true","false","false","false","1","1","1","0.25","1","0","0","0","100","0","100","0.1","10","2.5","2","60","1.6","0.4","20.5","6.7","16","8.21","365","14","1","0","0","299","299","15","88104","899","222","775","0","0","0","false","538562","0","0","0","290","346","191"
"26","0.1","1","false","false","false","true","false","false","false","1","1","1","0.25","1","0","0","0","100","0","100","0.1","10","2.5","2","60","1.6","0.4","20.5","6.7","16","8.21","365","14","1","0","0","299","299","16","87809","1003","275","913","0","0","279","false","538562","0","0","0","354","409","238"
"26","0.1","1","false","false","false","true","false","false","false","1","1","1","0.25","1","0","0","0","100","0","100","0.1","10","2.5","2","60","1.6","0.4","20.5","6.7","16","8.21","365","14","1","0","0","299","299","17","87568","1041","335","1055","1","0","650","false","535444","0","0","0","408","481","289"
"26","0.1","1","false","false","false","true","false","false","false","1","1","1","0.25","1","0","0","0","100","0","100","0.1","10","2.5","2","60","1.6","0.4","20.5","6.7","16","8.21","365","14","1","0","0","299","299","18","87310","1056","401","1230","3","0","1061","false","531879","0","0","0","466","572","340"
"26","0.1","1","false","false","false","true","false","false","false","1","1","1","0.25","1","0","0","0","100","0","100","0.1","10","2.5","2","60","1.6","0.4","20.5","6.7","16","8.21","365","14","1","0","0","299","299","19","87076","1061","468","1388","7","0","1468","false","528133","0","0","0","535","653","396"
"26","0.1","1","false","false","false","true","false","false","false","1","1","1","0.25","1","0","0","0","100","0","100","0.1","10","2.5","2","60","1.6","0.4","20.5","6.7","16","8.21","365","14","1","0","0","299","299","20","86815","1057","551","1562","14","1","1930","false","524523","0","0","1","618","758","449"
"26","0.1","1","false","false","false","true","false","false","false","1","1","1","0.25","1","0","0","0","100","0","100","0.1","10","2.5","2","60","1.6","0.4","20.5","6.7","16","8.21","365","14","1","0","0","299","299","21","86568","1054","656","1701","20","1","2566","false","520578","0","0","1","714","874","499"
"26","0.1","1","false","false","false","true","false","false","false","1","1","1","0.25","1","0","0","0","100","0","100","0.1","10","2.5","2","60","1.6","0.4","20.5","6.7","16","8.21","365","14","1","0","0","299","299","22","86327","1052","759","1836","25","1","3077","false","515219","0","0","1","792","985","555"
"26","0.1","1","false","false","false","true","false","false","false","1","1","1","0.25","1","0","0","0","100","0","100","0.1","10","2.5","2","60","1.6","0.4","20.5","6.7","16","8.21","365","14","1","0","0","299","299","23","86119","1010","852","1979","39","1","3580","false","511107","0","0","1","888","1082","613"
"26","0.1","1","false","false","false","true","false","false","false","1","1","1","0.25","1","0","0","0","100","0","100","0.1","10","2.5","2","60","1.6","0.4","20.5","6.7","16","8.21","365","14","1","0","0","299","299","24","85931","939","944","2129","53","4","4085","false","507053","1","0","3","974","1191","682"
"26","0.1","1","false","false","false","true","false","false","false","1","1","1","0.25","1","0","0","0","100","0","100","0.1","10","2.5","2","60","1.6","0.4","20.5","6.7","16","8.21","365","14","1","0","0","299","299","25","85737","907","1026","2248","78","4","4487","false","503150","1","0","3","1054","1282","736"
"26","0.1","1","false","false","false","true","false","false","false","1","1","1","0.25","1","0","0","0","100","0","100","0.1","10","2.5","2","60","1.6","0.4","20.5","6.7","16","8.21","365","14","1","0","0","299","299","26","85539","897","1118","2330","111","5","4894","false","500057","1","1","3","1136","1361","788"
"26","0.1","1","false","false","false","true","false","false","false","1","1","1","0.25","1","0","0","0","100","0","100","0.1","10","2.5","2","60","1.6","0.4","20.5","6.7","16","8.21","365","14","1","0","0","299","299","27","85378","833","1202","2432","149","6","5255","false","496908","1","1","4","1218","1435","847"
"26","0.1","1","false","false","false","true","false","false","false","1","1","1","0.25","1","0","0","0","100","0","100","0.1","10","2.5","2","60","1.6","0.4","20.5","6.7","16","8.21","365","14","1","0","0","299","299","28","85175","850","1280","2491","196","8","5585","false","494082","1","2","5","1290","1513","896"
"26","0.1","1","false","false","false","true","false","false","false","1","1","1","0.25","1","0","0","0","100","0","100","0.1","10","2.5","2","60","1.6","0.4","20.5","6.7","16","8.21","365","14","1","0","0","299","299","29","84989","830","1367","2554","251","9","5835","false","491236","1","2","6","1384","1606","941"
"26","0.1","1","false","false","false","true","false","false","false","1","1","1","0.25","1","0","0","0","100","0","100","0.1","10","2.5","2","60","1.6","0.4","20.5","6.7","16","8.21","365","14","1","0","0","299","299","30","84781","842","1436","2624","307","10","5936","false","488751","2","2","6","1463","1693","982"
"26","0.1","1","false","false","false","true","false","false","false","1","1","1","0.25","1","0","0","0","100","0","100","0.1","10","2.5","2","60","1.6","0.4","20.5","6.7","16","8.21","365","14","1","0","0","299","299","31","84579","856","1492","2669","391","13","5965","false","487425","2","3","8","1536","1774","1030"
"26","0.1","1","false","false","false","true","false","false","false","1","1","1","0.25","1","0","0","0","100","0","100","0.1","10","2.5","2","60","1.6","0.4","20.5","6.7","16","8.21","365","14","1","0","0","299","299","32","84352","894","1553","2720","466","15","6029","false","486785","2","3","10","1602","1860","1062"
"26","0.1","1","false","false","false","true","false","false","false","1","1","1","0.25","1","0","0","0","100","0","100","0.1","10","2.5","2","60","1.6","0.4","20.5","6.7","16","8.21","365","14","1","0","0","299","299","33","84059","971","1591","2787","573","19","6027","false","485705","2","5","12","1678","1931","1118"
"26","0.1","1","false","false","false","true","false","false","false","1","1","1","0.25","1","0","0","0","100","0","100","0.1","10","2.5","2","60","1.6","0.4","20.5","6.7","16","8.21","365","14","1","0","0","299","299","34","83722","1095","1635","2844","682","22","6030","false","485134","2","6","14","1759","2017","1162"
"26","0.1","1","false","false","false","true","false","false","false","1","1","1","0.25","1","0","0","0","100","0","100","0.1","10","2.5","2","60","1.6","0.4","20.5","6.7","16","8.21","365","14","1","0","0","299","299","35","83369","1211","1678","2919","799","24","6059","false","484614","2","6","16","1847","2099","1210"
"26","0.1","1","false","false","false","true","false","false","false","1","1","1","0.25","1","0","0","0","100","0","100","0.1","10","2.5","2","60","1.6","0.4","20.5","6.7","16","8.21","365","14","1","0","0","299","299","36","82964","1367","1707","2997","937","28","6145","false","484037","4","7","17","1925","2194","1280"
"26","0.1","1","false","false","false","true","false","false","false","1","1","1","0.25","1","0","0","0","100","0","100","0.1","10","2.5","2","60","1.6","0.4","20.5","6.7","16","8.21","365","14","1","0","0","299","299","37","82541","1503","1754","3111","1060","31","6241","false","483013","4","9","18","2017","2302","1341"
"26","0.1","1","false","false","false","true","false","false","false","1","1","1","0.25","1","0","0","0","100","0","100","0.1","10","2.5","2","60","1.6","0.4","20.5","6.7","16","8.21","365","14","1","0","0","299","299","38","82119","1633","1782","3221","1213","32","6272","false","481942","4","10","18","2120","2400","1413"
"26","0.1","1","false","false","false","true","false","false","false","1","1","1","0.25","1","0","0","0","100","0","100","0.1","10","2.5","2","60","1.6","0.4","20.5","6.7","16","8.21","365","14","1","0","0","299","299","39","81718","1674","1830","3344","1400","34","6418","false","481226","5","10","19","2248","2520","1499"
"26","0.1","1","false","false","false","true","false","false","false","1","1","1","0.25","1","0","0","0","100","0","100","0.1","10","2.5","2","60","1.6","0.4","20.5","6.7","16","8.21","365","14","1","0","0","299","299","40","81292","1698","1872","3527","1572","39","6530","false","479608","8","10","21","2386","2667","1571"
"26","0.1","1","false","false","false","true","false","false","false","1","1","1","0.25","1","0","0","0","100","0","100","0.1","10","2.5","2","60","1.6","0.4","20.5","6.7","16","8.21","365","14","1","0","0","299","299","41","80817","1781","1905","3682","1772","43","6607","false","478338","8","13","22","2502","2821","1658"
"26","0.1","1","false","false","false","true","false","false","false","1","1","1","0.25","1","0","0","0","100","0","100","0.1","10","2.5","2","60","1.6","0.4","20.5","6.7","16","8.21","365","14","1","0","0","299","299","42","80396","1794","1965","3838","1960","47","6633","false","477298","8","15","24","2657","2953","1739"
"26","0.1","1","false","false","false","true","false","false","false","1","1","1","0.25","1","0","0","0","100","0","100","0.1","10","2.5","2","60","1.6","0.4","20.5","6.7","16","8.21","365","14","1","0","0","299","299","43","79920","1864","2034","3991","2140","51","6786","false","476771","8","15","28","2801","3104","1824"
"26","0.1","1","false","false","false","true","false","false","false","1","1","1","0.25","1","0","0","0","100","0","100","0.1","10","2.5","2","60","1.6","0.4","20.5","6.7","16","8.21","365","14","1","0","0","299","299","44","79430","1935","2110","4128","2344","53","6980","false","475201","9","16","28","2943","3283","1925"
"26","0.1","1","false","false","false","true","false","false","false","1","1","1","0.25","1","0","0","0","100","0","100","0.1","10","2.5","2","60","1.6","0.4","20.5","6.7","16","8.21","365","14","1","0","0","299","299","45","78942","1993","2184","4268","2557","56","7123","false","473442","9","17","30","3098","3443","2042"
"26","0.1","1","false","false","false","true","false","false","false","1","1","1","0.25","1","0","0","0","100","0","100","0.1","10","2.5","2","60","1.6","0.4","20.5","6.7","16","8.21","365","14","1","0","0","299","299","46","78458","2013","2265","4433","2775","56","7266","false","471953","9","17","30","3272","3613","2131"
"26","0.1","1","false","false","false","true","false","false","false","1","1","1","0.25","1","0","0","0","100","0","100","0.1","10","2.5","2","60","1.6","0.4","20.5","6.7","16","8.21","365","14","1","0","0","299","299","47","77984","2023","2322","4637","2974","60","7345","false","470584","9","18","33","3419","3780","2232"
"26","0.1","1","false","false","false","true","false","false","false","1","1","1","0.25","1","0","0","0","100","0","100","0.1","10","2.5","2","60","1.6","0.4","20.5","6.7","16","8.21","365","14","1","0","0","299","299","48","77479","2076","2439","4757","3182","67","7450","false","469815","10","20","37","3593","3969","2336"
"26","0.1","1","false","false","false","true","false","false","false","1","1","1","0.25","1","0","0","0","100","0","100","0.1","10","2.5","2","60","1.6","0.4","20.5","6.7","16","8.21","365","14","1","0","0","299","299","49","77015","2039","2507","4990","3378","71","7520","false","468993","10","21","40","3778","4139","2444"
"26","0.1","1","false","false","false","true","false","false","false","1","1","1","0.25","1","0","0","0","100","0","100","0.1","10","2.5","2","60","1.6","0.4","20.5","6.7","16","8.21","365","14","1","0","0","299","299","50","76520","2051","2613","5146","3595","75","7767","false","468282","10","23","42","3946","4333","2551"
"26","0.1","1","false","false","false","true","false","false","false","1","1","1","0.25","1","0","0","0","100","0","100","0.1","10","2.5","2","60","1.6","0.4","20.5","6.7","16","8.21","365","14","1","0","0","299","299","51","76077","1994","2726","5310","3814","79","7956","false","466230","11","23","45","4130","4520","2677"
"26","0.1","1","false","false","false","true","false","false","false","1","1","1","0.25","1","0","0","0","100","0","100","0.1","10","2.5","2","60","1.6","0.4","20.5","6.7","16","8.21","365","14","1","0","0","299","299","52","75566","2010","2829","5467","4046","82","8121","false","464668","12","24","46","4316","4711","2806"
"26","0.1","1","false","false","false","true","false","false","false","1","1","1","0.25","1","0","0","0","100","0","100","0.1","10","2.5","2","60","1.6","0.4","20.5","6.7","16","8.21","365","14","1","0","0","299","299","53","75096","2015","2959","5566","4279","85","8341","false","462906","12","25","48","4501","4897","2927"
"26","0.1","1","false","false","false","true","false","false","false","1","1","1","0.25","1","0","0","0","100","0","100","0.1","10","2.5","2","60","1.6","0.4","20.5","6.7","16","8.21","365","14","1","0","0","299","299","54","74626","1985","3065","5716","4519","89","8463","false","461015","13","26","50","4698","5101","3044"
"26","0.1","1","false","false","false","true","false","false","false","1","1","1","0.25","1","0","0","0","100","0","100","0.1","10","2.5","2","60","1.6","0.4","20.5","6.7","16","8.21","365","14","1","0","0","299","299","55","74153","2011","3184","5825","4734","93","8736","false","459888","14","26","53","4878","5270","3166"
"26","0.1","1","false","false","false","true","false","false","false","1","1","1","0.25","1","0","0","0","100","0","100","0.1","10","2.5","2","60","1.6","0.4","20.5","6.7","16","8.21","365","14","1","0","0","299","299","56","73733","1977","3264","5946","4983","97","8797","false","457547","14","27","56","5052","5442","3270"
"26","0.1","1","false","false","false","true","false","false","false","1","1","1","0.25","1","0","0","0","100","0","100","0.1","10","2.5","2","60","1.6","0.4","20.5","6.7","16","8.21","365","14","1","0","0","299","299","57","73225","2020","3342","6072","5242","99","8876","false","456802","14","27","58","5217","5626","3373"
"26","0.1","1","false","false","false","true","false","false","false","1","1","1","0.25","1","0","0","0","100","0","100","0.1","10","2.5","2","60","1.6","0.4","20.5","6.7","16","8.21","365","14","1","0","0","299","299","58","72730","2055","3399","6187","5524","105","8878","false","455945","14","30","61","5383","5800","3488"
"26","0.1","1","false","false","false","true","false","false","false","1","1","1","0.25","1","0","0","0","100","0","100","0.1","10","2.5","2","60","1.6","0.4","20.5","6.7","16","8.21","365","14","1","0","0","299","299","59","72208","2103","3464","6280","5830","115","8995","false","455597","15","31","69","5552","5976","3608"
"26","0.1","1","false","false","false","true","false","false","false","1","1","1","0.25","1","0","0","0","100","0","100","0.1","10","2.5","2","60","1.6","0.4","20.5","6.7","16","8.21","365","14","1","0","0","299","299","60","71703","2135","3526","6370","6143","123","9068","false","454332","15","35","73","5748","6160","3719"
"26","0.1","1","false","false","false","true","false","false","false","1","1","1","0.25","1","0","0","0","100","0","100","0.1","10","2.5","2","60","1.6","0.4","20.5","6.7","16","8.21","365","14","1","0","0","299","299","61","71148","2211","3566","6479","6468","128","9093","false","453601","15","37","76","5909","6337","3837"
"26","0.1","1","false","false","false","true","false","false","false","1","1","1","0.25","1","0","0","0","100","0","100","0.1","10","2.5","2","60","1.6","0.4","20.5","6.7","16","8.21","365","14","1","0","0","299","299","62","70601","2247","3660","6586","6770","136","9294","false","453202","17","38","81","6100","6542","3948"
"26","0.1","1","false","false","false","true","false","false","false","1","1","1","0.25","1","0","0","0","100","0","100","0.1","10","2.5","2","60","1.6","0.4","20.5","6.7","16","8.21","365","14","1","0","0","299","299","63","70066","2260","3716","6697","7118","143","9371","false","451135","17","39","87","6287","6763","4047"
"26","0.1","1","false","false","false","true","false","false","false","1","1","1","0.25","1","0","0","0","100","0","100","0.1","10","2.5","2","60","1.6","0.4","20.5","6.7","16","8.21","365","14","1","0","0","299","299","64","69514","2311","3775","6764","7487","149","9527","false","450375","17","41","91","6477","6952","4144"
"26","0.1","1","false","false","false","true","false","false","false","1","1","1","0.25","1","0","0","0","100","0","100","0.1","10","2.5","2","60","1.6","0.4","20.5","6.7","16","8.21","365","14","1","0","0","299","299","65","68919","2373","3833","6864","7859","152","9700","false","448900","19","41","92","6657","7154","4269"
"26","0.1","1","false","false","false","true","false","false","false","1","1","1","0.25","1","0","0","0","100","0","100","0.1","10","2.5","2","60","1.6","0.4","20.5","6.7","16","8.21","365","14","1","0","0","299","299","66","68348","2430","3884","6947","8232","159","9724","false","447281","19","44","96","6858","7345","4383"
"26","0.1","1","false","false","false","true","false","false","false","1","1","1","0.25","1","0","0","0","100","0","100","0.1","10","2.5","2","60","1.6","0.4","20.5","6.7","16","8.21","365","14","1","0","0","299","299","67","67764","2446","3946","7038","8643","163","9852","false","446919","20","46","97","7097","7564","4496"
"26","0.1","1","false","false","false","true","false","false","false","1","1","1","0.25","1","0","0","0","100","0","100","0.1","10","2.5","2","60","1.6","0.4","20.5","6.7","16","8.21","365","14","1","0","0","299","299","68","67201","2462","4002","7108","9059","168","9939","false","445920","21","46","101","7295","7774","4624"
"26","0.1","1","false","false","false","true","false","false","false","1","1","1","0.25","1","0","0","0","100","0","100","0.1","10","2.5","2","60","1.6","0.4","20.5","6.7","16","8.21","365","14","1","0","0","299","299","69","66609","2482","4028","7189","9515","177","9991","false","445111","24","48","105","7525","7989","4738"
"26","0.1","1","false","false","false","true","false","false","false","1","1","1","0.25","1","0","0","0","100","0","100","0.1","10","2.5","2","60","1.6","0.4","20.5","6.7","16","8.21","365","14","1","0","0","299","299","70","66032","2498","4077","7261","9944","188","10245","false","444301","26","51","111","7722","8211","4867"
"26","0.1","1","false","false","false","true","false","false","false","1","1","1","0.25","1","0","0","0","100","0","100","0.1","10","2.5","2","60","1.6","0.4","20.5","6.7","16","8.21","365","14","1","0","0","299","299","71","65403","2551","4120","7337","10393","196","10390","false","442010","26","55","115","7932","8427","4988"
"26","0.1","1","false","false","false","true","false","false","false","1","1","1","0.25","1","0","0","0","100","0","100","0.1","10","2.5","2","60","1.6","0.4","20.5","6.7","16","8.21","365","14","1","0","0","299","299","72","64815","2544","4166","7463","10808","204","10452","false","440770","28","56","120","8126","8651","5115"
"26","0.1","1","false","false","false","true","false","false","false","1","1","1","0.25","1","0","0","0","100","0","100","0.1","10","2.5","2","60","1.6","0.4","20.5","6.7","16","8.21","365","14","1","0","0","299","299","73","64215","2539","4226","7528","11278","214","10684","false","440043","31","57","126","8349","8878","5260"
"26","0.1","1","false","false","false","true","false","false","false","1","1","1","0.25","1","0","0","0","100","0","100","0.1","10","2.5","2","60","1.6","0.4","20.5","6.7","16","8.21","365","14","1","0","0","299","299","74","63644","2538","4307","7567","11719","225","10729","false","438105","32","60","133","8559","9120","5389"
"26","0.1","1","false","false","false","true","false","false","false","1","1","1","0.25","1","0","0","0","100","0","100","0.1","10","2.5","2","60","1.6","0.4","20.5","6.7","16","8.21","365","14","1","0","0","299","299","75","63027","2563","4378","7649","12153","230","10811","false","437661","33","61","136","8782","9356","5511"
"26","0.1","1","false","false","false","true","false","false","false","1","1","1","0.25","1","0","0","0","100","0","100","0.1","10","2.5","2","60","1.6","0.4","20.5","6.7","16","8.21","365","14","1","0","0","299","299","76","62428","2552","4468","7695","12615","242","10874","false","436734","34","64","144","8984","9637","5668"
"26","0.1","1","false","false","false","true","false","false","false","1","1","1","0.25","1","0","0","0","100","0","100","0.1","10","2.5","2","60","1.6","0.4","20.5","6.7","16","8.21","365","14","1","0","0","299","299","77","61772","2596","4555","7756","13074","247","10900","false","435892","36","65","146","9225","9887","5814"
"26","0.1","1","false","false","false","true","false","false","false","1","1","1","0.25","1","0","0","0","100","0","100","0.1","10","2.5","2","60","1.6","0.4","20.5","6.7","16","8.21","365","14","1","0","0","299","299","78","61166","2569","4622","7864","13527","252","10947","false","435380","37","66","149","9478","10105","5958"
"26","0.1","1","false","false","false","true","false","false","false","1","1","1","0.25","1","0","0","0","100","0","100","0.1","10","2.5","2","60","1.6","0.4","20.5","6.7","16","8.21","365","14","1","0","0","299","299","79","60566","2567","4655","7953","14002","257","11040","false","434788","37","66","154","9716","10339","6086"
"26","0.1","1","false","false","false","true","false","false","false","1","1","1","0.25","1","0","0","0","100","0","100","0.1","10","2.5","2","60","1.6","0.4","20.5","6.7","16","8.21","365","14","1","0","0","299","299","80","59922","2629","4740","7990","14455","264","11128","false","433927","38","68","158","9961","10588","6212"
"26","0.1","1","false","false","false","true","false","false","false","1","1","1","0.25","1","0","0","0","100","0","100","0.1","10","2.5","2","60","1.6","0.4","20.5","6.7","16","8.21","365","14","1","0","0","299","299","81","59309","2663","4816","7996","14945","271","11158","false","433194","39","69","163","10185","10820","6349"
"26","0.1","1","false","false","false","true","false","false","false","1","1","1","0.25","1","0","0","0","100","0","100","0.1","10","2.5","2","60","1.6","0.4","20.5","6.7","16","8.21","365","14","1","0","0","299","299","82","58702","2638","4836","8127","15418","279","11161","false","432692","43","69","167","10403","11049","6490"
"26","0.1","1","false","false","false","true","false","false","false","1","1","1","0.25","1","0","0","0","100","0","100","0.1","10","2.5","2","60","1.6","0.4","20.5","6.7","16","8.21","365","14","1","0","0","299","299","83","58113","2595","4902","8231","15873","286","11247","false","432347","43","74","169","10635","11281","6647"
"26","0.1","1","false","false","false","true","false","false","false","1","1","1","0.25","1","0","0","0","100","0","100","0.1","10","2.5","2","60","1.6","0.4","20.5","6.7","16","8.21","365","14","1","0","0","299","299","84","57501","2579","4907","8323","16390","300","11247","false","431509","44","75","181","10852","11499","6794"
"26","0.1","1","false","false","false","true","false","false","false","1","1","1","0.25","1","0","0","0","100","0","100","0.1","10","2.5","2","60","1.6","0.4","20.5","6.7","16","8.21","365","14","1","0","0","299","299","85","56839","2596","4953","8377","16922","313","11284","false","431334","46","77","190","11098","11732","6956"
"26","0.1","1","false","false","false","true","false","false","false","1","1","1","0.25","1","0","0","0","100","0","100","0.1","10","2.5","2","60","1.6","0.4","20.5","6.7","16","8.21","365","14","1","0","0","299","299","86","56193","2686","4996","8364","17436","325","11348","false","430756","47","77","201","11314","11978","7083"
"26","0.1","1","false","false","false","true","false","false","false","1","1","1","0.25","1","0","0","0","100","0","100","0.1","10","2.5","2","60","1.6","0.4","20.5","6.7","16","8.21","365","14","1","0","0","299","299","87","55579","2729","5062","8364","17933","333","11348","false","430009","48","78","207","11533","12215","7226"
"26","0.1","1","false","false","false","true","false","false","false","1","1","1","0.25","1","0","0","0","100","0","100","0.1","10","2.5","2","60","1.6","0.4","20.5","6.7","16","8.21","365","14","1","0","0","299","299","88","54978","2650","5114","8517","18396","345","11333","false","429762","49","80","216","11786","12487","7376"
"26","0.1","1","false","false","false","true","false","false","false","1","1","1","0.25","1","0","0","0","100","0","100","0.1","10","2.5","2","60","1.6","0.4","20.5","6.7","16","8.21","365","14","1","0","0","299","299","89","54330","2690","5136","8607","18877","360","11328","false","429604","51","84","225","12018","12723","7505"
"26","0.1","1","false","false","false","true","false","false","false","1","1","1","0.25","1","0","0","0","100","0","100","0.1","10","2.5","2","60","1.6","0.4","20.5","6.7","16","8.21","365","14","1","0","0","299","299","90","53686","2720","5165","8641","19422","366","11260","false","429310","53","87","226","12238","12971","7654"
"26","0.1","1","false","false","false","true","false","false","false","1","1","1","0.25","1","0","0","0","100","0","100","0.1","10","2.5","2","60","1.6","0.4","20.5","6.7","16","8.21","365","14","1","0","0","299","299","91","53020","2748","5234","8656","19969","373","11387","false","429750","55","89","229","12475","13253","7817"
"26","0.1","1","false","false","false","true","false","false","false","1","1","1","0.25","1","0","0","0","100","0","100","0.1","10","2.5","2","60","1.6","0.4","20.5","6.7","16","8.21","365","14","1","0","0","299","299","92","52345","2775","5208","8759","20527","386","11345","false","428698","58","91","237","12709","13481","7954"
"26","0.1","1","false","false","false","true","false","false","false","1","1","1","0.25","1","0","0","0","100","0","100","0.1","10","2.5","2","60","1.6","0.4","20.5","6.7","16","8.21","365","14","1","0","0","299","299","93","51637","2830","5213","8870","21055","395","11324","false","428899","58","92","245","12958","13706","8078"
"26","0.1","1","false","false","false","true","false","false","false","1","1","1","0.25","1","0","0","0","100","0","100","0.1","10","2.5","2","60","1.6","0.4","20.5","6.7","16","8.21","365","14","1","0","0","299","299","94","50987","2817","5257","8944","21590","405","11258","false","428907","60","96","249","13199","13966","8229"
"26","0.1","1","false","false","false","true","false","false","false","1","1","1","0.25","1","0","0","0","100","0","100","0.1","10","2.5","2","60","1.6","0.4","20.5","6.7","16","8.21","365","14","1","0","0","299","299","95","50316","2854","5297","8981","22135","417","11297","false","429286","64","98","255","13448","14210","8385"
"26","0.1","1","false","false","false","true","false","false","false","1","1","1","0.25","1","0","0","0","100","0","100","0.1","10","2.5","2","60","1.6","0.4","20.5","6.7","16","8.21","365","14","1","0","0","299","299","96","49651","2842","5304","9057","22719","427","11345","false","428882","64","101","262","13678","14467","8552"
"26","0.1","1","false","false","false","true","false","false","false","1","1","1","0.25","1","0","0","0","100","0","100","0.1","10","2.5","2","60","1.6","0.4","20.5","6.7","16","8.21","365","14","1","0","0","299","299","97","48998","2816","5332","9096","23321","437","11406","false","428320","65","103","269","13916","14739","8711"
"26","0.1","1","false","false","false","true","false","false","false","1","1","1","0.25","1","0","0","0","100","0","100","0.1","10","2.5","2","60","1.6","0.4","20.5","6.7","16","8.21","365","14","1","0","0","299","299","98","48327","2851","5351","9108","23917","446","11397","false","427565","66","105","275","14153","14988","8875"
"26","0.1","1","false","false","false","true","false","false","false","1","1","1","0.25","1","0","0","0","100","0","100","0.1","10","2.5","2","60","1.6","0.4","20.5","6.7","16","8.21","365","14","1","0","0","299","299","99","47672","2865","5388","9093","24530","452","11457","false","427596","68","105","279","14418","15239","9034"
"26","0.1","1","false","false","false","true","false","false","false","1","1","1","0.25","1","0","0","0","100","0","100","0.1","10","2.5","2","60","1.6","0.4","20.5","6.7","16","8.21","365","14","1","0","0","299","299","100","47086","2807","5431","9095","25118","463","11369","false","427291","69","107","287","14686","15505","9192"
"26","0.1","1","false","false","false","true","false","false","false","1","1","1","0.25","1","0","0","0","100","0","100","0.1","10","2.5","2","60","1.6","0.4","20.5","6.7","16","8.21","365","14","1","0","0","299","299","101","46452","2765","5455","9134","25724","470","11397","false","427960","70","109","291","14932","15751","9332"
"26","0.1","1","false","false","false","true","false","false","false","1","1","1","0.25","1","0","0","0","100","0","100","0.1","10","2.5","2","60","1.6","0.4","20.5","6.7","16","8.21","365","14","1","0","0","299","299","102","45824","2732","5451","9194","26324","475","11323","false","427550","72","110","293","15163","16020","9477"
"26","0.1","1","false","false","false","true","false","false","false","1","1","1","0.25","1","0","0","0","100","0","100","0.1","10","2.5","2","60","1.6","0.4","20.5","6.7","16","8.21","365","14","1","0","0","299","299","103","45143","2741","5457","9254","26918","487","11298","false","428206","75","111","301","15406","16276","9622"
"26","0.1","1","false","false","false","true","false","false","false","1","1","1","0.25","1","0","0","0","100","0","100","0.1","10","2.5","2","60","1.6","0.4","20.5","6.7","16","8.21","365","14","1","0","0","299","299","104","44479","2734","5485","9273","27529","500","11303","false","428157","78","117","305","15665","16532","9765"
"26","0.1","1","false","false","false","true","false","false","false","1","1","1","0.25","1","0","0","0","100","0","100","0.1","10","2.5","2","60","1.6","0.4","20.5","6.7","16","8.21","365","14","1","0","0","299","299","105","43841","2744","5478","9269","28158","510","11311","false","427780","81","120","309","15900","16769","9914"
"26","0.1","1","false","false","false","true","false","false","false","1","1","1","0.25","1","0","0","0","100","0","100","0.1","10","2.5","2","60","1.6","0.4","20.5","6.7","16","8.21","365","14","1","0","0","299","299","106","43156","2761","5528","9271","28759","525","11355","false","427852","83","125","317","16142","17057","10079"
"26","0.1","1","false","false","false","true","false","false","false","1","1","1","0.25","1","0","0","0","100","0","100","0.1","10","2.5","2","60","1.6","0.4","20.5","6.7","16","8.21","365","14","1","0","0","299","299","107","42529","2752","5560","9283","29341","535","11379","false","427348","86","127","322","16388","17318","10210"
"26","0.1","1","false","false","false","true","false","false","false","1","1","1","0.25","1","0","0","0","100","0","100","0.1","10","2.5","2","60","1.6","0.4","20.5","6.7","16","8.21","365","14","1","0","0","299","299","108","41934","2667","5601","9329","29926","543","11413","false","427146","88","129","326","16644","17602","10351"
"26","0.1","1","false","false","false","true","false","false","false","1","1","1","0.25","1","0","0","0","100","0","100","0.1","10","2.5","2","60","1.6","0.4","20.5","6.7","16","8.21","365","14","1","0","0","299","299","109","41310","2695","5614","9316","30512","553","11255","false","426856","90","129","334","16876","17849","10477"
"26","0.1","1","false","false","false","true","false","false","false","1","1","1","0.25","1","0","0","0","100","0","100","0.1","10","2.5","2","60","1.6","0.4","20.5","6.7","16","8.21","365","14","1","0","0","299","299","110","40675","2727","5658","9266","31108","566","11166","false","428028","92","132","342","17096","18095","10625"
"26","0.1","1","false","false","false","true","false","false","false","1","1","1","0.25","1","0","0","0","100","0","100","0.1","10","2.5","2","60","1.6","0.4","20.5","6.7","16","8.21","365","14","1","0","0","299","299","111","40068","2693","5706","9228","31726","579","11242","false","428488","94","140","345","17322","18370","10772"
"26","0.1","1","false","false","false","true","false","false","false","1","1","1","0.25","1","0","0","0","100","0","100","0.1","10","2.5","2","60","1.6","0.4","20.5","6.7","16","8.21","365","14","1","0","0","299","299","112","39451","2647","5703","9256","32353","590","11159","false","427962","97","142","351","17557","18639","10926"
"26","0.1","1","false","false","false","true","false","false","false","1","1","1","0.25","1","0","0","0","100","0","100","0.1","10","2.5","2","60","1.6","0.4","20.5","6.7","16","8.21","365","14","1","0","0","299","299","113","38787","2681","5678","9258","32996","600","11060","false","428577","97","145","358","17784","18885","11056"
"26","0.1","1","false","false","false","true","false","false","false","1","1","1","0.25","1","0","0","0","100","0","100","0.1","10","2.5","2","60","1.6","0.4","20.5","6.7","16","8.21","365","14","1","0","0","299","299","114","38180","2664","5739","9216","33588","613","11129","false","429132","99","146","368","18035","19148","11195"
"26","0.1","1","false","false","false","true","false","false","false","1","1","1","0.25","1","0","0","0","100","0","100","0.1","10","2.5","2","60","1.6","0.4","20.5","6.7","16","8.21","365","14","1","0","0","299","299","115","37550","2676","5734","9196","34221","623","11038","false","428422","100","148","375","18254","19411","11325"
"26","0.1","1","false","false","false","true","false","false","false","1","1","1","0.25","1","0","0","0","100","0","100","0.1","10","2.5","2","60","1.6","0.4","20.5","6.7","16","8.21","365","14","1","0","0","299","299","116","36950","2686","5769","9112","34846","637","10999","false","429202","102","153","382","18514","19670","11465"
"26","0.1","1","false","false","false","true","false","false","false","1","1","1","0.25","1","0","0","0","100","0","100","0.1","10","2.5","2","60","1.6","0.4","20.5","6.7","16","8.21","365","14","1","0","0","299","299","117","36346","2667","5779","9093","35466","649","11030","false","429324","104","157","388","18751","19936","11603"
"26","0.1","1","false","false","false","true","false","false","false","1","1","1","0.25","1","0","0","0","100","0","100","0.1","10","2.5","2","60","1.6","0.4","20.5","6.7","16","8.21","365","14","1","0","0","299","299","118","35771","2582","5750","9115","36124","658","10903","false","429007","108","160","390","18980","20184","11751"
"26","0.1","1","false","false","false","true","false","false","false","1","1","1","0.25","1","0","0","0","100","0","100","0.1","10","2.5","2","60","1.6","0.4","20.5","6.7","16","8.21","365","14","1","0","0","299","299","119","35177","2562","5739","9079","36772","671","10777","false","430023","108","164","399","19219","20440","11887"
"26","0.1","1","false","false","false","true","false","false","false","1","1","1","0.25","1","0","0","0","100","0","100","0.1","10","2.5","2","60","1.6","0.4","20.5","6.7","16","8.21","365","14","1","0","0","299","299","120","34550","2577","5709","9094","37384","686","10675","false","430768","110","168","408","19439","20662","12034"
"26","0.1","1","false","false","false","true","false","false","false","1","1","1","0.25","1","0","0","0","100","0","100","0.1","10","2.5","2","60","1.6","0.4","20.5","6.7","16","8.21","365","14","1","0","0","299","299","121","33934","2618","5710","9042","38003","693","10643","false","431423","111","171","411","19660","20894","12173"
"26","0.1","1","false","false","false","true","false","false","false","1","1","1","0.25","1","0","0","0","100","0","100","0.1","10","2.5","2","60","1.6","0.4","20.5","6.7","16","8.21","365","14","1","0","0","299","299","122","33334","2604","5719","9020","38618","705","10568","false","431783","114","175","416","19910","21120","12333"
"26","0.1","1","false","false","false","true","false","false","false","1","1","1","0.25","1","0","0","0","100","0","100","0.1","10","2.5","2","60","1.6","0.4","20.5","6.7","16","8.21","365","14","1","0","0","299","299","123","32740","2593","5694","8988","39266","719","10479","false","432263","115","181","423","20109","21370","12476"
"26","0.1","1","false","false","false","true","false","false","false","1","1","1","0.25","1","0","0","0","100","0","100","0.1","10","2.5","2","60","1.6","0.4","20.5","6.7","16","8.21","365","14","1","0","0","299","299","124","32191","2521","5663","9022","39872","731","10409","false","432834","115","185","431","20321","21602","12609"
"26","0.1","1","false","false","false","true","false","false","false","1","1","1","0.25","1","0","0","0","100","0","100","0.1","10","2.5","2","60","1.6","0.4","20.5","6.7","16","8.21","365","14","1","0","0","299","299","125","31628","2492","5612","8998","40529","741","10222","false","433272","116","186","439","20546","21838","12736"
"26","0.1","1","false","false","false","true","false","false","false","1","1","1","0.25","1","0","0","0","100","0","100","0.1","10","2.5","2","60","1.6","0.4","20.5","6.7","16","8.21","365","14","1","0","0","299","299","126","31065","2429","5589","8945","41220","752","10201","false","434492","119","189","444","20799","22105","12867"
"26","0.1","1","false","false","false","true","false","false","false","1","1","1","0.25","1","0","0","0","100","0","100","0.1","10","2.5","2","60","1.6","0.4","20.5","6.7","16","8.21","365","14","1","0","0","299","299","127","30548","2394","5595","8847","41860","756","10160","false","434594","119","191","446","21021","22361","12985"
"26","0.1","1","false","false","false","true","false","false","false","1","1","1","0.25","1","0","0","0","100","0","100","0.1","10","2.5","2","60","1.6","0.4","20.5","6.7","16","8.21","365","14","1","0","0","299","299","128","29998","2389","5550","8796","42501","766","9997","false","435109","121","195","450","21204","22606","13122"
"26","0.1","1","false","false","false","true","false","false","false","1","1","1","0.25","1","0","0","0","100","0","100","0.1","10","2.5","2","60","1.6","0.4","20.5","6.7","16","8.21","365","14","1","0","0","299","299","129","29420","2392","5548","8745","43115","780","9982","false","436286","124","198","458","21425","22829","13277"
"26","0.1","1","false","false","false","true","false","false","false","1","1","1","0.25","1","0","0","0","100","0","100","0.1","10","2.5","2","60","1.6","0.4","20.5","6.7","16","8.21","365","14","1","0","0","299","299","130","28830","2427","5501","8689","43764","789","9846","false","436414","126","199","464","21614","23072","13408"
"26","0.1","1","false","false","false","true","false","false","false","1","1","1","0.25","1","0","0","0","100","0","100","0.1","10","2.5","2","60","1.6","0.4","20.5","6.7","16","8.21","365","14","1","0","0","299","299","131","28264","2412","5454","8686","44384","800","9724","false","437447","128","201","471","21826","23312","13533"
"26","0.1","1","false","false","false","true","false","false","false","1","1","1","0.25","1","0","0","0","100","0","100","0.1","10","2.5","2","60","1.6","0.4","20.5","6.7","16","8.21","365","14","1","0","0","299","299","132","27723","2437","5368","8607","45051","814","9576","false","438417","131","204","479","21996","23507","13657"
"26","0.1","1","false","false","false","true","false","false","false","1","1","1","0.25","1","0","0","0","100","0","100","0.1","10","2.5","2","60","1.6","0.4","20.5","6.7","16","8.21","365","14","1","0","0","299","299","133","27197","2386","5292","8618","45680","827","9445","false","439396","131","208","488","22184","23739","13768"
"26","0.1","1","false","false","false","true","false","false","false","1","1","1","0.25","1","0","0","0","100","0","100","0.1","10","2.5","2","60","1.6","0.4","20.5","6.7","16","8.21","365","14","1","0","0","299","299","134","26682","2325","5275","8558","46322","838","9337","false","440455","132","211","495","22400","23973","13907"
"26","0.1","1","false","false","false","true","false","false","false","1","1","1","0.25","1","0","0","0","100","0","100","0.1","10","2.5","2","60","1.6","0.4","20.5","6.7","16","8.21","365","14","1","0","0","299","299","135","26165","2296","5291","8514","46887","847","9313","false","441375","134","212","501","22616","24170","14052"
"26","0.1","1","false","false","false","true","false","false","false","1","1","1","0.25","1","0","0","0","100","0","100","0.1","10","2.5","2","60","1.6","0.4","20.5","6.7","16","8.21","365","14","1","0","0","299","299","136","25661","2261","5288","8440","47491","859","9342","false","441653","136","214","509","22807","24403","14188"
"26","0.1","1","false","false","false","true","false","false","false","1","1","1","0.25","1","0","0","0","100","0","100","0.1","10","2.5","2","60","1.6","0.4","20.5","6.7","16","8.21","365","14","1","0","0","299","299","137","25176","2186","5252","8386","48129","871","9307","false","441541","138","218","515","23038","24618","14310"
"26","0.1","1","false","false","false","true","false","false","false","1","1","1","0.25","1","0","0","0","100","0","100","0.1","10","2.5","2","60","1.6","0.4","20.5","6.7","16","8.21","365","14","1","0","0","299","299","138","24695","2169","5205","8291","48759","881","9132","false","441814","140","219","522","23245","24806","14429"
"26","0.1","1","false","false","false","true","false","false","false","1","1","1","0.25","1","0","0","0","100","0","100","0.1","10","2.5","2","60","1.6","0.4","20.5","6.7","16","8.21","365","14","1","0","0","299","299","139","24197","2135","5143","8222","49406","897","9108","false","443354","144","221","532","23441","25015","14546"
"26","0.1","1","false","false","false","true","false","false","false","1","1","1","0.25","1","0","0","0","100","0","100","0.1","10","2.5","2","60","1.6","0.4","20.5","6.7","16","8.21","365","14","1","0","0","299","299","140","23708","2153","5149","8061","50020","909","9012","false","443476","145","222","542","23640","25206","14681"
"26","0.1","1","false","false","false","true","false","false","false","1","1","1","0.25","1","0","0","0","100","0","100","0.1","10","2.5","2","60","1.6","0.4","20.5","6.7","16","8.21","365","14","1","0","0","299","299","141","23187","2173","5131","7989","50604","916","9047","false","444302","146","226","544","23840","25405","14789"
"26","0.1","1","false","false","false","true","false","false","false","1","1","1","0.25","1","0","0","0","100","0","100","0.1","10","2.5","2","60","1.6","0.4","20.5","6.7","16","8.21","365","14","1","0","0","299","299","142","22689","2159","5046","7938","51236","932","8843","false","443837","149","229","554","24016","25600","14898"
"26","0.1","1","false","false","false","true","false","false","false","1","1","1","0.25","1","0","0","0","100","0","100","0.1","10","2.5","2","60","1.6","0.4","20.5","6.7","16","8.21","365","14","1","0","0","299","299","143","22232","2104","4996","7893","51825","950","8766","false","445344","150","234","566","24206","25821","15016"
"26","0.1","1","false","false","false","true","false","false","false","1","1","1","0.25","1","0","0","0","100","0","100","0.1","10","2.5","2","60","1.6","0.4","20.5","6.7","16","8.21","365","14","1","0","0","299","299","144","21787","2044","4948","7834","52430","957","8710","false","445933","150","235","572","24393","26035","15136"
"26","0.1","1","false","false","false","true","false","false","false","1","1","1","0.25","1","0","0","0","100","0","100","0.1","10","2.5","2","60","1.6","0.4","20.5","6.7","16","8.21","365","14","1","0","0","299","299","145","21341","2023","4958","7719","52995","964","8605","false","446427","150","236","578","24568","26239","15250"
"26","0.1","1","false","false","false","true","false","false","false","1","1","1","0.25","1","0","0","0","100","0","100","0.1","10","2.5","2","60","1.6","0.4","20.5","6.7","16","8.21","365","14","1","0","0","299","299","146","20914","1960","4907","7656","53589","974","8537","false","447236","150","239","585","24731","26447","15352"
"26","0.1","1","false","false","false","true","false","false","false","1","1","1","0.25","1","0","0","0","100","0","100","0.1","10","2.5","2","60","1.6","0.4","20.5","6.7","16","8.21","365","14","1","0","0","299","299","147","20498","1896","4883","7606","54132","985","8408","false","447984","152","241","592","24928","26636","15459"
"26","0.1","1","false","false","false","true","false","false","false","1","1","1","0.25","1","0","0","0","100","0","100","0.1","10","2.5","2","60","1.6","0.4","20.5","6.7","16","8.21","365","14","1","0","0","299","299","148","20088","1845","4813","7555","54697","1002","8194","false","448974","154","245","603","25097","26810","15565"
"26","0.1","1","false","false","false","true","false","false","false","1","1","1","0.25","1","0","0","0","100","0","100","0.1","10","2.5","2","60","1.6","0.4","20.5","6.7","16","8.21","365","14","1","0","0","299","299","149","19647","1853","4767","7423","55299","1011","8035","false","450568","155","248","608","25258","27010","15666"
"26","0.1","1","false","false","false","true","false","false","false","1","1","1","0.25","1","0","0","0","100","0","100","0.1","10","2.5","2","60","1.6","0.4","20.5","6.7","16","8.21","365","14","1","0","0","299","299","150","19201","1858","4738","7326","55854","1023","7930","false","451857","156","252","615","25448","27167","15782"
"26","0.1","1","false","false","false","true","false","false","false","1","1","1","0.25","1","0","0","0","100","0","100","0.1","10","2.5","2","60","1.6","0.4","20.5","6.7","16","8.21","365","14","1","0","0","299","299","151","18758","1870","4685","7216","56439","1032","7824","false","452590","156","253","623","25600","27343","15887"
"26","0.1","1","false","false","false","true","false","false","false","1","1","1","0.25","1","0","0","0","100","0","100","0.1","10","2.5","2","60","1.6","0.4","20.5","6.7","16","8.21","365","14","1","0","0","299","299","152","18342","1835","4649","7104","57033","1037","7687","false","453519","156","254","627","25769","27529","15989"
"26","0.1","1","false","false","false","true","false","false","false","1","1","1","0.25","1","0","0","0","100","0","100","0.1","10","2.5","2","60","1.6","0.4","20.5","6.7","16","8.21","365","14","1","0","0","299","299","153","17900","1853","4582","7040","57581","1044","7502","false","454523","156","256","632","25926","27685","16082"
"26","0.1","1","false","false","false","true","false","false","false","1","1","1","0.25","1","0","0","0","100","0","100","0.1","10","2.5","2","60","1.6","0.4","20.5","6.7","16","8.21","365","14","1","0","0","299","299","154","17491","1819","4507","6987","58145","1051","7322","false","455874","156","258","637","26082","27873","16186"
"26","0.1","1","false","false","false","true","false","false","false","1","1","1","0.25","1","0","0","0","100","0","100","0.1","10","2.5","2","60","1.6","0.4","20.5","6.7","16","8.21","365","14","1","0","0","299","299","155","17100","1770","4478","6924","58671","1057","7240","false","457413","156","260","641","26240","28056","16305"
"26","0.1","1","false","false","false","true","false","false","false","1","1","1","0.25","1","0","0","0","100","0","100","0.1","10","2.5","2","60","1.6","0.4","20.5","6.7","16","8.21","365","14","1","0","0","299","299","156","16719","1746","4437","6830","59204","1064","7119","false","458179","156","263","645","26408","28225","16400"
"26","0.1","1","false","false","false","true","false","false","false","1","1","1","0.25","1","0","0","0","100","0","100","0.1","10","2.5","2","60","1.6","0.4","20.5","6.7","16","8.21","365","14","1","0","0","299","299","157","16330","1696","4386","6777","59736","1075","7020","false","459226","159","265","651","26577","28389","16512"
"26","0.1","1","false","false","false","true","false","false","false","1","1","1","0.25","1","0","0","0","100","0","100","0.1","10","2.5","2","60","1.6","0.4","20.5","6.7","16","8.21","365","14","1","0","0","299","299","158","15982","1659","4346","6698","60236","1079","6931","false","460083","160","266","653","26722","28544","16612"
"26","0.1","1","false","false","false","true","false","false","false","1","1","1","0.25","1","0","0","0","100","0","100","0.1","10","2.5","2","60","1.6","0.4","20.5","6.7","16","8.21","365","14","1","0","0","299","299","159","15574","1659","4313","6641","60724","1089","6790","false","460839","161","269","659","26881","28709","16692"
"26","0.1","1","false","false","false","true","false","false","false","1","1","1","0.25","1","0","0","0","100","0","100","0.1","10","2.5","2","60","1.6","0.4","20.5","6.7","16","8.21","365","14","1","0","0","299","299","160","15231","1601","4277","6584","61207","1100","6751","false","462044","162","272","666","27036","28881","16780"
"26","0.1","1","false","false","false","true","false","false","false","1","1","1","0.25","1","0","0","0","100","0","100","0.1","10","2.5","2","60","1.6","0.4","20.5","6.7","16","8.21","365","14","1","0","0","299","299","161","14844","1601","4235","6509","61701","1110","6671","false","462530","163","273","674","27182","29034","16870"
"26","0.1","1","false","false","false","true","false","false","false","1","1","1","0.25","1","0","0","0","100","0","100","0.1","10","2.5","2","60","1.6","0.4","20.5","6.7","16","8.21","365","14","1","0","0","299","299","162","14476","1572","4195","6469","62173","1115","6626","false","463147","164","275","676","27320","29194","16984"
"26","0.1","1","false","false","false","true","false","false","false","1","1","1","0.25","1","0","0","0","100","0","100","0.1","10","2.5","2","60","1.6","0.4","20.5","6.7","16","8.21","365","14","1","0","0","299","299","163","14121","1551","4152","6384","62665","1127","6490","false","463502","165","279","683","27469","29323","17086"
"26","0.1","1","false","false","false","true","false","false","false","1","1","1","0.25","1","0","0","0","100","0","100","0.1","10","2.5","2","60","1.6","0.4","20.5","6.7","16","8.21","365","14","1","0","0","299","299","164","13778","1539","4080","6301","63167","1135","6314","false","464560","167","280","688","27600","29477","17162"
"26","0.1","1","false","false","false","true","false","false","false","1","1","1","0.25","1","0","0","0","100","0","100","0.1","10","2.5","2","60","1.6","0.4","20.5","6.7","16","8.21","365","14","1","0","0","299","299","165","13456","1508","4018","6178","63698","1142","6178","false","466064","169","283","690","27742","29635","17223"
"26","0.1","1","false","false","false","true","false","false","false","1","1","1","0.25","1","0","0","0","100","0","100","0.1","10","2.5","2","60","1.6","0.4","20.5","6.7","16","8.21","365","14","1","0","0","299","299","166","13142","1465","3952","6112","64181","1148","6114","false","467275","169","286","693","27874","29773","17311"
"26","0.1","1","false","false","false","true","false","false","false","1","1","1","0.25","1","0","0","0","100","0","100","0.1","10","2.5","2","60","1.6","0.4","20.5","6.7","16","8.21","365","14","1","0","0","299","299","167","12818","1468","3869","5999","64692","1154","5916","false","467807","169","287","698","27996","29912","17386"
"26","0.1","1","false","false","false","true","false","false","false","1","1","1","0.25","1","0","0","0","100","0","100","0.1","10","2.5","2","60","1.6","0.4","20.5","6.7","16","8.21","365","14","1","0","0","299","299","168","12509","1412","3805","5952","65162","1160","5903","false","469481","169","288","703","28119","30060","17473"
"26","0.1","1","false","false","false","true","false","false","false","1","1","1","0.25","1","0","0","0","100","0","100","0.1","10","2.5","2","60","1.6","0.4","20.5","6.7","16","8.21","365","14","1","0","0","299","299","169","12216","1374","3743","5867","65633","1167","5762","false","469762","170","289","708","28245","30197","17546"
"26","0.1","1","false","false","false","true","false","false","false","1","1","1","0.25","1","0","0","0","100","0","100","0.1","10","2.5","2","60","1.6","0.4","20.5","6.7","16","8.21","365","14","1","0","0","299","299","170","11909","1322","3677","5794","66124","1174","5602","false","470907","171","293","710","28376","30340","17634"
"26","0.1","1","false","false","false","true","false","false","false","1","1","1","0.25","1","0","0","0","100","0","100","0.1","10","2.5","2","60","1.6","0.4","20.5","6.7","16","8.21","365","14","1","0","0","299","299","171","11612","1314","3608","5653","66634","1179","5550","false","472172","172","293","714","28511","30475","17706"
"26","0.1","1","false","false","false","true","false","false","false","1","1","1","0.25","1","0","0","0","100","0","100","0.1","10","2.5","2","60","1.6","0.4","20.5","6.7","16","8.21","365","14","1","0","0","299","299","172","11299","1315","3571","5542","67091","1182","5398","false","472725","175","293","714","28634","30628","17765"
"26","0.1","1","false","false","false","true","false","false","false","1","1","1","0.25","1","0","0","0","100","0","100","0.1","10","2.5","2","60","1.6","0.4","20.5","6.7","16","8.21","365","14","1","0","0","299","299","173","11011","1309","3527","5442","67522","1189","5264","false","473940","175","295","719","28759","30762","17844"
"26","0.1","1","false","false","false","true","false","false","false","1","1","1","0.25","1","0","0","0","100","0","100","0.1","10","2.5","2","60","1.6","0.4","20.5","6.7","16","8.21","365","14","1","0","0","299","299","174","10745","1245","3454","5381","67976","1199","5168","false","475055","178","296","725","28868","30876","17918"
"26","0.1","1","false","false","false","true","false","false","false","1","1","1","0.25","1","0","0","0","100","0","100","0.1","10","2.5","2","60","1.6","0.4","20.5","6.7","16","8.21","365","14","1","0","0","299","299","175","10455","1241","3358","5311","68424","1211","5096","false","475838","178","301","732","28962","30988","17984"
"26","0.1","1","false","false","false","true","false","false","false","1","1","1","0.25","1","0","0","0","100","0","100","0.1","10","2.5","2","60","1.6","0.4","20.5","6.7","16","8.21","365","14","1","0","0","299","299","176","10162","1225","3291","5249","68856","1217","4971","false","476427","179","303","735","29063","31103","18061"
"26","0.1","1","false","false","false","true","false","false","false","1","1","1","0.25","1","0","0","0","100","0","100","0.1","10","2.5","2","60","1.6","0.4","20.5","6.7","16","8.21","365","14","1","0","0","299","299","177","9887","1208","3250","5121","69309","1225","4940","false","477613","179","306","740","29185","31232","18124"
"26","0.1","1","false","false","false","true","false","false","false","1","1","1","0.25","1","0","0","0","100","0","100","0.1","10","2.5","2","60","1.6","0.4","20.5","6.7","16","8.21","365","14","1","0","0","299","299","178","9631","1186","3195","5018","69737","1233","4901","false","477963","179","306","748","29297","31361","18182"
"26","0.1","1","false","false","false","true","false","false","false","1","1","1","0.25","1","0","0","0","100","0","100","0.1","10","2.5","2","60","1.6","0.4","20.5","6.7","16","8.21","365","14","1","0","0","299","299","179","9394","1117","3160","4968","70122","1239","4814","false","478351","179","308","752","29405","31475","18256"
"26","0.1","1","false","false","false","true","false","false","false","1","1","1","0.25","1","0","0","0","100","0","100","0.1","10","2.5","2","60","1.6","0.4","20.5","6.7","16","8.21","365","14","1","0","0","299","299","180","9161","1105","3087","4852","70549","1246","4717","false","479136","179","309","758","29501","31562","18316"
"26","0.1","1","false","false","false","true","false","false","false","1","1","1","0.25","1","0","0","0","100","0","100","0.1","10","2.5","2","60","1.6","0.4","20.5","6.7","16","8.21","365","14","1","0","0","299","299","181","8915","1086","3036","4731","70976","1256","4659","false","479952","179","312","765","29600","31680","18393"
"26","0.1","1","false","false","false","true","false","false","false","1","1","1","0.25","1","0","0","0","100","0","100","0.1","10","2.5","2","60","1.6","0.4","20.5","6.7","16","8.21","365","14","1","0","0","299","299","182","8716","1009","3010","4657","71345","1263","4570","false","480282","180","315","768","29709","31796","18449"
"26","0.1","1","false","false","false","true","false","false","false","1","1","1","0.25","1","0","0","0","100","0","100","0.1","10","2.5","2","60","1.6","0.4","20.5","6.7","16","8.21","365","14","1","0","0","299","299","183","8504","974","2945","4585","71724","1268","4465","false","481028","180","317","771","29798","31896","18500"
"26","0.1","1","false","false","false","true","false","false","false","1","1","1","0.25","1","0","0","0","100","0","100","0.1","10","2.5","2","60","1.6","0.4","20.5","6.7","16","8.21","365","14","1","0","0","299","299","184","8273","970","2882","4465","72134","1276","4364","false","481900","181","319","776","29892","31991","18557"
"26","0.1","1","false","false","false","true","false","false","false","1","1","1","0.25","1","0","0","0","100","0","100","0.1","10","2.5","2","60","1.6","0.4","20.5","6.7","16","8.21","365","14","1","0","0","299","299","185","8043","972","2828","4377","72498","1282","4278","false","482798","183","320","779","29966","32083","18624"
"26","0.1","1","false","false","false","true","false","false","false","1","1","1","0.25","1","0","0","0","100","0","100","0.1","10","2.5","2","60","1.6","0.4","20.5","6.7","16","8.21","365","14","1","0","0","299","299","186","7814","953","2793","4291","72858","1291","4216","false","483611","184","324","783","30065","32187","18690"
"26","0.1","1","false","false","false","true","false","false","false","1","1","1","0.25","1","0","0","0","100","0","100","0.1","10","2.5","2","60","1.6","0.4","20.5","6.7","16","8.21","365","14","1","0","0","299","299","187","7616","935","2739","4183","73227","1300","4109","false","484039","185","325","790","30151","32274","18747"
"26","0.1","1","false","false","false","true","false","false","false","1","1","1","0.25","1","0","0","0","100","0","100","0.1","10","2.5","2","60","1.6","0.4","20.5","6.7","16","8.21","365","14","1","0","0","299","299","188","7429","899","2693","4101","73569","1309","3998","false","484833","186","328","795","30233","32374","18797"
"26","0.1","1","false","false","false","true","false","false","false","1","1","1","0.25","1","0","0","0","100","0","100","0.1","10","2.5","2","60","1.6","0.4","20.5","6.7","16","8.21","365","14","1","0","0","299","299","189","7231","913","2656","4002","73882","1316","3914","false","485749","187","329","800","30298","32463","18844"
"26","0.1","1","false","false","false","true","false","false","false","1","1","1","0.25","1","0","0","0","100","0","100","0.1","10","2.5","2","60","1.6","0.4","20.5","6.7","16","8.21","365","14","1","0","0","299","299","190","7039","892","2606","3932","74209","1322","3788","false","486403","188","330","804","30381","32549","18893"
"26","0.1","1","false","false","false","true","false","false","false","1","1","1","0.25","1","0","0","0","100","0","100","0.1","10","2.5","2","60","1.6","0.4","20.5","6.7","16","8.21","365","14","1","0","0","299","299","191","6864","852","2539","3897","74519","1329","3665","false","487394","189","331","809","30462","32635","18934"
"26","0.1","1","false","false","false","true","false","false","false","1","1","1","0.25","1","0","0","0","100","0","100","0.1","10","2.5","2","60","1.6","0.4","20.5","6.7","16","8.21","365","14","1","0","0","299","299","192","6666","824","2485","3848","74840","1337","3557","false","488387","189","332","816","30539","32719","18989"
"26","0.1","1","false","false","false","true","false","false","false","1","1","1","0.25","1","0","0","0","100","0","100","0.1","10","2.5","2","60","1.6","0.4","20.5","6.7","16","8.21","365","14","1","0","0","299","299","193","6480","820","2404","3779","75172","1345","3453","false","489301","191","334","820","30600","32796","19032"
"26","0.1","1","false","false","false","true","false","false","false","1","1","1","0.25","1","0","0","0","100","0","100","0.1","10","2.5","2","60","1.6","0.4","20.5","6.7","16","8.21","365","14","1","0","0","299","299","194","6309","782","2360","3675","75521","1353","3354","false","490149","194","336","823","30693","32865","19084"
"26","0.1","1","false","false","false","true","false","false","false","1","1","1","0.25","1","0","0","0","100","0","100","0.1","10","2.5","2","60","1.6","0.4","20.5","6.7","16","8.21","365","14","1","0","0","299","299","195","6116","785","2320","3590","75831","1358","3256","false","490953","194","337","827","30770","32940","19138"
"26","0.1","1","false","false","false","true","false","false","false","1","1","1","0.25","1","0","0","0","100","0","100","0.1","10","2.5","2","60","1.6","0.4","20.5","6.7","16","8.21","365","14","1","0","0","299","299","196","5965","744","2282","3501","76146","1362","3185","false","491732","195","338","829","30849","33006","19189"
"26","0.1","1","false","false","false","true","false","false","false","1","1","1","0.25","1","0","0","0","100","0","100","0.1","10","2.5","2","60","1.6","0.4","20.5","6.7","16","8.21","365","14","1","0","0","299","299","197","5782","737","2239","3402","76475","1365","3115","false","492336","195","340","830","30924","33092","19237"
"26","0.1","1","false","false","false","true","false","false","false","1","1","1","0.25","1","0","0","0","100","0","100","0.1","10","2.5","2","60","1.6","0.4","20.5","6.7","16","8.21","365","14","1","0","0","299","299","198","5597","745","2217","3337","76736","1368","3045","false","492984","196","340","832","30998","33164","19269"
"26","0.1","1","false","false","false","true","false","false","false","1","1","1","0.25","1","0","0","0","100","0","100","0.1","10","2.5","2","60","1.6","0.4","20.5","6.7","16","8.21","365","14","1","0","0","299","299","199","5416","760","2148","3267","77038","1371","3017","false","493697","197","340","834","31059","33231","19312"
"26","0.1","1","false","false","false","true","false","false","false","1","1","1","0.25","1","0","0","0","100","0","100","0.1","10","2.5","2","60","1.6","0.4","20.5","6.7","16","8.21","365","14","1","0","0","299","299","200","5279","693","2090","3237","77322","1379","2990","false","493959","197","342","840","31136","33321","19354"
"26","0.1","1","false","false","false","true","false","false","false","1","1","1","0.25","1","0","0","0","100","0","100","0.1","10","2.5","2","60","1.6","0.4","20.5","6.7","16","8.21","365","14","1","0","0","299","299","201","5116","700","2044","3146","77611","1383","2921","false","494208","197","344","842","31203","33395","19381"
"26","0.1","1","false","false","false","true","false","false","false","1","1","1","0.25","1","0","0","0","100","0","100","0.1","10","2.5","2","60","1.6","0.4","20.5","6.7","16","8.21","365","14","1","0","0","299","299","202","4970","658","2005","3106","77873","1388","2830","false","494720","197","346","845","31262","33470","19433"
"26","0.1","1","false","false","false","true","false","false","false","1","1","1","0.25","1","0","0","0","100","0","100","0.1","10","2.5","2","60","1.6","0.4","20.5","6.7","16","8.21","365","14","1","0","0","299","299","203","4832","630","1975","3040","78134","1389","2757","false","495514","197","346","846","31324","33519","19478"
"26","0.1","1","false","false","false","true","false","false","false","1","1","1","0.25","1","0","0","0","100","0","100","0.1","10","2.5","2","60","1.6","0.4","20.5","6.7","16","8.21","365","14","1","0","0","299","299","204","4706","603","1940","2975","78383","1393","2698","false","496127","197","346","850","31368","33591","19520"
"26","0.1","1","false","false","false","true","false","false","false","1","1","1","0.25","1","0","0","0","100","0","100","0.1","10","2.5","2","60","1.6","0.4","20.5","6.7","16","8.21","365","14","1","0","0","299","299","205","4545","611","1897","2894","78657","1396","2737","false","496651","199","347","850","31427","33661","19554"
"26","0.1","1","false","false","false","true","false","false","false","1","1","1","0.25","1","0","0","0","100","0","100","0.1","10","2.5","2","60","1.6","0.4","20.5","6.7","16","8.21","365","14","1","0","0","299","299","206","4406","602","1853","2826","78914","1399","2729","false","496569","200","347","852","31488","33720","19588"
"26","0.1","1","false","false","false","true","false","false","false","1","1","1","0.25","1","0","0","0","100","0","100","0.1","10","2.5","2","60","1.6","0.4","20.5","6.7","16","8.21","365","14","1","0","0","299","299","207","4282","575","1816","2765","79157","1405","2665","false","496778","201","349","855","31539","33777","19624"
"26","0.1","1","false","false","false","true","false","false","false","1","1","1","0.25","1","0","0","0","100","0","100","0.1","10","2.5","2","60","1.6","0.4","20.5","6.7","16","8.21","365","14","1","0","0","299","299","208","4156","562","1777","2709","79388","1408","2633","false","497255","201","351","856","31583","33845","19662"
"26","0.1","1","false","false","false","true","false","false","false","1","1","1","0.25","1","0","0","0","100","0","100","0.1","10","2.5","2","60","1.6","0.4","20.5","6.7","16","8.21","365","14","1","0","0","299","299","209","4038","557","1749","2598","79648","1410","2588","false","497641","201","351","858","31642","33911","19691"
"26","0.1","1","false","false","false","true","false","false","false","1","1","1","0.25","1","0","0","0","100","0","100","0.1","10","2.5","2","60","1.6","0.4","20.5","6.7","16","8.21","365","14","1","0","0","299","299","210","3923","532","1703","2558","79870","1414","2513","false","497980","202","353","859","31702","33963","19722"
"26","0.1","1","false","false","false","true","false","false","false","1","1","1","0.25","1","0","0","0","100","0","100","0.1","10","2.5","2","60","1.6","0.4","20.5","6.7","16","8.21","365","14","1","0","0","299","299","211","3824","517","1675","2474","80095","1415","2428","false","498581","202","354","859","31749","34006","19752"
"26","0.1","1","false","false","false","true","false","false","false","1","1","1","0.25","1","0","0","0","100","0","100","0.1","10","2.5","2","60","1.6","0.4","20.5","6.7","16","8.21","365","14","1","0","0","299","299","212","3712","502","1624","2415","80324","1423","2324","false","499293","204","354","865","31794","34055","19785"
"26","0.1","1","false","false","false","true","false","false","false","1","1","1","0.25","1","0","0","0","100","0","100","0.1","10","2.5","2","60","1.6","0.4","20.5","6.7","16","8.21","365","14","1","0","0","299","299","213","3584","508","1571","2379","80530","1428","2289","false","500077","205","355","868","31838","34102","19805"
"26","0.1","1","false","false","false","true","false","false","false","1","1","1","0.25","1","0","0","0","100","0","100","0.1","10","2.5","2","60","1.6","0.4","20.5","6.7","16","8.21","365","14","1","0","0","299","299","214","3466","500","1518","2323","80761","1432","2205","false","500329","205","357","870","31875","34151","19841"
"26","0.1","1","false","false","false","true","false","false","false","1","1","1","0.25","1","0","0","0","100","0","100","0.1","10","2.5","2","60","1.6","0.4","20.5","6.7","16","8.21","365","14","1","0","0","299","299","215","3367","472","1498","2259","80969","1435","2194","false","501035","206","357","872","31920","34197","19869"
"26","0.1","1","false","false","false","true","false","false","false","1","1","1","0.25","1","0","0","0","100","0","100","0.1","10","2.5","2","60","1.6","0.4","20.5","6.7","16","8.21","365","14","1","0","0","299","299","216","3277","462","1480","2173","81169","1439","2136","false","501151","206","358","875","31966","34236","19898"
"26","0.1","1","false","false","false","true","false","false","false","1","1","1","0.25","1","0","0","0","100","0","100","0.1","10","2.5","2","60","1.6","0.4","20.5","6.7","16","8.21","365","14","1","0","0","299","299","217","3179","442","1453","2123","81360","1443","2057","false","501642","206","358","879","32015","34288","19932"
"26","0.1","1","false","false","false","true","false","false","false","1","1","1","0.25","1","0","0","0","100","0","100","0.1","10","2.5","2","60","1.6","0.4","20.5","6.7","16","8.21","365","14","1","0","0","299","299","218","3083","442","1423","2050","81558","1444","1964","false","502285","206","359","879","32061","34334","19954"
"26","0.1","1","false","false","false","true","false","false","false","1","1","1","0.25","1","0","0","0","100","0","100","0.1","10","2.5","2","60","1.6","0.4","20.5","6.7","16","8.21","365","14","1","0","0","299","299","219","2986","420","1400","1997","81750","1447","1857","false","502996","206","359","882","32110","34377","19970"
"26","0.1","1","false","false","false","true","false","false","false","1","1","1","0.25","1","0","0","0","100","0","100","0.1","10","2.5","2","60","1.6","0.4","20.5","6.7","16","8.21","365","14","1","0","0","299","299","220","2874","427","1363","1947","81939","1450","1817","false","503846","206","360","884","32157","34426","19993"
"26","0.1","1","false","false","false","true","false","false","false","1","1","1","0.25","1","0","0","0","100","0","100","0.1","10","2.5","2","60","1.6","0.4","20.5","6.7","16","8.21","365","14","1","0","0","299","299","221","2770","442","1332","1893","82107","1456","1765","false","504249","207","361","888","32197","34457","20018"
"26","0.1","1","false","false","false","true","false","false","false","1","1","1","0.25","1","0","0","0","100","0","100","0.1","10","2.5","2","60","1.6","0.4","20.5","6.7","16","8.21","365","14","1","0","0","299","299","222","2685","421","1289","1851","82298","1456","1682","false","504633","207","361","888","32239","34497","20038"
"26","0.1","1","false","false","false","true","false","false","false","1","1","1","0.25","1","0","0","0","100","0","100","0.1","10","2.5","2","60","1.6","0.4","20.5","6.7","16","8.21","365","14","1","0","0","299","299","223","2600","395","1272","1807","82468","1458","1637","false","505365","207","361","890","32281","34542","20065"
"26","0.1","1","false","false","false","true","false","false","false","1","1","1","0.25","1","0","0","0","100","0","100","0.1","10","2.5","2","60","1.6","0.4","20.5","6.7","16","8.21","365","14","1","0","0","299","299","224","2515","383","1222","1770","82648","1462","1609","false","505771","207","365","890","32306","34577","20091"
"26","0.1","1","false","false","false","true","false","false","false","1","1","1","0.25","1","0","0","0","100","0","100","0.1","10","2.5","2","60","1.6","0.4","20.5","6.7","16","8.21","365","14","1","0","0","299","299","225","2420","394","1192","1724","82807","1463","1557","false","506005","208","365","890","32332","34617","20115"
"26","0.1","1","false","false","false","true","false","false","false","1","1","1","0.25","1","0","0","0","100","0","100","0.1","10","2.5","2","60","1.6","0.4","20.5","6.7","16","8.21","365","14","1","0","0","299","299","226","2345","375","1179","1679","82954","1468","1526","false","506405","209","365","894","32370","34653","20145"
"26","0.1","1","false","false","false","true","false","false","false","1","1","1","0.25","1","0","0","0","100","0","100","0.1","10","2.5","2","60","1.6","0.4","20.5","6.7","16","8.21","365","14","1","0","0","299","299","227","2276","351","1154","1645","83105","1469","1472","false","506723","209","366","894","32409","34689","20170"
"26","0.1","1","false","false","false","true","false","false","false","1","1","1","0.25","1","0","0","0","100","0","100","0.1","10","2.5","2","60","1.6","0.4","20.5","6.7","16","8.21","365","14","1","0","0","299","299","228","2191","354","1122","1609","83251","1473","1438","false","507191","210","367","896","32438","34721","20195"
"26","0.1","1","false","false","false","true","false","false","false","1","1","1","0.25","1","0","0","0","100","0","100","0.1","10","2.5","2","60","1.6","0.4","20.5","6.7","16","8.21","365","14","1","0","0","299","299","229","2109","367","1097","1556","83396","1475","1365","false","507522","212","367","896","32468","34752","20211"
"26","0.1","1","false","false","false","true","false","false","false","1","1","1","0.25","1","0","0","0","100","0","100","0.1","10","2.5","2","60","1.6","0.4","20.5","6.7","16","8.21","365","14","1","0","0","299","299","230","2040","347","1072","1534","83532","1475","1316","false","508119","212","367","896","32502","34783","20225"
"26","0.1","1","false","false","false","true","false","false","false","1","1","1","0.25","1","0","0","0","100","0","100","0.1","10","2.5","2","60","1.6","0.4","20.5","6.7","16","8.21","365","14","1","0","0","299","299","231","1970","324","1044","1513","83674","1475","1311","false","508554","212","367","896","32531","34810","20255"
"26","0.1","1","false","false","false","true","false","false","false","1","1","1","0.25","1","0","0","0","100","0","100","0.1","10","2.5","2","60","1.6","0.4","20.5","6.7","16","8.21","365","14","1","0","0","299","299","232","1910","301","1010","1494","83809","1476","1275","false","508673","212","367","897","32558","34855","20272"
"26","0.1","1","false","false","false","true","false","false","false","1","1","1","0.25","1","0","0","0","100","0","100","0.1","10","2.5","2","60","1.6","0.4","20.5","6.7","16","8.21","365","14","1","0","0","299","299","233","1839","290","977","1464","83954","1476","1256","false","509006","212","367","897","32598","34876","20286"
"26","0.1","1","false","false","false","true","false","false","false","1","1","1","0.25","1","0","0","0","100","0","100","0.1","10","2.5","2","60","1.6","0.4","20.5","6.7","16","8.21","365","14","1","0","0","299","299","234","1789","263","969","1419","84082","1478","1177","false","509260","212","367","899","32628","34919","20304"
"26","0.1","1","false","false","false","true","false","false","false","1","1","1","0.25","1","0","0","0","100","0","100","0.1","10","2.5","2","60","1.6","0.4","20.5","6.7","16","8.21","365","14","1","0","0","299","299","235","1735","266","946","1358","84214","1481","1112","false","509893","212","368","901","32655","34942","20319"
"26","0.1","1","false","false","false","true","false","false","false","1","1","1","0.25","1","0","0","0","100","0","100","0.1","10","2.5","2","60","1.6","0.4","20.5","6.7","16","8.21","365","14","1","0","0","299","299","236","1660","274","910","1311","84362","1483","1067","false","510432","213","368","902","32679","34971","20333"
"26","0.1","1","false","false","false","true","false","false","false","1","1","1","0.25","1","0","0","0","100","0","100","0.1","10","2.5","2","60","1.6","0.4","20.5","6.7","16","8.21","365","14","1","0","0","299","299","237","1591","271","886","1288","84479","1485","1084","false","510789","213","368","904","32701","35002","20352"
"26","0.1","1","false","false","false","true","false","false","false","1","1","1","0.25","1","0","0","0","100","0","100","0.1","10","2.5","2","60","1.6","0.4","20.5","6.7","16","8.21","365","14","1","0","0","299","299","238","1534","275","863","1242","84598","1488","1066","false","510697","213","369","906","32721","35029","20365"
"26","0.1","1","false","false","false","true","false","false","false","1","1","1","0.25","1","0","0","0","100","0","100","0.1","10","2.5","2","60","1.6","0.4","20.5","6.7","16","8.21","365","14","1","0","0","299","299","239","1479","265","837","1227","84703","1489","1026","false","510820","214","369","906","32744","35058","20373"
"26","0.1","1","false","false","false","true","false","false","false","1","1","1","0.25","1","0","0","0","100","0","100","0.1","10","2.5","2","60","1.6","0.4","20.5","6.7","16","8.21","365","14","1","0","0","299","299","240","1435","244","809","1206","84815","1491","1025","false","511189","214","371","906","32768","35079","20394"
"26","0.1","1","false","false","false","true","false","false","false","1","1","1","0.25","1","0","0","0","100","0","100","0.1","10","2.5","2","60","1.6","0.4","20.5","6.7","16","8.21","365","14","1","0","0","299","299","241","1389","225","790","1191","84913","1492","992","false","511218","214","371","907","32784","35107","20414"
"26","0.1","1","false","false","false","true","false","false","false","1","1","1","0.25","1","0","0","0","100","0","100","0.1","10","2.5","2","60","1.6","0.4","20.5","6.7","16","8.21","365","14","1","0","0","299","299","242","1342","211","767","1163","85023","1494","973","false","511510","214","372","908","32807","35137","20426"
"26","0.1","1","false","false","false","true","false","false","false","1","1","1","0.25","1","0","0","0","100","0","100","0.1","10","2.5","2","60","1.6","0.4","20.5","6.7","16","8.21","365","14","1","0","0","299","299","243","1297","207","751","1118","85130","1497","958","false","511656","215","373","909","32830","35156","20444"
"26","0.1","1","false","false","false","true","false","false","false","1","1","1","0.25","1","0","0","0","100","0","100","0.1","10","2.5","2","60","1.6","0.4","20.5","6.7","16","8.21","365","14","1","0","0","299","299","244","1247","208","744","1082","85219","1500","942","false","511762","216","373","911","32850","35187","20454"
"26","0.1","1","false","false","false","true","false","false","false","1","1","1","0.25","1","0","0","0","100","0","100","0.1","10","2.5","2","60","1.6","0.4","20.5","6.7","16","8.21","365","14","1","0","0","299","299","245","1202","207","717","1050","85320","1504","903","false","511912","217","374","913","32864","35209","20460"
"26","0.1","1","false","false","false","true","false","false","false","1","1","1","0.25","1","0","0","0","100","0","100","0.1","10","2.5","2","60","1.6","0.4","20.5","6.7","16","8.21","365","14","1","0","0","299","299","246","1152","203","693","1016","85427","1509","876","false","512252","218","374","917","32892","35224","20467"
"26","0.1","1","false","false","false","true","false","false","false","1","1","1","0.25","1","0","0","0","100","0","100","0.1","10","2.5","2","60","1.6","0.4","20.5","6.7","16","8.21","365","14","1","0","0","299","299","247","1106","205","681","984","85514","1510","865","false","512422","218","374","918","32903","35247","20482"
"26","0.1","1","false","false","false","true","false","false","false","1","1","1","0.25","1","0","0","0","100","0","100","0.1","10","2.5","2","60","1.6","0.4","20.5","6.7","16","8.21","365","14","1","0","0","299","299","248","1062","197","659","963","85609","1510","864","false","512584","218","374","918","32924","35261","20498"
"26","0.1","1","false","false","false","true","false","false","false","1","1","1","0.25","1","0","0","0","100","0","100","0.1","10","2.5","2","60","1.6","0.4","20.5","6.7","16","8.21","365","14","1","0","0","299","299","249","1025","197","641","913","85713","1511","862","false","512637","218","375","918","32936","35278","20508"
"26","0.1","1","false","false","false","true","false","false","false","1","1","1","0.25","1","0","0","0","100","0","100","0.1","10","2.5","2","60","1.6","0.4","20.5","6.7","16","8.21","365","14","1","0","0","299","299","250","987","188","622","884","85803","1516","842","false","512659","219","376","921","32960","35298","20516"
"26","0.1","1","false","false","false","true","false","false","false","1","1","1","0.25","1","0","0","0","100","0","100","0.1","10","2.5","2","60","1.6","0.4","20.5","6.7","16","8.21","365","14","1","0","0","299","299","251","943","178","602","880","85880","1517","794","false","512801","219","376","922","32973","35320","20526"
"26","0.1","1","false","false","false","true","false","false","false","1","1","1","0.25","1","0","0","0","100","0","100","0.1","10","2.5","2","60","1.6","0.4","20.5","6.7","16","8.21","365","14","1","0","0","299","299","252","906","172","586","861","85958","1517","780","false","513226","219","376","922","32986","35340","20532"
"26","0.1","1","false","false","false","true","false","false","false","1","1","1","0.25","1","0","0","0","100","0","100","0.1","10","2.5","2","60","1.6","0.4","20.5","6.7","16","8.21","365","14","1","0","0","299","299","253","862","172","560","836","86050","1520","741","false","513341","219","377","924","33006","35353","20542"
"26","0.1","1","false","false","false","true","false","false","false","1","1","1","0.25","1","0","0","0","100","0","100","0.1","10","2.5","2","60","1.6","0.4","20.5","6.7","16","8.21","365","14","1","0","0","299","299","254","821","174","569","796","86119","1521","754","false","513635","219","377","925","33019","35378","20553"
"26","0.1","1","false","false","false","true","false","false","false","1","1","1","0.25","1","0","0","0","100","0","100","0.1","10","2.5","2","60","1.6","0.4","20.5","6.7","16","8.21","365","14","1","0","0","299","299","255","781","183","561","766","86187","1522","751","false","513582","220","377","925","33036","35390","20562"
"26","0.1","1","false","false","false","true","false","false","false","1","1","1","0.25","1","0","0","0","100","0","100","0.1","10","2.5","2","60","1.6","0.4","20.5","6.7","16","8.21","365","14","1","0","0","299","299","256","739","190","548","740","86261","1522","743","false","513611","220","377","925","33052","35404","20571"
"26","0.1","1","false","false","false","true","false","false","false","1","1","1","0.25","1","0","0","0","100","0","100","0.1","10","2.5","2","60","1.6","0.4","20.5","6.7","16","8.21","365","14","1","0","0","299","299","257","697","184","540","729","86328","1522","730","false","513708","220","377","925","33065","35422","20584"
"26","0.1","1","false","false","false","true","false","false","false","1","1","1","0.25","1","0","0","0","100","0","100","0.1","10","2.5","2","60","1.6","0.4","20.5","6.7","16","8.21","365","14","1","0","0","299","299","258","665","179","529","710","86395","1522","717","false","513793","220","377","925","33081","35433","20597"
"26","0.1","1","false","false","false","true","false","false","false","1","1","1","0.25","1","0","0","0","100","0","100","0.1","10","2.5","2","60","1.6","0.4","20.5","6.7","16","8.21","365","14","1","0","0","299","299","259","629","179","499","683","86487","1523","703","false","513944","221","377","925","33093","35450","20604"
"26","0.1","1","false","false","false","true","false","false","false","1","1","1","0.25","1","0","0","0","100","0","100","0.1","10","2.5","2","60","1.6","0.4","20.5","6.7","16","8.21","365","14","1","0","0","299","299","260","610","151","488","678","86550","1523","681","false","514087","221","377","925","33117","35471","20609"
"26","0.1","1","false","false","false","true","false","false","false","1","1","1","0.25","1","0","0","0","100","0","100","0.1","10","2.5","2","60","1.6","0.4","20.5","6.7","16","8.21","365","14","1","0","0","299","299","261","586","128","467","672","86622","1525","641","false","514307","221","379","925","33128","35488","20619"
"26","0.1","1","false","false","false","true","false","false","false","1","1","1","0.25","1","0","0","0","100","0","100","0.1","10","2.5","2","60","1.6","0.4","20.5","6.7","16","8.21","365","14","1","0","0","299","299","262","561","115","455","661","86683","1525","623","false","514612","221","379","925","33140","35503","20629"
"26","0.1","1","false","false","false","true","false","false","false","1","1","1","0.25","1","0","0","0","100","0","100","0.1","10","2.5","2","60","1.6","0.4","20.5","6.7","16","8.21","365","14","1","0","0","299","299","263","526","110","452","656","86730","1526","597","false","514739","221","379","926","33154","35516","20639"
"26","0.1","1","false","false","false","true","false","false","false","1","1","1","0.25","1","0","0","0","100","0","100","0.1","10","2.5","2","60","1.6","0.4","20.5","6.7","16","8.21","365","14","1","0","0","299","299","264","494","117","435","626","86801","1527","568","false","514888","222","379","926","33162","35527","20650"
"26","0.1","1","false","false","false","true","false","false","false","1","1","1","0.25","1","0","0","0","100","0","100","0.1","10","2.5","2","60","1.6","0.4","20.5","6.7","16","8.21","365","14","1","0","0","299","299","265","467","117","427","604","86857","1528","563","false","515120","222","380","926","33173","35542","20656"
"26","0.1","1","false","false","false","true","false","false","false","1","1","1","0.25","1","0","0","0","100","0","100","0.1","10","2.5","2","60","1.6","0.4","20.5","6.7","16","8.21","365","14","1","0","0","299","299","266","444","114","413","585","86916","1528","527","false","515153","222","380","926","33187","35550","20664"
"26","0.1","1","false","false","false","true","false","false","false","1","1","1","0.25","1","0","0","0","100","0","100","0.1","10","2.5","2","60","1.6","0.4","20.5","6.7","16","8.21","365","14","1","0","0","299","299","267","416","110","404","570","86971","1529","506","false","515471","222","381","926","33198","35561","20679"
"26","0.1","1","false","false","false","true","false","false","false","1","1","1","0.25","1","0","0","0","100","0","100","0.1","10","2.5","2","60","1.6","0.4","20.5","6.7","16","8.21","365","14","1","0","0","299","299","268","389","114","398","547","87022","1530","479","false","515632","223","381","926","33207","35571","20685"
"26","0.1","1","false","false","false","true","false","false","false","1","1","1","0.25","1","0","0","0","100","0","100","0.1","10","2.5","2","60","1.6","0.4","20.5","6.7","16","8.21","365","14","1","0","0","299","299","269","363","116","380","535","87075","1531","452","false","515898","223","381","927","33220","35579","20690"
"26","0.1","1","false","false","false","true","false","false","false","1","1","1","0.25","1","0","0","0","100","0","100","0.1","10","2.5","2","60","1.6","0.4","20.5","6.7","16","8.21","365","14","1","0","0","299","299","270","338","111","376","529","87114","1532","427","false","516163","223","381","928","33231","35592","20695"
"26","0.1","1","false","false","false","true","false","false","false","1","1","1","0.25","1","0","0","0","100","0","100","0.1","10","2.5","2","60","1.6","0.4","20.5","6.7","16","8.21","365","14","1","0","0","299","299","271","314","109","362","511","87170","1534","412","false","516376","223","382","929","33241","35603","20699"
"26","0.1","1","false","false","false","true","false","false","false","1","1","1","0.25","1","0","0","0","100","0","100","0.1","10","2.5","2","60","1.6","0.4","20.5","6.7","16","8.21","365","14","1","0","0","299","299","272","287","111","336","505","87227","1534","399","false","516519","223","382","929","33252","35613","20702"
"26","0.1","1","false","false","false","true","false","false","false","1","1","1","0.25","1","0","0","0","100","0","100","0.1","10","2.5","2","60","1.6","0.4","20.5","6.7","16","8.21","365","14","1","0","0","299","299","273","269","104","331","491","87270","1535","391","false","516650","223","383","929","33260","35621","20711"
"26","0.1","1","false","false","false","true","false","false","false","1","1","1","0.25","1","0","0","0","100","0","100","0.1","10","2.5","2","60","1.6","0.4","20.5","6.7","16","8.21","365","14","1","0","0","299","299","274","250","106","323","470","87314","1537","372","false","516720","223","385","929","33269","35634","20714"
"26","0.1","1","false","false","false","true","false","false","false","1","1","1","0.25","1","0","0","0","100","0","100","0.1","10","2.5","2","60","1.6","0.4","20.5","6.7","16","8.21","365","14","1","0","0","299","299","275","234","94","319","461","87353","1539","368","false","516878","223","385","931","33281","35644","20723"
"26","0.1","1","false","false","false","true","false","false","false","1","1","1","0.25","1","0","0","0","100","0","100","0.1","10","2.5","2","60","1.6","0.4","20.5","6.7","16","8.21","365","14","1","0","0","299","299","276","216","90","310","444","87400","1540","352","false","516885","223","385","932","33286","35656","20728"
"26","0.1","1","false","false","false","true","false","false","false","1","1","1","0.25","1","0","0","0","100","0","100","0.1","10","2.5","2","60","1.6","0.4","20.5","6.7","16","8.21","365","14","1","0","0","299","299","277","201","88","299","427","87444","1541","343","false","517036","223","385","933","33292","35660","20738"
"26","0.1","1","false","false","false","true","false","false","false","1","1","1","0.25","1","0","0","0","100","0","100","0.1","10","2.5","2","60","1.6","0.4","20.5","6.7","16","8.21","365","14","1","0","0","299","299","278","188","73","289","426","87483","1541","321","false","517101","223","385","933","33294","35670","20742"
"26","0.1","1","false","false","false","true","false","false","false","1","1","1","0.25","1","0","0","0","100","0","100","0.1","10","2.5","2","60","1.6","0.4","20.5","6.7","16","8.21","365","14","1","0","0","299","299","279","172","70","278","410","87529","1541","313","false","517281","223","385","933","33305","35676","20746"
"26","0.1","1","false","false","false","true","false","false","false","1","1","1","0.25","1","0","0","0","100","0","100","0.1","10","2.5","2","60","1.6","0.4","20.5","6.7","16","8.21","365","14","1","0","0","299","299","280","161","64","272","395","87566","1542","297","false","517352","223","385","934","33313","35688","20751"
"26","0.1","1","false","false","false","true","false","false","false","1","1","1","0.25","1","0","0","0","100","0","100","0.1","10","2.5","2","60","1.6","0.4","20.5","6.7","16","8.21","365","14","1","0","0","299","299","281","153","57","264","377","87605","1544","268","false","517456","224","385","935","33317","35693","20756"
"26","0.1","1","false","false","false","true","false","false","false","1","1","1","0.25","1","0","0","0","100","0","100","0.1","10","2.5","2","60","1.6","0.4","20.5","6.7","16","8.21","365","14","1","0","0","299","299","282","144","50","259","364","87638","1545","252","false","517681","224","385","936","33324","35702","20758"
"26","0.1","1","false","false","false","true","false","false","false","1","1","1","0.25","1","0","0","0","100","0","100","0.1","10","2.5","2","60","1.6","0.4","20.5","6.7","16","8.21","365","14","1","0","0","299","299","283","130","56","251","340","87678","1545","245","false","517834","224","385","936","33329","35709","20761"
"26","0.1","1","false","false","false","true","false","false","false","1","1","1","0.25","1","0","0","0","100","0","100","0.1","10","2.5","2","60","1.6","0.4","20.5","6.7","16","8.21","365","14","1","0","0","299","299","284","113","65","242","311","87723","1546","224","false","517893","224","386","936","33330","35715","20763"
"26","0.1","1","false","false","false","true","false","false","false","1","1","1","0.25","1","0","0","0","100","0","100","0.1","10","2.5","2","60","1.6","0.4","20.5","6.7","16","8.21","365","14","1","0","0","299","299","285","102","64","235","296","87757","1546","213","false","518055","224","386","936","33338","35719","20766"
"26","0.1","1","false","false","false","true","false","false","false","1","1","1","0.25","1","0","0","0","100","0","100","0.1","10","2.5","2","60","1.6","0.4","20.5","6.7","16","8.21","365","14","1","0","0","299","299","286","96","58","232","286","87782","1546","196","false","518152","224","386","936","33340","35726","20768"
"26","0.1","1","false","false","false","true","false","false","false","1","1","1","0.25","1","0","0","0","100","0","100","0.1","10","2.5","2","60","1.6","0.4","20.5","6.7","16","8.21","365","14","1","0","0","299","299","287","90","47","224","284","87807","1548","171","false","518312","224","386","938","33344","35734","20771"
"26","0.1","1","false","false","false","true","false","false","false","1","1","1","0.25","1","0","0","0","100","0","100","0.1","10","2.5","2","60","1.6","0.4","20.5","6.7","16","8.21","365","14","1","0","0","299","299","288","82","40","218","281","87831","1548","146","false","518492","224","386","938","33347","35739","20774"
"26","0.1","1","false","false","false","true","false","false","false","1","1","1","0.25","1","0","0","0","100","0","100","0.1","10","2.5","2","60","1.6","0.4","20.5","6.7","16","8.21","365","14","1","0","0","299","299","289","74","39","209","266","87864","1548","120","false","518721","224","386","938","33349","35744","20777"
"26","0.1","1","false","false","false","true","false","false","false","1","1","1","0.25","1","0","0","0","100","0","100","0.1","10","2.5","2","60","1.6","0.4","20.5","6.7","16","8.21","365","14","1","0","0","299","299","290","69","30","199","265","87887","1550","108","false","518956","224","386","940","33355","35750","20780"
"26","0.1","1","false","false","false","true","false","false","false","1","1","1","0.25","1","0","0","0","100","0","100","0.1","10","2.5","2","60","1.6","0.4","20.5","6.7","16","8.21","365","14","1","0","0","299","299","291","62","30","183","256","87919","1550","99","false","519041","224","386","940","33357","35752","20782"
"26","0.1","1","false","false","false","true","false","false","false","1","1","1","0.25","1","0","0","0","100","0","100","0.1","10","2.5","2","60","1.6","0.4","20.5","6.7","16","8.21","365","14","1","0","0","299","299","292","55","32","176","234","87953","1550","83","false","519132","224","386","940","33361","35755","20786"
"26","0.1","1","false","false","false","true","false","false","false","1","1","1","0.25","1","0","0","0","100","0","100","0.1","10","2.5","2","60","1.6","0.4","20.5","6.7","16","8.21","365","14","1","0","0","299","299","293","48","29","176","219","87977","1551","72","false","519286","224","387","940","33367","35760","20786"
"26","0.1","1","false","false","false","true","false","false","false","1","1","1","0.25","1","0","0","0","100","0","100","0.1","10","2.5","2","60","1.6","0.4","20.5","6.7","16","8.21","365","14","1","0","0","299","299","294","42","25","173","208","88000","1552","63","false","519389","225","387","940","33373","35761","20791"
"26","0.1","1","false","false","false","true","false","false","false","1","1","1","0.25","1","0","0","0","100","0","100","0.1","10","2.5","2","60","1.6","0.4","20.5","6.7","16","8.21","365","14","1","0","0","299","299","295","37","25","158","194","88033","1553","48","false","519463","225","387","941","33374","35763","20791"
"26","0.1","1","false","false","false","true","false","false","false","1","1","1","0.25","1","0","0","0","100","0","100","0.1","10","2.5","2","60","1.6","0.4","20.5","6.7","16","8.21","365","14","1","0","0","299","299","296","34","22","149","182","88060","1553","35","false","519610","225","387","941","33375","35768","20793"
"26","0.1","1","false","false","false","true","false","false","false","1","1","1","0.25","1","0","0","0","100","0","100","0.1","10","2.5","2","60","1.6","0.4","20.5","6.7","16","8.21","365","14","1","0","0","299","299","297","30","23","142","169","88083","1553","15","false","519745","225","387","941","33377","35770","20794"
"26","0.1","1","false","false","false","true","false","false","false","1","1","1","0.25","1","0","0","0","100","0","100","0.1","10","2.5","2","60","1.6","0.4","20.5","6.7","16","8.21","365","14","1","0","0","299","299","298","26","21","130","163","88105","1555","7","false","519967","225","387","943","33378","35774","20795"
"26","0.1","1","false","false","false","true","false","false","false","1","1","1","0.25","1","0","0","0","100","0","100","0.1","10","2.5","2","60","1.6","0.4","20.5","6.7","16","8.21","365","14","1","0","0","299","299","299","26","17","125","155","88121","1556","0","false","520035","226","387","943","33381","35774","20796"
"26","0.1","1","false","false","false","true","false","false","false","1","1","1","0.25","1","0","0","0","100","0","100","0.1","10","2.5","2","60","1.6","0.4","20.5","6.7","16","8.21","365","14","1","0","0","299","299","300","22","17","119","144","88142","1556","0","false","520103","226","387","943","33384","35778","20797"
"26","0.1","1","false","false","false","true","false","false","false","1","1","1","0.25","1","0","0","0","100","0","100","0.1","10","2.5","2","60","1.6","0.4","20.5","6.7","16","8.21","365","14","1","0","0","299","299","301","22","11","110","133","88168","1556","0","false","520103","226","387","943","33385","35781","20798"
"26","0.1","1","false","false","false","true","false","false","false","1","1","1","0.25","1","0","0","0","100","0","100","0.1","10","2.5","2","60","1.6","0.4","20.5","6.7","16","8.21","365","14","1","0","0","299","299","302","22","7","102","126","88187","1556","0","false","520103","226","387","943","33386","35781","20799"
"26","0.1","1","false","false","false","true","false","false","false","1","1","1","0.25","1","0","0","0","100","0","100","0.1","10","2.5","2","60","1.6","0.4","20.5","6.7","16","8.21","365","14","1","0","0","299","299","303","22","4","94","120","88204","1556","0","false","520103","226","387","943","33387","35782","20799"
"26","0.1","1","false","false","false","true","false","false","false","1","1","1","0.25","1","0","0","0","100","0","100","0.1","10","2.5","2","60","1.6","0.4","20.5","6.7","16","8.21","365","14","1","0","0","299","299","304","22","2","91","109","88220","1556","0","false","520103","226","387","943","33388","35783","20799"
"26","0.1","1","false","false","false","true","false","false","false","1","1","1","0.25","1","0","0","0","100","0","100","0.1","10","2.5","2","60","1.6","0.4","20.5","6.7","16","8.21","365","14","1","0","0","299","299","305","21","3","84","99","88236","1557","0","false","520103","227","387","943","33388","35783","20800"
"26","0.1","1","false","false","false","true","false","false","false","1","1","1","0.25","1","0","0","0","100","0","100","0.1","10","2.5","2","60","1.6","0.4","20.5","6.7","16","8.21","365","14","1","0","0","299","299","306","21","2","79","88","88253","1557","0","false","520091","227","387","943","33389","35783","20801"
"26","0.1","1","false","false","false","true","false","false","false","1","1","1","0.25","1","0","0","0","100","0","100","0.1","10","2.5","2","60","1.6","0.4","20.5","6.7","16","8.21","365","14","1","0","0","299","299","307","21","1","76","82","88262","1558","0","false","520091","227","387","944","33391","35784","20801"
"26","0.1","1","false","false","false","true","false","false","false","1","1","1","0.25","1","0","0","0","100","0","100","0.1","10","2.5","2","60","1.6","0.4","20.5","6.7","16","8.21","365","14","1","0","0","299","299","308","21","1","73","76","88271","1558","0","false","520079","227","387","944","33392","35784","20801"
"26","0.1","1","false","false","false","true","false","false","false","1","1","1","0.25","1","0","0","0","100","0","100","0.1","10","2.5","2","60","1.6","0.4","20.5","6.7","16","8.21","365","14","1","0","0","299","299","309","21","1","72","68","88280","1558","0","false","520079","227","387","944","33392","35784","20801"
"26","0.1","1","false","false","false","true","false","false","false","1","1","1","0.25","1","0","0","0","100","0","100","0.1","10","2.5","2","60","1.6","0.4","20.5","6.7","16","8.21","365","14","1","0","0","299","299","310","21","0","69","62","88290","1558","0","false","520079","227","387","944","33392","35786","20801"
"26","0.1","1","false","false","false","true","false","false","false","1","1","1","0.25","1","0","0","0","100","0","100","0.1","10","2.5","2","60","1.6","0.4","20.5","6.7","16","8.21","365","14","1","0","0","299","299","311","21","0","64","57","88300","1558","0","false","520079","227","387","944","33392","35786","20801"
"26","0.1","1","false","false","false","true","false","false","false","1","1","1","0.25","1","0","0","0","100","0","100","0.1","10","2.5","2","60","1.6","0.4","20.5","6.7","16","8.21","365","14","1","0","0","299","299","312","21","0","56","51","88314","1558","0","false","520079","227","387","944","33392","35786","20801"
"26","0.1","1","false","false","false","true","false","false","false","1","1","1","0.25","1","0","0","0","100","0","100","0.1","10","2.5","2","60","1.6","0.4","20.5","6.7","16","8.21","365","14","1","0","0","299","299","313","21","0","51","43","88326","1559","0","false","520079","227","387","945","33392","35786","20801"
"26","0.1","1","false","false","false","true","false","false","false","1","1","1","0.25","1","0","0","0","100","0","100","0.1","10","2.5","2","60","1.6","0.4","20.5","6.7","16","8.21","365","14","1","0","0","299","299","314","21","0","48","40","88331","1560","0","false","520067","227","387","946","33392","35786","20801"
"26","0.1","1","false","false","false","true","false","false","false","1","1","1","0.25","1","0","0","0","100","0","100","0.1","10","2.5","2","60","1.6","0.4","20.5","6.7","16","8.21","365","14","1","0","0","299","299","315","21","0","43","37","88339","1560","0","false","520056","227","387","946","33392","35786","20801"
"26","0.1","1","false","false","false","true","false","false","false","1","1","1","0.25","1","0","0","0","100","0","100","0.1","10","2.5","2","60","1.6","0.4","20.5","6.7","16","8.21","365","14","1","0","0","299","299","316","21","0","37","31","88351","1560","0","false","520056","227","387","946","33392","35786","20801"
"26","0.1","1","false","false","false","true","false","false","false","1","1","1","0.25","1","0","0","0","100","0","100","0.1","10","2.5","2","60","1.6","0.4","20.5","6.7","16","8.21","365","14","1","0","0","299","299","317","21","0","32","27","88360","1560","0","false","520056","227","387","946","33392","35786","20801"
"26","0.1","1","false","false","false","true","false","false","false","1","1","1","0.25","1","0","0","0","100","0","100","0.1","10","2.5","2","60","1.6","0.4","20.5","6.7","16","8.21","365","14","1","0","0","299","299","318","21","0","28","23","88368","1560","0","false","520056","227","387","946","33392","35786","20801"
"26","0.1","1","false","false","false","true","false","false","false","1","1","1","0.25","1","0","0","0","100","0","100","0.1","10","2.5","2","60","1.6","0.4","20.5","6.7","16","8.21","365","14","1","0","0","299","299","319","21","0","24","21","88373","1561","0","false","520056","227","387","947","33392","35786","20801"
"26","0.1","1","false","false","false","true","false","false","false","1","1","1","0.25","1","0","0","0","100","0","100","0.1","10","2.5","2","60","1.6","0.4","20.5","6.7","16","8.21","365","14","1","0","0","299","299","320","21","0","17","15","88386","1561","0","false","520045","227","387","947","33392","35786","20801"
"26","0.1","1","false","false","false","true","false","false","false","1","1","1","0.25","1","0","0","0","100","0","100","0.1","10","2.5","2","60","1.6","0.4","20.5","6.7","16","8.21","365","14","1","0","0","299","299","321","21","0","16","13","88389","1561","0","false","520045","227","387","947","33392","35786","20801"
"26","0.1","1","false","false","false","true","false","false","false","1","1","1","0.25","1","0","0","0","100","0","100","0.1","10","2.5","2","60","1.6","0.4","20.5","6.7","16","8.21","365","14","1","0","0","299","299","322","21","0","11","9","88398","1561","0","false","520045","227","387","947","33392","35786","20801"
"26","0.1","1","false","false","false","true","false","false","false","1","1","1","0.25","1","0","0","0","100","0","100","0.1","10","2.5","2","60","1.6","0.4","20.5","6.7","16","8.21","365","14","1","0","0","299","299","323","21","0","10","8","88400","1561","0","false","520045","227","387","947","33392","35786","20801"
"26","0.1","1","false","false","false","true","false","false","false","1","1","1","0.25","1","0","0","0","100","0","100","0.1","10","2.5","2","60","1.6","0.4","20.5","6.7","16","8.21","365","14","1","0","0","299","299","324","21","0","10","6","88402","1561","0","false","520045","227","387","947","33392","35786","20801"
"26","0.1","1","false","false","false","true","false","false","false","1","1","1","0.25","1","0","0","0","100","0","100","0.1","10","2.5","2","60","1.6","0.4","20.5","6.7","16","8.21","365","14","1","0","0","299","299","325","21","0","7","5","88406","1561","0","false","520045","227","387","947","33392","35786","20801"
"26","0.1","1","false","false","false","true","false","false","false","1","1","1","0.25","1","0","0","0","100","0","100","0.1","10","2.5","2","60","1.6","0.4","20.5","6.7","16","8.21","365","14","1","0","0","299","299","326","21","0","5","4","88409","1561","0","false","520045","227","387","947","33392","35786","20801"
"26","0.1","1","false","false","false","true","false","false","false","1","1","1","0.25","1","0","0","0","100","0","100","0.1","10","2.5","2","60","1.6","0.4","20.5","6.7","16","8.21","365","14","1","0","0","299","299","327","21","0","4","4","88410","1561","0","false","520045","227","387","947","33392","35786","20801"
"26","0.1","1","false","false","false","true","false","false","false","1","1","1","0.25","1","0","0","0","100","0","100","0.1","10","2.5","2","60","1.6","0.4","20.5","6.7","16","8.21","365","14","1","0","0","299","299","328","21","0","4","3","88411","1561","0","false","520045","227","387","947","33392","35786","20801"
"26","0.1","1","false","false","false","true","false","false","false","1","1","1","0.25","1","0","0","0","100","0","100","0.1","10","2.5","2","60","1.6","0.4","20.5","6.7","16","8.21","365","14","1","0","0","299","299","329","21","0","4","3","88411","1561","0","false","520045","227","387","947","33392","35786","20801"
"26","0.1","1","false","false","false","true","false","false","false","1","1","1","0.25","1","0","0","0","100","0","100","0.1","10","2.5","2","60","1.6","0.4","20.5","6.7","16","8.21","365","14","1","0","0","299","299","330","21","0","4","3","88411","1561","0","false","520045","227","387","947","33392","35786","20801"
"26","0.1","1","false","false","false","true","false","false","false","1","1","1","0.25","1","0","0","0","100","0","100","0.1","10","2.5","2","60","1.6","0.4","20.5","6.7","16","8.21","365","14","1","0","0","299","299","331","21","0","4","2","88412","1561","0","false","520045","227","387","947","33392","35786","20801"
"26","0.1","1","false","false","false","true","false","false","false","1","1","1","0.25","1","0","0","0","100","0","100","0.1","10","2.5","2","60","1.6","0.4","20.5","6.7","16","8.21","365","14","1","0","0","299","299","332","21","0","4","2","88412","1561","0","false","520045","227","387","947","33392","35786","20801"
"26","0.1","1","false","false","false","true","false","false","false","1","1","1","0.25","1","0","0","0","100","0","100","0.1","10","2.5","2","60","1.6","0.4","20.5","6.7","16","8.21","365","14","1","0","0","299","299","333","21","0","2","2","88414","1561","0","false","520045","227","387","947","33392","35786","20801"
"26","0.1","1","false","false","false","true","false","false","false","1","1","1","0.25","1","0","0","0","100","0","100","0.1","10","2.5","2","60","1.6","0.4","20.5","6.7","16","8.21","365","14","1","0","0","299","299","334","21","0","2","2","88414","1561","0","false","520045","227","387","947","33392","35786","20801"
"26","0.1","1","false","false","false","true","false","false","false","1","1","1","0.25","1","0","0","0","100","0","100","0.1","10","2.5","2","60","1.6","0.4","20.5","6.7","16","8.21","365","14","1","0","0","299","299","335","21","0","2","2","88414","1561","0","false","520045","227","387","947","33392","35786","20801"
"26","0.1","1","false","false","false","true","false","false","false","1","1","1","0.25","1","0","0","0","100","0","100","0.1","10","2.5","2","60","1.6","0.4","20.5","6.7","16","8.21","365","14","1","0","0","299","299","336","21","0","2","2","88414","1561","0","false","520045","227","387","947","33392","35786","20801"
"26","0.1","1","false","false","false","true","false","false","false","1","1","1","0.25","1","0","0","0","100","0","100","0.1","10","2.5","2","60","1.6","0.4","20.5","6.7","16","8.21","365","14","1","0","0","299","299","337","21","0","1","1","88416","1561","0","false","520045","227","387","947","33392","35786","20801"
"26","0.1","1","false","false","false","true","false","false","false","1","1","1","0.25","1","0","0","0","100","0","100","0.1","10","2.5","2","60","1.6","0.4","20.5","6.7","16","8.21","365","14","1","0","0","299","299","338","21","0","1","1","88416","1561","0","false","520045","227","387","947","33392","35786","20801"
"26","0.1","1","false","false","false","true","false","false","false","1","1","1","0.25","1","0","0","0","100","0","100","0.1","10","2.5","2","60","1.6","0.4","20.5","6.7","16","8.21","365","14","1","0","0","299","299","339","21","0","1","1","88416","1561","0","false","520045","227","387","947","33392","35786","20801"
"26","0.1","1","false","false","false","true","false","false","false","1","1","1","0.25","1","0","0","0","100","0","100","0.1","10","2.5","2","60","1.6","0.4","20.5","6.7","16","8.21","365","14","1","0","0","299","299","340","21","0","1","1","88416","1561","0","false","520045","227","387","947","33392","35786","20801"
"26","0.1","1","false","false","false","true","false","false","false","1","1","1","0.25","1","0","0","0","100","0","100","0.1","10","2.5","2","60","1.6","0.4","20.5","6.7","16","8.21","365","14","1","0","0","299","299","341","21","0","0","1","88417","1561","0","false","520045","227","387","947","33392","35786","20801"
"26","0.1","1","false","false","false","true","false","false","false","1","1","1","0.25","1","0","0","0","100","0","100","0.1","10","2.5","2","60","1.6","0.4","20.5","6.7","16","8.21","365","14","1","0","0","299","299","342","21","0","0","1","88417","1561","0","false","520045","227","387","947","33392","35786","20801"
"26","0.1","1","false","false","false","true","false","false","false","1","1","1","0.25","1","0","0","0","100","0","100","0.1","10","2.5","2","60","1.6","0.4","20.5","6.7","16","8.21","365","14","1","0","0","299","299","343","21","0","0","1","88417","1561","0","false","520045","227","387","947","33392","35786","20801"
"26","0.1","1","false","false","false","true","false","false","false","1","1","1","0.25","1","0","0","0","100","0","100","0.1","10","2.5","2","60","1.6","0.4","20.5","6.7","16","8.21","365","14","1","0","0","299","299","344","21","0","0","0","88418","1561","0","false","520045","227","387","947","33392","35786","20801"
"26","0.1","1","false","false","false","true","false","false","false","1","1","1","0.25","1","0","0","0","100","0","100","0.1","10","2.5","2","60","1.6","0.4","20.5","6.7","16","8.21","365","14","1","0","0","299","299","345","21","0","0","0","88418","1561","0","false","520045","227","387","947","33392","35786","20801"
"26","0.1","1","false","false","false","true","false","false","false","1","1","1","0.25","1","0","0","0","100","0","100","0.1","10","2.5","2","60","1.6","0.4","20.5","6.7","16","8.21","365","14","1","0","0","299","299","346","21","0","0","0","88418","1561","0","false","520045","227","387","947","33392","35786","20801"
"26","0.1","1","false","false","false","true","false","false","false","1","1","1","0.25","1","0","0","0","100","0","100","0.1","10","2.5","2","60","1.6","0.4","20.5","6.7","16","8.21","365","14","1","0","0","299","299","347","21","0","0","0","88418","1561","0","false","520045","227","387","947","33392","35786","20801"
"26","0.1","1","false","false","false","true","false","false","false","1","1","1","0.25","1","0","0","0","100","0","100","0.1","10","2.5","2","60","1.6","0.4","20.5","6.7","16","8.21","365","14","1","0","0","299","299","348","21","0","0","0","88418","1561","0","false","520045","227","387","947","33392","35786","20801"
"26","0.1","1","false","false","false","true","false","false","false","1","1","1","0.25","1","0","0","0","100","0","100","0.1","10","2.5","2","60","1.6","0.4","20.5","6.7","16","8.21","365","14","1","0","0","299","299","349","21","0","0","0","88418","1561","0","false","520045","227","387","947","33392","35786","20801"
"26","0.1","1","false","false","false","true","false","false","false","1","1","1","0.25","1","0","0","0","100","0","100","0.1","10","2.5","2","60","1.6","0.4","20.5","6.7","16","8.21","365","14","1","0","0","299","299","350","21","0","0","0","88418","1561","0","false","520045","227","387","947","33392","35786","20801"
"26","0.1","1","false","false","false","true","false","false","false","1","1","1","0.25","1","0","0","0","100","0","100","0.1","10","2.5","2","60","1.6","0.4","20.5","6.7","16","8.21","365","14","1","0","0","299","299","351","21","0","0","0","88418","1561","0","false","520045","227","387","947","33392","35786","20801"
"26","0.1","1","false","false","false","true","false","false","false","1","1","1","0.25","1","0","0","0","100","0","100","0.1","10","2.5","2","60","1.6","0.4","20.5","6.7","16","8.21","365","14","1","0","0","299","299","352","21","0","0","0","88418","1561","0","false","520045","227","387","947","33392","35786","20801"
"26","0.1","1","false","false","false","true","false","false","false","1","1","1","0.25","1","0","0","0","100","0","100","0.1","10","2.5","2","60","1.6","0.4","20.5","6.7","16","8.21","365","14","1","0","0","299","299","353","21","0","0","0","88418","1561","0","false","520045","227","387","947","33392","35786","20801"
"26","0.1","1","false","false","false","true","false","false","false","1","1","1","0.25","1","0","0","0","100","0","100","0.1","10","2.5","2","60","1.6","0.4","20.5","6.7","16","8.21","365","14","1","0","0","299","299","354","21","0","0","0","88418","1561","0","false","520045","227","387","947","33392","35786","20801"
"26","0.1","1","false","false","false","true","false","false","false","1","1","1","0.25","1","0","0","0","100","0","100","0.1","10","2.5","2","60","1.6","0.4","20.5","6.7","16","8.21","365","14","1","0","0","299","299","355","21","0","0","0","88418","1561","0","false","520045","227","387","947","33392","35786","20801"
"26","0.1","1","false","false","false","true","false","false","false","1","1","1","0.25","1","0","0","0","100","0","100","0.1","10","2.5","2","60","1.6","0.4","20.5","6.7","16","8.21","365","14","1","0","0","299","299","356","21","0","0","0","88418","1561","0","false","520045","227","387","947","33392","35786","20801"
"26","0.1","1","false","false","false","true","false","false","false","1","1","1","0.25","1","0","0","0","100","0","100","0.1","10","2.5","2","60","1.6","0.4","20.5","6.7","16","8.21","365","14","1","0","0","299","299","357","21","0","0","0","88418","1561","0","false","520045","227","387","947","33392","35786","20801"
"26","0.1","1","false","false","false","true","false","false","false","1","1","1","0.25","1","0","0","0","100","0","100","0.1","10","2.5","2","60","1.6","0.4","20.5","6.7","16","8.21","365","14","1","0","0","299","299","358","21","0","0","0","88418","1561","0","false","520045","227","387","947","33392","35786","20801"
"26","0.1","1","false","false","false","true","false","false","false","1","1","1","0.25","1","0","0","0","100","0","100","0.1","10","2.5","2","60","1.6","0.4","20.5","6.7","16","8.21","365","14","1","0","0","299","299","359","21","0","0","0","88418","1561","0","false","520045","227","387","947","33392","35786","20801"
"26","0.1","1","false","false","false","true","false","false","false","1","1","1","0.25","1","0","0","0","100","0","100","0.1","10","2.5","2","60","1.6","0.4","20.5","6.7","16","8.21","365","14","1","0","0","299","299","360","21","0","0","0","88418","1561","0","false","520045","227","387","947","33392","35786","20801"
"26","0.1","1","false","false","false","true","false","false","false","1","1","1","0.25","1","0","0","0","100","0","100","0.1","10","2.5","2","60","1.6","0.4","20.5","6.7","16","8.21","365","14","1","0","0","299","299","361","21","0","0","0","88418","1561","0","false","520045","227","387","947","33392","35786","20801"
"26","0.1","1","false","false","false","true","false","false","false","1","1","1","0.25","1","0","0","0","100","0","100","0.1","10","2.5","2","60","1.6","0.4","20.5","6.7","16","8.21","365","14","1","0","0","299","299","362","21","0","0","0","88418","1561","0","false","520045","227","387","947","33392","35786","20801"
"26","0.1","1","false","false","false","true","false","false","false","1","1","1","0.25","1","0","0","0","100","0","100","0.1","10","2.5","2","60","1.6","0.4","20.5","6.7","16","8.21","365","14","1","0","0","299","299","363","21","0","0","0","88418","1561","0","false","520045","227","387","947","33392","35786","20801"
"26","0.1","1","false","false","false","true","false","false","false","1","1","1","0.25","1","0","0","0","100","0","100","0.1","10","2.5","2","60","1.6","0.4","20.5","6.7","16","8.21","365","14","1","0","0","299","299","364","21","0","0","0","88418","1561","0","false","520045","227","387","947","33392","35786","20801"
"26","0.1","1","false","false","false","true","false","false","false","1","1","1","0.25","1","0","0","0","100","0","100","0.1","10","2.5","2","60","1.6","0.4","20.5","6.7","16","8.21","365","14","1","0","0","299","299","365","21","0","0","0","88418","1561","0","false","520045","227","387","947","33392","35786","20801"
"27","0.1","1","false","false","false","true","false","false","false","1","1","1","0.25","1","0","0","0","100","0","100","0.2","10","2.5","2","60","1.6","0.4","20.5","6.7","16","8.21","365","14","1","0","0","299","299","0","89910","90","0","0","0","0","0","false","0","0","0","0","0","0","0"
"27","0.1","1","false","false","false","true","false","false","false","1","1","1","0.25","1","0","0","0","100","0","100","0.2","10","2.5","2","60","1.6","0.4","20.5","6.7","16","8.21","365","14","1","0","0","299","299","1","89910","83","0","7","0","0","0","false","538511","0","0","0","5","1","0"
"27","0.1","1","false","false","false","true","false","false","false","1","1","1","0.25","1","0","0","0","100","0","100","0.2","10","2.5","2","60","1.6","0.4","20.5","6.7","16","8.21","365","14","1","0","0","299","299","2","89905","75","0","20","0","0","0","false","538511","0","0","0","11","2","1"
"27","0.1","1","false","false","false","true","false","false","false","1","1","1","0.25","1","0","0","0","100","0","100","0.2","10","2.5","2","60","1.6","0.4","20.5","6.7","16","8.21","365","14","1","0","0","299","299","3","89882","86","0","32","0","0","0","false","538511","0","0","0","15","6","1"
"27","0.1","1","false","false","false","true","false","false","false","1","1","1","0.25","1","0","0","0","100","0","100","0.2","10","2.5","2","60","1.6","0.4","20.5","6.7","16","8.21","365","14","1","0","0","299","299","4","89852","96","2","50","0","0","0","false","538511","0","0","0","22","14","2"
"27","0.1","1","false","false","false","true","false","false","false","1","1","1","0.25","1","0","0","0","100","0","100","0.2","10","2.5","2","60","1.6","0.4","20.5","6.7","16","8.21","365","14","1","0","0","299","299","5","89792","140","7","61","0","0","0","false","538511","0","0","0","29","18","8"
"27","0.1","1","false","false","false","true","false","false","false","1","1","1","0.25","1","0","0","0","100","0","100","0.2","10","2.5","2","60","1.6","0.4","20.5","6.7","16","8.21","365","14","1","0","0","299","299","6","89732","179","9","80","0","0","0","false","538511","0","0","0","36","24","14"
"27","0.1","1","false","false","false","true","false","false","false","1","1","1","0.25","1","0","0","0","100","0","100","0.2","10","2.5","2","60","1.6","0.4","20.5","6.7","16","8.21","365","14","1","0","0","299","299","7","89657","228","16","99","0","0","0","false","538511","0","0","0","43","30","19"
"27","0.1","1","false","false","false","true","false","false","false","1","1","1","0.25","1","0","0","0","100","0","100","0.2","10","2.5","2","60","1.6","0.4","20.5","6.7","16","8.21","365","14","1","0","0","299","299","8","89566","275","19","140","0","0","0","false","538511","0","0","0","58","45","24"
"27","0.1","1","false","false","false","true","false","false","false","1","1","1","0.25","1","0","0","0","100","0","100","0.2","10","2.5","2","60","1.6","0.4","20.5","6.7","16","8.21","365","14","1","0","0","299","299","9","89443","333","26","198","0","0","0","false","538511","0","0","0","70","69","32"
"27","0.1","1","false","false","false","true","false","false","false","1","1","1","0.25","1","0","0","0","100","0","100","0.2","10","2.5","2","60","1.6","0.4","20.5","6.7","16","8.21","365","14","1","0","0","299","299","10","89319","383","40","258","0","0","0","false","538511","0","0","0","94","86","49"
"27","0.1","1","false","false","false","true","false","false","false","1","1","1","0.25","1","0","0","0","100","0","100","0.2","10","2.5","2","60","1.6","0.4","20.5","6.7","16","8.21","365","14","1","0","0","299","299","11","89176","459","57","308","0","0","0","false","538511","0","0","0","116","110","59"
"27","0.1","1","false","false","false","true","false","false","false","1","1","1","0.25","1","0","0","0","100","0","100","0.2","10","2.5","2","60","1.6","0.4","20.5","6.7","16","8.21","365","14","1","0","0","299","299","12","88992","550","81","377","0","0","0","false","538511","0","0","0","150","139","72"
"27","0.1","1","false","false","false","true","false","false","false","1","1","1","0.25","1","0","0","0","100","0","100","0.2","10","2.5","2","60","1.6","0.4","20.5","6.7","16","8.21","365","14","1","0","0","299","299","13","88783","650","110","457","0","0","0","false","538511","0","0","0","184","171","98"
"27","0.1","1","false","false","false","true","false","false","false","1","1","1","0.25","1","0","0","0","100","0","100","0.2","10","2.5","2","60","1.6","0.4","20.5","6.7","16","8.21","365","14","1","0","0","299","299","14","88544","766","145","545","0","0","0","false","538511","0","0","0","215","216","133"
"27","0.1","1","false","false","false","true","false","false","false","1","1","1","0.25","1","0","0","0","100","0","100","0.2","10","2.5","2","60","1.6","0.4","20.5","6.7","16","8.21","365","14","1","0","0","299","299","15","88290","888","183","639","0","0","0","false","538511","0","0","0","266","258","164"
"27","0.1","1","false","false","false","true","false","false","false","1","1","1","0.25","1","0","0","0","100","0","100","0.2","10","2.5","2","60","1.6","0.4","20.5","6.7","16","8.21","365","14","1","0","0","299","299","16","88029","973","224","774","0","0","0","false","538511","0","0","0","328","325","198"
"27","0.1","1","false","false","false","true","false","false","false","1","1","1","0.25","1","0","0","0","100","0","100","0.2","10","2.5","2","60","1.6","0.4","20.5","6.7","16","8.21","365","14","1","0","0","299","299","17","87695","1067","272","964","2","0","275","false","538511","0","0","0","402","402","240"
"27","0.1","1","false","false","false","true","false","false","false","1","1","1","0.25","1","0","0","0","100","0","100","0.2","10","2.5","2","60","1.6","0.4","20.5","6.7","16","8.21","365","14","1","0","0","299","299","18","87446","1084","314","1151","5","0","569","false","535405","0","0","0","457","479","285"
"27","0.1","1","false","false","false","true","false","false","false","1","1","1","0.25","1","0","0","0","100","0","100","0.2","10","2.5","2","60","1.6","0.4","20.5","6.7","16","8.21","365","14","1","0","0","299","299","19","87191","1109","378","1311","11","0","971","false","532585","0","0","0","536","563","322"
"27","0.1","1","false","false","false","true","false","false","false","1","1","1","0.25","1","0","0","0","100","0","100","0.2","10","2.5","2","60","1.6","0.4","20.5","6.7","16","8.21","365","14","1","0","0","299","299","20","86921","1152","464","1444","19","0","1517","false","528821","0","0","0","623","664","366"
"27","0.1","1","false","false","false","true","false","false","false","1","1","1","0.25","1","0","0","0","100","0","100","0.2","10","2.5","2","60","1.6","0.4","20.5","6.7","16","8.21","365","14","1","0","0","299","299","21","86662","1136","550","1620","32","0","2033","false","523832","0","0","0","711","774","408"
"27","0.1","1","false","false","false","true","false","false","false","1","1","1","0.25","1","0","0","0","100","0","100","0.2","10","2.5","2","60","1.6","0.4","20.5","6.7","16","8.21","365","14","1","0","0","299","299","22","86391","1125","641","1803","39","1","2574","false","519364","0","0","1","812","875","477"
"27","0.1","1","false","false","false","true","false","false","false","1","1","1","0.25","1","0","0","0","100","0","100","0.2","10","2.5","2","60","1.6","0.4","20.5","6.7","16","8.21","365","14","1","0","0","299","299","23","86139","1099","742","1968","51","1","3175","false","514841","0","0","1","917","983","536"
"27","0.1","1","false","false","false","true","false","false","false","1","1","1","0.25","1","0","0","0","100","0","100","0.2","10","2.5","2","60","1.6","0.4","20.5","6.7","16","8.21","365","14","1","0","0","299","299","24","85904","1075","846","2103","70","2","3692","false","509966","0","1","1","1015","1095","596"
"27","0.1","1","false","false","false","true","false","false","false","1","1","1","0.25","1","0","0","0","100","0","100","0.2","10","2.5","2","60","1.6","0.4","20.5","6.7","16","8.21","365","14","1","0","0","299","299","25","85681","1037","944","2248","87","3","4231","false","505878","0","1","2","1101","1211","655"
"27","0.1","1","false","false","false","true","false","false","false","1","1","1","0.25","1","0","0","0","100","0","100","0.2","10","2.5","2","60","1.6","0.4","20.5","6.7","16","8.21","365","14","1","0","0","299","299","26","85485","988","1058","2361","105","3","4775","false","501628","0","1","2","1191","1316","719"
"27","0.1","1","false","false","false","true","false","false","false","1","1","1","0.25","1","0","0","0","100","0","100","0.2","10","2.5","2","60","1.6","0.4","20.5","6.7","16","8.21","365","14","1","0","0","299","299","27","85296","923","1151","2492","135","3","5214","false","497438","0","1","2","1280","1416","772"
"27","0.1","1","false","false","false","true","false","false","false","1","1","1","0.25","1","0","0","0","100","0","100","0.2","10","2.5","2","60","1.6","0.4","20.5","6.7","16","8.21","365","14","1","0","0","299","299","28","85110","878","1241","2592","176","3","5640","false","494094","0","1","2","1376","1506","829"
"27","0.1","1","false","false","false","true","false","false","false","1","1","1","0.25","1","0","0","0","100","0","100","0.2","10","2.5","2","60","1.6","0.4","20.5","6.7","16","8.21","365","14","1","0","0","299","299","29","84937","847","1348","2646","217","5","6070","false","490849","0","2","3","1461","1613","886"
"27","0.1","1","false","false","false","true","false","false","false","1","1","1","0.25","1","0","0","0","100","0","100","0.2","10","2.5","2","60","1.6","0.4","20.5","6.7","16","8.21","365","14","1","0","0","299","299","30","84763","808","1417","2728","278","6","6269","false","487333","0","3","3","1529","1705","924"
"27","0.1","1","false","false","false","true","false","false","false","1","1","1","0.25","1","0","0","0","100","0","100","0.2","10","2.5","2","60","1.6","0.4","20.5","6.7","16","8.21","365","14","1","0","0","299","299","31","84572","801","1488","2780","350","9","6357","false","485292","2","3","4","1614","1792","973"
"27","0.1","1","false","false","false","true","false","false","false","1","1","1","0.25","1","0","0","0","100","0","100","0.2","10","2.5","2","60","1.6","0.4","20.5","6.7","16","8.21","365","14","1","0","0","299","299","32","84369","807","1562","2822","430","10","6507","false","484050","2","4","4","1692","1873","1016"
"27","0.1","1","false","false","false","true","false","false","false","1","1","1","0.25","1","0","0","0","100","0","100","0.2","10","2.5","2","60","1.6","0.4","20.5","6.7","16","8.21","365","14","1","0","0","299","299","33","84129","881","1626","2840","511","13","6452","false","482285","2","4","7","1765","1933","1063"
"27","0.1","1","false","false","false","true","false","false","false","1","1","1","0.25","1","0","0","0","100","0","100","0.2","10","2.5","2","60","1.6","0.4","20.5","6.7","16","8.21","365","14","1","0","0","299","299","34","83810","1000","1669","2895","605","21","6441","false","482061","3","6","12","1846","2010","1111"
"27","0.1","1","false","false","false","true","false","false","false","1","1","1","0.25","1","0","0","0","100","0","100","0.2","10","2.5","2","60","1.6","0.4","20.5","6.7","16","8.21","365","14","1","0","0","299","299","35","83489","1101","1716","2957","713","24","6389","false","481709","3","6","15","1931","2084","1160"
"27","0.1","1","false","false","false","true","false","false","false","1","1","1","0.25","1","0","0","0","100","0","100","0.2","10","2.5","2","60","1.6","0.4","20.5","6.7","16","8.21","365","14","1","0","0","299","299","36","83112","1246","1743","3033","839","27","6422","false","481612","3","6","18","2009","2155","1210"
"27","0.1","1","false","false","false","true","false","false","false","1","1","1","0.25","1","0","0","0","100","0","100","0.2","10","2.5","2","60","1.6","0.4","20.5","6.7","16","8.21","365","14","1","0","0","299","299","37","82713","1388","1772","3124","971","32","6447","false","480826","5","6","21","2091","2247","1263"
"27","0.1","1","false","false","false","true","false","false","false","1","1","1","0.25","1","0","0","0","100","0","100","0.2","10","2.5","2","60","1.6","0.4","20.5","6.7","16","8.21","365","14","1","0","0","299","299","38","82328","1477","1838","3197","1124","36","6541","false","480089","6","6","24","2191","2371","1335"
"27","0.1","1","false","false","false","true","false","false","false","1","1","1","0.25","1","0","0","0","100","0","100","0.2","10","2.5","2","60","1.6","0.4","20.5","6.7","16","8.21","365","14","1","0","0","299","299","39","81899","1598","1857","3317","1290","39","6533","false","478972","6","7","26","2302","2476","1399"
"27","0.1","1","false","false","false","true","false","false","false","1","1","1","0.25","1","0","0","0","100","0","100","0.2","10","2.5","2","60","1.6","0.4","20.5","6.7","16","8.21","365","14","1","0","0","299","299","40","81469","1636","1907","3483","1464","41","6724","false","478544","6","7","28","2426","2625","1475"
"27","0.1","1","false","false","false","true","false","false","false","1","1","1","0.25","1","0","0","0","100","0","100","0.2","10","2.5","2","60","1.6","0.4","20.5","6.7","16","8.21","365","14","1","0","0","299","299","41","81056","1708","1941","3588","1663","44","6879","false","476935","8","7","29","2551","2741","1548"
"27","0.1","1","false","false","false","true","false","false","false","1","1","1","0.25","1","0","0","0","100","0","100","0.2","10","2.5","2","60","1.6","0.4","20.5","6.7","16","8.21","365","14","1","0","0","299","299","42","80656","1715","1997","3731","1853","48","6959","false","475287","8","8","32","2687","2881","1645"
"27","0.1","1","false","false","false","true","false","false","false","1","1","1","0.25","1","0","0","0","100","0","100","0.2","10","2.5","2","60","1.6","0.4","20.5","6.7","16","8.21","365","14","1","0","0","299","299","43","80231","1733","2051","3875","2057","53","7032","false","474300","8","10","35","2831","3036","1734"
"27","0.1","1","false","false","false","true","false","false","false","1","1","1","0.25","1","0","0","0","100","0","100","0.2","10","2.5","2","60","1.6","0.4","20.5","6.7","16","8.21","365","14","1","0","0","299","299","44","79810","1785","2097","3974","2277","57","7120","false","473329","10","10","37","2948","3173","1829"
"27","0.1","1","false","false","false","true","false","false","false","1","1","1","0.25","1","0","0","0","100","0","100","0.2","10","2.5","2","60","1.6","0.4","20.5","6.7","16","8.21","365","14","1","0","0","299","299","45","79381","1800","2159","4110","2492","58","7148","false","472225","10","11","37","3089","3319","1915"
"27","0.1","1","false","false","false","true","false","false","false","1","1","1","0.25","1","0","0","0","100","0","100","0.2","10","2.5","2","60","1.6","0.4","20.5","6.7","16","8.21","365","14","1","0","0","299","299","46","78923","1820","2242","4249","2705","61","7181","false","471768","10","11","40","3263","3471","2007"
"27","0.1","1","false","false","false","true","false","false","false","1","1","1","0.25","1","0","0","0","100","0","100","0.2","10","2.5","2","60","1.6","0.4","20.5","6.7","16","8.21","365","14","1","0","0","299","299","47","78420","1908","2324","4367","2918","63","7334","false","471257","10","11","42","3418","3631","2093"
"27","0.1","1","false","false","false","true","false","false","false","1","1","1","0.25","1","0","0","0","100","0","100","0.2","10","2.5","2","60","1.6","0.4","20.5","6.7","16","8.21","365","14","1","0","0","299","299","48","77963","1923","2404","4499","3141","70","7426","false","469736","12","12","46","3560","3806","2183"
"27","0.1","1","false","false","false","true","false","false","false","1","1","1","0.25","1","0","0","0","100","0","100","0.2","10","2.5","2","60","1.6","0.4","20.5","6.7","16","8.21","365","14","1","0","0","299","299","49","77517","1925","2499","4645","3340","74","7519","false","468663","12","13","49","3753","3979","2277"
"27","0.1","1","false","false","false","true","false","false","false","1","1","1","0.25","1","0","0","0","100","0","100","0.2","10","2.5","2","60","1.6","0.4","20.5","6.7","16","8.21","365","14","1","0","0","299","299","50","77049","1931","2603","4793","3544","80","7562","false","467823","13","14","53","3912","4188","2381"
"27","0.1","1","false","false","false","true","false","false","false","1","1","1","0.25","1","0","0","0","100","0","100","0.2","10","2.5","2","60","1.6","0.4","20.5","6.7","16","8.21","365","14","1","0","0","299","299","51","76600","1946","2697","4915","3755","87","7735","false","467404","13","15","59","4087","4374","2462"
"27","0.1","1","false","false","false","true","false","false","false","1","1","1","0.25","1","0","0","0","100","0","100","0.2","10","2.5","2","60","1.6","0.4","20.5","6.7","16","8.21","365","14","1","0","0","299","299","52","76135","1961","2794","5036","3978","96","7828","false","465979","15","18","63","4254","4559","2576"
"27","0.1","1","false","false","false","true","false","false","false","1","1","1","0.25","1","0","0","0","100","0","100","0.2","10","2.5","2","60","1.6","0.4","20.5","6.7","16","8.21","365","14","1","0","0","299","299","53","75656","1954","2883","5208","4198","101","7980","false","465116","16","20","65","4425","4751","2684"
"27","0.1","1","false","false","false","true","false","false","false","1","1","1","0.25","1","0","0","0","100","0","100","0.2","10","2.5","2","60","1.6","0.4","20.5","6.7","16","8.21","365","14","1","0","0","299","299","54","75197","1976","2967","5325","4427","108","8017","false","463482","17","21","70","4595","4910","2771"
"27","0.1","1","false","false","false","true","false","false","false","1","1","1","0.25","1","0","0","0","100","0","100","0.2","10","2.5","2","60","1.6","0.4","20.5","6.7","16","8.21","365","14","1","0","0","299","299","55","74712","2003","3040","5463","4670","112","8172","false","462919","17","23","72","4748","5078","2892"
"27","0.1","1","false","false","false","true","false","false","false","1","1","1","0.25","1","0","0","0","100","0","100","0.2","10","2.5","2","60","1.6","0.4","20.5","6.7","16","8.21","365","14","1","0","0","299","299","56","74224","2045","3131","5578","4906","116","8280","false","461719","17","26","73","4899","5264","2997"
"27","0.1","1","false","false","false","true","false","false","false","1","1","1","0.25","1","0","0","0","100","0","100","0.2","10","2.5","2","60","1.6","0.4","20.5","6.7","16","8.21","365","14","1","0","0","299","299","57","73740","2072","3195","5694","5177","122","8439","false","460638","17","28","77","5059","5447","3091"
"27","0.1","1","false","false","false","true","false","false","false","1","1","1","0.25","1","0","0","0","100","0","100","0.2","10","2.5","2","60","1.6","0.4","20.5","6.7","16","8.21","365","14","1","0","0","299","299","58","73262","2055","3290","5805","5461","127","8579","false","459166","17","30","80","5226","5659","3206"
"27","0.1","1","false","false","false","true","false","false","false","1","1","1","0.25","1","0","0","0","100","0","100","0.2","10","2.5","2","60","1.6","0.4","20.5","6.7","16","8.21","365","14","1","0","0","299","299","59","72755","2073","3372","5926","5742","132","8772","false","457709","17","30","85","5414","5865","3315"
"27","0.1","1","false","false","false","true","false","false","false","1","1","1","0.25","1","0","0","0","100","0","100","0.2","10","2.5","2","60","1.6","0.4","20.5","6.7","16","8.21","365","14","1","0","0","299","299","60","72289","2060","3466","6013","6032","140","8925","false","456080","21","30","89","5582","6068","3412"
"27","0.1","1","false","false","false","true","false","false","false","1","1","1","0.25","1","0","0","0","100","0","100","0.2","10","2.5","2","60","1.6","0.4","20.5","6.7","16","8.21","365","14","1","0","0","299","299","61","71836","2041","3556","6081","6343","143","9041","false","454519","21","32","90","5766","6247","3543"
"27","0.1","1","false","false","false","true","false","false","false","1","1","1","0.25","1","0","0","0","100","0","100","0.2","10","2.5","2","60","1.6","0.4","20.5","6.7","16","8.21","365","14","1","0","0","299","299","62","71392","1999","3641","6194","6628","146","9024","false","453434","21","32","93","5943","6458","3659"
"27","0.1","1","false","false","false","true","false","false","false","1","1","1","0.25","1","0","0","0","100","0","100","0.2","10","2.5","2","60","1.6","0.4","20.5","6.7","16","8.21","365","14","1","0","0","299","299","63","70896","2040","3726","6232","6955","151","9158","false","453516","21","34","96","6112","6656","3755"
"27","0.1","1","false","false","false","true","false","false","false","1","1","1","0.25","1","0","0","0","100","0","100","0.2","10","2.5","2","60","1.6","0.4","20.5","6.7","16","8.21","365","14","1","0","0","299","299","64","70413","1996","3773","6364","7299","155","9196","false","452525","22","35","98","6295","6843","3868"
"27","0.1","1","false","false","false","true","false","false","false","1","1","1","0.25","1","0","0","0","100","0","100","0.2","10","2.5","2","60","1.6","0.4","20.5","6.7","16","8.21","365","14","1","0","0","299","299","65","69917","2017","3812","6400","7692","162","9178","false","451990","23","36","103","6471","7025","3996"
"27","0.1","1","false","false","false","true","false","false","false","1","1","1","0.25","1","0","0","0","100","0","100","0.2","10","2.5","2","60","1.6","0.4","20.5","6.7","16","8.21","365","14","1","0","0","299","299","66","69400","2034","3843","6518","8034","171","9308","false","451978","24","38","109","6669","7191","4105"
"27","0.1","1","false","false","false","true","false","false","false","1","1","1","0.25","1","0","0","0","100","0","100","0.2","10","2.5","2","60","1.6","0.4","20.5","6.7","16","8.21","365","14","1","0","0","299","299","67","68850","2129","3887","6552","8402","180","9358","false","450783","24","42","114","6847","7373","4213"
"27","0.1","1","false","false","false","true","false","false","false","1","1","1","0.25","1","0","0","0","100","0","100","0.2","10","2.5","2","60","1.6","0.4","20.5","6.7","16","8.21","365","14","1","0","0","299","299","68","68323","2184","3949","6558","8798","188","9519","false","450418","24","44","120","7027","7557","4355"
"27","0.1","1","false","false","false","true","false","false","false","1","1","1","0.25","1","0","0","0","100","0","100","0.2","10","2.5","2","60","1.6","0.4","20.5","6.7","16","8.21","365","14","1","0","0","299","299","69","67848","2152","3978","6681","9146","195","9516","false","448917","26","46","123","7207","7725","4468"
"27","0.1","1","false","false","false","true","false","false","false","1","1","1","0.25","1","0","0","0","100","0","100","0.2","10","2.5","2","60","1.6","0.4","20.5","6.7","16","8.21","365","14","1","0","0","299","299","70","67350","2155","4018","6721","9559","197","9523","false","448816","26","46","125","7419","7924","4575"
"27","0.1","1","false","false","false","true","false","false","false","1","1","1","0.25","1","0","0","0","100","0","100","0.2","10","2.5","2","60","1.6","0.4","20.5","6.7","16","8.21","365","14","1","0","0","299","299","71","66780","2218","4061","6764","9964","213","9642","false","448512","26","51","136","7606","8146","4687"
"27","0.1","1","false","false","false","true","false","false","false","1","1","1","0.25","1","0","0","0","100","0","100","0.2","10","2.5","2","60","1.6","0.4","20.5","6.7","16","8.21","365","14","1","0","0","299","299","72","66256","2253","4086","6858","10322","225","9526","false","447333","28","53","144","7782","8327","4791"
"27","0.1","1","false","false","false","true","false","false","false","1","1","1","0.25","1","0","0","0","100","0","100","0.2","10","2.5","2","60","1.6","0.4","20.5","6.7","16","8.21","365","14","1","0","0","299","299","73","65676","2307","4125","6925","10736","231","9557","false","447959","29","55","147","7984","8527","4896"
"27","0.1","1","false","false","false","true","false","false","false","1","1","1","0.25","1","0","0","0","100","0","100","0.2","10","2.5","2","60","1.6","0.4","20.5","6.7","16","8.21","365","14","1","0","0","299","299","74","65154","2329","4127","6965","11186","239","9485","false","447485","31","56","152","8153","8722","4998"
"27","0.1","1","false","false","false","true","false","false","false","1","1","1","0.25","1","0","0","0","100","0","100","0.2","10","2.5","2","60","1.6","0.4","20.5","6.7","16","8.21","365","14","1","0","0","299","299","75","64621","2333","4171","7020","11607","248","9564","false","447848","32","56","160","8345","8956","5107"
"27","0.1","1","false","false","false","true","false","false","false","1","1","1","0.25","1","0","0","0","100","0","100","0.2","10","2.5","2","60","1.6","0.4","20.5","6.7","16","8.21","365","14","1","0","0","299","299","76","64069","2326","4197","7109","12045","254","9619","false","446938","33","58","163","8562","9169","5251"
"27","0.1","1","false","false","false","true","false","false","false","1","1","1","0.25","1","0","0","0","100","0","100","0.2","10","2.5","2","60","1.6","0.4","20.5","6.7","16","8.21","365","14","1","0","0","299","299","77","63498","2354","4235","7144","12505","264","9702","false","446154","34","60","170","8764","9410","5371"
"27","0.1","1","false","false","false","true","false","false","false","1","1","1","0.25","1","0","0","0","100","0","100","0.2","10","2.5","2","60","1.6","0.4","20.5","6.7","16","8.21","365","14","1","0","0","299","299","78","62950","2376","4235","7198","12967","274","9710","false","445398","36","63","175","8934","9619","5487"
"27","0.1","1","false","false","false","true","false","false","false","1","1","1","0.25","1","0","0","0","100","0","100","0.2","10","2.5","2","60","1.6","0.4","20.5","6.7","16","8.21","365","14","1","0","0","299","299","79","62334","2404","4283","7271","13431","277","9790","false","445054","36","64","177","9130","9847","5643"
"27","0.1","1","false","false","false","true","false","false","false","1","1","1","0.25","1","0","0","0","100","0","100","0.2","10","2.5","2","60","1.6","0.4","20.5","6.7","16","8.21","365","14","1","0","0","299","299","80","61761","2425","4298","7317","13911","288","9814","false","444220","38","68","182","9336","10068","5778"
"27","0.1","1","false","false","false","true","false","false","false","1","1","1","0.25","1","0","0","0","100","0","100","0.2","10","2.5","2","60","1.6","0.4","20.5","6.7","16","8.21","365","14","1","0","0","299","299","81","61172","2471","4318","7383","14362","294","9786","false","443963","40","71","183","9521","10285","5904"
"27","0.1","1","false","false","false","true","false","false","false","1","1","1","0.25","1","0","0","0","100","0","100","0.2","10","2.5","2","60","1.6","0.4","20.5","6.7","16","8.21","365","14","1","0","0","299","299","82","60618","2452","4329","7475","14822","304","9793","false","443981","42","72","190","9733","10502","6020"
"27","0.1","1","false","false","false","true","false","false","false","1","1","1","0.25","1","0","0","0","100","0","100","0.2","10","2.5","2","60","1.6","0.4","20.5","6.7","16","8.21","365","14","1","0","0","299","299","83","60080","2411","4344","7530","15325","310","9752","false","443849","42","73","195","9957","10739","6139"
"27","0.1","1","false","false","false","true","false","false","false","1","1","1","0.25","1","0","0","0","100","0","100","0.2","10","2.5","2","60","1.6","0.4","20.5","6.7","16","8.21","365","14","1","0","0","299","299","84","59489","2414","4377","7613","15787","320","9805","false","443963","43","75","202","10180","10964","6268"
"27","0.1","1","false","false","false","true","false","false","false","1","1","1","0.25","1","0","0","0","100","0","100","0.2","10","2.5","2","60","1.6","0.4","20.5","6.7","16","8.21","365","14","1","0","0","299","299","85","58882","2433","4395","7696","16269","325","9934","false","443407","43","75","207","10400","11179","6406"
"27","0.1","1","false","false","false","true","false","false","false","1","1","1","0.25","1","0","0","0","100","0","100","0.2","10","2.5","2","60","1.6","0.4","20.5","6.7","16","8.21","365","14","1","0","0","299","299","86","58285","2420","4482","7786","16699","328","10093","false","442244","44","75","209","10625","11423","6544"
"27","0.1","1","false","false","false","true","false","false","false","1","1","1","0.25","1","0","0","0","100","0","100","0.2","10","2.5","2","60","1.6","0.4","20.5","6.7","16","8.21","365","14","1","0","0","299","299","87","57701","2448","4540","7831","17145","335","10230","false","440807","45","77","213","10832","11661","6671"
"27","0.1","1","false","false","false","true","false","false","false","1","1","1","0.25","1","0","0","0","100","0","100","0.2","10","2.5","2","60","1.6","0.4","20.5","6.7","16","8.21","365","14","1","0","0","299","299","88","57107","2460","4564","7873","17655","341","10377","false","439702","45","77","219","11059","11898","6810"
"27","0.1","1","false","false","false","true","false","false","false","1","1","1","0.25","1","0","0","0","100","0","100","0.2","10","2.5","2","60","1.6","0.4","20.5","6.7","16","8.21","365","14","1","0","0","299","299","89","56513","2486","4613","7898","18144","346","10410","false","438565","45","77","224","11263","12126","6946"
"27","0.1","1","false","false","false","true","false","false","false","1","1","1","0.25","1","0","0","0","100","0","100","0.2","10","2.5","2","60","1.6","0.4","20.5","6.7","16","8.21","365","14","1","0","0","299","299","90","55976","2447","4635","7942","18647","353","10402","false","438116","45","78","230","11486","12347","7079"
"27","0.1","1","false","false","false","true","false","false","false","1","1","1","0.25","1","0","0","0","100","0","100","0.2","10","2.5","2","60","1.6","0.4","20.5","6.7","16","8.21","365","14","1","0","0","299","299","91","55383","2473","4668","7993","19122","361","10427","false","438079","45","79","237","11681","12582","7199"
"27","0.1","1","false","false","false","true","false","false","false","1","1","1","0.25","1","0","0","0","100","0","100","0.2","10","2.5","2","60","1.6","0.4","20.5","6.7","16","8.21","365","14","1","0","0","299","299","92","54830","2464","4719","8051","19567","369","10448","false","437984","47","82","240","11872","12814","7331"
"27","0.1","1","false","false","false","true","false","false","false","1","1","1","0.25","1","0","0","0","100","0","100","0.2","10","2.5","2","60","1.6","0.4","20.5","6.7","16","8.21","365","14","1","0","0","299","299","93","54243","2479","4734","8116","20046","382","10462","false","437935","48","85","249","12075","13029","7472"
"27","0.1","1","false","false","false","true","false","false","false","1","1","1","0.25","1","0","0","0","100","0","100","0.2","10","2.5","2","60","1.6","0.4","20.5","6.7","16","8.21","365","14","1","0","0","299","299","94","53671","2434","4746","8217","20539","393","10528","false","437595","51","88","254","12303","13279","7608"
"27","0.1","1","false","false","false","true","false","false","false","1","1","1","0.25","1","0","0","0","100","0","100","0.2","10","2.5","2","60","1.6","0.4","20.5","6.7","16","8.21","365","14","1","0","0","299","299","95","53104","2418","4783","8250","21046","399","10517","false","436825","53","90","256","12498","13510","7766"
"27","0.1","1","false","false","false","true","false","false","false","1","1","1","0.25","1","0","0","0","100","0","100","0.2","10","2.5","2","60","1.6","0.4","20.5","6.7","16","8.21","365","14","1","0","0","299","299","96","52566","2363","4805","8299","21558","409","10534","false","436869","54","93","262","12716","13730","7888"
"27","0.1","1","false","false","false","true","false","false","false","1","1","1","0.25","1","0","0","0","100","0","100","0.2","10","2.5","2","60","1.6","0.4","20.5","6.7","16","8.21","365","14","1","0","0","299","299","97","51987","2427","4853","8251","22066","416","10635","false","436535","54","95","267","12924","13937","8018"
"27","0.1","1","false","false","false","true","false","false","false","1","1","1","0.25","1","0","0","0","100","0","100","0.2","10","2.5","2","60","1.6","0.4","20.5","6.7","16","8.21","365","14","1","0","0","299","299","98","51415","2436","4894","8248","22577","430","10658","false","435652","55","97","278","13142","14176","8157"
"27","0.1","1","false","false","false","true","false","false","false","1","1","1","0.25","1","0","0","0","100","0","100","0.2","10","2.5","2","60","1.6","0.4","20.5","6.7","16","8.21","365","14","1","0","0","299","299","99","50816","2473","4911","8240","23119","441","10604","false","435258","58","99","284","13352","14399","8274"
"27","0.1","1","false","false","false","true","false","false","false","1","1","1","0.25","1","0","0","0","100","0","100","0.2","10","2.5","2","60","1.6","0.4","20.5","6.7","16","8.21","365","14","1","0","0","299","299","100","50234","2477","4898","8226","23718","447","10513","false","435593","59","99","289","13563","14614","8425"
"27","0.1","1","false","false","false","true","false","false","false","1","1","1","0.25","1","0","0","0","100","0","100","0.2","10","2.5","2","60","1.6","0.4","20.5","6.7","16","8.21","365","14","1","0","0","299","299","101","49665","2459","4916","8276","24226","458","10424","false","436191","61","101","296","13773","14865","8565"
"27","0.1","1","false","false","false","true","false","false","false","1","1","1","0.25","1","0","0","0","100","0","100","0.2","10","2.5","2","60","1.6","0.4","20.5","6.7","16","8.21","365","14","1","0","0","299","299","102","49084","2438","4924","8325","24760","469","10440","false","436773","63","104","302","13990","15108","8714"
"27","0.1","1","false","false","false","true","false","false","false","1","1","1","0.25","1","0","0","0","100","0","100","0.2","10","2.5","2","60","1.6","0.4","20.5","6.7","16","8.21","365","14","1","0","0","299","299","103","48455","2487","4902","8353","25323","480","10433","false","436376","65","109","306","14183","15325","8824"
"27","0.1","1","false","false","false","true","false","false","false","1","1","1","0.25","1","0","0","0","100","0","100","0.2","10","2.5","2","60","1.6","0.4","20.5","6.7","16","8.21","365","14","1","0","0","299","299","104","47871","2520","4910","8308","25901","490","10456","false","436110","67","111","312","14372","15555","8970"
"27","0.1","1","false","false","false","true","false","false","false","1","1","1","0.25","1","0","0","0","100","0","100","0.2","10","2.5","2","60","1.6","0.4","20.5","6.7","16","8.21","365","14","1","0","0","299","299","105","47293","2516","4956","8286","26447","502","10429","false","435850","70","112","320","14573","15800","9137"
"27","0.1","1","false","false","false","true","false","false","false","1","1","1","0.25","1","0","0","0","100","0","100","0.2","10","2.5","2","60","1.6","0.4","20.5","6.7","16","8.21","365","14","1","0","0","299","299","106","46743","2503","4964","8316","26962","512","10479","false","435812","71","116","325","14783","16011","9250"
"27","0.1","1","false","false","false","true","false","false","false","1","1","1","0.25","1","0","0","0","100","0","100","0.2","10","2.5","2","60","1.6","0.4","20.5","6.7","16","8.21","365","14","1","0","0","299","299","107","46182","2460","5034","8322","27478","524","10535","false","435235","73","120","331","15016","16266","9401"
"27","0.1","1","false","false","false","true","false","false","false","1","1","1","0.25","1","0","0","0","100","0","100","0.2","10","2.5","2","60","1.6","0.4","20.5","6.7","16","8.21","365","14","1","0","0","299","299","108","45606","2504","5043","8275","28040","532","10500","false","434755","76","121","335","15225","16481","9526"
"27","0.1","1","false","false","false","true","false","false","false","1","1","1","0.25","1","0","0","0","100","0","100","0.2","10","2.5","2","60","1.6","0.4","20.5","6.7","16","8.21","365","14","1","0","0","299","299","109","45060","2429","5039","8344","28590","538","10341","false","434968","76","123","339","15448","16701","9651"
"27","0.1","1","false","false","false","true","false","false","false","1","1","1","0.25","1","0","0","0","100","0","100","0.2","10","2.5","2","60","1.6","0.4","20.5","6.7","16","8.21","365","14","1","0","0","299","299","110","44498","2381","5061","8365","29147","548","10261","false","436171","76","125","347","15657","16950","9782"
"27","0.1","1","false","false","false","true","false","false","false","1","1","1","0.25","1","0","0","0","100","0","100","0.2","10","2.5","2","60","1.6","0.4","20.5","6.7","16","8.21","365","14","1","0","0","299","299","111","43921","2393","5058","8375","29696","557","10202","false","436496","76","128","353","15865","17177","9904"
"27","0.1","1","false","false","false","true","false","false","false","1","1","1","0.25","1","0","0","0","100","0","100","0.2","10","2.5","2","60","1.6","0.4","20.5","6.7","16","8.21","365","14","1","0","0","299","299","112","43293","2456","5061","8353","30270","567","10240","false","436992","77","132","358","16090","17412","10039"
"27","0.1","1","false","false","false","true","false","false","false","1","1","1","0.25","1","0","0","0","100","0","100","0.2","10","2.5","2","60","1.6","0.4","20.5","6.7","16","8.21","365","14","1","0","0","299","299","113","42741","2438","5084","8313","30851","573","10210","false","436702","78","134","361","16306","17653","10197"
"27","0.1","1","false","false","false","true","false","false","false","1","1","1","0.25","1","0","0","0","100","0","100","0.2","10","2.5","2","60","1.6","0.4","20.5","6.7","16","8.21","365","14","1","0","0","299","299","114","42195","2414","5097","8317","31396","581","10133","false","437000","79","135","367","16526","17867","10322"
"27","0.1","1","false","false","false","true","false","false","false","1","1","1","0.25","1","0","0","0","100","0","100","0.2","10","2.5","2","60","1.6","0.4","20.5","6.7","16","8.21","365","14","1","0","0","299","299","115","41615","2422","5100","8329","31948","586","10021","false","437449","81","136","369","16736","18117","10449"
"27","0.1","1","false","false","false","true","false","false","false","1","1","1","0.25","1","0","0","0","100","0","100","0.2","10","2.5","2","60","1.6","0.4","20.5","6.7","16","8.21","365","14","1","0","0","299","299","116","41051","2399","5088","8343","32519","600","9994","false","438187","84","139","377","16942","18349","10576"
"27","0.1","1","false","false","false","true","false","false","false","1","1","1","0.25","1","0","0","0","100","0","100","0.2","10","2.5","2","60","1.6","0.4","20.5","6.7","16","8.21","365","14","1","0","0","299","299","117","40470","2424","5087","8296","33107","616","9951","false","438255","85","142","389","17153","18590","10705"
"27","0.1","1","false","false","false","true","false","false","false","1","1","1","0.25","1","0","0","0","100","0","100","0.2","10","2.5","2","60","1.6","0.4","20.5","6.7","16","8.21","365","14","1","0","0","299","299","118","39910","2418","5074","8312","33662","624","9822","false","438486","85","145","394","17353","18809","10835"
"27","0.1","1","false","false","false","true","false","false","false","1","1","1","0.25","1","0","0","0","100","0","100","0.2","10","2.5","2","60","1.6","0.4","20.5","6.7","16","8.21","365","14","1","0","0","299","299","119","39330","2409","5080","8336","34210","635","9789","false","439510","86","149","400","17570","19048","10966"
"27","0.1","1","false","false","false","true","false","false","false","1","1","1","0.25","1","0","0","0","100","0","100","0.2","10","2.5","2","60","1.6","0.4","20.5","6.7","16","8.21","365","14","1","0","0","299","299","120","38794","2416","5072","8245","34821","652","9745","false","439661","89","154","409","17771","19277","11092"
"27","0.1","1","false","false","false","true","false","false","false","1","1","1","0.25","1","0","0","0","100","0","100","0.2","10","2.5","2","60","1.6","0.4","20.5","6.7","16","8.21","365","14","1","0","0","299","299","121","38232","2415","5053","8277","35359","664","9766","false","439885","89","157","418","17960","19496","11220"
"27","0.1","1","false","false","false","true","false","false","false","1","1","1","0.25","1","0","0","0","100","0","100","0.2","10","2.5","2","60","1.6","0.4","20.5","6.7","16","8.21","365","14","1","0","0","299","299","122","37685","2391","5034","8307","35906","677","9743","false","439615","90","161","426","18159","19738","11321"
"27","0.1","1","false","false","false","true","false","false","false","1","1","1","0.25","1","0","0","0","100","0","100","0.2","10","2.5","2","60","1.6","0.4","20.5","6.7","16","8.21","365","14","1","0","0","299","299","123","37166","2349","5025","8264","36512","684","9761","false","439708","92","162","430","18367","19959","11450"
"27","0.1","1","false","false","false","true","false","false","false","1","1","1","0.25","1","0","0","0","100","0","100","0.2","10","2.5","2","60","1.6","0.4","20.5","6.7","16","8.21","365","14","1","0","0","299","299","124","36651","2303","5025","8274","37053","694","9747","false","439574","94","165","435","18576","20178","11594"
"27","0.1","1","false","false","false","true","false","false","false","1","1","1","0.25","1","0","0","0","100","0","100","0.2","10","2.5","2","60","1.6","0.4","20.5","6.7","16","8.21","365","14","1","0","0","299","299","125","36166","2289","5046","8152","37645","702","9676","false","439658","95","168","439","18789","20388","11712"
"27","0.1","1","false","false","false","true","false","false","false","1","1","1","0.25","1","0","0","0","100","0","100","0.2","10","2.5","2","60","1.6","0.4","20.5","6.7","16","8.21","365","14","1","0","0","299","299","126","35635","2246","5055","8156","38197","711","9621","false","440289","96","170","445","18998","20608","11859"
"27","0.1","1","false","false","false","true","false","false","false","1","1","1","0.25","1","0","0","0","100","0","100","0.2","10","2.5","2","60","1.6","0.4","20.5","6.7","16","8.21","365","14","1","0","0","299","299","127","35108","2235","5032","8139","38767","719","9603","false","440946","98","173","448","19221","20799","11969"
"27","0.1","1","false","false","false","true","false","false","false","1","1","1","0.25","1","0","0","0","100","0","100","0.2","10","2.5","2","60","1.6","0.4","20.5","6.7","16","8.21","365","14","1","0","0","299","299","128","34611","2222","5010","8105","39321","731","9628","false","441144","98","179","454","19425","21009","12083"
"27","0.1","1","false","false","false","true","false","false","false","1","1","1","0.25","1","0","0","0","100","0","100","0.2","10","2.5","2","60","1.6","0.4","20.5","6.7","16","8.21","365","14","1","0","0","299","299","129","34125","2174","5000","8058","39905","738","9495","false","440780","98","179","461","19638","21226","12214"
"27","0.1","1","false","false","false","true","false","false","false","1","1","1","0.25","1","0","0","0","100","0","100","0.2","10","2.5","2","60","1.6","0.4","20.5","6.7","16","8.21","365","14","1","0","0","299","299","130","33625","2141","4959","8016","40515","744","9433","false","441754","98","179","467","19830","21440","12345"
"27","0.1","1","false","false","false","true","false","false","false","1","1","1","0.25","1","0","0","0","100","0","100","0.2","10","2.5","2","60","1.6","0.4","20.5","6.7","16","8.21","365","14","1","0","0","299","299","131","33163","2103","4906","7989","41079","760","9298","false","442202","101","181","478","20033","21630","12463"
"27","0.1","1","false","false","false","true","false","false","false","1","1","1","0.25","1","0","0","0","100","0","100","0.2","10","2.5","2","60","1.6","0.4","20.5","6.7","16","8.21","365","14","1","0","0","299","299","132","32632","2152","4893","7901","41646","776","9235","false","443233","105","185","486","20221","21829","12586"
"27","0.1","1","false","false","false","true","false","false","false","1","1","1","0.25","1","0","0","0","100","0","100","0.2","10","2.5","2","60","1.6","0.4","20.5","6.7","16","8.21","365","14","1","0","0","299","299","133","32189","2107","4893","7826","42203","782","9212","false","443630","105","186","491","20418","22037","12707"
"27","0.1","1","false","false","false","true","false","false","false","1","1","1","0.25","1","0","0","0","100","0","100","0.2","10","2.5","2","60","1.6","0.4","20.5","6.7","16","8.21","365","14","1","0","0","299","299","134","31698","2080","4842","7821","42768","791","8984","false","443665","105","191","495","20594","22245","12830"
"27","0.1","1","false","false","false","true","false","false","false","1","1","1","0.25","1","0","0","0","100","0","100","0.2","10","2.5","2","60","1.6","0.4","20.5","6.7","16","8.21","365","14","1","0","0","299","299","135","31235","2040","4792","7780","43356","797","8908","false","445322","106","193","498","20775","22442","12959"
"27","0.1","1","false","false","false","true","false","false","false","1","1","1","0.25","1","0","0","0","100","0","100","0.2","10","2.5","2","60","1.6","0.4","20.5","6.7","16","8.21","365","14","1","0","0","299","299","136","30735","2019","4775","7782","43886","803","8785","false","445929","108","195","500","20977","22652","13069"
"27","0.1","1","false","false","false","true","false","false","false","1","1","1","0.25","1","0","0","0","100","0","100","0.2","10","2.5","2","60","1.6","0.4","20.5","6.7","16","8.21","365","14","1","0","0","299","299","137","30249","2051","4696","7709","44481","814","8728","false","446800","110","197","507","21144","22836","13150"
"27","0.1","1","false","false","false","true","false","false","false","1","1","1","0.25","1","0","0","0","100","0","100","0.2","10","2.5","2","60","1.6","0.4","20.5","6.7","16","8.21","365","14","1","0","0","299","299","138","29760","2086","4653","7638","45038","825","8679","false","447186","112","199","514","21297","23022","13261"
"27","0.1","1","false","false","false","true","false","false","false","1","1","1","0.25","1","0","0","0","100","0","100","0.2","10","2.5","2","60","1.6","0.4","20.5","6.7","16","8.21","365","14","1","0","0","299","299","139","29292","2052","4644","7576","45604","832","8755","false","447525","114","201","517","21469","23232","13391"
"27","0.1","1","false","false","false","true","false","false","false","1","1","1","0.25","1","0","0","0","100","0","100","0.2","10","2.5","2","60","1.6","0.4","20.5","6.7","16","8.21","365","14","1","0","0","299","299","140","28833","2008","4594","7559","46163","843","8622","false","446935","116","202","525","21651","23433","13497"
"27","0.1","1","false","false","false","true","false","false","false","1","1","1","0.25","1","0","0","0","100","0","100","0.2","10","2.5","2","60","1.6","0.4","20.5","6.7","16","8.21","365","14","1","0","0","299","299","141","28357","2034","4548","7524","46677","860","8494","false","448033","119","205","536","21822","23611","13597"
"27","0.1","1","false","false","false","true","false","false","false","1","1","1","0.25","1","0","0","0","100","0","100","0.2","10","2.5","2","60","1.6","0.4","20.5","6.7","16","8.21","365","14","1","0","0","299","299","142","27906","2014","4531","7429","47255","865","8441","false","448937","119","206","540","22004","23806","13708"
"27","0.1","1","false","false","false","true","false","false","false","1","1","1","0.25","1","0","0","0","100","0","100","0.2","10","2.5","2","60","1.6","0.4","20.5","6.7","16","8.21","365","14","1","0","0","299","299","143","27493","1971","4507","7362","47792","875","8323","false","449439","119","208","548","22167","24004","13818"
"27","0.1","1","false","false","false","true","false","false","false","1","1","1","0.25","1","0","0","0","100","0","100","0.2","10","2.5","2","60","1.6","0.4","20.5","6.7","16","8.21","365","14","1","0","0","299","299","144","27054","1953","4494","7316","48300","883","8247","false","450289","119","210","554","22345","24186","13917"
"27","0.1","1","false","false","false","true","false","false","false","1","1","1","0.25","1","0","0","0","100","0","100","0.2","10","2.5","2","60","1.6","0.4","20.5","6.7","16","8.21","365","14","1","0","0","299","299","145","26598","1963","4439","7269","48837","894","8176","false","451032","121","212","561","22489","24364","14032"
"27","0.1","1","false","false","false","true","false","false","false","1","1","1","0.25","1","0","0","0","100","0","100","0.2","10","2.5","2","60","1.6","0.4","20.5","6.7","16","8.21","365","14","1","0","0","299","299","146","26130","1964","4415","7251","49338","902","7984","false","451481","122","213","567","22645","24559","14123"
"27","0.1","1","false","false","false","true","false","false","false","1","1","1","0.25","1","0","0","0","100","0","100","0.2","10","2.5","2","60","1.6","0.4","20.5","6.7","16","8.21","365","14","1","0","0","299","299","147","25682","1979","4382","7163","49882","912","7949","false","453126","124","215","573","22828","24727","14227"
"27","0.1","1","false","false","false","true","false","false","false","1","1","1","0.25","1","0","0","0","100","0","100","0.2","10","2.5","2","60","1.6","0.4","20.5","6.7","16","8.21","365","14","1","0","0","299","299","148","25269","1910","4322","7132","50448","919","7938","false","453407","125","215","579","23000","24921","14341"
"27","0.1","1","false","false","false","true","false","false","false","1","1","1","0.25","1","0","0","0","100","0","100","0.2","10","2.5","2","60","1.6","0.4","20.5","6.7","16","8.21","365","14","1","0","0","299","299","149","24803","1918","4292","7052","51005","930","7838","false","453315","125","218","587","23180","25103","14450"
"27","0.1","1","false","false","false","true","false","false","false","1","1","1","0.25","1","0","0","0","100","0","100","0.2","10","2.5","2","60","1.6","0.4","20.5","6.7","16","8.21","365","14","1","0","0","299","299","150","24382","1879","4277","6991","51535","936","7777","false","454136","126","219","591","23353","25283","14565"
"27","0.1","1","false","false","false","true","false","false","false","1","1","1","0.25","1","0","0","0","100","0","100","0.2","10","2.5","2","60","1.6","0.4","20.5","6.7","16","8.21","365","14","1","0","0","299","299","151","23979","1820","4214","6943","52097","947","7678","false","454713","128","220","599","23535","25457","14657"
"27","0.1","1","false","false","false","true","false","false","false","1","1","1","0.25","1","0","0","0","100","0","100","0.2","10","2.5","2","60","1.6","0.4","20.5","6.7","16","8.21","365","14","1","0","0","299","299","152","23607","1776","4195","6876","52593","953","7494","false","455602","129","220","604","23702","25624","14754"
"27","0.1","1","false","false","false","true","false","false","false","1","1","1","0.25","1","0","0","0","100","0","100","0.2","10","2.5","2","60","1.6","0.4","20.5","6.7","16","8.21","365","14","1","0","0","299","299","153","23176","1771","4203","6850","53038","962","7467","false","456972","130","223","609","23871","25802","14834"
"27","0.1","1","false","false","false","true","false","false","false","1","1","1","0.25","1","0","0","0","100","0","100","0.2","10","2.5","2","60","1.6","0.4","20.5","6.7","16","8.21","365","14","1","0","0","299","299","154","22734","1819","4173","6753","53550","971","7445","false","457116","130","228","613","24001","25957","14941"
"27","0.1","1","false","false","false","true","false","false","false","1","1","1","0.25","1","0","0","0","100","0","100","0.2","10","2.5","2","60","1.6","0.4","20.5","6.7","16","8.21","365","14","1","0","0","299","299","155","22300","1820","4135","6695","54071","979","7452","false","457336","134","229","616","24179","26150","15038"
"27","0.1","1","false","false","false","true","false","false","false","1","1","1","0.25","1","0","0","0","100","0","100","0.2","10","2.5","2","60","1.6","0.4","20.5","6.7","16","8.21","365","14","1","0","0","299","299","156","21894","1803","4122","6647","54547","987","7395","false","457261","136","233","618","24343","26321","15142"
"27","0.1","1","false","false","false","true","false","false","false","1","1","1","0.25","1","0","0","0","100","0","100","0.2","10","2.5","2","60","1.6","0.4","20.5","6.7","16","8.21","365","14","1","0","0","299","299","157","21492","1794","4089","6575","55055","995","7370","false","457742","137","235","623","24492","26507","15243"
"27","0.1","1","false","false","false","true","false","false","false","1","1","1","0.25","1","0","0","0","100","0","100","0.2","10","2.5","2","60","1.6","0.4","20.5","6.7","16","8.21","365","14","1","0","0","299","299","158","21087","1768","4045","6534","55561","1005","7301","false","457942","139","237","629","24652","26670","15342"
"27","0.1","1","false","false","false","true","false","false","false","1","1","1","0.25","1","0","0","0","100","0","100","0.2","10","2.5","2","60","1.6","0.4","20.5","6.7","16","8.21","365","14","1","0","0","299","299","159","20668","1737","3993","6537","56052","1013","7219","false","458541","140","237","636","24805","26870","15436"
"27","0.1","1","false","false","false","true","false","false","false","1","1","1","0.25","1","0","0","0","100","0","100","0.2","10","2.5","2","60","1.6","0.4","20.5","6.7","16","8.21","365","14","1","0","0","299","299","160","20288","1730","3994","6434","56533","1021","7240","false","459235","141","238","642","24963","27044","15530"
"27","0.1","1","false","false","false","true","false","false","false","1","1","1","0.25","1","0","0","0","100","0","100","0.2","10","2.5","2","60","1.6","0.4","20.5","6.7","16","8.21","365","14","1","0","0","299","299","161","19898","1706","3937","6437","56989","1033","7124","false","458983","143","239","651","25100","27187","15615"
"27","0.1","1","false","false","false","true","false","false","false","1","1","1","0.25","1","0","0","0","100","0","100","0.2","10","2.5","2","60","1.6","0.4","20.5","6.7","16","8.21","365","14","1","0","0","299","299","162","19522","1670","3916","6374","57475","1043","7009","false","459890","143","242","658","25250","27354","15714"
"27","0.1","1","false","false","false","true","false","false","false","1","1","1","0.25","1","0","0","0","100","0","100","0.2","10","2.5","2","60","1.6","0.4","20.5","6.7","16","8.21","365","14","1","0","0","299","299","163","19174","1635","3883","6311","57942","1055","6884","false","460768","144","245","666","25390","27518","15803"
"27","0.1","1","false","false","false","true","false","false","false","1","1","1","0.25","1","0","0","0","100","0","100","0.2","10","2.5","2","60","1.6","0.4","20.5","6.7","16","8.21","365","14","1","0","0","299","299","164","18776","1652","3869","6256","58384","1063","6854","false","461781","145","247","671","25519","27694","15901"
"27","0.1","1","false","false","false","true","false","false","false","1","1","1","0.25","1","0","0","0","100","0","100","0.2","10","2.5","2","60","1.6","0.4","20.5","6.7","16","8.21","365","14","1","0","0","299","299","165","18423","1612","3814","6232","58844","1075","6811","false","461883","146","248","681","25645","27854","15987"
"27","0.1","1","false","false","false","true","false","false","false","1","1","1","0.25","1","0","0","0","100","0","100","0.2","10","2.5","2","60","1.6","0.4","20.5","6.7","16","8.21","365","14","1","0","0","299","299","166","18065","1593","3774","6146","59339","1083","6759","false","462179","149","249","685","25761","28012","16079"
"27","0.1","1","false","false","false","true","false","false","false","1","1","1","0.25","1","0","0","0","100","0","100","0.2","10","2.5","2","60","1.6","0.4","20.5","6.7","16","8.21","365","14","1","0","0","299","299","167","17681","1600","3773","6032","59823","1091","6725","false","462732","149","251","691","25918","28165","16172"
"27","0.1","1","false","false","false","true","false","false","false","1","1","1","0.25","1","0","0","0","100","0","100","0.2","10","2.5","2","60","1.6","0.4","20.5","6.7","16","8.21","365","14","1","0","0","299","299","168","17366","1515","3763","5999","60260","1097","6610","false","463032","150","251","696","26059","28334","16265"
"27","0.1","1","false","false","false","true","false","false","false","1","1","1","0.25","1","0","0","0","100","0","100","0.2","10","2.5","2","60","1.6","0.4","20.5","6.7","16","8.21","365","14","1","0","0","299","299","169","16988","1538","3710","5942","60716","1106","6464","false","464042","151","252","703","26208","28470","16335"
"27","0.1","1","false","false","false","true","false","false","false","1","1","1","0.25","1","0","0","0","100","0","100","0.2","10","2.5","2","60","1.6","0.4","20.5","6.7","16","8.21","365","14","1","0","0","299","299","170","16610","1566","3702","5861","61148","1113","6451","false","465284","153","253","707","26337","28608","16429"
"27","0.1","1","false","false","false","true","false","false","false","1","1","1","0.25","1","0","0","0","100","0","100","0.2","10","2.5","2","60","1.6","0.4","20.5","6.7","16","8.21","365","14","1","0","0","299","299","171","16252","1602","3629","5782","61615","1120","6243","false","465387","155","253","712","26466","28727","16506"
"27","0.1","1","false","false","false","true","false","false","false","1","1","1","0.25","1","0","0","0","100","0","100","0.2","10","2.5","2","60","1.6","0.4","20.5","6.7","16","8.21","365","14","1","0","0","299","299","172","15865","1613","3624","5721","62052","1125","6283","false","466994","156","254","715","26609","28891","16580"
"27","0.1","1","false","false","false","true","false","false","false","1","1","1","0.25","1","0","0","0","100","0","100","0.2","10","2.5","2","60","1.6","0.4","20.5","6.7","16","8.21","365","14","1","0","0","299","299","173","15524","1560","3584","5702","62497","1133","6218","false","466756","158","255","720","26754","29036","16673"
"27","0.1","1","false","false","false","true","false","false","false","1","1","1","0.25","1","0","0","0","100","0","100","0.2","10","2.5","2","60","1.6","0.4","20.5","6.7","16","8.21","365","14","1","0","0","299","299","174","15182","1550","3558","5630","62943","1137","6163","false","467289","159","256","722","26899","29182","16752"
"27","0.1","1","false","false","false","true","false","false","false","1","1","1","0.25","1","0","0","0","100","0","100","0.2","10","2.5","2","60","1.6","0.4","20.5","6.7","16","8.21","365","14","1","0","0","299","299","175","14838","1517","3529","5624","63348","1144","6090","false","467733","159","257","728","27022","29333","16840"
"27","0.1","1","false","false","false","true","false","false","false","1","1","1","0.25","1","0","0","0","100","0","100","0.2","10","2.5","2","60","1.6","0.4","20.5","6.7","16","8.21","365","14","1","0","0","299","299","176","14485","1508","3506","5557","63793","1151","6098","false","468218","160","257","734","27155","29490","16923"
"27","0.1","1","false","false","false","true","false","false","false","1","1","1","0.25","1","0","0","0","100","0","100","0.2","10","2.5","2","60","1.6","0.4","20.5","6.7","16","8.21","365","14","1","0","0","299","299","177","14191","1444","3480","5483","64245","1157","6053","false","468180","161","258","738","27290","29650","17003"
"27","0.1","1","false","false","false","true","false","false","false","1","1","1","0.25","1","0","0","0","100","0","100","0.2","10","2.5","2","60","1.6","0.4","20.5","6.7","16","8.21","365","14","1","0","0","299","299","178","13861","1441","3483","5435","64617","1163","5923","false","468625","162","259","742","27416","29781","17087"
"27","0.1","1","false","false","false","true","false","false","false","1","1","1","0.25","1","0","0","0","100","0","100","0.2","10","2.5","2","60","1.6","0.4","20.5","6.7","16","8.21","365","14","1","0","0","299","299","179","13525","1435","3430","5394","65044","1172","5909","false","469720","162","260","750","27544","29907","17161"
"27","0.1","1","false","false","false","true","false","false","false","1","1","1","0.25","1","0","0","0","100","0","100","0.2","10","2.5","2","60","1.6","0.4","20.5","6.7","16","8.21","365","14","1","0","0","299","299","180","13208","1432","3411","5332","65440","1177","5861","false","469984","162","260","755","27665","30040","17239"
"27","0.1","1","false","false","false","true","false","false","false","1","1","1","0.25","1","0","0","0","100","0","100","0.2","10","2.5","2","60","1.6","0.4","20.5","6.7","16","8.21","365","14","1","0","0","299","299","181","12922","1375","3380","5304","65834","1185","5801","false","470355","163","261","761","27792","30179","17298"
"27","0.1","1","false","false","false","true","false","false","false","1","1","1","0.25","1","0","0","0","100","0","100","0.2","10","2.5","2","60","1.6","0.4","20.5","6.7","16","8.21","365","14","1","0","0","299","299","182","12626","1316","3342","5291","66233","1192","5733","false","470812","163","263","766","27905","30328","17389"
"27","0.1","1","false","false","false","true","false","false","false","1","1","1","0.25","1","0","0","0","100","0","100","0.2","10","2.5","2","60","1.6","0.4","20.5","6.7","16","8.21","365","14","1","0","0","299","299","183","12368","1253","3303","5214","66661","1201","5687","false","471337","163","264","774","28025","30461","17480"
"27","0.1","1","false","false","false","true","false","false","false","1","1","1","0.25","1","0","0","0","100","0","100","0.2","10","2.5","2","60","1.6","0.4","20.5","6.7","16","8.21","365","14","1","0","0","299","299","184","12060","1267","3285","5129","67047","1212","5687","false","471791","163","267","782","28154","30590","17542"
"27","0.1","1","false","false","false","true","false","false","false","1","1","1","0.25","1","0","0","0","100","0","100","0.2","10","2.5","2","60","1.6","0.4","20.5","6.7","16","8.21","365","14","1","0","0","299","299","185","11791","1258","3242","5019","67469","1221","5639","false","471759","164","271","786","28269","30708","17609"
"27","0.1","1","false","false","false","true","false","false","false","1","1","1","0.25","1","0","0","0","100","0","100","0.2","10","2.5","2","60","1.6","0.4","20.5","6.7","16","8.21","365","14","1","0","0","299","299","186","11512","1223","3200","4972","67870","1223","5492","false","472127","165","271","787","28380","30813","17678"
"27","0.1","1","false","false","false","true","false","false","false","1","1","1","0.25","1","0","0","0","100","0","100","0.2","10","2.5","2","60","1.6","0.4","20.5","6.7","16","8.21","365","14","1","0","0","299","299","187","11264","1198","3201","4870","68239","1228","5388","false","473437","165","272","791","28502","30940","17749"
"27","0.1","1","false","false","false","true","false","false","false","1","1","1","0.25","1","0","0","0","100","0","100","0.2","10","2.5","2","60","1.6","0.4","20.5","6.7","16","8.21","365","14","1","0","0","299","299","188","10999","1164","3161","4814","68630","1232","5271","false","474319","167","273","792","28625","31069","17811"
"27","0.1","1","false","false","false","true","false","false","false","1","1","1","0.25","1","0","0","0","100","0","100","0.2","10","2.5","2","60","1.6","0.4","20.5","6.7","16","8.21","365","14","1","0","0","299","299","189","10753","1150","3124","4751","68986","1236","5077","false","475098","169","273","794","28715","31196","17873"
"27","0.1","1","false","false","false","true","false","false","false","1","1","1","0.25","1","0","0","0","100","0","100","0.2","10","2.5","2","60","1.6","0.4","20.5","6.7","16","8.21","365","14","1","0","0","299","299","190","10510","1127","3077","4688","69357","1241","4912","false","476644","170","274","797","28814","31305","17944"
"27","0.1","1","false","false","false","true","false","false","false","1","1","1","0.25","1","0","0","0","100","0","100","0.2","10","2.5","2","60","1.6","0.4","20.5","6.7","16","8.21","365","14","1","0","0","299","299","191","10240","1099","3043","4662","69710","1246","4779","false","477952","170","278","798","28914","31411","18017"
"27","0.1","1","false","false","false","true","false","false","false","1","1","1","0.25","1","0","0","0","100","0","100","0.2","10","2.5","2","60","1.6","0.4","20.5","6.7","16","8.21","365","14","1","0","0","299","299","192","9986","1091","2959","4631","70079","1254","4653","false","478917","171","279","804","29014","31502","18088"
"27","0.1","1","false","false","false","true","false","false","false","1","1","1","0.25","1","0","0","0","100","0","100","0.2","10","2.5","2","60","1.6","0.4","20.5","6.7","16","8.21","365","14","1","0","0","299","299","193","9733","1077","2930","4596","70398","1266","4516","false","479838","173","283","810","29116","31609","18150"
"27","0.1","1","false","false","false","true","false","false","false","1","1","1","0.25","1","0","0","0","100","0","100","0.2","10","2.5","2","60","1.6","0.4","20.5","6.7","16","8.21","365","14","1","0","0","299","299","194","9458","1113","2876","4508","70774","1271","4405","false","480813","173","284","814","29200","31712","18195"
"27","0.1","1","false","false","false","true","false","false","false","1","1","1","0.25","1","0","0","0","100","0","100","0.2","10","2.5","2","60","1.6","0.4","20.5","6.7","16","8.21","365","14","1","0","0","299","299","195","9209","1091","2829","4470","71125","1276","4331","false","481663","174","286","816","29304","31820","18252"
"27","0.1","1","false","false","false","true","false","false","false","1","1","1","0.25","1","0","0","0","100","0","100","0.2","10","2.5","2","60","1.6","0.4","20.5","6.7","16","8.21","365","14","1","0","0","299","299","196","8967","1075","2813","4401","71461","1283","4308","false","482309","177","287","819","29411","31924","18321"
"27","0.1","1","false","false","false","true","false","false","false","1","1","1","0.25","1","0","0","0","100","0","100","0.2","10","2.5","2","60","1.6","0.4","20.5","6.7","16","8.21","365","14","1","0","0","299","299","197","8719","1086","2773","4307","71825","1290","4138","false","482453","179","289","822","29510","32004","18375"
"27","0.1","1","false","false","false","true","false","false","false","1","1","1","0.25","1","0","0","0","100","0","100","0.2","10","2.5","2","60","1.6","0.4","20.5","6.7","16","8.21","365","14","1","0","0","299","299","198","8475","1057","2736","4261","72172","1299","4088","false","483856","179","289","831","29619","32103","18437"
"27","0.1","1","false","false","false","true","false","false","false","1","1","1","0.25","1","0","0","0","100","0","100","0.2","10","2.5","2","60","1.6","0.4","20.5","6.7","16","8.21","365","14","1","0","0","299","299","199","8226","1048","2663","4232","72519","1312","4088","false","484427","181","291","840","29713","32196","18498"
"27","0.1","1","false","false","false","true","false","false","false","1","1","1","0.25","1","0","0","0","100","0","100","0.2","10","2.5","2","60","1.6","0.4","20.5","6.7","16","8.21","365","14","1","0","0","299","299","200","7971","1047","2622","4158","72883","1319","4116","false","484405","184","292","843","29827","32277","18564"
"27","0.1","1","false","false","false","true","false","false","false","1","1","1","0.25","1","0","0","0","100","0","100","0.2","10","2.5","2","60","1.6","0.4","20.5","6.7","16","8.21","365","14","1","0","0","299","299","201","7750","1035","2597","4070","73225","1323","4049","false","484314","184","292","847","29931","32367","18617"
"27","0.1","1","false","false","false","true","false","false","false","1","1","1","0.25","1","0","0","0","100","0","100","0.2","10","2.5","2","60","1.6","0.4","20.5","6.7","16","8.21","365","14","1","0","0","299","299","202","7536","1026","2575","3987","73549","1327","4061","false","484987","184","293","850","30028","32464","18671"
"27","0.1","1","false","false","false","true","false","false","false","1","1","1","0.25","1","0","0","0","100","0","100","0.2","10","2.5","2","60","1.6","0.4","20.5","6.7","16","8.21","365","14","1","0","0","299","299","203","7349","944","2541","3959","73876","1331","3925","false","485100","184","296","851","30116","32571","18738"
"27","0.1","1","false","false","false","true","false","false","false","1","1","1","0.25","1","0","0","0","100","0","100","0.2","10","2.5","2","60","1.6","0.4","20.5","6.7","16","8.21","365","14","1","0","0","299","299","204","7164","914","2505","3886","74194","1337","3870","false","486247","185","298","854","30196","32662","18787"
"27","0.1","1","false","false","false","true","false","false","false","1","1","1","0.25","1","0","0","0","100","0","100","0.2","10","2.5","2","60","1.6","0.4","20.5","6.7","16","8.21","365","14","1","0","0","299","299","205","6987","871","2456","3830","74513","1343","3775","false","486720","186","298","859","30285","32744","18841"
"27","0.1","1","false","false","false","true","false","false","false","1","1","1","0.25","1","0","0","0","100","0","100","0.2","10","2.5","2","60","1.6","0.4","20.5","6.7","16","8.21","365","14","1","0","0","299","299","206","6825","832","2417","3745","74831","1350","3680","false","487341","186","301","863","30367","32834","18892"
"27","0.1","1","false","false","false","true","false","false","false","1","1","1","0.25","1","0","0","0","100","0","100","0.2","10","2.5","2","60","1.6","0.4","20.5","6.7","16","8.21","365","14","1","0","0","299","299","207","6639","807","2386","3705","75108","1355","3633","false","488070","188","301","866","30449","32924","18934"
"27","0.1","1","false","false","false","true","false","false","false","1","1","1","0.25","1","0","0","0","100","0","100","0.2","10","2.5","2","60","1.6","0.4","20.5","6.7","16","8.21","365","14","1","0","0","299","299","208","6488","752","2333","3658","75408","1361","3510","false","488554","188","303","870","30521","33003","18990"
"27","0.1","1","false","false","false","true","false","false","false","1","1","1","0.25","1","0","0","0","100","0","100","0.2","10","2.5","2","60","1.6","0.4","20.5","6.7","16","8.21","365","14","1","0","0","299","299","209","6316","739","2282","3600","75695","1368","3437","false","489633","188","307","873","30589","33077","19039"
"27","0.1","1","false","false","false","true","false","false","false","1","1","1","0.25","1","0","0","0","100","0","100","0.2","10","2.5","2","60","1.6","0.4","20.5","6.7","16","8.21","365","14","1","0","0","299","299","210","6127","742","2250","3511","75999","1371","3376","false","490219","189","307","875","30648","33163","19097"
"27","0.1","1","false","false","false","true","false","false","false","1","1","1","0.25","1","0","0","0","100","0","100","0.2","10","2.5","2","60","1.6","0.4","20.5","6.7","16","8.21","365","14","1","0","0","299","299","211","5940","752","2211","3462","76261","1374","3297","false","490867","190","307","877","30720","33235","19144"
"27","0.1","1","false","false","false","true","false","false","false","1","1","1","0.25","1","0","0","0","100","0","100","0.2","10","2.5","2","60","1.6","0.4","20.5","6.7","16","8.21","365","14","1","0","0","299","299","212","5762","742","2180","3400","76538","1378","3242","false","491513","191","307","880","30801","33317","19186"
"27","0.1","1","false","false","false","true","false","false","false","1","1","1","0.25","1","0","0","0","100","0","100","0.2","10","2.5","2","60","1.6","0.4","20.5","6.7","16","8.21","365","14","1","0","0","299","299","213","5606","740","2132","3306","76834","1382","3121","false","491982","191","309","882","30863","33386","19231"
"27","0.1","1","false","false","false","true","false","false","false","1","1","1","0.25","1","0","0","0","100","0","100","0.2","10","2.5","2","60","1.6","0.4","20.5","6.7","16","8.21","365","14","1","0","0","299","299","214","5416","734","2088","3261","77114","1387","3053","false","493012","191","310","886","30929","33454","19273"
"27","0.1","1","false","false","false","true","false","false","false","1","1","1","0.25","1","0","0","0","100","0","100","0.2","10","2.5","2","60","1.6","0.4","20.5","6.7","16","8.21","365","14","1","0","0","299","299","215","5244","729","2048","3225","77364","1390","2985","false","493664","192","310","888","30986","33514","19313"
"27","0.1","1","false","false","false","true","false","false","false","1","1","1","0.25","1","0","0","0","100","0","100","0.2","10","2.5","2","60","1.6","0.4","20.5","6.7","16","8.21","365","14","1","0","0","299","299","216","5086","707","1986","3179","77647","1395","2954","false","494278","193","311","891","31059","33569","19356"
"27","0.1","1","false","false","false","true","false","false","false","1","1","1","0.25","1","0","0","0","100","0","100","0.2","10","2.5","2","60","1.6","0.4","20.5","6.7","16","8.21","365","14","1","0","0","299","299","217","4951","684","1958","3082","77924","1401","2904","false","494473","194","313","894","31127","33630","19397"
"27","0.1","1","false","false","false","true","false","false","false","1","1","1","0.25","1","0","0","0","100","0","100","0.2","10","2.5","2","60","1.6","0.4","20.5","6.7","16","8.21","365","14","1","0","0","299","299","218","4793","672","1930","3012","78190","1403","2878","false","494852","195","313","895","31192","33693","19444"
"27","0.1","1","false","false","false","true","false","false","false","1","1","1","0.25","1","0","0","0","100","0","100","0.2","10","2.5","2","60","1.6","0.4","20.5","6.7","16","8.21","365","14","1","0","0","299","299","219","4655","661","1878","2947","78447","1412","2850","false","495044","197","315","900","31249","33769","19472"
"27","0.1","1","false","false","false","true","false","false","false","1","1","1","0.25","1","0","0","0","100","0","100","0.2","10","2.5","2","60","1.6","0.4","20.5","6.7","16","8.21","365","14","1","0","0","299","299","220","4500","663","1826","2889","78703","1419","2805","false","495146","197","318","904","31289","33832","19518"
"27","0.1","1","false","false","false","true","false","false","false","1","1","1","0.25","1","0","0","0","100","0","100","0.2","10","2.5","2","60","1.6","0.4","20.5","6.7","16","8.21","365","14","1","0","0","299","299","221","4359","652","1794","2842","78928","1425","2755","false","495541","199","320","906","31356","33888","19548"
"27","0.1","1","false","false","false","true","false","false","false","1","1","1","0.25","1","0","0","0","100","0","100","0.2","10","2.5","2","60","1.6","0.4","20.5","6.7","16","8.21","365","14","1","0","0","299","299","222","4218","646","1776","2769","79161","1430","2717","false","495948","200","321","909","31406","33965","19585"
"27","0.1","1","false","false","false","true","false","false","false","1","1","1","0.25","1","0","0","0","100","0","100","0.2","10","2.5","2","60","1.6","0.4","20.5","6.7","16","8.21","365","14","1","0","0","299","299","223","4075","638","1718","2726","79409","1434","2662","false","496307","200","322","912","31449","34039","19614"
"27","0.1","1","false","false","false","true","false","false","false","1","1","1","0.25","1","0","0","0","100","0","100","0.2","10","2.5","2","60","1.6","0.4","20.5","6.7","16","8.21","365","14","1","0","0","299","299","224","3945","632","1691","2663","79629","1440","2627","false","496814","200","323","917","31502","34101","19651"
"27","0.1","1","false","false","false","true","false","false","false","1","1","1","0.25","1","0","0","0","100","0","100","0.2","10","2.5","2","60","1.6","0.4","20.5","6.7","16","8.21","365","14","1","0","0","299","299","225","3795","627","1643","2623","79865","1447","2577","false","497062","200","325","922","31553","34159","19692"
"27","0.1","1","false","false","false","true","false","false","false","1","1","1","0.25","1","0","0","0","100","0","100","0.2","10","2.5","2","60","1.6","0.4","20.5","6.7","16","8.21","365","14","1","0","0","299","299","226","3666","621","1617","2558","80085","1453","2514","false","497408","201","326","926","31608","34220","19730"
"27","0.1","1","false","false","false","true","false","false","false","1","1","1","0.25","1","0","0","0","100","0","100","0.2","10","2.5","2","60","1.6","0.4","20.5","6.7","16","8.21","365","14","1","0","0","299","299","227","3545","588","1581","2533","80294","1459","2445","false","497877","202","328","929","31664","34280","19756"
"27","0.1","1","false","false","false","true","false","false","false","1","1","1","0.25","1","0","0","0","100","0","100","0.2","10","2.5","2","60","1.6","0.4","20.5","6.7","16","8.21","365","14","1","0","0","299","299","228","3421","585","1542","2467","80522","1463","2408","false","498425","203","330","930","31715","34333","19774"
"27","0.1","1","false","false","false","true","false","false","false","1","1","1","0.25","1","0","0","0","100","0","100","0.2","10","2.5","2","60","1.6","0.4","20.5","6.7","16","8.21","365","14","1","0","0","299","299","229","3303","555","1511","2412","80755","1464","2364","false","498824","203","330","931","31776","34392","19811"
"27","0.1","1","false","false","false","true","false","false","false","1","1","1","0.25","1","0","0","0","100","0","100","0.2","10","2.5","2","60","1.6","0.4","20.5","6.7","16","8.21","365","14","1","0","0","299","299","230","3172","544","1481","2380","80954","1469","2321","false","499279","203","331","935","31823","34447","19839"
"27","0.1","1","false","false","false","true","false","false","false","1","1","1","0.25","1","0","0","0","100","0","100","0.2","10","2.5","2","60","1.6","0.4","20.5","6.7","16","8.21","365","14","1","0","0","299","299","231","3065","527","1466","2323","81144","1475","2262","false","499473","203","334","938","31869","34506","19866"
"27","0.1","1","false","false","false","true","false","false","false","1","1","1","0.25","1","0","0","0","100","0","100","0.2","10","2.5","2","60","1.6","0.4","20.5","6.7","16","8.21","365","14","1","0","0","299","299","232","2952","507","1438","2290","81334","1479","2192","false","499817","204","334","941","31921","34567","19905"
"27","0.1","1","false","false","false","true","false","false","false","1","1","1","0.25","1","0","0","0","100","0","100","0.2","10","2.5","2","60","1.6","0.4","20.5","6.7","16","8.21","365","14","1","0","0","299","299","233","2846","488","1412","2245","81527","1482","2121","false","500454","205","335","942","31976","34616","19927"
"27","0.1","1","false","false","false","true","false","false","false","1","1","1","0.25","1","0","0","0","100","0","100","0.2","10","2.5","2","60","1.6","0.4","20.5","6.7","16","8.21","365","14","1","0","0","299","299","234","2756","474","1374","2189","81718","1489","2031","false","501144","206","337","946","32024","34658","19953"
"27","0.1","1","false","false","false","true","false","false","false","1","1","1","0.25","1","0","0","0","100","0","100","0.2","10","2.5","2","60","1.6","0.4","20.5","6.7","16","8.21","365","14","1","0","0","299","299","235","2620","492","1344","2146","81908","1490","1977","false","501840","206","337","947","32068","34710","19979"
"27","0.1","1","false","false","false","true","false","false","false","1","1","1","0.25","1","0","0","0","100","0","100","0.2","10","2.5","2","60","1.6","0.4","20.5","6.7","16","8.21","365","14","1","0","0","299","299","236","2503","498","1307","2105","82095","1492","1893","false","502336","206","337","949","32108","34758","20012"
"27","0.1","1","false","false","false","true","false","false","false","1","1","1","0.25","1","0","0","0","100","0","100","0.2","10","2.5","2","60","1.6","0.4","20.5","6.7","16","8.21","365","14","1","0","0","299","299","237","2388","497","1296","2054","82272","1493","1889","false","503022","206","337","950","32144","34812","20044"
"27","0.1","1","false","false","false","true","false","false","false","1","1","1","0.25","1","0","0","0","100","0","100","0.2","10","2.5","2","60","1.6","0.4","20.5","6.7","16","8.21","365","14","1","0","0","299","299","238","2292","477","1264","2042","82426","1499","1806","false","503155","206","340","953","32179","34852","20063"
"27","0.1","1","false","false","false","true","false","false","false","1","1","1","0.25","1","0","0","0","100","0","100","0.2","10","2.5","2","60","1.6","0.4","20.5","6.7","16","8.21","365","14","1","0","0","299","299","239","2190","465","1230","2005","82609","1501","1812","false","503817","206","340","955","32222","34889","20088"
"27","0.1","1","false","false","false","true","false","false","false","1","1","1","0.25","1","0","0","0","100","0","100","0.2","10","2.5","2","60","1.6","0.4","20.5","6.7","16","8.21","365","14","1","0","0","299","299","240","2093","454","1211","1967","82774","1501","1791","false","503832","206","340","955","32267","34925","20116"
"27","0.1","1","false","false","false","true","false","false","false","1","1","1","0.25","1","0","0","0","100","0","100","0.2","10","2.5","2","60","1.6","0.4","20.5","6.7","16","8.21","365","14","1","0","0","299","299","241","2012","422","1176","1952","82935","1503","1761","false","504080","207","340","956","32313","34970","20139"
"27","0.1","1","false","false","false","true","false","false","false","1","1","1","0.25","1","0","0","0","100","0","100","0.2","10","2.5","2","60","1.6","0.4","20.5","6.7","16","8.21","365","14","1","0","0","299","299","242","1920","426","1172","1875","83101","1506","1726","false","504411","207","340","959","32346","35013","20165"
"27","0.1","1","false","false","false","true","false","false","false","1","1","1","0.25","1","0","0","0","100","0","100","0.2","10","2.5","2","60","1.6","0.4","20.5","6.7","16","8.21","365","14","1","0","0","299","299","243","1842","389","1163","1846","83251","1509","1667","false","504705","207","340","962","32378","35056","20202"
"27","0.1","1","false","false","false","true","false","false","false","1","1","1","0.25","1","0","0","0","100","0","100","0.2","10","2.5","2","60","1.6","0.4","20.5","6.7","16","8.21","365","14","1","0","0","299","299","244","1757","371","1141","1821","83397","1513","1623","false","505185","207","342","964","32412","35094","20221"
"27","0.1","1","false","false","false","true","false","false","false","1","1","1","0.25","1","0","0","0","100","0","100","0.2","10","2.5","2","60","1.6","0.4","20.5","6.7","16","8.21","365","14","1","0","0","299","299","245","1680","355","1133","1779","83539","1514","1571","false","505553","207","342","965","32461","35133","20243"
"27","0.1","1","false","false","false","true","false","false","false","1","1","1","0.25","1","0","0","0","100","0","100","0.2","10","2.5","2","60","1.6","0.4","20.5","6.7","16","8.21","365","14","1","0","0","299","299","246","1606","360","1108","1697","83708","1521","1508","false","505963","209","343","969","32487","35164","20272"
"27","0.1","1","false","false","false","true","false","false","false","1","1","1","0.25","1","0","0","0","100","0","100","0.2","10","2.5","2","60","1.6","0.4","20.5","6.7","16","8.21","365","14","1","0","0","299","299","247","1534","335","1106","1664","83840","1521","1502","false","506450","209","343","969","32525","35208","20287"
"27","0.1","1","false","false","false","true","false","false","false","1","1","1","0.25","1","0","0","0","100","0","100","0.2","10","2.5","2","60","1.6","0.4","20.5","6.7","16","8.21","365","14","1","0","0","299","299","248","1455","332","1081","1634","83975","1523","1463","false","506553","210","343","970","32557","35232","20314"
"27","0.1","1","false","false","false","true","false","false","false","1","1","1","0.25","1","0","0","0","100","0","100","0.2","10","2.5","2","60","1.6","0.4","20.5","6.7","16","8.21","365","14","1","0","0","299","299","249","1401","315","1059","1591","84110","1524","1419","false","506934","210","343","971","32583","35262","20333"
"27","0.1","1","false","false","false","true","false","false","false","1","1","1","0.25","1","0","0","0","100","0","100","0.2","10","2.5","2","60","1.6","0.4","20.5","6.7","16","8.21","365","14","1","0","0","299","299","250","1345","293","1015","1554","84264","1529","1349","false","507373","210","346","973","32617","35290","20348"
"27","0.1","1","false","false","false","true","false","false","false","1","1","1","0.25","1","0","0","0","100","0","100","0.2","10","2.5","2","60","1.6","0.4","20.5","6.7","16","8.21","365","14","1","0","0","299","299","251","1265","301","1000","1489","84413","1532","1289","false","507915","210","348","974","32645","35326","20361"
"27","0.1","1","false","false","false","true","false","false","false","1","1","1","0.25","1","0","0","0","100","0","100","0.2","10","2.5","2","60","1.6","0.4","20.5","6.7","16","8.21","365","14","1","0","0","299","299","252","1199","299","989","1441","84540","1532","1285","false","508404","210","348","974","32671","35359","20386"
"27","0.1","1","false","false","false","true","false","false","false","1","1","1","0.25","1","0","0","0","100","0","100","0.2","10","2.5","2","60","1.6","0.4","20.5","6.7","16","8.21","365","14","1","0","0","299","299","253","1132","291","969","1397","84677","1534","1236","false","508481","210","350","974","32711","35388","20399"
"27","0.1","1","false","false","false","true","false","false","false","1","1","1","0.25","1","0","0","0","100","0","100","0.2","10","2.5","2","60","1.6","0.4","20.5","6.7","16","8.21","365","14","1","0","0","299","299","254","1078","288","952","1350","84796","1536","1199","false","508947","211","350","975","32728","35417","20416"
"27","0.1","1","false","false","false","true","false","false","false","1","1","1","0.25","1","0","0","0","100","0","100","0.2","10","2.5","2","60","1.6","0.4","20.5","6.7","16","8.21","365","14","1","0","0","299","299","255","1030","265","921","1322","84923","1539","1144","false","509218","211","350","978","32751","35449","20426"
"27","0.1","1","false","false","false","true","false","false","false","1","1","1","0.25","1","0","0","0","100","0","100","0.2","10","2.5","2","60","1.6","0.4","20.5","6.7","16","8.21","365","14","1","0","0","299","299","256","975","250","897","1294","85043","1541","1106","false","509622","211","350","980","32778","35479","20436"
"27","0.1","1","false","false","false","true","false","false","false","1","1","1","0.25","1","0","0","0","100","0","100","0.2","10","2.5","2","60","1.6","0.4","20.5","6.7","16","8.21","365","14","1","0","0","299","299","257","926","237","867","1260","85166","1544","1064","false","510025","212","351","981","32797","35508","20450"
"27","0.1","1","false","false","false","true","false","false","false","1","1","1","0.25","1","0","0","0","100","0","100","0.2","10","2.5","2","60","1.6","0.4","20.5","6.7","16","8.21","365","14","1","0","0","299","299","258","879","224","842","1237","85273","1545","1000","false","510364","212","351","982","32828","35528","20463"
"27","0.1","1","false","false","false","true","false","false","false","1","1","1","0.25","1","0","0","0","100","0","100","0.2","10","2.5","2","60","1.6","0.4","20.5","6.7","16","8.21","365","14","1","0","0","299","299","259","817","234","826","1194","85383","1546","962","false","510875","212","351","983","32845","35550","20482"
"27","0.1","1","false","false","false","true","false","false","false","1","1","1","0.25","1","0","0","0","100","0","100","0.2","10","2.5","2","60","1.6","0.4","20.5","6.7","16","8.21","365","14","1","0","0","299","299","260","780","219","804","1148","85501","1548","921","false","511181","212","352","984","32871","35575","20488"
"27","0.1","1","false","false","false","true","false","false","false","1","1","1","0.25","1","0","0","0","100","0","100","0.2","10","2.5","2","60","1.6","0.4","20.5","6.7","16","8.21","365","14","1","0","0","299","299","261","741","202","781","1125","85603","1548","894","false","511552","212","352","984","32885","35608","20503"
"27","0.1","1","false","false","false","true","false","false","false","1","1","1","0.25","1","0","0","0","100","0","100","0.2","10","2.5","2","60","1.6","0.4","20.5","6.7","16","8.21","365","14","1","0","0","299","299","262","694","186","743","1104","85724","1549","825","false","511794","212","352","985","32911","35623","20509"
"27","0.1","1","false","false","false","true","false","false","false","1","1","1","0.25","1","0","0","0","100","0","100","0.2","10","2.5","2","60","1.6","0.4","20.5","6.7","16","8.21","365","14","1","0","0","299","299","263","649","185","720","1068","85828","1550","792","false","512353","212","353","985","32928","35636","20527"
"27","0.1","1","false","false","false","true","false","false","false","1","1","1","0.25","1","0","0","0","100","0","100","0.2","10","2.5","2","60","1.6","0.4","20.5","6.7","16","8.21","365","14","1","0","0","299","299","264","602","192","705","1008","85943","1550","774","false","512650","212","353","985","32947","35663","20544"
"27","0.1","1","false","false","false","true","false","false","false","1","1","1","0.25","1","0","0","0","100","0","100","0.2","10","2.5","2","60","1.6","0.4","20.5","6.7","16","8.21","365","14","1","0","0","299","299","265","558","186","684","995","86024","1553","744","false","512858","212","354","987","32960","35687","20554"
"27","0.1","1","false","false","false","true","false","false","false","1","1","1","0.25","1","0","0","0","100","0","100","0.2","10","2.5","2","60","1.6","0.4","20.5","6.7","16","8.21","365","14","1","0","0","299","299","266","526","172","655","967","86126","1554","694","false","513094","212","354","988","32977","35704","20567"
"27","0.1","1","false","false","false","true","false","false","false","1","1","1","0.25","1","0","0","0","100","0","100","0.2","10","2.5","2","60","1.6","0.4","20.5","6.7","16","8.21","365","14","1","0","0","299","299","267","488","173","634","926","86225","1554","675","false","513514","212","354","988","32993","35716","20577"
"27","0.1","1","false","false","false","true","false","false","false","1","1","1","0.25","1","0","0","0","100","0","100","0.2","10","2.5","2","60","1.6","0.4","20.5","6.7","16","8.21","365","14","1","0","0","299","299","268","455","173","616","880","86321","1555","657","false","513737","212","355","988","33008","35733","20585"
"27","0.1","1","false","false","false","true","false","false","false","1","1","1","0.25","1","0","0","0","100","0","100","0.2","10","2.5","2","60","1.6","0.4","20.5","6.7","16","8.21","365","14","1","0","0","299","299","269","409","177","585","857","86415","1557","637","false","513901","212","356","989","33026","35744","20595"
"27","0.1","1","false","false","false","true","false","false","false","1","1","1","0.25","1","0","0","0","100","0","100","0.2","10","2.5","2","60","1.6","0.4","20.5","6.7","16","8.21","365","14","1","0","0","299","299","270","379","169","572","824","86497","1559","607","false","514095","213","357","989","33037","35757","20607"
"27","0.1","1","false","false","false","true","false","false","false","1","1","1","0.25","1","0","0","0","100","0","100","0.2","10","2.5","2","60","1.6","0.4","20.5","6.7","16","8.21","365","14","1","0","0","299","299","271","350","149","552","806","86581","1562","589","false","514369","213","359","990","33059","35770","20618"
"27","0.1","1","false","false","false","true","false","false","false","1","1","1","0.25","1","0","0","0","100","0","100","0.2","10","2.5","2","60","1.6","0.4","20.5","6.7","16","8.21","365","14","1","0","0","299","299","272","332","134","536","777","86659","1562","557","false","514490","213","359","990","33071","35785","20626"
"27","0.1","1","false","false","false","true","false","false","false","1","1","1","0.25","1","0","0","0","100","0","100","0.2","10","2.5","2","60","1.6","0.4","20.5","6.7","16","8.21","365","14","1","0","0","299","299","273","309","124","518","754","86731","1564","524","false","514787","214","359","991","33088","35802","20631"
"27","0.1","1","false","false","false","true","false","false","false","1","1","1","0.25","1","0","0","0","100","0","100","0.2","10","2.5","2","60","1.6","0.4","20.5","6.7","16","8.21","365","14","1","0","0","299","299","274","283","120","498","734","86801","1564","489","false","515035","214","359","991","33100","35815","20636"
"27","0.1","1","false","false","false","true","false","false","false","1","1","1","0.25","1","0","0","0","100","0","100","0.2","10","2.5","2","60","1.6","0.4","20.5","6.7","16","8.21","365","14","1","0","0","299","299","275","265","105","479","718","86865","1568","464","false","515350","215","360","993","33113","35827","20650"
"27","0.1","1","false","false","false","true","false","false","false","1","1","1","0.25","1","0","0","0","100","0","100","0.2","10","2.5","2","60","1.6","0.4","20.5","6.7","16","8.21","365","14","1","0","0","299","299","276","252","91","470","685","86934","1568","430","false","515567","215","360","993","33122","35839","20660"
"27","0.1","1","false","false","false","true","false","false","false","1","1","1","0.25","1","0","0","0","100","0","100","0.2","10","2.5","2","60","1.6","0.4","20.5","6.7","16","8.21","365","14","1","0","0","299","299","277","237","86","457","651","86999","1570","410","false","515873","215","361","994","33129","35850","20670"
"27","0.1","1","false","false","false","true","false","false","false","1","1","1","0.25","1","0","0","0","100","0","100","0.2","10","2.5","2","60","1.6","0.4","20.5","6.7","16","8.21","365","14","1","0","0","299","299","278","221","79","440","631","87058","1571","391","false","516020","215","361","995","33139","35858","20674"
"27","0.1","1","false","false","false","true","false","false","false","1","1","1","0.25","1","0","0","0","100","0","100","0.2","10","2.5","2","60","1.6","0.4","20.5","6.7","16","8.21","365","14","1","0","0","299","299","279","209","58","425","616","87121","1571","367","false","516203","215","361","995","33152","35866","20682"
"27","0.1","1","false","false","false","true","false","false","false","1","1","1","0.25","1","0","0","0","100","0","100","0.2","10","2.5","2","60","1.6","0.4","20.5","6.7","16","8.21","365","14","1","0","0","299","299","280","196","55","412","579","87187","1571","335","false","516439","215","361","995","33165","35871","20686"
"27","0.1","1","false","false","false","true","false","false","false","1","1","1","0.25","1","0","0","0","100","0","100","0.2","10","2.5","2","60","1.6","0.4","20.5","6.7","16","8.21","365","14","1","0","0","299","299","281","184","53","398","542","87250","1573","308","false","516718","216","361","996","33172","35881","20686"
"27","0.1","1","false","false","false","true","false","false","false","1","1","1","0.25","1","0","0","0","100","0","100","0.2","10","2.5","2","60","1.6","0.4","20.5","6.7","16","8.21","365","14","1","0","0","299","299","282","173","46","373","524","87311","1573","277","false","516929","216","361","996","33177","35889","20690"
"27","0.1","1","false","false","false","true","false","false","false","1","1","1","0.25","1","0","0","0","100","0","100","0.2","10","2.5","2","60","1.6","0.4","20.5","6.7","16","8.21","365","14","1","0","0","299","299","283","160","49","359","494","87365","1573","259","false","517205","216","361","996","33178","35896","20693"
"27","0.1","1","false","false","false","true","false","false","false","1","1","1","0.25","1","0","0","0","100","0","100","0.2","10","2.5","2","60","1.6","0.4","20.5","6.7","16","8.21","365","14","1","0","0","299","299","284","146","53","342","473","87413","1573","246","false","517386","216","361","996","33184","35897","20699"
"27","0.1","1","false","false","false","true","false","false","false","1","1","1","0.25","1","0","0","0","100","0","100","0.2","10","2.5","2","60","1.6","0.4","20.5","6.7","16","8.21","365","14","1","0","0","299","299","285","137","50","331","451","87458","1573","232","false","517531","216","361","996","33190","35901","20704"
"27","0.1","1","false","false","false","true","false","false","false","1","1","1","0.25","1","0","0","0","100","0","100","0.2","10","2.5","2","60","1.6","0.4","20.5","6.7","16","8.21","365","14","1","0","0","299","299","286","130","41","316","427","87513","1573","209","false","517693","216","361","996","33198","35903","20707"
"27","0.1","1","false","false","false","true","false","false","false","1","1","1","0.25","1","0","0","0","100","0","100","0.2","10","2.5","2","60","1.6","0.4","20.5","6.7","16","8.21","365","14","1","0","0","299","299","287","120","40","299","397","87570","1574","191","false","517895","216","362","996","33202","35907","20711"
"27","0.1","1","false","false","false","true","false","false","false","1","1","1","0.25","1","0","0","0","100","0","100","0.2","10","2.5","2","60","1.6","0.4","20.5","6.7","16","8.21","365","14","1","0","0","299","299","288","110","39","285","370","87622","1574","185","false","518082","216","362","996","33208","35912","20714"
"27","0.1","1","false","false","false","true","false","false","false","1","1","1","0.25","1","0","0","0","100","0","100","0.2","10","2.5","2","60","1.6","0.4","20.5","6.7","16","8.21","365","14","1","0","0","299","299","289","104","34","269","341","87676","1576","167","false","518123","216","363","997","33216","35916","20717"
"27","0.1","1","false","false","false","true","false","false","false","1","1","1","0.25","1","0","0","0","100","0","100","0.2","10","2.5","2","60","1.6","0.4","20.5","6.7","16","8.21","365","14","1","0","0","299","299","290","100","30","256","309","87728","1577","154","false","518252","216","363","998","33225","35922","20719"
"27","0.1","1","false","false","false","true","false","false","false","1","1","1","0.25","1","0","0","0","100","0","100","0.2","10","2.5","2","60","1.6","0.4","20.5","6.7","16","8.21","365","14","1","0","0","299","299","291","91","34","235","290","87772","1578","149","false","518344","216","363","999","33230","35922","20720"
"27","0.1","1","false","false","false","true","false","false","false","1","1","1","0.25","1","0","0","0","100","0","100","0.2","10","2.5","2","60","1.6","0.4","20.5","6.7","16","8.21","365","14","1","0","0","299","299","292","86","34","213","271","87816","1580","124","false","518379","216","364","1000","33231","35925","20722"
"27","0.1","1","false","false","false","true","false","false","false","1","1","1","0.25","1","0","0","0","100","0","100","0.2","10","2.5","2","60","1.6","0.4","20.5","6.7","16","8.21","365","14","1","0","0","299","299","293","83","28","193","264","87851","1581","109","false","518541","216","365","1000","33234","35926","20723"
"27","0.1","1","false","false","false","true","false","false","false","1","1","1","0.25","1","0","0","0","100","0","100","0.2","10","2.5","2","60","1.6","0.4","20.5","6.7","16","8.21","365","14","1","0","0","299","299","294","77","26","181","244","87890","1582","97","false","518668","216","365","1001","33235","35927","20723"
"27","0.1","1","false","false","false","true","false","false","false","1","1","1","0.25","1","0","0","0","100","0","100","0.2","10","2.5","2","60","1.6","0.4","20.5","6.7","16","8.21","365","14","1","0","0","299","299","295","69","26","176","231","87916","1582","87","false","518769","216","365","1001","33238","35932","20724"
"27","0.1","1","false","false","false","true","false","false","false","1","1","1","0.25","1","0","0","0","100","0","100","0.2","10","2.5","2","60","1.6","0.4","20.5","6.7","16","8.21","365","14","1","0","0","299","299","296","65","27","163","210","87953","1582","75","false","518873","216","365","1001","33238","35935","20725"
"27","0.1","1","false","false","false","true","false","false","false","1","1","1","0.25","1","0","0","0","100","0","100","0.2","10","2.5","2","60","1.6","0.4","20.5","6.7","16","8.21","365","14","1","0","0","299","299","297","60","29","156","190","87982","1583","65","false","518981","216","365","1002","33242","35938","20728"
"27","0.1","1","false","false","false","true","false","false","false","1","1","1","0.25","1","0","0","0","100","0","100","0.2","10","2.5","2","60","1.6","0.4","20.5","6.7","16","8.21","365","14","1","0","0","299","299","298","56","27","139","184","88011","1583","58","false","519076","216","365","1002","33244","35939","20730"
"27","0.1","1","false","false","false","true","false","false","false","1","1","1","0.25","1","0","0","0","100","0","100","0.2","10","2.5","2","60","1.6","0.4","20.5","6.7","16","8.21","365","14","1","0","0","299","299","299","50","23","129","173","88042","1583","50","false","519142","216","365","1002","33246","35943","20731"
"27","0.1","1","false","false","false","true","false","false","false","1","1","1","0.25","1","0","0","0","100","0","100","0.2","10","2.5","2","60","1.6","0.4","20.5","6.7","16","8.21","365","14","1","0","0","299","299","300","47","19","126","166","88059","1583","41","false","519213","216","365","1002","33248","35946","20734"
"27","0.1","1","false","false","false","true","false","false","false","1","1","1","0.25","1","0","0","0","100","0","100","0.2","10","2.5","2","60","1.6","0.4","20.5","6.7","16","8.21","365","14","1","0","0","299","299","301","43","16","118","163","88076","1584","24","false","519296","216","365","1003","33249","35949","20735"
"27","0.1","1","false","false","false","true","false","false","false","1","1","1","0.25","1","0","0","0","100","0","100","0.2","10","2.5","2","60","1.6","0.4","20.5","6.7","16","8.21","365","14","1","0","0","299","299","302","35","20","108","148","88105","1584","20","false","519459","216","365","1003","33249","35951","20738"
"27","0.1","1","false","false","false","true","false","false","false","1","1","1","0.25","1","0","0","0","100","0","100","0.2","10","2.5","2","60","1.6","0.4","20.5","6.7","16","8.21","365","14","1","0","0","299","299","303","33","19","98","129","88136","1585","13","false","519499","216","365","1004","33251","35955","20740"
"27","0.1","1","false","false","false","true","false","false","false","1","1","1","0.25","1","0","0","0","100","0","100","0.2","10","2.5","2","60","1.6","0.4","20.5","6.7","16","8.21","365","14","1","0","0","299","299","304","26","22","85","125","88156","1586","3","false","519560","216","365","1005","33253","35955","20740"
"27","0.1","1","false","false","false","true","false","false","false","1","1","1","0.25","1","0","0","0","100","0","100","0.2","10","2.5","2","60","1.6","0.4","20.5","6.7","16","8.21","365","14","1","0","0","299","299","305","23","20","79","125","88167","1586","0","false","519631","216","365","1005","33255","35956","20741"
"27","0.1","1","false","false","false","true","false","false","false","1","1","1","0.25","1","0","0","0","100","0","100","0.2","10","2.5","2","60","1.6","0.4","20.5","6.7","16","8.21","365","14","1","0","0","299","299","306","23","18","68","117","88188","1586","0","false","519667","216","365","1005","33255","35956","20743"
"27","0.1","1","false","false","false","true","false","false","false","1","1","1","0.25","1","0","0","0","100","0","100","0.2","10","2.5","2","60","1.6","0.4","20.5","6.7","16","8.21","365","14","1","0","0","299","299","307","21","14","64","115","88200","1586","0","false","519667","216","365","1005","33257","35957","20744"
"27","0.1","1","false","false","false","true","false","false","false","1","1","1","0.25","1","0","0","0","100","0","100","0.2","10","2.5","2","60","1.6","0.4","20.5","6.7","16","8.21","365","14","1","0","0","299","299","308","21","11","60","110","88212","1586","0","false","519667","216","365","1005","33257","35961","20744"
"27","0.1","1","false","false","false","true","false","false","false","1","1","1","0.25","1","0","0","0","100","0","100","0.2","10","2.5","2","60","1.6","0.4","20.5","6.7","16","8.21","365","14","1","0","0","299","299","309","19","11","58","97","88229","1586","0","false","519667","216","365","1005","33257","35963","20745"
"27","0.1","1","false","false","false","true","false","false","false","1","1","1","0.25","1","0","0","0","100","0","100","0.2","10","2.5","2","60","1.6","0.4","20.5","6.7","16","8.21","365","14","1","0","0","299","299","310","18","9","54","93","88240","1586","0","false","519667","216","365","1005","33258","35965","20745"
"27","0.1","1","false","false","false","true","false","false","false","1","1","1","0.25","1","0","0","0","100","0","100","0.2","10","2.5","2","60","1.6","0.4","20.5","6.7","16","8.21","365","14","1","0","0","299","299","311","17","10","51","83","88253","1586","0","false","519667","216","365","1005","33259","35967","20745"
"27","0.1","1","false","false","false","true","false","false","false","1","1","1","0.25","1","0","0","0","100","0","100","0.2","10","2.5","2","60","1.6","0.4","20.5","6.7","16","8.21","365","14","1","0","0","299","299","312","17","7","47","80","88263","1586","0","false","519667","216","365","1005","33260","35969","20745"
"27","0.1","1","false","false","false","true","false","false","false","1","1","1","0.25","1","0","0","0","100","0","100","0.2","10","2.5","2","60","1.6","0.4","20.5","6.7","16","8.21","365","14","1","0","0","299","299","313","17","6","46","77","88268","1586","0","false","519667","216","365","1005","33261","35969","20746"
"27","0.1","1","false","false","false","true","false","false","false","1","1","1","0.25","1","0","0","0","100","0","100","0.2","10","2.5","2","60","1.6","0.4","20.5","6.7","16","8.21","365","14","1","0","0","299","299","314","17","2","41","71","88283","1586","0","false","519667","216","365","1005","33262","35970","20746"
"27","0.1","1","false","false","false","true","false","false","false","1","1","1","0.25","1","0","0","0","100","0","100","0.2","10","2.5","2","60","1.6","0.4","20.5","6.7","16","8.21","365","14","1","0","0","299","299","315","17","0","40","69","88288","1586","0","false","519667","216","365","1005","33262","35972","20746"
"27","0.1","1","false","false","false","true","false","false","false","1","1","1","0.25","1","0","0","0","100","0","100","0.2","10","2.5","2","60","1.6","0.4","20.5","6.7","16","8.21","365","14","1","0","0","299","299","316","17","0","39","60","88298","1586","0","false","519667","216","365","1005","33263","35973","20746"
"27","0.1","1","false","false","false","true","false","false","false","1","1","1","0.25","1","0","0","0","100","0","100","0.2","10","2.5","2","60","1.6","0.4","20.5","6.7","16","8.21","365","14","1","0","0","299","299","317","17","0","38","55","88304","1586","0","false","519667","216","365","1005","33263","35973","20746"
"27","0.1","1","false","false","false","true","false","false","false","1","1","1","0.25","1","0","0","0","100","0","100","0.2","10","2.5","2","60","1.6","0.4","20.5","6.7","16","8.21","365","14","1","0","0","299","299","318","16","1","37","51","88309","1586","0","false","519667","216","365","1005","33263","35974","20746"
"27","0.1","1","false","false","false","true","false","false","false","1","1","1","0.25","1","0","0","0","100","0","100","0.2","10","2.5","2","60","1.6","0.4","20.5","6.7","16","8.21","365","14","1","0","0","299","299","319","16","1","34","45","88318","1586","0","false","519667","216","365","1005","33263","35974","20746"
"27","0.1","1","false","false","false","true","false","false","false","1","1","1","0.25","1","0","0","0","100","0","100","0.2","10","2.5","2","60","1.6","0.4","20.5","6.7","16","8.21","365","14","1","0","0","299","299","320","16","1","32","42","88323","1586","0","false","519667","216","365","1005","33263","35974","20746"
"27","0.1","1","false","false","false","true","false","false","false","1","1","1","0.25","1","0","0","0","100","0","100","0.2","10","2.5","2","60","1.6","0.4","20.5","6.7","16","8.21","365","14","1","0","0","299","299","321","15","2","31","39","88327","1586","0","false","519667","216","365","1005","33263","35974","20746"
"27","0.1","1","false","false","false","true","false","false","false","1","1","1","0.25","1","0","0","0","100","0","100","0.2","10","2.5","2","60","1.6","0.4","20.5","6.7","16","8.21","365","14","1","0","0","299","299","322","15","1","27","37","88334","1586","0","false","519667","216","365","1005","33263","35974","20747"
"27","0.1","1","false","false","false","true","false","false","false","1","1","1","0.25","1","0","0","0","100","0","100","0.2","10","2.5","2","60","1.6","0.4","20.5","6.7","16","8.21","365","14","1","0","0","299","299","323","15","1","25","35","88338","1586","0","false","519667","216","365","1005","33263","35974","20747"
"27","0.1","1","false","false","false","true","false","false","false","1","1","1","0.25","1","0","0","0","100","0","100","0.2","10","2.5","2","60","1.6","0.4","20.5","6.7","16","8.21","365","14","1","0","0","299","299","324","15","0","24","29","88346","1586","0","false","519667","216","365","1005","33263","35975","20747"
"27","0.1","1","false","false","false","true","false","false","false","1","1","1","0.25","1","0","0","0","100","0","100","0.2","10","2.5","2","60","1.6","0.4","20.5","6.7","16","8.21","365","14","1","0","0","299","299","325","15","0","21","25","88352","1587","0","false","519667","216","365","1006","33263","35975","20747"
"27","0.1","1","false","false","false","true","false","false","false","1","1","1","0.25","1","0","0","0","100","0","100","0.2","10","2.5","2","60","1.6","0.4","20.5","6.7","16","8.21","365","14","1","0","0","299","299","326","15","0","20","24","88354","1587","0","false","519656","216","365","1006","33263","35975","20747"
"27","0.1","1","false","false","false","true","false","false","false","1","1","1","0.25","1","0","0","0","100","0","100","0.2","10","2.5","2","60","1.6","0.4","20.5","6.7","16","8.21","365","14","1","0","0","299","299","327","15","0","18","23","88357","1587","0","false","519656","216","365","1006","33263","35975","20747"
"27","0.1","1","false","false","false","true","false","false","false","1","1","1","0.25","1","0","0","0","100","0","100","0.2","10","2.5","2","60","1.6","0.4","20.5","6.7","16","8.21","365","14","1","0","0","299","299","328","15","0","12","18","88366","1589","0","false","519656","217","365","1007","33263","35975","20747"
"27","0.1","1","false","false","false","true","false","false","false","1","1","1","0.25","1","0","0","0","100","0","100","0.2","10","2.5","2","60","1.6","0.4","20.5","6.7","16","8.21","365","14","1","0","0","299","299","329","15","0","12","17","88367","1589","0","false","519633","217","365","1007","33263","35975","20747"
"27","0.1","1","false","false","false","true","false","false","false","1","1","1","0.25","1","0","0","0","100","0","100","0.2","10","2.5","2","60","1.6","0.4","20.5","6.7","16","8.21","365","14","1","0","0","299","299","330","15","0","10","15","88371","1589","0","false","519633","217","365","1007","33263","35975","20747"
"27","0.1","1","false","false","false","true","false","false","false","1","1","1","0.25","1","0","0","0","100","0","100","0.2","10","2.5","2","60","1.6","0.4","20.5","6.7","16","8.21","365","14","1","0","0","299","299","331","15","0","9","12","88375","1589","0","false","519633","217","365","1007","33263","35975","20747"
"27","0.1","1","false","false","false","true","false","false","false","1","1","1","0.25","1","0","0","0","100","0","100","0.2","10","2.5","2","60","1.6","0.4","20.5","6.7","16","8.21","365","14","1","0","0","299","299","332","15","0","9","11","88376","1589","0","false","519633","217","365","1007","33263","35975","20747"
"27","0.1","1","false","false","false","true","false","false","false","1","1","1","0.25","1","0","0","0","100","0","100","0.2","10","2.5","2","60","1.6","0.4","20.5","6.7","16","8.21","365","14","1","0","0","299","299","333","15","0","7","10","88379","1589","0","false","519633","217","365","1007","33263","35975","20747"
"27","0.1","1","false","false","false","true","false","false","false","1","1","1","0.25","1","0","0","0","100","0","100","0.2","10","2.5","2","60","1.6","0.4","20.5","6.7","16","8.21","365","14","1","0","0","299","299","334","15","0","6","10","88380","1589","0","false","519633","217","365","1007","33263","35975","20747"
"27","0.1","1","false","false","false","true","false","false","false","1","1","1","0.25","1","0","0","0","100","0","100","0.2","10","2.5","2","60","1.6","0.4","20.5","6.7","16","8.21","365","14","1","0","0","299","299","335","15","0","5","9","88382","1589","0","false","519633","217","365","1007","33263","35975","20747"
"27","0.1","1","false","false","false","true","false","false","false","1","1","1","0.25","1","0","0","0","100","0","100","0.2","10","2.5","2","60","1.6","0.4","20.5","6.7","16","8.21","365","14","1","0","0","299","299","336","15","0","4","8","88384","1589","0","false","519633","217","365","1007","33263","35975","20747"
"27","0.1","1","false","false","false","true","false","false","false","1","1","1","0.25","1","0","0","0","100","0","100","0.2","10","2.5","2","60","1.6","0.4","20.5","6.7","16","8.21","365","14","1","0","0","299","299","337","15","0","4","7","88385","1589","0","false","519633","217","365","1007","33263","35975","20747"
"27","0.1","1","false","false","false","true","false","false","false","1","1","1","0.25","1","0","0","0","100","0","100","0.2","10","2.5","2","60","1.6","0.4","20.5","6.7","16","8.21","365","14","1","0","0","299","299","338","15","0","4","7","88385","1589","0","false","519633","217","365","1007","33263","35975","20747"
"27","0.1","1","false","false","false","true","false","false","false","1","1","1","0.25","1","0","0","0","100","0","100","0.2","10","2.5","2","60","1.6","0.4","20.5","6.7","16","8.21","365","14","1","0","0","299","299","339","15","0","2","6","88388","1589","0","false","519633","217","365","1007","33263","35975","20747"
"27","0.1","1","false","false","false","true","false","false","false","1","1","1","0.25","1","0","0","0","100","0","100","0.2","10","2.5","2","60","1.6","0.4","20.5","6.7","16","8.21","365","14","1","0","0","299","299","340","15","0","2","5","88389","1589","0","false","519633","217","365","1007","33263","35975","20747"
"27","0.1","1","false","false","false","true","false","false","false","1","1","1","0.25","1","0","0","0","100","0","100","0.2","10","2.5","2","60","1.6","0.4","20.5","6.7","16","8.21","365","14","1","0","0","299","299","341","15","0","2","5","88389","1589","0","false","519633","217","365","1007","33263","35975","20747"
"27","0.1","1","false","false","false","true","false","false","false","1","1","1","0.25","1","0","0","0","100","0","100","0.2","10","2.5","2","60","1.6","0.4","20.5","6.7","16","8.21","365","14","1","0","0","299","299","342","15","0","2","4","88390","1589","0","false","519633","217","365","1007","33263","35975","20747"
"27","0.1","1","false","false","false","true","false","false","false","1","1","1","0.25","1","0","0","0","100","0","100","0.2","10","2.5","2","60","1.6","0.4","20.5","6.7","16","8.21","365","14","1","0","0","299","299","343","15","0","2","3","88391","1589","0","false","519633","217","365","1007","33263","35975","20747"
"27","0.1","1","false","false","false","true","false","false","false","1","1","1","0.25","1","0","0","0","100","0","100","0.2","10","2.5","2","60","1.6","0.4","20.5","6.7","16","8.21","365","14","1","0","0","299","299","344","15","0","2","3","88391","1589","0","false","519633","217","365","1007","33263","35975","20747"
"27","0.1","1","false","false","false","true","false","false","false","1","1","1","0.25","1","0","0","0","100","0","100","0.2","10","2.5","2","60","1.6","0.4","20.5","6.7","16","8.21","365","14","1","0","0","299","299","345","15","0","1","2","88393","1589","0","false","519633","217","365","1007","33263","35975","20747"
"27","0.1","1","false","false","false","true","false","false","false","1","1","1","0.25","1","0","0","0","100","0","100","0.2","10","2.5","2","60","1.6","0.4","20.5","6.7","16","8.21","365","14","1","0","0","299","299","346","15","0","1","2","88393","1589","0","false","519633","217","365","1007","33263","35975","20747"
"27","0.1","1","false","false","false","true","false","false","false","1","1","1","0.25","1","0","0","0","100","0","100","0.2","10","2.5","2","60","1.6","0.4","20.5","6.7","16","8.21","365","14","1","0","0","299","299","347","15","0","1","2","88393","1589","0","false","519633","217","365","1007","33263","35975","20747"
"27","0.1","1","false","false","false","true","false","false","false","1","1","1","0.25","1","0","0","0","100","0","100","0.2","10","2.5","2","60","1.6","0.4","20.5","6.7","16","8.21","365","14","1","0","0","299","299","348","15","0","1","2","88393","1589","0","false","519633","217","365","1007","33263","35975","20747"
"27","0.1","1","false","false","false","true","false","false","false","1","1","1","0.25","1","0","0","0","100","0","100","0.2","10","2.5","2","60","1.6","0.4","20.5","6.7","16","8.21","365","14","1","0","0","299","299","349","15","0","1","2","88393","1589","0","false","519633","217","365","1007","33263","35975","20747"
"27","0.1","1","false","false","false","true","false","false","false","1","1","1","0.25","1","0","0","0","100","0","100","0.2","10","2.5","2","60","1.6","0.4","20.5","6.7","16","8.21","365","14","1","0","0","299","299","350","15","0","1","0","88395","1589","0","false","519633","217","365","1007","33263","35975","20747"
"27","0.1","1","false","false","false","true","false","false","false","1","1","1","0.25","1","0","0","0","100","0","100","0.2","10","2.5","2","60","1.6","0.4","20.5","6.7","16","8.21","365","14","1","0","0","299","299","351","15","0","1","0","88395","1589","0","false","519633","217","365","1007","33263","35975","20747"
"27","0.1","1","false","false","false","true","false","false","false","1","1","1","0.25","1","0","0","0","100","0","100","0.2","10","2.5","2","60","1.6","0.4","20.5","6.7","16","8.21","365","14","1","0","0","299","299","352","15","0","1","0","88395","1589","0","false","519633","217","365","1007","33263","35975","20747"
"27","0.1","1","false","false","false","true","false","false","false","1","1","1","0.25","1","0","0","0","100","0","100","0.2","10","2.5","2","60","1.6","0.4","20.5","6.7","16","8.21","365","14","1","0","0","299","299","353","15","0","0","0","88396","1589","0","false","519633","217","365","1007","33263","35975","20747"
"27","0.1","1","false","false","false","true","false","false","false","1","1","1","0.25","1","0","0","0","100","0","100","0.2","10","2.5","2","60","1.6","0.4","20.5","6.7","16","8.21","365","14","1","0","0","299","299","354","15","0","0","0","88396","1589","0","false","519633","217","365","1007","33263","35975","20747"
"27","0.1","1","false","false","false","true","false","false","false","1","1","1","0.25","1","0","0","0","100","0","100","0.2","10","2.5","2","60","1.6","0.4","20.5","6.7","16","8.21","365","14","1","0","0","299","299","355","15","0","0","0","88396","1589","0","false","519633","217","365","1007","33263","35975","20747"
"27","0.1","1","false","false","false","true","false","false","false","1","1","1","0.25","1","0","0","0","100","0","100","0.2","10","2.5","2","60","1.6","0.4","20.5","6.7","16","8.21","365","14","1","0","0","299","299","356","15","0","0","0","88396","1589","0","false","519633","217","365","1007","33263","35975","20747"
"27","0.1","1","false","false","false","true","false","false","false","1","1","1","0.25","1","0","0","0","100","0","100","0.2","10","2.5","2","60","1.6","0.4","20.5","6.7","16","8.21","365","14","1","0","0","299","299","357","15","0","0","0","88396","1589","0","false","519633","217","365","1007","33263","35975","20747"
"27","0.1","1","false","false","false","true","false","false","false","1","1","1","0.25","1","0","0","0","100","0","100","0.2","10","2.5","2","60","1.6","0.4","20.5","6.7","16","8.21","365","14","1","0","0","299","299","358","15","0","0","0","88396","1589","0","false","519633","217","365","1007","33263","35975","20747"
"27","0.1","1","false","false","false","true","false","false","false","1","1","1","0.25","1","0","0","0","100","0","100","0.2","10","2.5","2","60","1.6","0.4","20.5","6.7","16","8.21","365","14","1","0","0","299","299","359","15","0","0","0","88396","1589","0","false","519633","217","365","1007","33263","35975","20747"
"27","0.1","1","false","false","false","true","false","false","false","1","1","1","0.25","1","0","0","0","100","0","100","0.2","10","2.5","2","60","1.6","0.4","20.5","6.7","16","8.21","365","14","1","0","0","299","299","360","15","0","0","0","88396","1589","0","false","519633","217","365","1007","33263","35975","20747"
"27","0.1","1","false","false","false","true","false","false","false","1","1","1","0.25","1","0","0","0","100","0","100","0.2","10","2.5","2","60","1.6","0.4","20.5","6.7","16","8.21","365","14","1","0","0","299","299","361","15","0","0","0","88396","1589","0","false","519633","217","365","1007","33263","35975","20747"
"27","0.1","1","false","false","false","true","false","false","false","1","1","1","0.25","1","0","0","0","100","0","100","0.2","10","2.5","2","60","1.6","0.4","20.5","6.7","16","8.21","365","14","1","0","0","299","299","362","15","0","0","0","88396","1589","0","false","519633","217","365","1007","33263","35975","20747"
"27","0.1","1","false","false","false","true","false","false","false","1","1","1","0.25","1","0","0","0","100","0","100","0.2","10","2.5","2","60","1.6","0.4","20.5","6.7","16","8.21","365","14","1","0","0","299","299","363","15","0","0","0","88396","1589","0","false","519633","217","365","1007","33263","35975","20747"
"27","0.1","1","false","false","false","true","false","false","false","1","1","1","0.25","1","0","0","0","100","0","100","0.2","10","2.5","2","60","1.6","0.4","20.5","6.7","16","8.21","365","14","1","0","0","299","299","364","15","0","0","0","88396","1589","0","false","519633","217","365","1007","33263","35975","20747"
"27","0.1","1","false","false","false","true","false","false","false","1","1","1","0.25","1","0","0","0","100","0","100","0.2","10","2.5","2","60","1.6","0.4","20.5","6.7","16","8.21","365","14","1","0","0","299","299","365","15","0","0","0","88396","1589","0","false","519633","217","365","1007","33263","35975","20747"
"28","0.1","1","false","false","false","true","false","false","false","1","1","1","0.25","1","0","0","0","100","0","100","0.3","10","2.5","2","60","1.6","0.4","20.5","6.7","16","8.21","365","14","1","0","0","299","299","0","89910","90","0","0","0","0","0","false","0","0","0","0","0","0","0"
"28","0.1","1","false","false","false","true","false","false","false","1","1","1","0.25","1","0","0","0","100","0","100","0.3","10","2.5","2","60","1.6","0.4","20.5","6.7","16","8.21","365","14","1","0","0","299","299","1","89910","86","0","4","0","0","0","false","538423","0","0","0","0","2","0"
"28","0.1","1","false","false","false","true","false","false","false","1","1","1","0.25","1","0","0","0","100","0","100","0.3","10","2.5","2","60","1.6","0.4","20.5","6.7","16","8.21","365","14","1","0","0","299","299","2","89905","81","0","14","0","0","0","false","538423","0","0","0","1","6","2"
"28","0.1","1","false","false","false","true","false","false","false","1","1","1","0.25","1","0","0","0","100","0","100","0.3","10","2.5","2","60","1.6","0.4","20.5","6.7","16","8.21","365","14","1","0","0","299","299","3","89886","79","0","35","0","0","0","false","538423","0","0","0","2","11","3"
"28","0.1","1","false","false","false","true","false","false","false","1","1","1","0.25","1","0","0","0","100","0","100","0.3","10","2.5","2","60","1.6","0.4","20.5","6.7","16","8.21","365","14","1","0","0","299","299","4","89843","100","1","56","0","0","0","false","538423","0","0","0","7","17","5"
"28","0.1","1","false","false","false","true","false","false","false","1","1","1","0.25","1","0","0","0","100","0","100","0.3","10","2.5","2","60","1.6","0.4","20.5","6.7","16","8.21","365","14","1","0","0","299","299","5","89775","138","10","77","0","0","0","false","538423","0","0","0","18","23","13"
"28","0.1","1","false","false","false","true","false","false","false","1","1","1","0.25","1","0","0","0","100","0","100","0.3","10","2.5","2","60","1.6","0.4","20.5","6.7","16","8.21","365","14","1","0","0","299","299","6","89680","213","15","92","0","0","0","false","538423","0","0","0","26","28","19"
"28","0.1","1","false","false","false","true","false","false","false","1","1","1","0.25","1","0","0","0","100","0","100","0.3","10","2.5","2","60","1.6","0.4","20.5","6.7","16","8.21","365","14","1","0","0","299","299","7","89596","255","30","119","0","0","0","false","538423","0","0","0","44","41","32"
"28","0.1","1","false","false","false","true","false","false","false","1","1","1","0.25","1","0","0","0","100","0","100","0.3","10","2.5","2","60","1.6","0.4","20.5","6.7","16","8.21","365","14","1","0","0","299","299","8","89494","320","37","149","0","0","0","false","538423","0","0","0","51","55","40"
"28","0.1","1","false","false","false","true","false","false","false","1","1","1","0.25","1","0","0","0","100","0","100","0.3","10","2.5","2","60","1.6","0.4","20.5","6.7","16","8.21","365","14","1","0","0","299","299","9","89359","389","53","199","0","0","0","false","538423","0","0","0","79","79","48"
"28","0.1","1","false","false","false","true","false","false","false","1","1","1","0.25","1","0","0","0","100","0","100","0.3","10","2.5","2","60","1.6","0.4","20.5","6.7","16","8.21","365","14","1","0","0","299","299","10","89236","446","64","254","0","0","0","false","538423","0","0","0","101","102","55"
"28","0.1","1","false","false","false","true","false","false","false","1","1","1","0.25","1","0","0","0","100","0","100","0.3","10","2.5","2","60","1.6","0.4","20.5","6.7","16","8.21","365","14","1","0","0","299","299","11","89089","509","81","321","0","0","0","false","538423","0","0","0","129","126","74"
"28","0.1","1","false","false","false","true","false","false","false","1","1","1","0.25","1","0","0","0","100","0","100","0.3","10","2.5","2","60","1.6","0.4","20.5","6.7","16","8.21","365","14","1","0","0","299","299","12","88902","597","97","404","0","0","0","false","538423","0","0","0","155","154","87"
"28","0.1","1","false","false","false","true","false","false","false","1","1","1","0.25","1","0","0","0","100","0","100","0.3","10","2.5","2","60","1.6","0.4","20.5","6.7","16","8.21","365","14","1","0","0","299","299","13","88683","680","126","511","0","0","0","false","538423","0","0","0","205","192","114"
"28","0.1","1","false","false","false","true","false","false","false","1","1","1","0.25","1","0","0","0","100","0","100","0.3","10","2.5","2","60","1.6","0.4","20.5","6.7","16","8.21","365","14","1","0","0","299","299","14","88432","791","154","622","0","1","0","false","538423","0","1","0","242","232","140"
"28","0.1","1","false","false","false","true","false","false","false","1","1","1","0.25","1","0","0","0","100","0","100","0.3","10","2.5","2","60","1.6","0.4","20.5","6.7","16","8.21","365","14","1","0","0","299","299","15","88177","905","197","720","0","1","0","false","538411","0","1","0","295","280","166"
"28","0.1","1","false","false","false","true","false","false","false","1","1","1","0.25","1","0","0","0","100","0","100","0.3","10","2.5","2","60","1.6","0.4","20.5","6.7","16","8.21","365","14","1","0","0","299","299","16","87899","981","253","864","0","3","258","false","538411","0","1","2","351","362","203"
"28","0.1","1","false","false","false","true","false","false","false","1","1","1","0.25","1","0","0","0","100","0","100","0.3","10","2.5","2","60","1.6","0.4","20.5","6.7","16","8.21","365","14","1","0","0","299","299","17","87671","1006","320","999","1","3","716","false","535501","0","1","2","409","444","252"
"28","0.1","1","false","false","false","true","false","false","false","1","1","1","0.25","1","0","0","0","100","0","100","0.3","10","2.5","2","60","1.6","0.4","20.5","6.7","16","8.21","365","14","1","0","0","299","299","18","87447","1025","386","1133","5","4","1168","false","531192","0","1","3","478","518","297"
"28","0.1","1","false","false","false","true","false","false","false","1","1","1","0.25","1","0","0","0","100","0","100","0.3","10","2.5","2","60","1.6","0.4","20.5","6.7","16","8.21","365","14","1","0","0","299","299","19","87229","1018","453","1289","7","4","1581","false","527087","0","1","3","548","599","363"
"28","0.1","1","false","false","false","true","false","false","false","1","1","1","0.25","1","0","0","0","100","0","100","0.3","10","2.5","2","60","1.6","0.4","20.5","6.7","16","8.21","365","14","1","0","0","299","299","20","87018","981","534","1447","16","4","2074","false","523452","0","1","3","636","693","411"
"28","0.1","1","false","false","false","true","false","false","false","1","1","1","0.25","1","0","0","0","100","0","100","0.3","10","2.5","2","60","1.6","0.4","20.5","6.7","16","8.21","365","14","1","0","0","299","299","21","86803","962","614","1595","22","4","2544","false","519222","0","1","3","722","775","456"
"28","0.1","1","false","false","false","true","false","false","false","1","1","1","0.25","1","0","0","0","100","0","100","0.3","10","2.5","2","60","1.6","0.4","20.5","6.7","16","8.21","365","14","1","0","0","299","299","22","86618","923","696","1721","38","4","3061","false","515357","0","1","3","817","841","509"
"28","0.1","1","false","false","false","true","false","false","false","1","1","1","0.25","1","0","0","0","100","0","100","0.3","10","2.5","2","60","1.6","0.4","20.5","6.7","16","8.21","365","14","1","0","0","299","299","23","86456","863","779","1848","50","4","3477","false","511167","0","1","3","896","921","563"
"28","0.1","1","false","false","false","true","false","false","false","1","1","1","0.25","1","0","0","0","100","0","100","0.3","10","2.5","2","60","1.6","0.4","20.5","6.7","16","8.21","365","14","1","0","0","299","299","24","86265","846","890","1931","63","5","3983","false","508008","0","2","3","990","1006","620"
"28","0.1","1","false","false","false","true","false","false","false","1","1","1","0.25","1","0","0","0","100","0","100","0.3","10","2.5","2","60","1.6","0.4","20.5","6.7","16","8.21","365","14","1","0","0","299","299","25","86104","799","970","2038","84","5","4423","false","504106","0","2","3","1061","1102","666"
"28","0.1","1","false","false","false","true","false","false","false","1","1","1","0.25","1","0","0","0","100","0","100","0.3","10","2.5","2","60","1.6","0.4","20.5","6.7","16","8.21","365","14","1","0","0","299","299","26","85937","752","1062","2125","119","5","4827","false","500752","0","2","3","1153","1206","711"
"28","0.1","1","false","false","false","true","false","false","false","1","1","1","0.25","1","0","0","0","100","0","100","0.3","10","2.5","2","60","1.6","0.4","20.5","6.7","16","8.21","365","14","1","0","0","299","299","27","85774","745","1136","2197","143","5","5122","false","497696","0","2","3","1223","1264","761"
"28","0.1","1","false","false","false","true","false","false","false","1","1","1","0.25","1","0","0","0","100","0","100","0.3","10","2.5","2","60","1.6","0.4","20.5","6.7","16","8.21","365","14","1","0","0","299","299","28","85606","729","1209","2277","173","6","5411","false","495265","0","2","4","1284","1345","795"
"28","0.1","1","false","false","false","true","false","false","false","1","1","1","0.25","1","0","0","0","100","0","100","0.3","10","2.5","2","60","1.6","0.4","20.5","6.7","16","8.21","365","14","1","0","0","299","299","29","85433","746","1283","2316","216","6","5551","false","492572","0","2","4","1358","1414","841"
"28","0.1","1","false","false","false","true","false","false","false","1","1","1","0.25","1","0","0","0","100","0","100","0.3","10","2.5","2","60","1.6","0.4","20.5","6.7","16","8.21","365","14","1","0","0","299","299","30","85258","763","1347","2356","269","7","5580","false","490944","0","3","4","1423","1496","873"
"28","0.1","1","false","false","false","true","false","false","false","1","1","1","0.25","1","0","0","0","100","0","100","0.3","10","2.5","2","60","1.6","0.4","20.5","6.7","16","8.21","365","14","1","0","0","299","299","31","85095","755","1369","2429","342","10","5441","false","490105","1","3","6","1471","1561","922"
"28","0.1","1","false","false","false","true","false","false","false","1","1","1","0.25","1","0","0","0","100","0","100","0.3","10","2.5","2","60","1.6","0.4","20.5","6.7","16","8.21","365","14","1","0","0","299","299","32","84838","843","1417","2474","418","10","5514","false","490540","1","3","6","1539","1622","969"
"28","0.1","1","false","false","false","true","false","false","false","1","1","1","0.25","1","0","0","0","100","0","100","0.3","10","2.5","2","60","1.6","0.4","20.5","6.7","16","8.21","365","14","1","0","0","299","299","33","84541","956","1446","2534","512","11","5519","false","489555","1","3","7","1603","1699","1009"
"28","0.1","1","false","false","false","true","false","false","false","1","1","1","0.25","1","0","0","0","100","0","100","0.3","10","2.5","2","60","1.6","0.4","20.5","6.7","16","8.21","365","14","1","0","0","299","299","34","84235","1071","1493","2600","589","12","5504","false","489188","1","3","8","1675","1779","1047"
"28","0.1","1","false","false","false","true","false","false","false","1","1","1","0.25","1","0","0","0","100","0","100","0.3","10","2.5","2","60","1.6","0.4","20.5","6.7","16","8.21","365","14","1","0","0","299","299","35","83868","1226","1513","2665","708","20","5462","false","488860","3","6","11","1742","1857","1094"
"28","0.1","1","false","false","false","true","false","false","false","1","1","1","0.25","1","0","0","0","100","0","100","0.3","10","2.5","2","60","1.6","0.4","20.5","6.7","16","8.21","365","14","1","0","0","299","299","36","83493","1330","1531","2804","816","26","5548","false","488760","4","7","15","1834","1952","1141"
"28","0.1","1","false","false","false","true","false","false","false","1","1","1","0.25","1","0","0","0","100","0","100","0.3","10","2.5","2","60","1.6","0.4","20.5","6.7","16","8.21","365","14","1","0","0","299","299","37","83103","1457","1556","2907","951","26","5605","false","487705","4","7","15","1921","2039","1195"
"28","0.1","1","false","false","false","true","false","false","false","1","1","1","0.25","1","0","0","0","100","0","100","0.3","10","2.5","2","60","1.6","0.4","20.5","6.7","16","8.21","365","14","1","0","0","299","299","38","82757","1479","1597","3043","1096","28","5712","false","486926","5","8","15","2030","2156","1256"
"28","0.1","1","false","false","false","true","false","false","false","1","1","1","0.25","1","0","0","0","100","0","100","0.3","10","2.5","2","60","1.6","0.4","20.5","6.7","16","8.21","365","14","1","0","0","299","299","39","82359","1521","1648","3204","1238","30","5865","false","485807","5","9","16","2142","2269","1313"
"28","0.1","1","false","false","false","true","false","false","false","1","1","1","0.25","1","0","0","0","100","0","100","0.3","10","2.5","2","60","1.6","0.4","20.5","6.7","16","8.21","365","14","1","0","0","299","299","40","81931","1633","1671","3287","1445","33","5992","false","484294","5","9","19","2233","2389","1386"
"28","0.1","1","false","false","false","true","false","false","false","1","1","1","0.25","1","0","0","0","100","0","100","0.3","10","2.5","2","60","1.6","0.4","20.5","6.7","16","8.21","365","14","1","0","0","299","299","41","81513","1689","1729","3406","1626","37","6127","false","482976","5","11","21","2358","2525","1466"
"28","0.1","1","false","false","false","true","false","false","false","1","1","1","0.25","1","0","0","0","100","0","100","0.3","10","2.5","2","60","1.6","0.4","20.5","6.7","16","8.21","365","14","1","0","0","299","299","42","81113","1694","1814","3534","1805","40","6333","false","481618","6","12","22","2520","2692","1545"
"28","0.1","1","false","false","false","true","false","false","false","1","1","1","0.25","1","0","0","0","100","0","100","0.3","10","2.5","2","60","1.6","0.4","20.5","6.7","16","8.21","365","14","1","0","0","299","299","43","80705","1740","1902","3614","1996","43","6527","false","479824","7","12","24","2653","2836","1637"
"28","0.1","1","false","false","false","true","false","false","false","1","1","1","0.25","1","0","0","0","100","0","100","0.3","10","2.5","2","60","1.6","0.4","20.5","6.7","16","8.21","365","14","1","0","0","299","299","44","80317","1694","1971","3794","2179","45","6642","false","477904","7","13","25","2809","2989","1729"
"28","0.1","1","false","false","false","true","false","false","false","1","1","1","0.25","1","0","0","0","100","0","100","0.3","10","2.5","2","60","1.6","0.4","20.5","6.7","16","8.21","365","14","1","0","0","299","299","45","79889","1728","2052","3934","2351","46","6768","false","476842","7","13","26","2946","3135","1828"
"28","0.1","1","false","false","false","true","false","false","false","1","1","1","0.25","1","0","0","0","100","0","100","0.3","10","2.5","2","60","1.6","0.4","20.5","6.7","16","8.21","365","14","1","0","0","299","299","46","79491","1713","2120","4080","2546","50","6784","false","475636","8","14","28","3120","3277","1927"
"28","0.1","1","false","false","false","true","false","false","false","1","1","1","0.25","1","0","0","0","100","0","100","0.3","10","2.5","2","60","1.6","0.4","20.5","6.7","16","8.21","365","14","1","0","0","299","299","47","79037","1776","2192","4213","2726","56","6977","false","475126","8","15","33","3260","3429","2015"
"28","0.1","1","false","false","false","true","false","false","false","1","1","1","0.25","1","0","0","0","100","0","100","0.3","10","2.5","2","60","1.6","0.4","20.5","6.7","16","8.21","365","14","1","0","0","299","299","48","78614","1811","2276","4322","2913","64","7094","false","473358","11","19","34","3417","3605","2098"
"28","0.1","1","false","false","false","true","false","false","false","1","1","1","0.25","1","0","0","0","100","0","100","0.3","10","2.5","2","60","1.6","0.4","20.5","6.7","16","8.21","365","14","1","0","0","299","299","49","78204","1806","2345","4456","3119","70","7300","false","472287","11","22","37","3557","3785","2184"
"28","0.1","1","false","false","false","true","false","false","false","1","1","1","0.25","1","0","0","0","100","0","100","0.3","10","2.5","2","60","1.6","0.4","20.5","6.7","16","8.21","365","14","1","0","0","299","299","50","77802","1790","2402","4612","3318","76","7331","false","470580","12","24","40","3707","3943","2276"
"28","0.1","1","false","false","false","true","false","false","false","1","1","1","0.25","1","0","0","0","100","0","100","0.3","10","2.5","2","60","1.6","0.4","20.5","6.7","16","8.21","365","14","1","0","0","299","299","51","77367","1837","2487","4705","3527","77","7382","false","469962","12","24","41","3843","4100","2370"
"28","0.1","1","false","false","false","true","false","false","false","1","1","1","0.25","1","0","0","0","100","0","100","0.3","10","2.5","2","60","1.6","0.4","20.5","6.7","16","8.21","365","14","1","0","0","299","299","52","76933","1818","2566","4859","3741","83","7462","false","469335","12","28","43","4007","4263","2473"
"28","0.1","1","false","false","false","true","false","false","false","1","1","1","0.25","1","0","0","0","100","0","100","0.3","10","2.5","2","60","1.6","0.4","20.5","6.7","16","8.21","365","14","1","0","0","299","299","53","76481","1860","2657","4960","3957","85","7632","false","468470","12","29","44","4145","4425","2570"
"28","0.1","1","false","false","false","true","false","false","false","1","1","1","0.25","1","0","0","0","100","0","100","0.3","10","2.5","2","60","1.6","0.4","20.5","6.7","16","8.21","365","14","1","0","0","299","299","54","76069","1825","2731","5110","4173","92","7700","false","467022","12","32","48","4287","4604","2685"
"28","0.1","1","false","false","false","true","false","false","false","1","1","1","0.25","1","0","0","0","100","0","100","0.3","10","2.5","2","60","1.6","0.4","20.5","6.7","16","8.21","365","14","1","0","0","299","299","55","75618","1864","2836","5193","4394","95","7799","false","466236","12","32","51","4436","4780","2767"
"28","0.1","1","false","false","false","true","false","false","false","1","1","1","0.25","1","0","0","0","100","0","100","0.3","10","2.5","2","60","1.6","0.4","20.5","6.7","16","8.21","365","14","1","0","0","299","299","56","75199","1841","2938","5280","4643","99","7945","false","465341","12","34","53","4605","4965","2873"
"28","0.1","1","false","false","false","true","false","false","false","1","1","1","0.25","1","0","0","0","100","0","100","0.3","10","2.5","2","60","1.6","0.4","20.5","6.7","16","8.21","365","14","1","0","0","299","299","57","74733","1878","3018","5371","4896","104","8118","false","464025","13","35","56","4766","5128","2980"
"28","0.1","1","false","false","false","true","false","false","false","1","1","1","0.25","1","0","0","0","100","0","100","0.3","10","2.5","2","60","1.6","0.4","20.5","6.7","16","8.21","365","14","1","0","0","299","299","58","74243","1930","3097","5483","5140","107","8199","false","462511","13","36","58","4922","5287","3087"
"28","0.1","1","false","false","false","true","false","false","false","1","1","1","0.25","1","0","0","0","100","0","100","0.3","10","2.5","2","60","1.6","0.4","20.5","6.7","16","8.21","365","14","1","0","0","299","299","59","73803","1895","3178","5607","5405","112","8221","false","461758","15","36","61","5074","5454","3203"
"28","0.1","1","false","false","false","true","false","false","false","1","1","1","0.25","1","0","0","0","100","0","100","0.3","10","2.5","2","60","1.6","0.4","20.5","6.7","16","8.21","365","14","1","0","0","299","299","60","73318","1912","3256","5724","5674","116","8334","false","461324","15","36","65","5237","5637","3308"
"28","0.1","1","false","false","false","true","false","false","false","1","1","1","0.25","1","0","0","0","100","0","100","0.3","10","2.5","2","60","1.6","0.4","20.5","6.7","16","8.21","365","14","1","0","0","299","299","61","72831","1992","3334","5753","5963","127","8484","false","460209","16","39","72","5377","5816","3405"
"28","0.1","1","false","false","false","true","false","false","false","1","1","1","0.25","1","0","0","0","100","0","100","0.3","10","2.5","2","60","1.6","0.4","20.5","6.7","16","8.21","365","14","1","0","0","299","299","62","72369","1982","3424","5833","6262","130","8631","false","458678","16","40","74","5570","5996","3508"
"28","0.1","1","false","false","false","true","false","false","false","1","1","1","0.25","1","0","0","0","100","0","100","0.3","10","2.5","2","60","1.6","0.4","20.5","6.7","16","8.21","365","14","1","0","0","299","299","63","71888","2020","3491","5917","6550","134","8746","false","457534","16","41","77","5741","6175","3617"
"28","0.1","1","false","false","false","true","false","false","false","1","1","1","0.25","1","0","0","0","100","0","100","0.3","10","2.5","2","60","1.6","0.4","20.5","6.7","16","8.21","365","14","1","0","0","299","299","64","71350","2071","3538","6009","6890","142","8866","false","456462","17","43","82","5938","6376","3723"
"28","0.1","1","false","false","false","true","false","false","false","1","1","1","0.25","1","0","0","0","100","0","100","0.3","10","2.5","2","60","1.6","0.4","20.5","6.7","16","8.21","365","14","1","0","0","299","299","65","70856","2109","3594","6058","7233","150","8964","false","455083","20","46","84","6095","6578","3832"
"28","0.1","1","false","false","false","true","false","false","false","1","1","1","0.25","1","0","0","0","100","0","100","0.3","10","2.5","2","60","1.6","0.4","20.5","6.7","16","8.21","365","14","1","0","0","299","299","66","70354","2110","3642","6174","7565","155","9007","false","454103","20","47","88","6264","6769","3951"
"28","0.1","1","false","false","false","true","false","false","false","1","1","1","0.25","1","0","0","0","100","0","100","0.3","10","2.5","2","60","1.6","0.4","20.5","6.7","16","8.21","365","14","1","0","0","299","299","67","69878","2090","3664","6275","7932","161","9018","false","453597","21","47","93","6423","6954","4062"
"28","0.1","1","false","false","false","true","false","false","false","1","1","1","0.25","1","0","0","0","100","0","100","0.3","10","2.5","2","60","1.6","0.4","20.5","6.7","16","8.21","365","14","1","0","0","299","299","68","69360","2136","3709","6329","8293","173","9103","false","453160","22","51","100","6590","7182","4166"
"28","0.1","1","false","false","false","true","false","false","false","1","1","1","0.25","1","0","0","0","100","0","100","0.3","10","2.5","2","60","1.6","0.4","20.5","6.7","16","8.21","365","14","1","0","0","299","299","69","68799","2211","3756","6393","8660","181","9229","false","452197","22","53","106","6761","7381","4271"
"28","0.1","1","false","false","false","true","false","false","false","1","1","1","0.25","1","0","0","0","100","0","100","0.3","10","2.5","2","60","1.6","0.4","20.5","6.7","16","8.21","365","14","1","0","0","299","299","70","68195","2325","3802","6454","9035","189","9210","false","450991","22","57","110","6937","7563","4392"
"28","0.1","1","false","false","false","true","false","false","false","1","1","1","0.25","1","0","0","0","100","0","100","0.3","10","2.5","2","60","1.6","0.4","20.5","6.7","16","8.21","365","14","1","0","0","299","299","71","67656","2371","3840","6521","9416","196","9299","false","450868","23","57","116","7108","7756","4490"
"28","0.1","1","false","false","false","true","false","false","false","1","1","1","0.25","1","0","0","0","100","0","100","0.3","10","2.5","2","60","1.6","0.4","20.5","6.7","16","8.21","365","14","1","0","0","299","299","72","67150","2348","3877","6621","9800","204","9429","false","449960","25","59","120","7302","7953","4588"
"28","0.1","1","false","false","false","true","false","false","false","1","1","1","0.25","1","0","0","0","100","0","100","0.3","10","2.5","2","60","1.6","0.4","20.5","6.7","16","8.21","365","14","1","0","0","299","299","73","66612","2320","3923","6702","10230","213","9539","false","448784","27","63","123","7505","8188","4718"
"28","0.1","1","false","false","false","true","false","false","false","1","1","1","0.25","1","0","0","0","100","0","100","0.3","10","2.5","2","60","1.6","0.4","20.5","6.7","16","8.21","365","14","1","0","0","299","299","74","66000","2412","3972","6747","10644","225","9717","false","447661","30","67","128","7718","8390","4838"
"28","0.1","1","false","false","false","true","false","false","false","1","1","1","0.25","1","0","0","0","100","0","100","0.3","10","2.5","2","60","1.6","0.4","20.5","6.7","16","8.21","365","14","1","0","0","299","299","75","65437","2413","4014","6834","11071","231","9772","false","445962","32","69","130","7918","8607","4973"
"28","0.1","1","false","false","false","true","false","false","false","1","1","1","0.25","1","0","0","0","100","0","100","0.3","10","2.5","2","60","1.6","0.4","20.5","6.7","16","8.21","365","14","1","0","0","299","299","76","64820","2461","4081","6965","11438","235","9861","false","445340","33","69","133","8120","8845","5102"
"28","0.1","1","false","false","false","true","false","false","false","1","1","1","0.25","1","0","0","0","100","0","100","0.3","10","2.5","2","60","1.6","0.4","20.5","6.7","16","8.21","365","14","1","0","0","299","299","77","64231","2451","4118","7078","11875","247","9949","false","444423","36","71","140","8331","9086","5236"
"28","0.1","1","false","false","false","true","false","false","false","1","1","1","0.25","1","0","0","0","100","0","100","0.3","10","2.5","2","60","1.6","0.4","20.5","6.7","16","8.21","365","14","1","0","0","299","299","78","63657","2441","4152","7205","12291","254","9989","false","443695","36","72","146","8552","9309","5376"
"28","0.1","1","false","false","false","true","false","false","false","1","1","1","0.25","1","0","0","0","100","0","100","0.3","10","2.5","2","60","1.6","0.4","20.5","6.7","16","8.21","365","14","1","0","0","299","299","79","63119","2407","4203","7302","12707","262","10115","false","443000","36","74","152","8770","9511","5515"
"28","0.1","1","false","false","false","true","false","false","false","1","1","1","0.25","1","0","0","0","100","0","100","0.3","10","2.5","2","60","1.6","0.4","20.5","6.7","16","8.21","365","14","1","0","0","299","299","80","62547","2410","4258","7379","13139","267","10127","false","441980","37","75","155","8977","9730","5642"
"28","0.1","1","false","false","false","true","false","false","false","1","1","1","0.25","1","0","0","0","100","0","100","0.3","10","2.5","2","60","1.6","0.4","20.5","6.7","16","8.21","365","14","1","0","0","299","299","81","62000","2381","4288","7481","13575","275","10213","false","441789","38","75","162","9196","9933","5779"
"28","0.1","1","false","false","false","true","false","false","false","1","1","1","0.25","1","0","0","0","100","0","100","0.3","10","2.5","2","60","1.6","0.4","20.5","6.7","16","8.21","365","14","1","0","0","299","299","82","61413","2407","4362","7532","14004","282","10489","false","441095","38","76","168","9400","10182","5907"
"28","0.1","1","false","false","false","true","false","false","false","1","1","1","0.25","1","0","0","0","100","0","100","0.3","10","2.5","2","60","1.6","0.4","20.5","6.7","16","8.21","365","14","1","0","0","299","299","83","60852","2414","4443","7557","14442","292","10638","false","438563","40","78","174","9624","10414","6038"
"28","0.1","1","false","false","false","true","false","false","false","1","1","1","0.25","1","0","0","0","100","0","100","0.3","10","2.5","2","60","1.6","0.4","20.5","6.7","16","8.21","365","14","1","0","0","299","299","84","60295","2423","4491","7613","14879","299","10700","false","437087","41","81","177","9834","10614","6180"
"28","0.1","1","false","false","false","true","false","false","false","1","1","1","0.25","1","0","0","0","100","0","100","0.3","10","2.5","2","60","1.6","0.4","20.5","6.7","16","8.21","365","14","1","0","0","299","299","85","59730","2421","4525","7695","15325","304","10633","false","436470","41","81","182","10046","10817","6318"
"28","0.1","1","false","false","false","true","false","false","false","1","1","1","0.25","1","0","0","0","100","0","100","0.3","10","2.5","2","60","1.6","0.4","20.5","6.7","16","8.21","365","14","1","0","0","299","299","86","59144","2431","4561","7768","15781","315","10596","false","436635","43","84","188","10243","11050","6444"
"28","0.1","1","false","false","false","true","false","false","false","1","1","1","0.25","1","0","0","0","100","0","100","0.3","10","2.5","2","60","1.6","0.4","20.5","6.7","16","8.21","365","14","1","0","0","299","299","87","58597","2428","4610","7816","16231","318","10619","false","436872","43","85","190","10463","11258","6557"
"28","0.1","1","false","false","false","true","false","false","false","1","1","1","0.25","1","0","0","0","100","0","100","0.3","10","2.5","2","60","1.6","0.4","20.5","6.7","16","8.21","365","14","1","0","0","299","299","88","57997","2502","4615","7798","16757","331","10645","false","436591","44","90","197","10654","11502","6679"
"28","0.1","1","false","false","false","true","false","false","false","1","1","1","0.25","1","0","0","0","100","0","100","0.3","10","2.5","2","60","1.6","0.4","20.5","6.7","16","8.21","365","14","1","0","0","299","299","89","57447","2460","4663","7872","17223","335","10664","false","436031","45","91","199","10883","11727","6812"
"28","0.1","1","false","false","false","true","false","false","false","1","1","1","0.25","1","0","0","0","100","0","100","0.3","10","2.5","2","60","1.6","0.4","20.5","6.7","16","8.21","365","14","1","0","0","299","299","90","56868","2491","4671","7890","17734","346","10672","false","435725","46","93","207","11104","11928","6950"
"28","0.1","1","false","false","false","true","false","false","false","1","1","1","0.25","1","0","0","0","100","0","100","0.3","10","2.5","2","60","1.6","0.4","20.5","6.7","16","8.21","365","14","1","0","0","299","299","91","56293","2481","4721","7926","18220","359","10641","false","435426","47","95","217","11322","12158","7067"
"28","0.1","1","false","false","false","true","false","false","false","1","1","1","0.25","1","0","0","0","100","0","100","0.3","10","2.5","2","60","1.6","0.4","20.5","6.7","16","8.21","365","14","1","0","0","299","299","92","55719","2485","4760","7991","18684","361","10583","false","435349","47","96","218","11519","12381","7182"
"28","0.1","1","false","false","false","true","false","false","false","1","1","1","0.25","1","0","0","0","100","0","100","0.3","10","2.5","2","60","1.6","0.4","20.5","6.7","16","8.21","365","14","1","0","0","299","299","93","55163","2447","4814","8041","19168","367","10707","false","435806","47","100","220","11752","12624","7319"
"28","0.1","1","false","false","false","true","false","false","false","1","1","1","0.25","1","0","0","0","100","0","100","0.3","10","2.5","2","60","1.6","0.4","20.5","6.7","16","8.21","365","14","1","0","0","299","299","94","54587","2433","4855","8105","19645","375","10641","false","434792","49","102","224","11978","12857","7449"
"28","0.1","1","false","false","false","true","false","false","false","1","1","1","0.25","1","0","0","0","100","0","100","0.3","10","2.5","2","60","1.6","0.4","20.5","6.7","16","8.21","365","14","1","0","0","299","299","95","53971","2486","4876","8123","20162","382","10690","false","435032","49","103","230","12211","13068","7590"
"28","0.1","1","false","false","false","true","false","false","false","1","1","1","0.25","1","0","0","0","100","0","100","0.3","10","2.5","2","60","1.6","0.4","20.5","6.7","16","8.21","365","14","1","0","0","299","299","96","53344","2523","4902","8183","20655","393","10483","false","434582","52","104","237","12415","13317","7714"
"28","0.1","1","false","false","false","true","false","false","false","1","1","1","0.25","1","0","0","0","100","0","100","0.3","10","2.5","2","60","1.6","0.4","20.5","6.7","16","8.21","365","14","1","0","0","299","299","97","52721","2584","4914","8201","21182","398","10413","false","435988","52","105","241","12655","13530","7833"
"28","0.1","1","false","false","false","true","false","false","false","1","1","1","0.25","1","0","0","0","100","0","100","0.3","10","2.5","2","60","1.6","0.4","20.5","6.7","16","8.21","365","14","1","0","0","299","299","98","52085","2619","4909","8254","21722","411","10442","false","436368","53","107","251","12858","13798","7966"
"28","0.1","1","false","false","false","true","false","false","false","1","1","1","0.25","1","0","0","0","100","0","100","0.3","10","2.5","2","60","1.6","0.4","20.5","6.7","16","8.21","365","14","1","0","0","299","299","99","51484","2634","4909","8286","22269","418","10405","false","436113","54","107","257","13065","14044","8097"
"28","0.1","1","false","false","false","true","false","false","false","1","1","1","0.25","1","0","0","0","100","0","100","0.3","10","2.5","2","60","1.6","0.4","20.5","6.7","16","8.21","365","14","1","0","0","299","299","100","50877","2614","4919","8393","22770","427","10378","false","436357","56","108","263","13278","14294","8254"
"28","0.1","1","false","false","false","true","false","false","false","1","1","1","0.25","1","0","0","0","100","0","100","0.3","10","2.5","2","60","1.6","0.4","20.5","6.7","16","8.21","365","14","1","0","0","299","299","101","50239","2633","4951","8453","23293","431","10452","false","436474","56","111","264","13510","14528","8382"
"28","0.1","1","false","false","false","true","false","false","false","1","1","1","0.25","1","0","0","0","100","0","100","0.3","10","2.5","2","60","1.6","0.4","20.5","6.7","16","8.21","365","14","1","0","0","299","299","102","49637","2614","4956","8478","23873","442","10488","false","435828","57","113","272","13743","14769","8514"
"28","0.1","1","false","false","false","true","false","false","false","1","1","1","0.25","1","0","0","0","100","0","100","0.3","10","2.5","2","60","1.6","0.4","20.5","6.7","16","8.21","365","14","1","0","0","299","299","103","49033","2572","4956","8529","24458","452","10615","false","435454","57","117","278","13952","15024","8662"
"28","0.1","1","false","false","false","true","false","false","false","1","1","1","0.25","1","0","0","0","100","0","100","0.3","10","2.5","2","60","1.6","0.4","20.5","6.7","16","8.21","365","14","1","0","0","299","299","104","48438","2518","4991","8618","24975","460","10749","false","434372","57","119","284","14193","15287","8803"
"28","0.1","1","false","false","false","true","false","false","false","1","1","1","0.25","1","0","0","0","100","0","100","0.3","10","2.5","2","60","1.6","0.4","20.5","6.7","16","8.21","365","14","1","0","0","299","299","105","47844","2545","5015","8610","25516","470","10697","false","433125","61","121","288","14411","15513","8951"
"28","0.1","1","false","false","false","true","false","false","false","1","1","1","0.25","1","0","0","0","100","0","100","0.3","10","2.5","2","60","1.6","0.4","20.5","6.7","16","8.21","365","14","1","0","0","299","299","106","47251","2536","5032","8622","26077","482","10729","false","433346","64","124","294","14646","15768","9086"
"28","0.1","1","false","false","false","true","false","false","false","1","1","1","0.25","1","0","0","0","100","0","100","0.3","10","2.5","2","60","1.6","0.4","20.5","6.7","16","8.21","365","14","1","0","0","299","299","107","46692","2496","5037","8653","26628","494","10675","false","432892","66","125","303","14868","16007","9228"
"28","0.1","1","false","false","false","true","false","false","false","1","1","1","0.25","1","0","0","0","100","0","100","0.3","10","2.5","2","60","1.6","0.4","20.5","6.7","16","8.21","365","14","1","0","0","299","299","108","46079","2531","5038","8648","27201","503","10699","false","433301","68","126","309","15077","16247","9350"
"28","0.1","1","false","false","false","true","false","false","false","1","1","1","0.25","1","0","0","0","100","0","100","0.3","10","2.5","2","60","1.6","0.4","20.5","6.7","16","8.21","365","14","1","0","0","299","299","109","45434","2598","5054","8616","27780","518","10728","false","433252","70","127","321","15318","16490","9455"
"28","0.1","1","false","false","false","true","false","false","false","1","1","1","0.25","1","0","0","0","100","0","100","0.3","10","2.5","2","60","1.6","0.4","20.5","6.7","16","8.21","365","14","1","0","0","299","299","110","44823","2604","5023","8644","28384","522","10713","false","432993","70","127","325","15534","16734","9586"
"28","0.1","1","false","false","false","true","false","false","false","1","1","1","0.25","1","0","0","0","100","0","100","0.3","10","2.5","2","60","1.6","0.4","20.5","6.7","16","8.21","365","14","1","0","0","299","299","111","44243","2634","5048","8584","28963","528","10741","false","432941","70","129","329","15761","16966","9700"
"28","0.1","1","false","false","false","true","false","false","false","1","1","1","0.25","1","0","0","0","100","0","100","0.3","10","2.5","2","60","1.6","0.4","20.5","6.7","16","8.21","365","14","1","0","0","299","299","112","43626","2635","5048","8623","29535","533","10725","false","432762","72","129","332","15973","17217","9832"
"28","0.1","1","false","false","false","true","false","false","false","1","1","1","0.25","1","0","0","0","100","0","100","0.3","10","2.5","2","60","1.6","0.4","20.5","6.7","16","8.21","365","14","1","0","0","299","299","113","43059","2549","5038","8692","30113","549","10735","false","432723","73","131","345","16200","17460","9984"
"28","0.1","1","false","false","false","true","false","false","false","1","1","1","0.25","1","0","0","0","100","0","100","0.3","10","2.5","2","60","1.6","0.4","20.5","6.7","16","8.21","365","14","1","0","0","299","299","114","42467","2530","5055","8718","30664","566","10664","false","432537","74","137","355","16444","17683","10107"
"28","0.1","1","false","false","false","true","false","false","false","1","1","1","0.25","1","0","0","0","100","0","100","0.3","10","2.5","2","60","1.6","0.4","20.5","6.7","16","8.21","365","14","1","0","0","299","299","115","41865","2538","5099","8686","31239","573","10726","false","432838","75","139","359","16695","17934","10244"
"28","0.1","1","false","false","false","true","false","false","false","1","1","1","0.25","1","0","0","0","100","0","100","0.3","10","2.5","2","60","1.6","0.4","20.5","6.7","16","8.21","365","14","1","0","0","299","299","116","41289","2518","5095","8705","31804","589","10602","false","432438","77","145","367","16919","18151","10383"
"28","0.1","1","false","false","false","true","false","false","false","1","1","1","0.25","1","0","0","0","100","0","100","0.3","10","2.5","2","60","1.6","0.4","20.5","6.7","16","8.21","365","14","1","0","0","299","299","117","40705","2502","5147","8657","32391","598","10568","false","433113","77","147","374","17146","18399","10548"
"28","0.1","1","false","false","false","true","false","false","false","1","1","1","0.25","1","0","0","0","100","0","100","0.3","10","2.5","2","60","1.6","0.4","20.5","6.7","16","8.21","365","14","1","0","0","299","299","118","40120","2490","5166","8686","32928","610","10598","false","433349","77","151","382","17378","18635","10671"
"28","0.1","1","false","false","false","true","false","false","false","1","1","1","0.25","1","0","0","0","100","0","100","0.3","10","2.5","2","60","1.6","0.4","20.5","6.7","16","8.21","365","14","1","0","0","299","299","119","39493","2541","5210","8664","33476","616","10754","false","433117","77","152","387","17602","18867","10804"
"28","0.1","1","false","false","false","true","false","false","false","1","1","1","0.25","1","0","0","0","100","0","100","0.3","10","2.5","2","60","1.6","0.4","20.5","6.7","16","8.21","365","14","1","0","0","299","299","120","38946","2500","5192","8657","34078","627","10641","false","431738","78","153","396","17815","19092","10934"
"28","0.1","1","false","false","false","true","false","false","false","1","1","1","0.25","1","0","0","0","100","0","100","0.3","10","2.5","2","60","1.6","0.4","20.5","6.7","16","8.21","365","14","1","0","0","299","299","121","38378","2472","5201","8625","34690","634","10687","false","432500","78","154","402","18024","19338","11074"
"28","0.1","1","false","false","false","true","false","false","false","1","1","1","0.25","1","0","0","0","100","0","100","0.3","10","2.5","2","60","1.6","0.4","20.5","6.7","16","8.21","365","14","1","0","0","299","299","122","37828","2442","5218","8576","35293","643","10662","false","432006","79","157","407","18223","19584","11216"
"28","0.1","1","false","false","false","true","false","false","false","1","1","1","0.25","1","0","0","0","100","0","100","0.3","10","2.5","2","60","1.6","0.4","20.5","6.7","16","8.21","365","14","1","0","0","299","299","123","37231","2441","5223","8558","35896","651","10627","false","432264","81","159","411","18448","19840","11342"
"28","0.1","1","false","false","false","true","false","false","false","1","1","1","0.25","1","0","0","0","100","0","100","0.3","10","2.5","2","60","1.6","0.4","20.5","6.7","16","8.21","365","14","1","0","0","299","299","124","36696","2425","5228","8515","36472","664","10604","false","432605","82","164","418","18656","20066","11481"
"28","0.1","1","false","false","false","true","false","false","false","1","1","1","0.25","1","0","0","0","100","0","100","0.3","10","2.5","2","60","1.6","0.4","20.5","6.7","16","8.21","365","14","1","0","0","299","299","125","36122","2387","5256","8503","37058","674","10555","false","432538","83","166","425","18882","20301","11630"
"28","0.1","1","false","false","false","true","false","false","false","1","1","1","0.25","1","0","0","0","100","0","100","0.3","10","2.5","2","60","1.6","0.4","20.5","6.7","16","8.21","365","14","1","0","0","299","299","126","35552","2357","5237","8518","37657","679","10481","false","432843","84","167","428","19101","20522","11767"
"28","0.1","1","false","false","false","true","false","false","false","1","1","1","0.25","1","0","0","0","100","0","100","0.3","10","2.5","2","60","1.6","0.4","20.5","6.7","16","8.21","365","14","1","0","0","299","299","127","34989","2378","5237","8458","38249","689","10425","false","433366","86","170","433","19310","20750","11886"
"28","0.1","1","false","false","false","true","false","false","false","1","1","1","0.25","1","0","0","0","100","0","100","0.3","10","2.5","2","60","1.6","0.4","20.5","6.7","16","8.21","365","14","1","0","0","299","299","128","34433","2377","5258","8433","38802","697","10425","false","433772","87","171","439","19515","20987","12016"
"28","0.1","1","false","false","false","true","false","false","false","1","1","1","0.25","1","0","0","0","100","0","100","0.3","10","2.5","2","60","1.6","0.4","20.5","6.7","16","8.21","365","14","1","0","0","299","299","129","33883","2363","5270","8420","39356","708","10371","false","433791","87","174","447","19742","21201","12152"
"28","0.1","1","false","false","false","true","false","false","false","1","1","1","0.25","1","0","0","0","100","0","100","0.3","10","2.5","2","60","1.6","0.4","20.5","6.7","16","8.21","365","14","1","0","0","299","299","130","33353","2332","5212","8390","39991","722","10374","false","434192","87","175","460","19955","21442","12261"
"28","0.1","1","false","false","false","true","false","false","false","1","1","1","0.25","1","0","0","0","100","0","100","0.3","10","2.5","2","60","1.6","0.4","20.5","6.7","16","8.21","365","14","1","0","0","299","299","131","32832","2310","5178","8383","40563","734","10231","false","433903","88","177","469","20156","21634","12383"
"28","0.1","1","false","false","false","true","false","false","false","1","1","1","0.25","1","0","0","0","100","0","100","0.3","10","2.5","2","60","1.6","0.4","20.5","6.7","16","8.21","365","14","1","0","0","299","299","132","32310","2275","5143","8338","41189","745","10131","false","434934","92","179","474","20347","21878","12498"
"28","0.1","1","false","false","false","true","false","false","false","1","1","1","0.25","1","0","0","0","100","0","100","0.3","10","2.5","2","60","1.6","0.4","20.5","6.7","16","8.21","365","14","1","0","0","299","299","133","31805","2248","5151","8278","41761","757","9986","false","435673","96","181","480","20540","22112","12634"
"28","0.1","1","false","false","false","true","false","false","false","1","1","1","0.25","1","0","0","0","100","0","100","0.3","10","2.5","2","60","1.6","0.4","20.5","6.7","16","8.21","365","14","1","0","0","299","299","134","31244","2269","5163","8233","42324","767","9989","false","436730","98","184","485","20724","22369","12756"
"28","0.1","1","false","false","false","true","false","false","false","1","1","1","0.25","1","0","0","0","100","0","100","0.3","10","2.5","2","60","1.6","0.4","20.5","6.7","16","8.21","365","14","1","0","0","299","299","135","30708","2273","5109","8231","42900","779","9863","false","436798","99","187","493","20929","22558","12878"
"28","0.1","1","false","false","false","true","false","false","false","1","1","1","0.25","1","0","0","0","100","0","100","0.3","10","2.5","2","60","1.6","0.4","20.5","6.7","16","8.21","365","14","1","0","0","299","299","136","30187","2260","5070","8190","43506","787","9771","false","437695","100","190","497","21124","22756","13000"
"28","0.1","1","false","false","false","true","false","false","false","1","1","1","0.25","1","0","0","0","100","0","100","0.3","10","2.5","2","60","1.6","0.4","20.5","6.7","16","8.21","365","14","1","0","0","299","299","137","29682","2218","5022","8133","44148","797","9614","false","438210","100","193","504","21329","22972","13135"
"28","0.1","1","false","false","false","true","false","false","false","1","1","1","0.25","1","0","0","0","100","0","100","0.3","10","2.5","2","60","1.6","0.4","20.5","6.7","16","8.21","365","14","1","0","0","299","299","138","29187","2215","4988","8076","44730","804","9506","false","439182","103","194","507","21521","23163","13283"
"28","0.1","1","false","false","false","true","false","false","false","1","1","1","0.25","1","0","0","0","100","0","100","0.3","10","2.5","2","60","1.6","0.4","20.5","6.7","16","8.21","365","14","1","0","0","299","299","139","28666","2213","4978","8031","45297","815","9355","false","439943","105","199","511","21718","23372","13402"
"28","0.1","1","false","false","false","true","false","false","false","1","1","1","0.25","1","0","0","0","100","0","100","0.3","10","2.5","2","60","1.6","0.4","20.5","6.7","16","8.21","365","14","1","0","0","299","299","140","28131","2227","4956","8016","45848","822","9236","false","441017","106","200","516","21903","23596","13514"
"28","0.1","1","false","false","false","true","false","false","false","1","1","1","0.25","1","0","0","0","100","0","100","0.3","10","2.5","2","60","1.6","0.4","20.5","6.7","16","8.21","365","14","1","0","0","299","299","141","27660","2185","4947","7979","46399","830","9010","false","442156","106","204","520","22087","23812","13626"
"28","0.1","1","false","false","false","true","false","false","false","1","1","1","0.25","1","0","0","0","100","0","100","0.3","10","2.5","2","60","1.6","0.4","20.5","6.7","16","8.21","365","14","1","0","0","299","299","142","27154","2168","4892","7980","46968","838","8921","false","443920","109","206","523","22286","23997","13741"
"28","0.1","1","false","false","false","true","false","false","false","1","1","1","0.25","1","0","0","0","100","0","100","0.3","10","2.5","2","60","1.6","0.4","20.5","6.7","16","8.21","365","14","1","0","0","299","299","143","26624","2196","4876","7940","47515","849","8850","false","444706","109","207","533","22487","24216","13857"
"28","0.1","1","false","false","false","true","false","false","false","1","1","1","0.25","1","0","0","0","100","0","100","0.3","10","2.5","2","60","1.6","0.4","20.5","6.7","16","8.21","365","14","1","0","0","299","299","144","26124","2196","4842","7839","48139","860","8843","false","445206","113","208","539","22663","24423","13996"
"28","0.1","1","false","false","false","true","false","false","false","1","1","1","0.25","1","0","0","0","100","0","100","0.3","10","2.5","2","60","1.6","0.4","20.5","6.7","16","8.21","365","14","1","0","0","299","299","145","25631","2192","4822","7772","48715","868","8833","false","445384","116","209","543","22847","24628","14114"
"28","0.1","1","false","false","false","true","false","false","false","1","1","1","0.25","1","0","0","0","100","0","100","0.3","10","2.5","2","60","1.6","0.4","20.5","6.7","16","8.21","365","14","1","0","0","299","299","146","25162","2140","4771","7733","49320","874","8697","false","445634","116","212","546","23038","24839","14220"
"28","0.1","1","false","false","false","true","false","false","false","1","1","1","0.25","1","0","0","0","100","0","100","0.3","10","2.5","2","60","1.6","0.4","20.5","6.7","16","8.21","365","14","1","0","0","299","299","147","24714","2102","4733","7648","49918","885","8598","false","446625","116","215","554","23216","25044","14333"
"28","0.1","1","false","false","false","true","false","false","false","1","1","1","0.25","1","0","0","0","100","0","100","0.3","10","2.5","2","60","1.6","0.4","20.5","6.7","16","8.21","365","14","1","0","0","299","299","148","24262","2052","4710","7629","50448","899","8564","false","447503","117","219","563","23414","25239","14459"
"28","0.1","1","false","false","false","true","false","false","false","1","1","1","0.25","1","0","0","0","100","0","100","0.3","10","2.5","2","60","1.6","0.4","20.5","6.7","16","8.21","365","14","1","0","0","299","299","149","23746","2064","4666","7620","50993","911","8457","false","447873","118","221","572","23602","25419","14569"
"28","0.1","1","false","false","false","true","false","false","false","1","1","1","0.25","1","0","0","0","100","0","100","0.3","10","2.5","2","60","1.6","0.4","20.5","6.7","16","8.21","365","14","1","0","0","299","299","150","23258","2086","4652","7561","51525","918","8459","false","448634","119","221","578","23777","25607","14694"
"28","0.1","1","false","false","false","true","false","false","false","1","1","1","0.25","1","0","0","0","100","0","100","0.3","10","2.5","2","60","1.6","0.4","20.5","6.7","16","8.21","365","14","1","0","0","299","299","151","22822","2046","4610","7523","52072","927","8317","false","448664","121","225","581","23943","25790","14801"
"28","0.1","1","false","false","false","true","false","false","false","1","1","1","0.25","1","0","0","0","100","0","100","0.3","10","2.5","2","60","1.6","0.4","20.5","6.7","16","8.21","365","14","1","0","0","299","299","152","22375","2025","4573","7435","52655","937","8299","false","449892","123","227","587","24125","25989","14904"
"28","0.1","1","false","false","false","true","false","false","false","1","1","1","0.25","1","0","0","0","100","0","100","0.3","10","2.5","2","60","1.6","0.4","20.5","6.7","16","8.21","365","14","1","0","0","299","299","153","21951","1955","4549","7424","53175","946","8296","false","450073","125","228","593","24312","26180","15011"
"28","0.1","1","false","false","false","true","false","false","false","1","1","1","0.25","1","0","0","0","100","0","100","0.3","10","2.5","2","60","1.6","0.4","20.5","6.7","16","8.21","365","14","1","0","0","299","299","154","21530","1940","4502","7330","53744","954","8226","false","450053","127","229","598","24467","26357","15117"
"28","0.1","1","false","false","false","true","false","false","false","1","1","1","0.25","1","0","0","0","100","0","100","0.3","10","2.5","2","60","1.6","0.4","20.5","6.7","16","8.21","365","14","1","0","0","299","299","155","21119","1875","4500","7265","54282","959","8196","false","450761","127","232","600","24628","26588","15221"
"28","0.1","1","false","false","false","true","false","false","false","1","1","1","0.25","1","0","0","0","100","0","100","0.3","10","2.5","2","60","1.6","0.4","20.5","6.7","16","8.21","365","14","1","0","0","299","299","156","20701","1840","4478","7207","54810","964","7982","false","450984","127","232","605","24811","26774","15313"
"28","0.1","1","false","false","false","true","false","false","false","1","1","1","0.25","1","0","0","0","100","0","100","0.3","10","2.5","2","60","1.6","0.4","20.5","6.7","16","8.21","365","14","1","0","0","299","299","157","20312","1787","4455","7151","55324","971","7812","false","452746","127","235","609","24971","26938","15424"
"28","0.1","1","false","false","false","true","false","false","false","1","1","1","0.25","1","0","0","0","100","0","100","0.3","10","2.5","2","60","1.6","0.4","20.5","6.7","16","8.21","365","14","1","0","0","299","299","158","19895","1753","4426","7077","55875","974","7755","false","454192","127","237","610","25137","27119","15528"
"28","0.1","1","false","false","false","true","false","false","false","1","1","1","0.25","1","0","0","0","100","0","100","0.3","10","2.5","2","60","1.6","0.4","20.5","6.7","16","8.21","365","14","1","0","0","299","299","159","19479","1737","4376","7002","56424","982","7675","false","454849","128","240","614","25295","27314","15632"
"28","0.1","1","false","false","false","true","false","false","false","1","1","1","0.25","1","0","0","0","100","0","100","0.3","10","2.5","2","60","1.6","0.4","20.5","6.7","16","8.21","365","14","1","0","0","299","299","160","19067","1750","4358","6902","56930","993","7599","false","455528","129","241","623","25474","27490","15726"
"28","0.1","1","false","false","false","true","false","false","false","1","1","1","0.25","1","0","0","0","100","0","100","0.3","10","2.5","2","60","1.6","0.4","20.5","6.7","16","8.21","365","14","1","0","0","299","299","161","18651","1746","4313","6840","57440","1010","7469","false","456102","133","242","635","25616","27669","15826"
"28","0.1","1","false","false","false","true","false","false","false","1","1","1","0.25","1","0","0","0","100","0","100","0.3","10","2.5","2","60","1.6","0.4","20.5","6.7","16","8.21","365","14","1","0","0","299","299","162","18234","1735","4270","6765","57979","1017","7398","false","457154","133","243","641","25782","27850","15921"
"28","0.1","1","false","false","false","true","false","false","false","1","1","1","0.25","1","0","0","0","100","0","100","0.3","10","2.5","2","60","1.6","0.4","20.5","6.7","16","8.21","365","14","1","0","0","299","299","163","17841","1751","4219","6677","58481","1031","7290","false","457696","133","246","652","25929","27992","16008"
"28","0.1","1","false","false","false","true","false","false","false","1","1","1","0.25","1","0","0","0","100","0","100","0.3","10","2.5","2","60","1.6","0.4","20.5","6.7","16","8.21","365","14","1","0","0","299","299","164","17470","1709","4178","6631","58970","1042","7145","false","458620","135","251","656","26096","28149","16107"
"28","0.1","1","false","false","false","true","false","false","false","1","1","1","0.25","1","0","0","0","100","0","100","0.3","10","2.5","2","60","1.6","0.4","20.5","6.7","16","8.21","365","14","1","0","0","299","299","165","17098","1679","4133","6578","59456","1056","7009","false","459756","136","261","659","26261","28311","16188"
"28","0.1","1","false","false","false","true","false","false","false","1","1","1","0.25","1","0","0","0","100","0","100","0.3","10","2.5","2","60","1.6","0.4","20.5","6.7","16","8.21","365","14","1","0","0","299","299","166","16717","1653","4104","6510","59952","1064","6880","false","460664","138","265","661","26407","28483","16281"
"28","0.1","1","false","false","false","true","false","false","false","1","1","1","0.25","1","0","0","0","100","0","100","0.3","10","2.5","2","60","1.6","0.4","20.5","6.7","16","8.21","365","14","1","0","0","299","299","167","16341","1606","4045","6504","60427","1077","6765","false","461607","138","269","670","26544","28652","16377"
"28","0.1","1","false","false","false","true","false","false","false","1","1","1","0.25","1","0","0","0","100","0","100","0.3","10","2.5","2","60","1.6","0.4","20.5","6.7","16","8.21","365","14","1","0","0","299","299","168","15966","1597","3969","6427","60955","1086","6661","false","462382","140","272","674","26682","28815","16467"
"28","0.1","1","false","false","false","true","false","false","false","1","1","1","0.25","1","0","0","0","100","0","100","0.3","10","2.5","2","60","1.6","0.4","20.5","6.7","16","8.21","365","14","1","0","0","299","299","169","15582","1604","3926","6344","61453","1091","6564","false","463107","141","274","676","26833","28960","16568"
"28","0.1","1","false","false","false","true","false","false","false","1","1","1","0.25","1","0","0","0","100","0","100","0.3","10","2.5","2","60","1.6","0.4","20.5","6.7","16","8.21","365","14","1","0","0","299","299","170","15199","1617","3871","6282","61934","1097","6516","false","463865","142","274","681","26976","29095","16659"
"28","0.1","1","false","false","false","true","false","false","false","1","1","1","0.25","1","0","0","0","100","0","100","0.3","10","2.5","2","60","1.6","0.4","20.5","6.7","16","8.21","365","14","1","0","0","299","299","171","14829","1617","3836","6220","62396","1102","6435","false","464282","142","274","686","27116","29251","16739"
"28","0.1","1","false","false","false","true","false","false","false","1","1","1","0.25","1","0","0","0","100","0","100","0.3","10","2.5","2","60","1.6","0.4","20.5","6.7","16","8.21","365","14","1","0","0","299","299","172","14512","1535","3800","6172","62871","1110","6359","false","464959","143","278","689","27246","29438","16832"
"28","0.1","1","false","false","false","true","false","false","false","1","1","1","0.25","1","0","0","0","100","0","100","0.3","10","2.5","2","60","1.6","0.4","20.5","6.7","16","8.21","365","14","1","0","0","299","299","173","14189","1475","3755","6128","63339","1114","6256","false","465731","143","279","692","27395","29590","16917"
"28","0.1","1","false","false","false","true","false","false","false","1","1","1","0.25","1","0","0","0","100","0","100","0.3","10","2.5","2","60","1.6","0.4","20.5","6.7","16","8.21","365","14","1","0","0","299","299","174","13821","1499","3692","6037","63830","1121","6153","false","466505","144","281","696","27504","29738","16988"
"28","0.1","1","false","false","false","true","false","false","false","1","1","1","0.25","1","0","0","0","100","0","100","0.3","10","2.5","2","60","1.6","0.4","20.5","6.7","16","8.21","365","14","1","0","0","299","299","175","13493","1461","3654","5961","64303","1128","6107","false","467417","144","283","701","27641","29880","17080"
"28","0.1","1","false","false","false","true","false","false","false","1","1","1","0.25","1","0","0","0","100","0","100","0.3","10","2.5","2","60","1.6","0.4","20.5","6.7","16","8.21","365","14","1","0","0","299","299","176","13151","1481","3620","5858","64755","1135","6001","false","468014","146","286","703","27758","30013","17160"
"28","0.1","1","false","false","false","true","false","false","false","1","1","1","0.25","1","0","0","0","100","0","100","0.3","10","2.5","2","60","1.6","0.4","20.5","6.7","16","8.21","365","14","1","0","0","299","299","177","12855","1446","3565","5738","65251","1145","5964","false","468989","146","287","712","27889","30152","17247"
"28","0.1","1","false","false","false","true","false","false","false","1","1","1","0.25","1","0","0","0","100","0","100","0.3","10","2.5","2","60","1.6","0.4","20.5","6.7","16","8.21","365","14","1","0","0","299","299","178","12533","1413","3500","5682","65720","1152","5910","false","469342","147","291","714","28020","30308","17306"
"28","0.1","1","false","false","false","true","false","false","false","1","1","1","0.25","1","0","0","0","100","0","100","0.3","10","2.5","2","60","1.6","0.4","20.5","6.7","16","8.21","365","14","1","0","0","299","299","179","12271","1339","3469","5615","66147","1159","5832","false","469945","147","295","717","28154","30433","17374"
"28","0.1","1","false","false","false","true","false","false","false","1","1","1","0.25","1","0","0","0","100","0","100","0.3","10","2.5","2","60","1.6","0.4","20.5","6.7","16","8.21","365","14","1","0","0","299","299","180","11986","1305","3451","5513","66578","1167","5774","false","470728","147","297","723","28286","30561","17455"
"28","0.1","1","false","false","false","true","false","false","false","1","1","1","0.25","1","0","0","0","100","0","100","0.3","10","2.5","2","60","1.6","0.4","20.5","6.7","16","8.21","365","14","1","0","0","299","299","181","11714","1229","3425","5441","67017","1174","5639","false","471327","148","300","726","28403","30711","17549"
"28","0.1","1","false","false","false","true","false","false","false","1","1","1","0.25","1","0","0","0","100","0","100","0.3","10","2.5","2","60","1.6","0.4","20.5","6.7","16","8.21","365","14","1","0","0","299","299","182","11453","1200","3366","5357","67447","1177","5521","false","472561","148","302","727","28496","30826","17626"
"28","0.1","1","false","false","false","true","false","false","false","1","1","1","0.25","1","0","0","0","100","0","100","0.3","10","2.5","2","60","1.6","0.4","20.5","6.7","16","8.21","365","14","1","0","0","299","299","183","11183","1171","3334","5263","67861","1188","5373","false","473586","148","304","736","28625","30934","17705"
"28","0.1","1","false","false","false","true","false","false","false","1","1","1","0.25","1","0","0","0","100","0","100","0.3","10","2.5","2","60","1.6","0.4","20.5","6.7","16","8.21","365","14","1","0","0","299","299","184","10931","1142","3314","5140","68281","1192","5315","false","474694","148","305","739","28756","31047","17773"
"28","0.1","1","false","false","false","true","false","false","false","1","1","1","0.25","1","0","0","0","100","0","100","0.3","10","2.5","2","60","1.6","0.4","20.5","6.7","16","8.21","365","14","1","0","0","299","299","185","10685","1104","3271","5063","68681","1196","5138","false","475242","148","306","742","28866","31165","17844"
"28","0.1","1","false","false","false","true","false","false","false","1","1","1","0.25","1","0","0","0","100","0","100","0.3","10","2.5","2","60","1.6","0.4","20.5","6.7","16","8.21","365","14","1","0","0","299","299","186","10408","1102","3233","4993","69065","1199","5026","false","476528","149","306","744","28990","31277","17906"
"28","0.1","1","false","false","false","true","false","false","false","1","1","1","0.25","1","0","0","0","100","0","100","0.3","10","2.5","2","60","1.6","0.4","20.5","6.7","16","8.21","365","14","1","0","0","299","299","187","10137","1102","3158","4874","69525","1204","4898","false","477498","151","306","747","29083","31399","17966"
"28","0.1","1","false","false","false","true","false","false","false","1","1","1","0.25","1","0","0","0","100","0","100","0.3","10","2.5","2","60","1.6","0.4","20.5","6.7","16","8.21","365","14","1","0","0","299","299","188","9871","1108","3113","4808","69892","1208","4788","false","478504","152","307","749","29161","31500","18027"
"28","0.1","1","false","false","false","true","false","false","false","1","1","1","0.25","1","0","0","0","100","0","100","0.3","10","2.5","2","60","1.6","0.4","20.5","6.7","16","8.21","365","14","1","0","0","299","299","189","9611","1124","3059","4712","70284","1210","4709","false","479322","152","308","750","29248","31605","18089"
"28","0.1","1","false","false","false","true","false","false","false","1","1","1","0.25","1","0","0","0","100","0","100","0.3","10","2.5","2","60","1.6","0.4","20.5","6.7","16","8.21","365","14","1","0","0","299","299","190","9350","1121","3013","4622","70669","1225","4595","false","480015","154","310","761","29361","31718","18144"
"28","0.1","1","false","false","false","true","false","false","false","1","1","1","0.25","1","0","0","0","100","0","100","0.3","10","2.5","2","60","1.6","0.4","20.5","6.7","16","8.21","365","14","1","0","0","299","299","191","9105","1107","2975","4535","71050","1228","4504","false","480951","154","312","762","29459","31834","18202"
"28","0.1","1","false","false","false","true","false","false","false","1","1","1","0.25","1","0","0","0","100","0","100","0.3","10","2.5","2","60","1.6","0.4","20.5","6.7","16","8.21","365","14","1","0","0","299","299","192","8880","1073","2901","4490","71418","1238","4418","false","481866","155","315","768","29544","31930","18255"
"28","0.1","1","false","false","false","true","false","false","false","1","1","1","0.25","1","0","0","0","100","0","100","0.3","10","2.5","2","60","1.6","0.4","20.5","6.7","16","8.21","365","14","1","0","0","299","299","193","8642","1068","2846","4382","71819","1243","4321","false","482575","155","317","771","29629","32022","18317"
"28","0.1","1","false","false","false","true","false","false","false","1","1","1","0.25","1","0","0","0","100","0","100","0.3","10","2.5","2","60","1.6","0.4","20.5","6.7","16","8.21","365","14","1","0","0","299","299","194","8445","1025","2801","4263","72216","1250","4198","false","483349","155","319","776","29729","32113","18378"
"28","0.1","1","false","false","false","true","false","false","false","1","1","1","0.25","1","0","0","0","100","0","100","0.3","10","2.5","2","60","1.6","0.4","20.5","6.7","16","8.21","365","14","1","0","0","299","299","195","8233","1000","2755","4183","72573","1256","4051","false","484399","157","319","780","29818","32209","18450"
"28","0.1","1","false","false","false","true","false","false","false","1","1","1","0.25","1","0","0","0","100","0","100","0.3","10","2.5","2","60","1.6","0.4","20.5","6.7","16","8.21","365","14","1","0","0","299","299","196","8024","952","2711","4162","72888","1263","4025","false","485664","157","319","787","29902","32311","18510"
"28","0.1","1","false","false","false","true","false","false","false","1","1","1","0.25","1","0","0","0","100","0","100","0.3","10","2.5","2","60","1.6","0.4","20.5","6.7","16","8.21","365","14","1","0","0","299","299","197","7847","887","2657","4094","73247","1268","3856","false","485889","157","319","792","29989","32403","18565"
"28","0.1","1","false","false","false","true","false","false","false","1","1","1","0.25","1","0","0","0","100","0","100","0.3","10","2.5","2","60","1.6","0.4","20.5","6.7","16","8.21","365","14","1","0","0","299","299","198","7647","883","2598","3983","73614","1275","3750","false","487254","157","319","799","30070","32480","18630"
"28","0.1","1","false","false","false","true","false","false","false","1","1","1","0.25","1","0","0","0","100","0","100","0.3","10","2.5","2","60","1.6","0.4","20.5","6.7","16","8.21","365","14","1","0","0","299","299","199","7448","861","2566","3902","73944","1279","3695","false","488119","157","319","803","30157","32583","18685"
"28","0.1","1","false","false","false","true","false","false","false","1","1","1","0.25","1","0","0","0","100","0","100","0.3","10","2.5","2","60","1.6","0.4","20.5","6.7","16","8.21","365","14","1","0","0","299","299","200","7267","847","2538","3814","74250","1284","3626","false","488635","158","320","806","30241","32649","18739"
"28","0.1","1","false","false","false","true","false","false","false","1","1","1","0.25","1","0","0","0","100","0","100","0.3","10","2.5","2","60","1.6","0.4","20.5","6.7","16","8.21","365","14","1","0","0","299","299","201","7075","831","2484","3748","74571","1291","3509","false","489287","158","323","810","30326","32731","18777"
"28","0.1","1","false","false","false","true","false","false","false","1","1","1","0.25","1","0","0","0","100","0","100","0.3","10","2.5","2","60","1.6","0.4","20.5","6.7","16","8.21","365","14","1","0","0","299","299","202","6917","774","2435","3666","74911","1297","3406","false","490195","160","323","814","30408","32818","18822"
"28","0.1","1","false","false","false","true","false","false","false","1","1","1","0.25","1","0","0","0","100","0","100","0.3","10","2.5","2","60","1.6","0.4","20.5","6.7","16","8.21","365","14","1","0","0","299","299","203","6743","755","2397","3597","75206","1302","3269","false","491108","160","324","818","30477","32898","18871"
"28","0.1","1","false","false","false","true","false","false","false","1","1","1","0.25","1","0","0","0","100","0","100","0.3","10","2.5","2","60","1.6","0.4","20.5","6.7","16","8.21","365","14","1","0","0","299","299","204","6563","760","2371","3477","75519","1310","3167","false","492241","162","325","823","30550","32982","18911"
"28","0.1","1","false","false","false","true","false","false","false","1","1","1","0.25","1","0","0","0","100","0","100","0.3","10","2.5","2","60","1.6","0.4","20.5","6.7","16","8.21","365","14","1","0","0","299","299","205","6407","731","2316","3367","75861","1318","3134","false","493130","163","330","825","30612","33069","18962"
"28","0.1","1","false","false","false","true","false","false","false","1","1","1","0.25","1","0","0","0","100","0","100","0.3","10","2.5","2","60","1.6","0.4","20.5","6.7","16","8.21","365","14","1","0","0","299","299","206","6261","709","2267","3314","76124","1325","3067","false","493554","164","330","831","30672","33156","18996"
"28","0.1","1","false","false","false","true","false","false","false","1","1","1","0.25","1","0","0","0","100","0","100","0.3","10","2.5","2","60","1.6","0.4","20.5","6.7","16","8.21","365","14","1","0","0","299","299","207","6110","704","2218","3205","76433","1330","3020","false","494135","164","330","836","30738","33221","19037"
"28","0.1","1","false","false","false","true","false","false","false","1","1","1","0.25","1","0","0","0","100","0","100","0.3","10","2.5","2","60","1.6","0.4","20.5","6.7","16","8.21","365","14","1","0","0","299","299","208","5963","657","2153","3174","76720","1333","2931","false","494556","164","331","838","30813","33294","19071"
"28","0.1","1","false","false","false","true","false","false","false","1","1","1","0.25","1","0","0","0","100","0","100","0.3","10","2.5","2","60","1.6","0.4","20.5","6.7","16","8.21","365","14","1","0","0","299","299","209","5823","623","2099","3102","77014","1339","2860","false","495234","164","333","842","30877","33359","19115"
"28","0.1","1","false","false","false","true","false","false","false","1","1","1","0.25","1","0","0","0","100","0","100","0.3","10","2.5","2","60","1.6","0.4","20.5","6.7","16","8.21","365","14","1","0","0","299","299","210","5682","637","2060","2990","77291","1340","2758","false","495815","164","333","843","30925","33426","19147"
"28","0.1","1","false","false","false","true","false","false","false","1","1","1","0.25","1","0","0","0","100","0","100","0.3","10","2.5","2","60","1.6","0.4","20.5","6.7","16","8.21","365","14","1","0","0","299","299","211","5544","612","2002","2921","77577","1344","2710","false","496739","165","333","846","30984","33488","19179"
"28","0.1","1","false","false","false","true","false","false","false","1","1","1","0.25","1","0","0","0","100","0","100","0.3","10","2.5","2","60","1.6","0.4","20.5","6.7","16","8.21","365","14","1","0","0","299","299","212","5399","623","1970","2832","77829","1347","2636","false","497162","165","334","848","31045","33536","19208"
"28","0.1","1","false","false","false","true","false","false","false","1","1","1","0.25","1","0","0","0","100","0","100","0.3","10","2.5","2","60","1.6","0.4","20.5","6.7","16","8.21","365","14","1","0","0","299","299","213","5259","628","1920","2757","78082","1354","2563","false","497759","166","334","854","31094","33602","19236"
"28","0.1","1","false","false","false","true","false","false","false","1","1","1","0.25","1","0","0","0","100","0","100","0.3","10","2.5","2","60","1.6","0.4","20.5","6.7","16","8.21","365","14","1","0","0","299","299","214","5121","619","1867","2707","78326","1360","2493","false","498342","167","334","859","31143","33659","19280"
"28","0.1","1","false","false","false","true","false","false","false","1","1","1","0.25","1","0","0","0","100","0","100","0.3","10","2.5","2","60","1.6","0.4","20.5","6.7","16","8.21","365","14","1","0","0","299","299","215","4988","600","1837","2681","78530","1364","2456","false","498931","168","334","862","31188","33731","19314"
"28","0.1","1","false","false","false","true","false","false","false","1","1","1","0.25","1","0","0","0","100","0","100","0.3","10","2.5","2","60","1.6","0.4","20.5","6.7","16","8.21","365","14","1","0","0","299","299","216","4879","574","1788","2608","78783","1368","2371","false","499284","168","335","865","31233","33784","19351"
"28","0.1","1","false","false","false","true","false","false","false","1","1","1","0.25","1","0","0","0","100","0","100","0.3","10","2.5","2","60","1.6","0.4","20.5","6.7","16","8.21","365","14","1","0","0","299","299","217","4748","562","1750","2566","79005","1369","2305","false","500067","169","335","865","31275","33846","19385"
"28","0.1","1","false","false","false","true","false","false","false","1","1","1","0.25","1","0","0","0","100","0","100","0.3","10","2.5","2","60","1.6","0.4","20.5","6.7","16","8.21","365","14","1","0","0","299","299","218","4650","539","1717","2483","79237","1374","2234","false","500641","169","335","870","31325","33894","19421"
"28","0.1","1","false","false","false","true","false","false","false","1","1","1","0.25","1","0","0","0","100","0","100","0.3","10","2.5","2","60","1.6","0.4","20.5","6.7","16","8.21","365","14","1","0","0","299","299","219","4541","504","1697","2427","79455","1376","2165","false","501210","169","335","872","31371","33958","19464"
"28","0.1","1","false","false","false","true","false","false","false","1","1","1","0.25","1","0","0","0","100","0","100","0.3","10","2.5","2","60","1.6","0.4","20.5","6.7","16","8.21","365","14","1","0","0","299","299","220","4421","516","1663","2356","79665","1379","2098","false","501751","169","337","873","31415","34000","19496"
"28","0.1","1","false","false","false","true","false","false","false","1","1","1","0.25","1","0","0","0","100","0","100","0.3","10","2.5","2","60","1.6","0.4","20.5","6.7","16","8.21","365","14","1","0","0","299","299","221","4303","500","1630","2296","79887","1384","2061","false","502328","171","337","876","31469","34053","19525"
"28","0.1","1","false","false","false","true","false","false","false","1","1","1","0.25","1","0","0","0","100","0","100","0.3","10","2.5","2","60","1.6","0.4","20.5","6.7","16","8.21","365","14","1","0","0","299","299","222","4183","508","1564","2230","80125","1390","2064","false","502652","173","340","877","31505","34103","19547"
"28","0.1","1","false","false","false","true","false","false","false","1","1","1","0.25","1","0","0","0","100","0","100","0.3","10","2.5","2","60","1.6","0.4","20.5","6.7","16","8.21","365","14","1","0","0","299","299","223","4084","504","1526","2160","80330","1396","2000","false","502680","174","341","881","31550","34151","19582"
"28","0.1","1","false","false","false","true","false","false","false","1","1","1","0.25","1","0","0","0","100","0","100","0.3","10","2.5","2","60","1.6","0.4","20.5","6.7","16","8.21","365","14","1","0","0","299","299","224","3980","498","1476","2105","80540","1401","1981","false","503212","174","344","883","31599","34190","19600"
"28","0.1","1","false","false","false","true","false","false","false","1","1","1","0.25","1","0","0","0","100","0","100","0.3","10","2.5","2","60","1.6","0.4","20.5","6.7","16","8.21","365","14","1","0","0","299","299","225","3890","476","1439","2057","80732","1406","1937","false","503476","176","345","885","31646","34232","19619"
"28","0.1","1","false","false","false","true","false","false","false","1","1","1","0.25","1","0","0","0","100","0","100","0.3","10","2.5","2","60","1.6","0.4","20.5","6.7","16","8.21","365","14","1","0","0","299","299","226","3783","457","1397","2021","80935","1407","1934","false","503841","176","345","886","31682","34299","19647"
"28","0.1","1","false","false","false","true","false","false","false","1","1","1","0.25","1","0","0","0","100","0","100","0.3","10","2.5","2","60","1.6","0.4","20.5","6.7","16","8.21","365","14","1","0","0","299","299","227","3713","415","1346","1970","81143","1413","1902","false","503905","176","348","889","31731","34345","19661"
"28","0.1","1","false","false","false","true","false","false","false","1","1","1","0.25","1","0","0","0","100","0","100","0.3","10","2.5","2","60","1.6","0.4","20.5","6.7","16","8.21","365","14","1","0","0","299","299","228","3643","380","1301","1923","81338","1415","1831","false","504164","176","349","890","31769","34386","19684"
"28","0.1","1","false","false","false","true","false","false","false","1","1","1","0.25","1","0","0","0","100","0","100","0.3","10","2.5","2","60","1.6","0.4","20.5","6.7","16","8.21","365","14","1","0","0","299","299","229","3571","358","1278","1875","81499","1419","1757","false","504776","176","349","894","31809","34423","19707"
"28","0.1","1","false","false","false","true","false","false","false","1","1","1","0.25","1","0","0","0","100","0","100","0.3","10","2.5","2","60","1.6","0.4","20.5","6.7","16","8.21","365","14","1","0","0","299","299","230","3499","334","1245","1838","81658","1426","1733","false","505400","178","350","898","31847","34461","19730"
"28","0.1","1","false","false","false","true","false","false","false","1","1","1","0.25","1","0","0","0","100","0","100","0.3","10","2.5","2","60","1.6","0.4","20.5","6.7","16","8.21","365","14","1","0","0","299","299","231","3430","319","1234","1766","81824","1427","1709","false","505571","178","350","899","31884","34500","19755"
"28","0.1","1","false","false","false","true","false","false","false","1","1","1","0.25","1","0","0","0","100","0","100","0.3","10","2.5","2","60","1.6","0.4","20.5","6.7","16","8.21","365","14","1","0","0","299","299","232","3365","299","1202","1724","81979","1431","1611","false","505859","178","351","902","31917","34537","19784"
"28","0.1","1","false","false","false","true","false","false","false","1","1","1","0.25","1","0","0","0","100","0","100","0.3","10","2.5","2","60","1.6","0.4","20.5","6.7","16","8.21","365","14","1","0","0","299","299","233","3287","307","1164","1666","82143","1433","1565","false","506649","180","351","902","31946","34566","19801"
"28","0.1","1","false","false","false","true","false","false","false","1","1","1","0.25","1","0","0","0","100","0","100","0.3","10","2.5","2","60","1.6","0.4","20.5","6.7","16","8.21","365","14","1","0","0","299","299","234","3219","297","1122","1618","82308","1436","1505","false","506985","180","351","905","31975","34595","19817"
"28","0.1","1","false","false","false","true","false","false","false","1","1","1","0.25","1","0","0","0","100","0","100","0.3","10","2.5","2","60","1.6","0.4","20.5","6.7","16","8.21","365","14","1","0","0","299","299","235","3158","283","1079","1585","82457","1438","1433","false","507438","181","352","905","32002","34627","19837"
"28","0.1","1","false","false","false","true","false","false","false","1","1","1","0.25","1","0","0","0","100","0","100","0.3","10","2.5","2","60","1.6","0.4","20.5","6.7","16","8.21","365","14","1","0","0","299","299","236","3085","284","1042","1536","82611","1442","1402","false","508013","181","353","908","32022","34659","19852"
"28","0.1","1","false","false","false","true","false","false","false","1","1","1","0.25","1","0","0","0","100","0","100","0.3","10","2.5","2","60","1.6","0.4","20.5","6.7","16","8.21","365","14","1","0","0","299","299","237","3020","280","1008","1498","82748","1446","1362","false","508318","181","354","911","32048","34685","19867"
"28","0.1","1","false","false","false","true","false","false","false","1","1","1","0.25","1","0","0","0","100","0","100","0.3","10","2.5","2","60","1.6","0.4","20.5","6.7","16","8.21","365","14","1","0","0","299","299","238","2946","294","982","1434","82896","1448","1340","false","508647","181","354","913","32074","34708","19892"
"28","0.1","1","false","false","false","true","false","false","false","1","1","1","0.25","1","0","0","0","100","0","100","0.3","10","2.5","2","60","1.6","0.4","20.5","6.7","16","8.21","365","14","1","0","0","299","299","239","2876","291","955","1399","83029","1450","1290","false","508830","181","354","915","32097","34746","19907"
"28","0.1","1","false","false","false","true","false","false","false","1","1","1","0.25","1","0","0","0","100","0","100","0.3","10","2.5","2","60","1.6","0.4","20.5","6.7","16","8.21","365","14","1","0","0","299","299","240","2808","291","912","1371","83159","1459","1239","false","509186","183","356","920","32124","34775","19924"
"28","0.1","1","false","false","false","true","false","false","false","1","1","1","0.25","1","0","0","0","100","0","100","0.3","10","2.5","2","60","1.6","0.4","20.5","6.7","16","8.21","365","14","1","0","0","299","299","241","2743","292","884","1313","83307","1461","1236","false","509558","184","356","921","32146","34798","19939"
"28","0.1","1","false","false","false","true","false","false","false","1","1","1","0.25","1","0","0","0","100","0","100","0.3","10","2.5","2","60","1.6","0.4","20.5","6.7","16","8.21","365","14","1","0","0","299","299","242","2681","287","856","1284","83429","1463","1200","false","509589","184","357","922","32170","34824","19952"
"28","0.1","1","false","false","false","true","false","false","false","1","1","1","0.25","1","0","0","0","100","0","100","0.3","10","2.5","2","60","1.6","0.4","20.5","6.7","16","8.21","365","14","1","0","0","299","299","243","2612","289","823","1254","83555","1467","1151","false","509890","186","357","924","32197","34860","19961"
"28","0.1","1","false","false","false","true","false","false","false","1","1","1","0.25","1","0","0","0","100","0","100","0.3","10","2.5","2","60","1.6","0.4","20.5","6.7","16","8.21","365","14","1","0","0","299","299","244","2554","270","806","1244","83657","1469","1120","false","510305","186","358","925","32225","34900","19979"
"28","0.1","1","false","false","false","true","false","false","false","1","1","1","0.25","1","0","0","0","100","0","100","0.3","10","2.5","2","60","1.6","0.4","20.5","6.7","16","8.21","365","14","1","0","0","299","299","245","2486","282","790","1215","83755","1472","1104","false","510540","186","359","927","32243","34919","19996"
"28","0.1","1","false","false","false","true","false","false","false","1","1","1","0.25","1","0","0","0","100","0","100","0.3","10","2.5","2","60","1.6","0.4","20.5","6.7","16","8.21","365","14","1","0","0","299","299","246","2431","274","781","1190","83851","1473","1063","false","510649","186","359","928","32266","34951","20006"
"28","0.1","1","false","false","false","true","false","false","false","1","1","1","0.25","1","0","0","0","100","0","100","0.3","10","2.5","2","60","1.6","0.4","20.5","6.7","16","8.21","365","14","1","0","0","299","299","247","2390","249","750","1171","83965","1475","1029","false","510967","186","359","930","32294","34977","20015"
"28","0.1","1","false","false","false","true","false","false","false","1","1","1","0.25","1","0","0","0","100","0","100","0.3","10","2.5","2","60","1.6","0.4","20.5","6.7","16","8.21","365","14","1","0","0","299","299","248","2322","248","726","1146","84083","1475","1004","false","511261","186","359","930","32317","35007","20037"
"28","0.1","1","false","false","false","true","false","false","false","1","1","1","0.25","1","0","0","0","100","0","100","0.3","10","2.5","2","60","1.6","0.4","20.5","6.7","16","8.21","365","14","1","0","0","299","299","249","2267","246","703","1116","84192","1476","984","false","511528","186","359","931","32337","35037","20051"
"28","0.1","1","false","false","false","true","false","false","false","1","1","1","0.25","1","0","0","0","100","0","100","0.3","10","2.5","2","60","1.6","0.4","20.5","6.7","16","8.21","365","14","1","0","0","299","299","250","2219","228","681","1100","84294","1478","949","false","511683","187","360","931","32360","35061","20062"
"28","0.1","1","false","false","false","true","false","false","false","1","1","1","0.25","1","0","0","0","100","0","100","0.3","10","2.5","2","60","1.6","0.4","20.5","6.7","16","8.21","365","14","1","0","0","299","299","251","2163","230","663","1070","84395","1479","921","false","511931","187","360","932","32376","35092","20073"
"28","0.1","1","false","false","false","true","false","false","false","1","1","1","0.25","1","0","0","0","100","0","100","0.3","10","2.5","2","60","1.6","0.4","20.5","6.7","16","8.21","365","14","1","0","0","299","299","252","2119","214","653","1050","84484","1480","870","false","512190","187","360","933","32399","35112","20088"
"28","0.1","1","false","false","false","true","false","false","false","1","1","1","0.25","1","0","0","0","100","0","100","0.3","10","2.5","2","60","1.6","0.4","20.5","6.7","16","8.21","365","14","1","0","0","299","299","253","2079","196","638","1028","84578","1481","870","false","512623","187","360","934","32421","35140","20100"
"28","0.1","1","false","false","false","true","false","false","false","1","1","1","0.25","1","0","0","0","100","0","100","0.3","10","2.5","2","60","1.6","0.4","20.5","6.7","16","8.21","365","14","1","0","0","299","299","254","2039","195","626","986","84670","1484","822","false","512638","187","362","935","32443","35157","20111"
"28","0.1","1","false","false","false","true","false","false","false","1","1","1","0.25","1","0","0","0","100","0","100","0.3","10","2.5","2","60","1.6","0.4","20.5","6.7","16","8.21","365","14","1","0","0","299","299","255","2000","176","615","962","84761","1486","815","false","513051","187","362","937","32464","35180","20124"
"28","0.1","1","false","false","false","true","false","false","false","1","1","1","0.25","1","0","0","0","100","0","100","0.3","10","2.5","2","60","1.6","0.4","20.5","6.7","16","8.21","365","14","1","0","0","299","299","256","1949","183","586","944","84851","1487","805","false","513141","187","362","938","32479","35198","20130"
"28","0.1","1","false","false","false","true","false","false","false","1","1","1","0.25","1","0","0","0","100","0","100","0.3","10","2.5","2","60","1.6","0.4","20.5","6.7","16","8.21","365","14","1","0","0","299","299","257","1902","184","571","925","84929","1489","784","false","513213","188","362","939","32493","35218","20137"
"28","0.1","1","false","false","false","true","false","false","false","1","1","1","0.25","1","0","0","0","100","0","100","0.3","10","2.5","2","60","1.6","0.4","20.5","6.7","16","8.21","365","14","1","0","0","299","299","258","1856","190","564","893","85008","1489","770","false","513350","188","362","939","32510","35238","20147"
"28","0.1","1","false","false","false","true","false","false","false","1","1","1","0.25","1","0","0","0","100","0","100","0.3","10","2.5","2","60","1.6","0.4","20.5","6.7","16","8.21","365","14","1","0","0","299","299","259","1821","181","552","878","85079","1489","736","false","513523","188","362","939","32527","35249","20158"
"28","0.1","1","false","false","false","true","false","false","false","1","1","1","0.25","1","0","0","0","100","0","100","0.3","10","2.5","2","60","1.6","0.4","20.5","6.7","16","8.21","365","14","1","0","0","299","299","260","1783","159","553","870","85145","1490","749","false","513813","188","362","940","32553","35264","20174"
"28","0.1","1","false","false","false","true","false","false","false","1","1","1","0.25","1","0","0","0","100","0","100","0.3","10","2.5","2","60","1.6","0.4","20.5","6.7","16","8.21","365","14","1","0","0","299","299","261","1747","155","548","845","85215","1490","739","false","513705","188","362","940","32565","35283","20189"
"28","0.1","1","false","false","false","true","false","false","false","1","1","1","0.25","1","0","0","0","100","0","100","0.3","10","2.5","2","60","1.6","0.4","20.5","6.7","16","8.21","365","14","1","0","0","299","299","262","1699","175","537","809","85288","1492","726","false","513842","188","362","942","32583","35296","20194"
"28","0.1","1","false","false","false","true","false","false","false","1","1","1","0.25","1","0","0","0","100","0","100","0.3","10","2.5","2","60","1.6","0.4","20.5","6.7","16","8.21","365","14","1","0","0","299","299","263","1668","176","531","762","85369","1494","719","false","514022","188","362","944","32596","35310","20207"
"28","0.1","1","false","false","false","true","false","false","false","1","1","1","0.25","1","0","0","0","100","0","100","0.3","10","2.5","2","60","1.6","0.4","20.5","6.7","16","8.21","365","14","1","0","0","299","299","264","1630","174","518","743","85438","1497","711","false","514117","188","363","946","32611","35327","20217"
"28","0.1","1","false","false","false","true","false","false","false","1","1","1","0.25","1","0","0","0","100","0","100","0.3","10","2.5","2","60","1.6","0.4","20.5","6.7","16","8.21","365","14","1","0","0","299","299","265","1590","173","495","731","85514","1497","690","false","514157","188","363","946","32627","35338","20222"
"28","0.1","1","false","false","false","true","false","false","false","1","1","1","0.25","1","0","0","0","100","0","100","0.3","10","2.5","2","60","1.6","0.4","20.5","6.7","16","8.21","365","14","1","0","0","299","299","266","1555","166","485","711","85586","1497","670","false","514351","188","363","946","32646","35356","20232"
"28","0.1","1","false","false","false","true","false","false","false","1","1","1","0.25","1","0","0","0","100","0","100","0.3","10","2.5","2","60","1.6","0.4","20.5","6.7","16","8.21","365","14","1","0","0","299","299","267","1522","160","462","713","85645","1498","634","false","514494","188","364","946","32657","35379","20240"
"28","0.1","1","false","false","false","true","false","false","false","1","1","1","0.25","1","0","0","0","100","0","100","0.3","10","2.5","2","60","1.6","0.4","20.5","6.7","16","8.21","365","14","1","0","0","299","299","268","1482","157","449","715","85698","1499","618","false","514796","188","364","947","32671","35395","20248"
"28","0.1","1","false","false","false","true","false","false","false","1","1","1","0.25","1","0","0","0","100","0","100","0.3","10","2.5","2","60","1.6","0.4","20.5","6.7","16","8.21","365","14","1","0","0","299","299","269","1437","164","440","695","85764","1500","610","false","514903","188","364","948","32684","35413","20255"
"28","0.1","1","false","false","false","true","false","false","false","1","1","1","0.25","1","0","0","0","100","0","100","0.3","10","2.5","2","60","1.6","0.4","20.5","6.7","16","8.21","365","14","1","0","0","299","299","270","1407","162","432","667","85832","1500","598","false","514985","188","364","948","32696","35424","20264"
"28","0.1","1","false","false","false","true","false","false","false","1","1","1","0.25","1","0","0","0","100","0","100","0.3","10","2.5","2","60","1.6","0.4","20.5","6.7","16","8.21","365","14","1","0","0","299","299","271","1359","162","425","663","85890","1501","609","false","515099","188","365","948","32714","35445","20272"
"28","0.1","1","false","false","false","true","false","false","false","1","1","1","0.25","1","0","0","0","100","0","100","0.3","10","2.5","2","60","1.6","0.4","20.5","6.7","16","8.21","365","14","1","0","0","299","299","272","1325","149","419","662","85944","1501","619","false","514953","188","365","948","32729","35460","20283"
"28","0.1","1","false","false","false","true","false","false","false","1","1","1","0.25","1","0","0","0","100","0","100","0.3","10","2.5","2","60","1.6","0.4","20.5","6.7","16","8.21","365","14","1","0","0","299","299","273","1300","147","408","641","86003","1501","622","false","514883","188","365","948","32742","35474","20292"
"28","0.1","1","false","false","false","true","false","false","false","1","1","1","0.25","1","0","0","0","100","0","100","0.3","10","2.5","2","60","1.6","0.4","20.5","6.7","16","8.21","365","14","1","0","0","299","299","274","1266","152","409","615","86055","1503","629","false","514908","188","367","948","32758","35490","20303"
"28","0.1","1","false","false","false","true","false","false","false","1","1","1","0.25","1","0","0","0","100","0","100","0.3","10","2.5","2","60","1.6","0.4","20.5","6.7","16","8.21","365","14","1","0","0","299","299","275","1242","137","406","600","86112","1503","608","false","514902","188","367","948","32775","35503","20312"
"28","0.1","1","false","false","false","true","false","false","false","1","1","1","0.25","1","0","0","0","100","0","100","0.3","10","2.5","2","60","1.6","0.4","20.5","6.7","16","8.21","365","14","1","0","0","299","299","276","1218","127","392","599","86161","1503","573","false","515081","188","367","948","32787","35513","20318"
"28","0.1","1","false","false","false","true","false","false","false","1","1","1","0.25","1","0","0","0","100","0","100","0.3","10","2.5","2","60","1.6","0.4","20.5","6.7","16","8.21","365","14","1","0","0","299","299","277","1183","132","384","591","86204","1506","584","false","515374","190","367","949","32799","35525","20327"
"28","0.1","1","false","false","false","true","false","false","false","1","1","1","0.25","1","0","0","0","100","0","100","0.3","10","2.5","2","60","1.6","0.4","20.5","6.7","16","8.21","365","14","1","0","0","299","299","278","1150","134","362","574","86274","1506","588","false","515255","190","367","949","32810","35536","20333"
"28","0.1","1","false","false","false","true","false","false","false","1","1","1","0.25","1","0","0","0","100","0","100","0.3","10","2.5","2","60","1.6","0.4","20.5","6.7","16","8.21","365","14","1","0","0","299","299","279","1128","119","355","568","86323","1507","585","false","515232","191","367","949","32820","35555","20337"
"28","0.1","1","false","false","false","true","false","false","false","1","1","1","0.25","1","0","0","0","100","0","100","0.3","10","2.5","2","60","1.6","0.4","20.5","6.7","16","8.21","365","14","1","0","0","299","299","280","1107","113","344","556","86373","1507","591","false","515239","191","367","949","32832","35567","20345"
"28","0.1","1","false","false","false","true","false","false","false","1","1","1","0.25","1","0","0","0","100","0","100","0.3","10","2.5","2","60","1.6","0.4","20.5","6.7","16","8.21","365","14","1","0","0","299","299","281","1077","112","334","544","86426","1507","569","false","515183","191","367","949","32841","35581","20356"
"28","0.1","1","false","false","false","true","false","false","false","1","1","1","0.25","1","0","0","0","100","0","100","0.3","10","2.5","2","60","1.6","0.4","20.5","6.7","16","8.21","365","14","1","0","0","299","299","282","1049","111","326","535","86471","1508","578","false","515380","191","367","950","32850","35593","20365"
"28","0.1","1","false","false","false","true","false","false","false","1","1","1","0.25","1","0","0","0","100","0","100","0.3","10","2.5","2","60","1.6","0.4","20.5","6.7","16","8.21","365","14","1","0","0","299","299","283","1023","116","322","509","86522","1508","568","false","515305","191","367","950","32857","35602","20376"
"28","0.1","1","false","false","false","true","false","false","false","1","1","1","0.25","1","0","0","0","100","0","100","0.3","10","2.5","2","60","1.6","0.4","20.5","6.7","16","8.21","365","14","1","0","0","299","299","284","992","116","310","504","86569","1509","537","false","515431","191","367","951","32866","35610","20383"
"28","0.1","1","false","false","false","true","false","false","false","1","1","1","0.25","1","0","0","0","100","0","100","0.3","10","2.5","2","60","1.6","0.4","20.5","6.7","16","8.21","365","14","1","0","0","299","299","285","966","120","298","498","86608","1510","515","false","515643","191","367","952","32875","35621","20392"
"28","0.1","1","false","false","false","true","false","false","false","1","1","1","0.25","1","0","0","0","100","0","100","0.3","10","2.5","2","60","1.6","0.4","20.5","6.7","16","8.21","365","14","1","0","0","299","299","286","940","113","297","494","86646","1510","496","false","515806","191","367","952","32888","35631","20399"
"28","0.1","1","false","false","false","true","false","false","false","1","1","1","0.25","1","0","0","0","100","0","100","0.3","10","2.5","2","60","1.6","0.4","20.5","6.7","16","8.21","365","14","1","0","0","299","299","287","913","115","289","491","86681","1511","457","false","515951","191","368","952","32899","35635","20405"
"28","0.1","1","false","false","false","true","false","false","false","1","1","1","0.25","1","0","0","0","100","0","100","0.3","10","2.5","2","60","1.6","0.4","20.5","6.7","16","8.21","365","14","1","0","0","299","299","288","872","127","286","481","86723","1511","470","false","516240","191","368","952","32905","35653","20410"
"28","0.1","1","false","false","false","true","false","false","false","1","1","1","0.25","1","0","0","0","100","0","100","0.3","10","2.5","2","60","1.6","0.4","20.5","6.7","16","8.21","365","14","1","0","0","299","299","289","851","119","280","479","86759","1512","474","false","516190","192","368","952","32913","35665","20417"
"28","0.1","1","false","false","false","true","false","false","false","1","1","1","0.25","1","0","0","0","100","0","100","0.3","10","2.5","2","60","1.6","0.4","20.5","6.7","16","8.21","365","14","1","0","0","299","299","290","826","123","272","466","86798","1515","459","false","516139","192","369","954","32923","35672","20421"
"28","0.1","1","false","false","false","true","false","false","false","1","1","1","0.25","1","0","0","0","100","0","100","0.3","10","2.5","2","60","1.6","0.4","20.5","6.7","16","8.21","365","14","1","0","0","299","299","291","803","116","270","461","86835","1515","444","false","516209","192","369","954","32937","35684","20432"
"28","0.1","1","false","false","false","true","false","false","false","1","1","1","0.25","1","0","0","0","100","0","100","0.3","10","2.5","2","60","1.6","0.4","20.5","6.7","16","8.21","365","14","1","0","0","299","299","292","767","124","273","451","86870","1515","465","false","516340","192","369","954","32943","35704","20438"
"28","0.1","1","false","false","false","true","false","false","false","1","1","1","0.25","1","0","0","0","100","0","100","0.3","10","2.5","2","60","1.6","0.4","20.5","6.7","16","8.21","365","14","1","0","0","299","299","293","741","118","271","450","86904","1516","450","false","516238","192","369","955","32955","35714","20441"
"28","0.1","1","false","false","false","true","false","false","false","1","1","1","0.25","1","0","0","0","100","0","100","0.3","10","2.5","2","60","1.6","0.4","20.5","6.7","16","8.21","365","14","1","0","0","299","299","294","713","128","255","438","86949","1517","440","false","516328","192","369","956","32963","35721","20445"
"28","0.1","1","false","false","false","true","false","false","false","1","1","1","0.25","1","0","0","0","100","0","100","0.3","10","2.5","2","60","1.6","0.4","20.5","6.7","16","8.21","365","14","1","0","0","299","299","295","687","123","250","428","86995","1517","427","false","516398","192","369","956","32972","35730","20454"
"28","0.1","1","false","false","false","true","false","false","false","1","1","1","0.25","1","0","0","0","100","0","100","0.3","10","2.5","2","60","1.6","0.4","20.5","6.7","16","8.21","365","14","1","0","0","299","299","296","656","123","250","420","87033","1518","421","false","516523","192","369","957","32984","35746","20458"
"28","0.1","1","false","false","false","true","false","false","false","1","1","1","0.25","1","0","0","0","100","0","100","0.3","10","2.5","2","60","1.6","0.4","20.5","6.7","16","8.21","365","14","1","0","0","299","299","297","634","118","246","411","87073","1518","415","false","516589","192","369","957","32997","35755","20466"
"28","0.1","1","false","false","false","true","false","false","false","1","1","1","0.25","1","0","0","0","100","0","100","0.3","10","2.5","2","60","1.6","0.4","20.5","6.7","16","8.21","365","14","1","0","0","299","299","298","617","106","241","412","87105","1519","411","false","516640","192","369","958","33007","35767","20470"
"28","0.1","1","false","false","false","true","false","false","false","1","1","1","0.25","1","0","0","0","100","0","100","0.3","10","2.5","2","60","1.6","0.4","20.5","6.7","16","8.21","365","14","1","0","0","299","299","299","597","91","240","419","87134","1519","413","false","516685","192","369","958","33015","35781","20477"
"28","0.1","1","false","false","false","true","false","false","false","1","1","1","0.25","1","0","0","0","100","0","100","0.3","10","2.5","2","60","1.6","0.4","20.5","6.7","16","8.21","365","14","1","0","0","299","299","300","583","79","234","425","87157","1522","388","false","516663","192","370","960","33023","35794","20485"
"28","0.1","1","false","false","false","true","false","false","false","1","1","1","0.25","1","0","0","0","100","0","100","0.3","10","2.5","2","60","1.6","0.4","20.5","6.7","16","8.21","365","14","1","0","0","299","299","301","562","77","236","415","87188","1522","379","false","516832","192","370","960","33037","35805","20492"
"28","0.1","1","false","false","false","true","false","false","false","1","1","1","0.25","1","0","0","0","100","0","100","0.3","10","2.5","2","60","1.6","0.4","20.5","6.7","16","8.21","365","14","1","0","0","299","299","302","543","78","235","401","87221","1522","361","false","516919","192","370","960","33046","35813","20498"
"28","0.1","1","false","false","false","true","false","false","false","1","1","1","0.25","1","0","0","0","100","0","100","0.3","10","2.5","2","60","1.6","0.4","20.5","6.7","16","8.21","365","14","1","0","0","299","299","303","516","88","230","391","87252","1523","357","false","517093","192","371","960","33050","35818","20504"
"28","0.1","1","false","false","false","true","false","false","false","1","1","1","0.25","1","0","0","0","100","0","100","0.3","10","2.5","2","60","1.6","0.4","20.5","6.7","16","8.21","365","14","1","0","0","299","299","304","499","89","216","383","87289","1524","322","false","517159","192","371","961","33058","35823","20510"
"28","0.1","1","false","false","false","true","false","false","false","1","1","1","0.25","1","0","0","0","100","0","100","0.3","10","2.5","2","60","1.6","0.4","20.5","6.7","16","8.21","365","14","1","0","0","299","299","305","478","85","218","380","87313","1526","270","false","517416","192","372","962","33064","35835","20516"
"28","0.1","1","false","false","false","true","false","false","false","1","1","1","0.25","1","0","0","0","100","0","100","0.3","10","2.5","2","60","1.6","0.4","20.5","6.7","16","8.21","365","14","1","0","0","299","299","306","455","83","213","386","87337","1526","239","false","517799","192","372","962","33070","35845","20524"
"28","0.1","1","false","false","false","true","false","false","false","1","1","1","0.25","1","0","0","0","100","0","100","0.3","10","2.5","2","60","1.6","0.4","20.5","6.7","16","8.21","365","14","1","0","0","299","299","307","438","80","212","382","87361","1527","218","false","518062","192","372","963","33078","35853","20532"
"28","0.1","1","false","false","false","true","false","false","false","1","1","1","0.25","1","0","0","0","100","0","100","0.3","10","2.5","2","60","1.6","0.4","20.5","6.7","16","8.21","365","14","1","0","0","299","299","308","415","78","205","388","87385","1529","191","false","518223","192","373","964","33084","35859","20535"
"28","0.1","1","false","false","false","true","false","false","false","1","1","1","0.25","1","0","0","0","100","0","100","0.3","10","2.5","2","60","1.6","0.4","20.5","6.7","16","8.21","365","14","1","0","0","299","299","309","391","82","203","383","87412","1529","168","false","518452","192","373","964","33092","35868","20537"
"28","0.1","1","false","false","false","true","false","false","false","1","1","1","0.25","1","0","0","0","100","0","100","0.3","10","2.5","2","60","1.6","0.4","20.5","6.7","16","8.21","365","14","1","0","0","299","299","310","367","84","201","377","87442","1529","140","false","518660","192","373","964","33096","35877","20544"
"28","0.1","1","false","false","false","true","false","false","false","1","1","1","0.25","1","0","0","0","100","0","100","0.3","10","2.5","2","60","1.6","0.4","20.5","6.7","16","8.21","365","14","1","0","0","299","299","311","352","84","195","366","87474","1529","117","false","518900","192","373","964","33098","35880","20551"
"28","0.1","1","false","false","false","true","false","false","false","1","1","1","0.25","1","0","0","0","100","0","100","0.3","10","2.5","2","60","1.6","0.4","20.5","6.7","16","8.21","365","14","1","0","0","299","299","312","332","89","189","354","87506","1530","97","false","519107","192","374","964","33103","35892","20555"
"28","0.1","1","false","false","false","true","false","false","false","1","1","1","0.25","1","0","0","0","100","0","100","0.3","10","2.5","2","60","1.6","0.4","20.5","6.7","16","8.21","365","14","1","0","0","299","299","313","307","90","194","355","87524","1530","81","false","519292","192","374","964","33114","35904","20561"
"28","0.1","1","false","false","false","true","false","false","false","1","1","1","0.25","1","0","0","0","100","0","100","0.3","10","2.5","2","60","1.6","0.4","20.5","6.7","16","8.21","365","14","1","0","0","299","299","314","284","96","195","348","87547","1530","54","false","519441","192","374","964","33125","35908","20566"
"28","0.1","1","false","false","false","true","false","false","false","1","1","1","0.25","1","0","0","0","100","0","100","0.3","10","2.5","2","60","1.6","0.4","20.5","6.7","16","8.21","365","14","1","0","0","299","299","315","259","100","198","336","87576","1531","28","false","519700","192","374","965","33132","35920","20570"
"28","0.1","1","false","false","false","true","false","false","false","1","1","1","0.25","1","0","0","0","100","0","100","0.3","10","2.5","2","60","1.6","0.4","20.5","6.7","16","8.21","365","14","1","0","0","299","299","316","233","103","189","333","87611","1531","7","false","519955","192","374","965","33140","35928","20571"
"28","0.1","1","false","false","false","true","false","false","false","1","1","1","0.25","1","0","0","0","100","0","100","0.3","10","2.5","2","60","1.6","0.4","20.5","6.7","16","8.21","365","14","1","0","0","299","299","317","216","98","190","326","87639","1531","0","false","520158","192","374","965","33150","35934","20575"
"28","0.1","1","false","false","false","true","false","false","false","1","1","1","0.25","1","0","0","0","100","0","100","0.3","10","2.5","2","60","1.6","0.4","20.5","6.7","16","8.21","365","14","1","0","0","299","299","318","190","102","191","325","87660","1532","0","false","520238","192","374","966","33159","35943","20581"
"28","0.1","1","false","false","false","true","false","false","false","1","1","1","0.25","1","0","0","0","100","0","100","0.3","10","2.5","2","60","1.6","0.4","20.5","6.7","16","8.21","365","14","1","0","0","299","299","319","173","91","193","327","87684","1532","0","false","520227","192","374","966","33168","35958","20587"
"28","0.1","1","false","false","false","true","false","false","false","1","1","1","0.25","1","0","0","0","100","0","100","0.3","10","2.5","2","60","1.6","0.4","20.5","6.7","16","8.21","365","14","1","0","0","299","299","320","162","84","192","323","87707","1532","0","false","520227","192","374","966","33176","35965","20591"
"28","0.1","1","false","false","false","true","false","false","false","1","1","1","0.25","1","0","0","0","100","0","100","0.3","10","2.5","2","60","1.6","0.4","20.5","6.7","16","8.21","365","14","1","0","0","299","299","321","148","80","188","310","87739","1535","0","false","520227","192","376","967","33182","35975","20596"
"28","0.1","1","false","false","false","true","false","false","false","1","1","1","0.25","1","0","0","0","100","0","100","0.3","10","2.5","2","60","1.6","0.4","20.5","6.7","16","8.21","365","14","1","0","0","299","299","322","128","82","186","307","87761","1536","0","false","520196","192","376","968","33191","35983","20602"
"28","0.1","1","false","false","false","true","false","false","false","1","1","1","0.25","1","0","0","0","100","0","100","0.3","10","2.5","2","60","1.6","0.4","20.5","6.7","16","8.21","365","14","1","0","0","299","299","323","117","69","177","312","87789","1536","0","false","520185","192","376","968","33194","35988","20607"
"28","0.1","1","false","false","false","true","false","false","false","1","1","1","0.25","1","0","0","0","100","0","100","0.3","10","2.5","2","60","1.6","0.4","20.5","6.7","16","8.21","365","14","1","0","0","299","299","324","104","70","173","298","87819","1536","0","false","520185","192","376","968","33200","35992","20613"
"28","0.1","1","false","false","false","true","false","false","false","1","1","1","0.25","1","0","0","0","100","0","100","0.3","10","2.5","2","60","1.6","0.4","20.5","6.7","16","8.21","365","14","1","0","0","299","299","325","97","54","170","310","87833","1536","0","false","520185","192","376","968","33208","36000","20615"
"28","0.1","1","false","false","false","true","false","false","false","1","1","1","0.25","1","0","0","0","100","0","100","0.3","10","2.5","2","60","1.6","0.4","20.5","6.7","16","8.21","365","14","1","0","0","299","299","326","92","44","173","296","87859","1536","0","false","520185","192","376","968","33214","36007","20619"
"28","0.1","1","false","false","false","true","false","false","false","1","1","1","0.25","1","0","0","0","100","0","100","0.3","10","2.5","2","60","1.6","0.4","20.5","6.7","16","8.21","365","14","1","0","0","299","299","327","86","35","170","292","87880","1537","0","false","520185","192","376","969","33219","36009","20625"
"28","0.1","1","false","false","false","true","false","false","false","1","1","1","0.25","1","0","0","0","100","0","100","0.3","10","2.5","2","60","1.6","0.4","20.5","6.7","16","8.21","365","14","1","0","0","299","299","328","77","37","178","279","87892","1537","0","false","520180","192","376","969","33225","36014","20626"
"28","0.1","1","false","false","false","true","false","false","false","1","1","1","0.25","1","0","0","0","100","0","100","0.3","10","2.5","2","60","1.6","0.4","20.5","6.7","16","8.21","365","14","1","0","0","299","299","329","69","35","176","273","87909","1538","0","false","520180","192","376","970","33230","36018","20629"
"28","0.1","1","false","false","false","true","false","false","false","1","1","1","0.25","1","0","0","0","100","0","100","0.3","10","2.5","2","60","1.6","0.4","20.5","6.7","16","8.21","365","14","1","0","0","299","299","330","58","42","170","261","87928","1541","0","false","520168","192","377","972","33232","36025","20632"
"28","0.1","1","false","false","false","true","false","false","false","1","1","1","0.25","1","0","0","0","100","0","100","0.3","10","2.5","2","60","1.6","0.4","20.5","6.7","16","8.21","365","14","1","0","0","299","299","331","51","44","164","242","87958","1541","0","false","520138","192","377","972","33234","36030","20633"
"28","0.1","1","false","false","false","true","false","false","false","1","1","1","0.25","1","0","0","0","100","0","100","0.3","10","2.5","2","60","1.6","0.4","20.5","6.7","16","8.21","365","14","1","0","0","299","299","332","45","42","151","235","87985","1542","0","false","520138","192","378","972","33238","36034","20633"
"28","0.1","1","false","false","false","true","false","false","false","1","1","1","0.25","1","0","0","0","100","0","100","0.3","10","2.5","2","60","1.6","0.4","20.5","6.7","16","8.21","365","14","1","0","0","299","299","333","42","31","147","232","88006","1542","0","false","520126","192","378","972","33245","36040","20634"
"28","0.1","1","false","false","false","true","false","false","false","1","1","1","0.25","1","0","0","0","100","0","100","0.3","10","2.5","2","60","1.6","0.4","20.5","6.7","16","8.21","365","14","1","0","0","299","299","334","39","29","141","225","88024","1542","0","false","520126","192","378","972","33245","36045","20635"
"28","0.1","1","false","false","false","true","false","false","false","1","1","1","0.25","1","0","0","0","100","0","100","0.3","10","2.5","2","60","1.6","0.4","20.5","6.7","16","8.21","365","14","1","0","0","299","299","335","34","26","137","220","88040","1543","0","false","520126","192","378","973","33248","36048","20639"
"28","0.1","1","false","false","false","true","false","false","false","1","1","1","0.25","1","0","0","0","100","0","100","0.3","10","2.5","2","60","1.6","0.4","20.5","6.7","16","8.21","365","14","1","0","0","299","299","336","33","17","130","211","88066","1543","0","false","520114","192","378","973","33251","36055","20641"
"28","0.1","1","false","false","false","true","false","false","false","1","1","1","0.25","1","0","0","0","100","0","100","0.3","10","2.5","2","60","1.6","0.4","20.5","6.7","16","8.21","365","14","1","0","0","299","299","337","33","14","120","201","88089","1543","0","false","520114","192","378","973","33251","36056","20642"
"28","0.1","1","false","false","false","true","false","false","false","1","1","1","0.25","1","0","0","0","100","0","100","0.3","10","2.5","2","60","1.6","0.4","20.5","6.7","16","8.21","365","14","1","0","0","299","299","338","33","12","114","183","88115","1543","0","false","520114","192","378","973","33252","36056","20643"
"28","0.1","1","false","false","false","true","false","false","false","1","1","1","0.25","1","0","0","0","100","0","100","0.3","10","2.5","2","60","1.6","0.4","20.5","6.7","16","8.21","365","14","1","0","0","299","299","339","31","11","108","175","88132","1543","0","false","520114","192","378","973","33252","36058","20644"
"28","0.1","1","false","false","false","true","false","false","false","1","1","1","0.25","1","0","0","0","100","0","100","0.3","10","2.5","2","60","1.6","0.4","20.5","6.7","16","8.21","365","14","1","0","0","299","299","340","30","5","104","170","88148","1543","0","false","520114","192","378","973","33254","36060","20646"
"28","0.1","1","false","false","false","true","false","false","false","1","1","1","0.25","1","0","0","0","100","0","100","0.3","10","2.5","2","60","1.6","0.4","20.5","6.7","16","8.21","365","14","1","0","0","299","299","341","29","5","97","155","88171","1543","0","false","520114","192","378","973","33254","36061","20647"
"28","0.1","1","false","false","false","true","false","false","false","1","1","1","0.25","1","0","0","0","100","0","100","0.3","10","2.5","2","60","1.6","0.4","20.5","6.7","16","8.21","365","14","1","0","0","299","299","342","27","7","94","145","88184","1543","0","false","520114","192","378","973","33256","36062","20647"
"28","0.1","1","false","false","false","true","false","false","false","1","1","1","0.25","1","0","0","0","100","0","100","0.3","10","2.5","2","60","1.6","0.4","20.5","6.7","16","8.21","365","14","1","0","0","299","299","343","26","7","88","130","88206","1543","0","false","520114","192","378","973","33258","36062","20647"
"28","0.1","1","false","false","false","true","false","false","false","1","1","1","0.25","1","0","0","0","100","0","100","0.3","10","2.5","2","60","1.6","0.4","20.5","6.7","16","8.21","365","14","1","0","0","299","299","344","25","5","86","128","88213","1543","0","false","520114","192","378","973","33259","36064","20647"
"28","0.1","1","false","false","false","true","false","false","false","1","1","1","0.25","1","0","0","0","100","0","100","0.3","10","2.5","2","60","1.6","0.4","20.5","6.7","16","8.21","365","14","1","0","0","299","299","345","24","6","79","117","88231","1543","0","false","520114","192","378","973","33259","36064","20647"
"28","0.1","1","false","false","false","true","false","false","false","1","1","1","0.25","1","0","0","0","100","0","100","0.3","10","2.5","2","60","1.6","0.4","20.5","6.7","16","8.21","365","14","1","0","0","299","299","346","24","4","74","113","88242","1543","0","false","520114","192","378","973","33260","36064","20647"
"28","0.1","1","false","false","false","true","false","false","false","1","1","1","0.25","1","0","0","0","100","0","100","0.3","10","2.5","2","60","1.6","0.4","20.5","6.7","16","8.21","365","14","1","0","0","299","299","347","24","2","69","106","88256","1543","0","false","520114","192","378","973","33260","36064","20647"
"28","0.1","1","false","false","false","true","false","false","false","1","1","1","0.25","1","0","0","0","100","0","100","0.3","10","2.5","2","60","1.6","0.4","20.5","6.7","16","8.21","365","14","1","0","0","299","299","348","24","2","63","94","88274","1543","0","false","520114","192","378","973","33260","36064","20647"
"28","0.1","1","false","false","false","true","false","false","false","1","1","1","0.25","1","0","0","0","100","0","100","0.3","10","2.5","2","60","1.6","0.4","20.5","6.7","16","8.21","365","14","1","0","0","299","299","349","24","1","60","83","88289","1543","0","false","520114","192","378","973","33261","36064","20649"
"28","0.1","1","false","false","false","true","false","false","false","1","1","1","0.25","1","0","0","0","100","0","100","0.3","10","2.5","2","60","1.6","0.4","20.5","6.7","16","8.21","365","14","1","0","0","299","299","350","24","1","55","71","88306","1543","0","false","520114","192","378","973","33261","36064","20650"
"28","0.1","1","false","false","false","true","false","false","false","1","1","1","0.25","1","0","0","0","100","0","100","0.3","10","2.5","2","60","1.6","0.4","20.5","6.7","16","8.21","365","14","1","0","0","299","299","351","24","0","46","64","88323","1543","0","false","520114","192","378","973","33262","36064","20650"
"28","0.1","1","false","false","false","true","false","false","false","1","1","1","0.25","1","0","0","0","100","0","100","0.3","10","2.5","2","60","1.6","0.4","20.5","6.7","16","8.21","365","14","1","0","0","299","299","352","24","0","39","58","88335","1544","0","false","520114","192","378","974","33262","36064","20650"
"28","0.1","1","false","false","false","true","false","false","false","1","1","1","0.25","1","0","0","0","100","0","100","0.3","10","2.5","2","60","1.6","0.4","20.5","6.7","16","8.21","365","14","1","0","0","299","299","353","24","0","32","53","88346","1545","0","false","520103","193","378","974","33262","36064","20650"
"28","0.1","1","false","false","false","true","false","false","false","1","1","1","0.25","1","0","0","0","100","0","100","0.3","10","2.5","2","60","1.6","0.4","20.5","6.7","16","8.21","365","14","1","0","0","299","299","354","24","0","28","51","88352","1545","0","false","520091","193","378","974","33262","36064","20650"
"28","0.1","1","false","false","false","true","false","false","false","1","1","1","0.25","1","0","0","0","100","0","100","0.3","10","2.5","2","60","1.6","0.4","20.5","6.7","16","8.21","365","14","1","0","0","299","299","355","24","0","25","46","88360","1545","0","false","520091","193","378","974","33262","36064","20650"
"28","0.1","1","false","false","false","true","false","false","false","1","1","1","0.25","1","0","0","0","100","0","100","0.3","10","2.5","2","60","1.6","0.4","20.5","6.7","16","8.21","365","14","1","0","0","299","299","356","24","0","22","42","88367","1545","0","false","520091","193","378","974","33262","36064","20650"
"28","0.1","1","false","false","false","true","false","false","false","1","1","1","0.25","1","0","0","0","100","0","100","0.3","10","2.5","2","60","1.6","0.4","20.5","6.7","16","8.21","365","14","1","0","0","299","299","357","24","0","16","40","88375","1545","0","false","520091","193","378","974","33262","36064","20650"
"28","0.1","1","false","false","false","true","false","false","false","1","1","1","0.25","1","0","0","0","100","0","100","0.3","10","2.5","2","60","1.6","0.4","20.5","6.7","16","8.21","365","14","1","0","0","299","299","358","24","0","13","34","88384","1545","0","false","520091","193","378","974","33262","36064","20650"
"28","0.1","1","false","false","false","true","false","false","false","1","1","1","0.25","1","0","0","0","100","0","100","0.3","10","2.5","2","60","1.6","0.4","20.5","6.7","16","8.21","365","14","1","0","0","299","299","359","24","0","12","28","88391","1545","0","false","520091","193","378","974","33262","36064","20650"
"28","0.1","1","false","false","false","true","false","false","false","1","1","1","0.25","1","0","0","0","100","0","100","0.3","10","2.5","2","60","1.6","0.4","20.5","6.7","16","8.21","365","14","1","0","0","299","299","360","24","0","11","25","88395","1545","0","false","520091","193","378","974","33262","36064","20650"
"28","0.1","1","false","false","false","true","false","false","false","1","1","1","0.25","1","0","0","0","100","0","100","0.3","10","2.5","2","60","1.6","0.4","20.5","6.7","16","8.21","365","14","1","0","0","299","299","361","24","0","11","20","88400","1545","0","false","520091","193","378","974","33262","36064","20650"
"28","0.1","1","false","false","false","true","false","false","false","1","1","1","0.25","1","0","0","0","100","0","100","0.3","10","2.5","2","60","1.6","0.4","20.5","6.7","16","8.21","365","14","1","0","0","299","299","362","24","0","10","15","88406","1545","0","false","520091","193","378","974","33262","36064","20650"
"28","0.1","1","false","false","false","true","false","false","false","1","1","1","0.25","1","0","0","0","100","0","100","0.3","10","2.5","2","60","1.6","0.4","20.5","6.7","16","8.21","365","14","1","0","0","299","299","363","24","0","9","14","88408","1545","0","false","520091","193","378","974","33262","36064","20650"
"28","0.1","1","false","false","false","true","false","false","false","1","1","1","0.25","1","0","0","0","100","0","100","0.3","10","2.5","2","60","1.6","0.4","20.5","6.7","16","8.21","365","14","1","0","0","299","299","364","24","0","8","10","88413","1545","0","false","520091","193","378","974","33262","36064","20650"
"28","0.1","1","false","false","false","true","false","false","false","1","1","1","0.25","1","0","0","0","100","0","100","0.3","10","2.5","2","60","1.6","0.4","20.5","6.7","16","8.21","365","14","1","0","0","299","299","365","24","0","8","7","88416","1545","0","false","520091","193","378","974","33262","36064","20650"
"29","0.1","1","false","false","false","true","false","false","false","1","1","1","0.25","1","0","0","0","100","0","100","0.4","10","2.5","2","60","1.6","0.4","20.5","6.7","16","8.21","365","14","1","0","0","299","299","0","89910","90","0","0","0","0","0","false","0","0","0","0","0","0","0"
"29","0.1","1","false","false","false","true","false","false","false","1","1","1","0.25","1","0","0","0","100","0","100","0.4","10","2.5","2","60","1.6","0.4","20.5","6.7","16","8.21","365","14","1","0","0","299","299","1","89910","77","0","13","0","0","0","false","538400","0","0","0","3","4","3"
"29","0.1","1","false","false","false","true","false","false","false","1","1","1","0.25","1","0","0","0","100","0","100","0.4","10","2.5","2","60","1.6","0.4","20.5","6.7","16","8.21","365","14","1","0","0","299","299","2","89895","75","0","30","0","0","0","false","538400","0","0","0","8","10","4"
"29","0.1","1","false","false","false","true","false","false","false","1","1","1","0.25","1","0","0","0","100","0","100","0.4","10","2.5","2","60","1.6","0.4","20.5","6.7","16","8.21","365","14","1","0","0","299","299","3","89864","91","2","43","0","0","0","false","538400","0","0","0","14","13","7"
"29","0.1","1","false","false","false","true","false","false","false","1","1","1","0.25","1","0","0","0","100","0","100","0.4","10","2.5","2","60","1.6","0.4","20.5","6.7","16","8.21","365","14","1","0","0","299","299","4","89813","123","2","62","0","0","0","false","538400","0","0","0","19","17","10"
"29","0.1","1","false","false","false","true","false","false","false","1","1","1","0.25","1","0","0","0","100","0","100","0.4","10","2.5","2","60","1.6","0.4","20.5","6.7","16","8.21","365","14","1","0","0","299","299","5","89753","159","8","80","0","0","0","false","538400","0","0","0","27","24","14"
"29","0.1","1","false","false","false","true","false","false","false","1","1","1","0.25","1","0","0","0","100","0","100","0.4","10","2.5","2","60","1.6","0.4","20.5","6.7","16","8.21","365","14","1","0","0","299","299","6","89671","213","14","102","0","0","0","false","538400","0","0","0","35","33","19"
"29","0.1","1","false","false","false","true","false","false","false","1","1","1","0.25","1","0","0","0","100","0","100","0.4","10","2.5","2","60","1.6","0.4","20.5","6.7","16","8.21","365","14","1","0","0","299","299","7","89583","266","24","127","0","0","0","false","538400","0","0","0","43","47","24"
"29","0.1","1","false","false","false","true","false","false","false","1","1","1","0.25","1","0","0","0","100","0","100","0.4","10","2.5","2","60","1.6","0.4","20.5","6.7","16","8.21","365","14","1","0","0","299","299","8","89485","316","31","168","0","0","0","false","538400","0","0","0","51","64","29"
"29","0.1","1","false","false","false","true","false","false","false","1","1","1","0.25","1","0","0","0","100","0","100","0.4","10","2.5","2","60","1.6","0.4","20.5","6.7","16","8.21","365","14","1","0","0","299","299","9","89347","386","48","219","0","0","0","false","538400","0","0","0","77","84","40"
"29","0.1","1","false","false","false","true","false","false","false","1","1","1","0.25","1","0","0","0","100","0","100","0.4","10","2.5","2","60","1.6","0.4","20.5","6.7","16","8.21","365","14","1","0","0","299","299","10","89212","456","65","267","0","0","0","false","538400","0","0","0","95","104","49"
"29","0.1","1","false","false","false","true","false","false","false","1","1","1","0.25","1","0","0","0","100","0","100","0.4","10","2.5","2","60","1.6","0.4","20.5","6.7","16","8.21","365","14","1","0","0","299","299","11","89057","521","84","338","0","0","0","false","538400","0","0","0","120","129","64"
"29","0.1","1","false","false","false","true","false","false","false","1","1","1","0.25","1","0","0","0","100","0","100","0.4","10","2.5","2","60","1.6","0.4","20.5","6.7","16","8.21","365","14","1","0","0","299","299","12","88849","626","116","409","0","0","0","false","538400","0","0","0","142","176","82"
"29","0.1","1","false","false","false","true","false","false","false","1","1","1","0.25","1","0","0","0","100","0","100","0.4","10","2.5","2","60","1.6","0.4","20.5","6.7","16","8.21","365","14","1","0","0","299","299","13","88628","725","152","495","0","0","0","false","538400","0","0","0","184","223","104"
"29","0.1","1","false","false","false","true","false","false","false","1","1","1","0.25","1","0","0","0","100","0","100","0.4","10","2.5","2","60","1.6","0.4","20.5","6.7","16","8.21","365","14","1","0","0","299","299","14","88375","827","187","611","0","0","0","false","538400","0","0","0","232","275","133"
"29","0.1","1","false","false","false","true","false","false","false","1","1","1","0.25","1","0","0","0","100","0","100","0.4","10","2.5","2","60","1.6","0.4","20.5","6.7","16","8.21","365","14","1","0","0","299","299","15","88129","906","234","731","0","0","237","false","538400","0","0","0","294","331","171"
"29","0.1","1","false","false","false","true","false","false","false","1","1","1","0.25","1","0","0","0","100","0","100","0.4","10","2.5","2","60","1.6","0.4","20.5","6.7","16","8.21","365","14","1","0","0","299","299","16","87904","931","285","878","2","0","589","false","535736","0","0","0","353","407","198"
"29","0.1","1","false","false","false","true","false","false","false","1","1","1","0.25","1","0","0","0","100","0","100","0.4","10","2.5","2","60","1.6","0.4","20.5","6.7","16","8.21","365","14","1","0","0","299","299","17","87682","957","349","1004","8","0","1037","false","532408","0","0","0","430","480","236"
"29","0.1","1","false","false","false","true","false","false","false","1","1","1","0.25","1","0","0","0","100","0","100","0.4","10","2.5","2","60","1.6","0.4","20.5","6.7","16","8.21","365","14","1","0","0","299","299","18","87429","997","411","1152","11","0","1494","false","528252","0","0","0","500","560","285"
"29","0.1","1","false","false","false","true","false","false","false","1","1","1","0.25","1","0","0","0","100","0","100","0.4","10","2.5","2","60","1.6","0.4","20.5","6.7","16","8.21","365","14","1","0","0","299","299","19","87186","1010","485","1304","15","0","2004","false","524257","0","0","0","578","639","327"
"29","0.1","1","false","false","false","true","false","false","false","1","1","1","0.25","1","0","0","0","100","0","100","0.4","10","2.5","2","60","1.6","0.4","20.5","6.7","16","8.21","365","14","1","0","0","299","299","20","87000","950","570","1456","24","0","2492","false","519969","0","0","0","655","739","374"
"29","0.1","1","false","false","false","true","false","false","false","1","1","1","0.25","1","0","0","0","100","0","100","0.4","10","2.5","2","60","1.6","0.4","20.5","6.7","16","8.21","365","14","1","0","0","299","299","21","86819","900","653","1596","32","0","2957","false","516055","0","0","0","744","826","426"
"29","0.1","1","false","false","false","true","false","false","false","1","1","1","0.25","1","0","0","0","100","0","100","0.4","10","2.5","2","60","1.6","0.4","20.5","6.7","16","8.21","365","14","1","0","0","299","299","22","86615","880","748","1715","42","0","3503","false","512307","0","0","0","838","922","481"
"29","0.1","1","false","false","false","true","false","false","false","1","1","1","0.25","1","0","0","0","100","0","100","0.4","10","2.5","2","60","1.6","0.4","20.5","6.7","16","8.21","365","14","1","0","0","299","299","23","86427","865","837","1818","53","0","3939","false","508034","0","0","0","912","1001","538"
"29","0.1","1","false","false","false","true","false","false","false","1","1","1","0.25","1","0","0","0","100","0","100","0.4","10","2.5","2","60","1.6","0.4","20.5","6.7","16","8.21","365","14","1","0","0","299","299","24","86258","814","921","1937","69","1","4359","false","504652","0","0","1","994","1089","594"
"29","0.1","1","false","false","false","true","false","false","false","1","1","1","0.25","1","0","0","0","100","0","100","0.4","10","2.5","2","60","1.6","0.4","20.5","6.7","16","8.21","365","14","1","0","0","299","299","25","86098","778","994","2037","91","2","4727","false","501502","0","0","2","1082","1168","639"
"29","0.1","1","false","false","false","true","false","false","false","1","1","1","0.25","1","0","0","0","100","0","100","0.4","10","2.5","2","60","1.6","0.4","20.5","6.7","16","8.21","365","14","1","0","0","299","299","26","85942","749","1071","2123","112","3","5148","false","498743","0","1","2","1153","1240","680"
"29","0.1","1","false","false","false","true","false","false","false","1","1","1","0.25","1","0","0","0","100","0","100","0.4","10","2.5","2","60","1.6","0.4","20.5","6.7","16","8.21","365","14","1","0","0","299","299","27","85829","679","1135","2213","140","4","5336","false","495437","0","2","2","1222","1307","718"
"29","0.1","1","false","false","false","true","false","false","false","1","1","1","0.25","1","0","0","0","100","0","100","0.4","10","2.5","2","60","1.6","0.4","20.5","6.7","16","8.21","365","14","1","0","0","299","299","28","85689","651","1212","2258","185","5","5568","false","493697","0","2","3","1294","1382","755"
"29","0.1","1","false","false","false","true","false","false","false","1","1","1","0.25","1","0","0","0","100","0","100","0.4","10","2.5","2","60","1.6","0.4","20.5","6.7","16","8.21","365","14","1","0","0","299","299","29","85524","665","1281","2289","235","6","5593","false","491363","0","2","4","1361","1445","792"
"29","0.1","1","false","false","false","true","false","false","false","1","1","1","0.25","1","0","0","0","100","0","100","0.4","10","2.5","2","60","1.6","0.4","20.5","6.7","16","8.21","365","14","1","0","0","299","299","30","85334","713","1345","2314","287","7","5560","false","490443","1","2","4","1419","1505","831"
"29","0.1","1","false","false","false","true","false","false","false","1","1","1","0.25","1","0","0","0","100","0","100","0.4","10","2.5","2","60","1.6","0.4","20.5","6.7","16","8.21","365","14","1","0","0","299","299","31","85106","781","1388","2359","357","9","5410","false","490231","2","2","5","1473","1570","864"
"29","0.1","1","false","false","false","true","false","false","false","1","1","1","0.25","1","0","0","0","100","0","100","0.4","10","2.5","2","60","1.6","0.4","20.5","6.7","16","8.21","365","14","1","0","0","299","299","32","84846","866","1432","2407","437","12","5454","false","490794","2","3","7","1529","1646","907"
"29","0.1","1","false","false","false","true","false","false","false","1","1","1","0.25","1","0","0","0","100","0","100","0.4","10","2.5","2","60","1.6","0.4","20.5","6.7","16","8.21","365","14","1","0","0","299","299","33","84529","1008","1469","2436","545","13","5504","false","489867","2","3","8","1590","1717","941"
"29","0.1","1","false","false","false","true","false","false","false","1","1","1","0.25","1","0","0","0","100","0","100","0.4","10","2.5","2","60","1.6","0.4","20.5","6.7","16","8.21","365","14","1","0","0","299","299","34","84208","1103","1492","2539","641","17","5520","false","489013","2","4","11","1662","1813","988"
"29","0.1","1","false","false","false","true","false","false","false","1","1","1","0.25","1","0","0","0","100","0","100","0.4","10","2.5","2","60","1.6","0.4","20.5","6.7","16","8.21","365","14","1","0","0","299","299","35","83849","1251","1529","2584","770","17","5686","false","488556","2","4","11","1747","1882","1040"
"29","0.1","1","false","false","false","true","false","false","false","1","1","1","0.25","1","0","0","0","100","0","100","0.4","10","2.5","2","60","1.6","0.4","20.5","6.7","16","8.21","365","14","1","0","0","299","299","36","83489","1348","1560","2706","879","18","5713","false","486877","2","5","11","1827","1979","1086"
"29","0.1","1","false","false","false","true","false","false","false","1","1","1","0.25","1","0","0","0","100","0","100","0.4","10","2.5","2","60","1.6","0.4","20.5","6.7","16","8.21","365","14","1","0","0","299","299","37","83079","1480","1592","2816","1011","22","5886","false","486426","4","7","11","1939","2072","1138"
"29","0.1","1","false","false","false","true","false","false","false","1","1","1","0.25","1","0","0","0","100","0","100","0.4","10","2.5","2","60","1.6","0.4","20.5","6.7","16","8.21","365","14","1","0","0","299","299","38","82738","1514","1641","2914","1169","24","5950","false","484569","4","7","13","2042","2177","1219"
"29","0.1","1","false","false","false","true","false","false","false","1","1","1","0.25","1","0","0","0","100","0","100","0.4","10","2.5","2","60","1.6","0.4","20.5","6.7","16","8.21","365","14","1","0","0","299","299","39","82355","1554","1671","3067","1328","25","5990","false","483796","4","7","14","2160","2295","1287"
"29","0.1","1","false","false","false","true","false","false","false","1","1","1","0.25","1","0","0","0","100","0","100","0.4","10","2.5","2","60","1.6","0.4","20.5","6.7","16","8.21","365","14","1","0","0","299","299","40","81978","1581","1716","3190","1509","26","6095","false","483140","4","7","15","2270","2427","1368"
"29","0.1","1","false","false","false","true","false","false","false","1","1","1","0.25","1","0","0","0","100","0","100","0.4","10","2.5","2","60","1.6","0.4","20.5","6.7","16","8.21","365","14","1","0","0","299","299","41","81613","1585","1757","3339","1678","28","6177","false","482055","4","8","16","2400","2547","1454"
"29","0.1","1","false","false","false","true","false","false","false","1","1","1","0.25","1","0","0","0","100","0","100","0.4","10","2.5","2","60","1.6","0.4","20.5","6.7","16","8.21","365","14","1","0","0","299","299","42","81211","1619","1817","3493","1829","31","6308","false","481024","4","8","19","2533","2681","1531"
"29","0.1","1","false","false","false","true","false","false","false","1","1","1","0.25","1","0","0","0","100","0","100","0.4","10","2.5","2","60","1.6","0.4","20.5","6.7","16","8.21","365","14","1","0","0","299","299","43","80813","1649","1885","3602","2017","34","6420","false","479717","5","9","20","2642","2827","1621"
"29","0.1","1","false","false","false","true","false","false","false","1","1","1","0.25","1","0","0","0","100","0","100","0.4","10","2.5","2","60","1.6","0.4","20.5","6.7","16","8.21","365","14","1","0","0","299","299","44","80426","1655","1960","3731","2190","38","6585","false","478536","6","11","21","2779","2980","1721"
"29","0.1","1","false","false","false","true","false","false","false","1","1","1","0.25","1","0","0","0","100","0","100","0.4","10","2.5","2","60","1.6","0.4","20.5","6.7","16","8.21","365","14","1","0","0","299","299","45","80057","1627","2041","3876","2356","43","6684","false","476935","6","14","23","2923","3139","1798"
"29","0.1","1","false","false","false","true","false","false","false","1","1","1","0.25","1","0","0","0","100","0","100","0.4","10","2.5","2","60","1.6","0.4","20.5","6.7","16","8.21","365","14","1","0","0","299","299","46","79630","1676","2094","4003","2549","48","6734","false","475898","9","14","25","3065","3293","1877"
"29","0.1","1","false","false","false","true","false","false","false","1","1","1","0.25","1","0","0","0","100","0","100","0.4","10","2.5","2","60","1.6","0.4","20.5","6.7","16","8.21","365","14","1","0","0","299","299","47","79201","1738","2164","4111","2733","53","6781","false","475391","11","14","28","3209","3434","1963"
"29","0.1","1","false","false","false","true","false","false","false","1","1","1","0.25","1","0","0","0","100","0","100","0.4","10","2.5","2","60","1.6","0.4","20.5","6.7","16","8.21","365","14","1","0","0","299","299","48","78822","1708","2241","4262","2912","55","6893","false","474838","11","15","29","3354","3611","2037"
"29","0.1","1","false","false","false","true","false","false","false","1","1","1","0.25","1","0","0","0","100","0","100","0.4","10","2.5","2","60","1.6","0.4","20.5","6.7","16","8.21","365","14","1","0","0","299","299","49","78425","1725","2330","4350","3111","59","6962","false","473651","12","15","32","3505","3777","2118"
"29","0.1","1","false","false","false","true","false","false","false","1","1","1","0.25","1","0","0","0","100","0","100","0.4","10","2.5","2","60","1.6","0.4","20.5","6.7","16","8.21","365","14","1","0","0","299","299","50","78017","1755","2386","4465","3314","63","7109","false","473109","12","16","35","3635","3928","2203"
"29","0.1","1","false","false","false","true","false","false","false","1","1","1","0.25","1","0","0","0","100","0","100","0.4","10","2.5","2","60","1.6","0.4","20.5","6.7","16","8.21","365","14","1","0","0","299","299","51","77605","1724","2448","4654","3501","68","7196","false","471804","12","17","39","3778","4083","2299"
"29","0.1","1","false","false","false","true","false","false","false","1","1","1","0.25","1","0","0","0","100","0","100","0.4","10","2.5","2","60","1.6","0.4","20.5","6.7","16","8.21","365","14","1","0","0","299","299","52","77125","1792","2532","4777","3704","70","7443","false","470930","12","17","41","3913","4279","2388"
"29","0.1","1","false","false","false","true","false","false","false","1","1","1","0.25","1","0","0","0","100","0","100","0.4","10","2.5","2","60","1.6","0.4","20.5","6.7","16","8.21","365","14","1","0","0","299","299","53","76719","1743","2613","4930","3922","73","7511","false","468923","12","17","44","4089","4447","2490"
"29","0.1","1","false","false","false","true","false","false","false","1","1","1","0.25","1","0","0","0","100","0","100","0.4","10","2.5","2","60","1.6","0.4","20.5","6.7","16","8.21","365","14","1","0","0","299","299","54","76315","1735","2705","5037","4133","75","7512","false","468213","12","17","46","4229","4612","2581"
"29","0.1","1","false","false","false","true","false","false","false","1","1","1","0.25","1","0","0","0","100","0","100","0.4","10","2.5","2","60","1.6","0.4","20.5","6.7","16","8.21","365","14","1","0","0","299","299","55","75886","1750","2800","5152","4331","81","7664","false","468086","14","17","50","4384","4795","2660"
"29","0.1","1","false","false","false","true","false","false","false","1","1","1","0.25","1","0","0","0","100","0","100","0.4","10","2.5","2","60","1.6","0.4","20.5","6.7","16","8.21","365","14","1","0","0","299","299","56","75473","1767","2890","5205","4578","87","7796","false","466518","14","18","55","4550","4954","2754"
"29","0.1","1","false","false","false","true","false","false","false","1","1","1","0.25","1","0","0","0","100","0","100","0.4","10","2.5","2","60","1.6","0.4","20.5","6.7","16","8.21","365","14","1","0","0","299","299","57","75074","1751","2983","5273","4827","92","7863","false","465323","14","19","59","4692","5128","2863"
"29","0.1","1","false","false","false","true","false","false","false","1","1","1","0.25","1","0","0","0","100","0","100","0.4","10","2.5","2","60","1.6","0.4","20.5","6.7","16","8.21","365","14","1","0","0","299","299","58","74647","1772","3051","5356","5077","97","7944","false","464642","15","20","62","4831","5285","2964"
"29","0.1","1","false","false","false","true","false","false","false","1","1","1","0.25","1","0","0","0","100","0","100","0.4","10","2.5","2","60","1.6","0.4","20.5","6.7","16","8.21","365","14","1","0","0","299","299","59","74189","1836","3107","5405","5363","100","8117","false","463859","16","20","64","4992","5444","3059"
"29","0.1","1","false","false","false","true","false","false","false","1","1","1","0.25","1","0","0","0","100","0","100","0.4","10","2.5","2","60","1.6","0.4","20.5","6.7","16","8.21","365","14","1","0","0","299","299","60","73742","1847","3186","5504","5619","102","8162","false","462385","17","21","64","5133","5638","3161"
"29","0.1","1","false","false","false","true","false","false","false","1","1","1","0.25","1","0","0","0","100","0","100","0.4","10","2.5","2","60","1.6","0.4","20.5","6.7","16","8.21","365","14","1","0","0","299","299","61","73279","1885","3210","5574","5945","107","8245","false","461765","18","22","67","5290","5804","3259"
"29","0.1","1","false","false","false","true","false","false","false","1","1","1","0.25","1","0","0","0","100","0","100","0.4","10","2.5","2","60","1.6","0.4","20.5","6.7","16","8.21","365","14","1","0","0","299","299","62","72812","1932","3262","5643","6240","111","8320","false","460991","19","23","69","5450","5966","3364"
"29","0.1","1","false","false","false","true","false","false","false","1","1","1","0.25","1","0","0","0","100","0","100","0.4","10","2.5","2","60","1.6","0.4","20.5","6.7","16","8.21","365","14","1","0","0","299","299","63","72341","1951","3318","5742","6532","116","8386","false","460187","20","25","71","5603","6128","3467"
"29","0.1","1","false","false","false","true","false","false","false","1","1","1","0.25","1","0","0","0","100","0","100","0.4","10","2.5","2","60","1.6","0.4","20.5","6.7","16","8.21","365","14","1","0","0","299","299","64","71853","2004","3350","5821","6853","119","8473","false","459658","21","25","73","5735","6304","3565"
"29","0.1","1","false","false","false","true","false","false","false","1","1","1","0.25","1","0","0","0","100","0","100","0.4","10","2.5","2","60","1.6","0.4","20.5","6.7","16","8.21","365","14","1","0","0","299","299","65","71337","2051","3401","5892","7196","123","8576","false","458650","21","26","76","5902","6487","3664"
"29","0.1","1","false","false","false","true","false","false","false","1","1","1","0.25","1","0","0","0","100","0","100","0.4","10","2.5","2","60","1.6","0.4","20.5","6.7","16","8.21","365","14","1","0","0","299","299","66","70847","2088","3456","5969","7506","134","8705","false","457609","22","29","83","6077","6636","3773"
"29","0.1","1","false","false","false","true","false","false","false","1","1","1","0.25","1","0","0","0","100","0","100","0.4","10","2.5","2","60","1.6","0.4","20.5","6.7","16","8.21","365","14","1","0","0","299","299","67","70373","2062","3524","6044","7861","136","8914","false","456349","22","30","84","6289","6826","3884"
"29","0.1","1","false","false","false","true","false","false","false","1","1","1","0.25","1","0","0","0","100","0","100","0.4","10","2.5","2","60","1.6","0.4","20.5","6.7","16","8.21","365","14","1","0","0","299","299","68","69895","2043","3560","6138","8219","145","8945","false","454534","26","32","87","6463","7008","3986"
"29","0.1","1","false","false","false","true","false","false","false","1","1","1","0.25","1","0","0","0","100","0","100","0.4","10","2.5","2","60","1.6","0.4","20.5","6.7","16","8.21","365","14","1","0","0","299","299","69","69401","2067","3611","6210","8561","150","9050","false","454000","26","33","91","6660","7192","4093"
"29","0.1","1","false","false","false","true","false","false","false","1","1","1","0.25","1","0","0","0","100","0","100","0.4","10","2.5","2","60","1.6","0.4","20.5","6.7","16","8.21","365","14","1","0","0","299","299","70","68879","2105","3693","6247","8919","157","9219","false","452892","26","36","95","6862","7385","4206"
"29","0.1","1","false","false","false","true","false","false","false","1","1","1","0.25","1","0","0","0","100","0","100","0.4","10","2.5","2","60","1.6","0.4","20.5","6.7","16","8.21","365","14","1","0","0","299","299","71","68384","2133","3730","6257","9330","166","9352","false","451464","26","37","103","7048","7586","4306"
"29","0.1","1","false","false","false","true","false","false","false","1","1","1","0.25","1","0","0","0","100","0","100","0.4","10","2.5","2","60","1.6","0.4","20.5","6.7","16","8.21","365","14","1","0","0","299","299","72","67880","2153","3738","6327","9729","173","9358","false","450176","26","40","107","7228","7784","4406"
"29","0.1","1","false","false","false","true","false","false","false","1","1","1","0.25","1","0","0","0","100","0","100","0.4","10","2.5","2","60","1.6","0.4","20.5","6.7","16","8.21","365","14","1","0","0","299","299","73","67374","2145","3767","6438","10100","176","9331","false","449921","27","41","108","7426","7961","4512"
"29","0.1","1","false","false","false","true","false","false","false","1","1","1","0.25","1","0","0","0","100","0","100","0.4","10","2.5","2","60","1.6","0.4","20.5","6.7","16","8.21","365","14","1","0","0","299","299","74","66877","2122","3798","6558","10464","181","9333","false","449910","27","43","111","7611","8161","4627"
"29","0.1","1","false","false","false","true","false","false","false","1","1","1","0.25","1","0","0","0","100","0","100","0.4","10","2.5","2","60","1.6","0.4","20.5","6.7","16","8.21","365","14","1","0","0","299","299","75","66310","2196","3859","6605","10844","186","9344","false","449632","29","43","114","7790","8350","4753"
"29","0.1","1","false","false","false","true","false","false","false","1","1","1","0.25","1","0","0","0","100","0","100","0.4","10","2.5","2","60","1.6","0.4","20.5","6.7","16","8.21","365","14","1","0","0","299","299","76","65782","2231","3900","6657","11232","198","9369","false","449380","29","45","124","7965","8555","4857"
"29","0.1","1","false","false","false","true","false","false","false","1","1","1","0.25","1","0","0","0","100","0","100","0.4","10","2.5","2","60","1.6","0.4","20.5","6.7","16","8.21","365","14","1","0","0","299","299","77","65239","2286","3934","6681","11658","202","9571","false","448853","30","45","127","8152","8729","4971"
"29","0.1","1","false","false","false","true","false","false","false","1","1","1","0.25","1","0","0","0","100","0","100","0.4","10","2.5","2","60","1.6","0.4","20.5","6.7","16","8.21","365","14","1","0","0","299","299","78","64652","2338","3997","6735","12067","211","9706","false","447315","32","48","131","8350","8931","5095"
"29","0.1","1","false","false","false","true","false","false","false","1","1","1","0.25","1","0","0","0","100","0","100","0.4","10","2.5","2","60","1.6","0.4","20.5","6.7","16","8.21","365","14","1","0","0","299","299","79","64120","2318","4026","6813","12506","217","9787","false","446241","34","50","133","8558","9125","5210"
"29","0.1","1","false","false","false","true","false","false","false","1","1","1","0.25","1","0","0","0","100","0","100","0.4","10","2.5","2","60","1.6","0.4","20.5","6.7","16","8.21","365","14","1","0","0","299","299","80","63583","2334","4104","6847","12907","225","9926","false","445520","35","54","136","8760","9352","5327"
"29","0.1","1","false","false","false","true","false","false","false","1","1","1","0.25","1","0","0","0","100","0","100","0.4","10","2.5","2","60","1.6","0.4","20.5","6.7","16","8.21","365","14","1","0","0","299","299","81","63037","2333","4165","6917","13313","235","9953","false","444232","35","59","141","8978","9575","5445"
"29","0.1","1","false","false","false","true","false","false","false","1","1","1","0.25","1","0","0","0","100","0","100","0.4","10","2.5","2","60","1.6","0.4","20.5","6.7","16","8.21","365","14","1","0","0","299","299","82","62504","2378","4197","6946","13739","236","10001","false","443940","36","59","141","9156","9757","5569"
"29","0.1","1","false","false","false","true","false","false","false","1","1","1","0.25","1","0","0","0","100","0","100","0.4","10","2.5","2","60","1.6","0.4","20.5","6.7","16","8.21","365","14","1","0","0","299","299","83","61958","2332","4236","7060","14171","243","10014","false","443445","36","61","146","9352","9997","5699"
"29","0.1","1","false","false","false","true","false","false","false","1","1","1","0.25","1","0","0","0","100","0","100","0.4","10","2.5","2","60","1.6","0.4","20.5","6.7","16","8.21","365","14","1","0","0","299","299","84","61349","2410","4306","7111","14573","251","10108","false","443079","37","62","152","9546","10200","5826"
"29","0.1","1","false","false","false","true","false","false","false","1","1","1","0.25","1","0","0","0","100","0","100","0.4","10","2.5","2","60","1.6","0.4","20.5","6.7","16","8.21","365","14","1","0","0","299","299","85","60755","2463","4367","7166","14991","258","10198","false","442162","37","63","158","9755","10405","5952"
"29","0.1","1","false","false","false","true","false","false","false","1","1","1","0.25","1","0","0","0","100","0","100","0.4","10","2.5","2","60","1.6","0.4","20.5","6.7","16","8.21","365","14","1","0","0","299","299","86","60245","2416","4375","7241","15458","265","10229","false","441357","37","64","164","9943","10632","6086"
"29","0.1","1","false","false","false","true","false","false","false","1","1","1","0.25","1","0","0","0","100","0","100","0.4","10","2.5","2","60","1.6","0.4","20.5","6.7","16","8.21","365","14","1","0","0","299","299","87","59667","2408","4426","7346","15882","271","10369","false","440983","37","65","169","10152","10861","6219"
"29","0.1","1","false","false","false","true","false","false","false","1","1","1","0.25","1","0","0","0","100","0","100","0.4","10","2.5","2","60","1.6","0.4","20.5","6.7","16","8.21","365","14","1","0","0","299","299","88","59102","2405","4444","7437","16334","278","10408","false","439758","39","68","171","10360","11082","6347"
"29","0.1","1","false","false","false","true","false","false","false","1","1","1","0.25","1","0","0","0","100","0","100","0.4","10","2.5","2","60","1.6","0.4","20.5","6.7","16","8.21","365","14","1","0","0","299","299","89","58551","2386","4504","7482","16791","286","10511","false","439260","40","71","175","10594","11295","6481"
"29","0.1","1","false","false","false","true","false","false","false","1","1","1","0.25","1","0","0","0","100","0","100","0.4","10","2.5","2","60","1.6","0.4","20.5","6.7","16","8.21","365","14","1","0","0","299","299","90","58027","2343","4529","7564","17243","294","10553","false","438158","40","73","181","10808","11530","6607"
"29","0.1","1","false","false","false","true","false","false","false","1","1","1","0.25","1","0","0","0","100","0","100","0.4","10","2.5","2","60","1.6","0.4","20.5","6.7","16","8.21","365","14","1","0","0","299","299","91","57454","2349","4580","7614","17705","298","10544","false","437589","40","74","184","11033","11759","6755"
"29","0.1","1","false","false","false","true","false","false","false","1","1","1","0.25","1","0","0","0","100","0","100","0.4","10","2.5","2","60","1.6","0.4","20.5","6.7","16","8.21","365","14","1","0","0","299","299","92","56858","2408","4631","7655","18144","304","10595","false","437683","40","75","189","11216","11993","6894"
"29","0.1","1","false","false","false","true","false","false","false","1","1","1","0.25","1","0","0","0","100","0","100","0.4","10","2.5","2","60","1.6","0.4","20.5","6.7","16","8.21","365","14","1","0","0","299","299","93","56258","2460","4679","7676","18620","307","10561","false","437129","41","76","190","11429","12213","7010"
"29","0.1","1","false","false","false","true","false","false","false","1","1","1","0.25","1","0","0","0","100","0","100","0.4","10","2.5","2","60","1.6","0.4","20.5","6.7","16","8.21","365","14","1","0","0","299","299","94","55683","2454","4670","7770","19110","313","10529","false","437153","41","77","195","11624","12438","7135"
"29","0.1","1","false","false","false","true","false","false","false","1","1","1","0.25","1","0","0","0","100","0","100","0.4","10","2.5","2","60","1.6","0.4","20.5","6.7","16","8.21","365","14","1","0","0","299","299","95","55112","2448","4685","7842","19596","317","10549","false","437135","41","78","198","11836","12666","7268"
"29","0.1","1","false","false","false","true","false","false","false","1","1","1","0.25","1","0","0","0","100","0","100","0.4","10","2.5","2","60","1.6","0.4","20.5","6.7","16","8.21","365","14","1","0","0","299","299","96","54511","2478","4702","7890","20096","323","10538","false","436741","42","79","202","12041","12892","7389"
"29","0.1","1","false","false","false","true","false","false","false","1","1","1","0.25","1","0","0","0","100","0","100","0.4","10","2.5","2","60","1.6","0.4","20.5","6.7","16","8.21","365","14","1","0","0","299","299","97","53883","2536","4717","7946","20589","329","10628","false","436679","43","80","206","12230","13123","7525"
"29","0.1","1","false","false","false","true","false","false","false","1","1","1","0.25","1","0","0","0","100","0","100","0.4","10","2.5","2","60","1.6","0.4","20.5","6.7","16","8.21","365","14","1","0","0","299","299","98","53231","2624","4781","7972","21053","339","10711","false","435889","43","82","214","12457","13353","7646"
"29","0.1","1","false","false","false","true","false","false","false","1","1","1","0.25","1","0","0","0","100","0","100","0.4","10","2.5","2","60","1.6","0.4","20.5","6.7","16","8.21","365","14","1","0","0","299","299","99","52627","2624","4795","8042","21563","349","10658","false","435029","44","83","222","12689","13599","7770"
"29","0.1","1","false","false","false","true","false","false","false","1","1","1","0.25","1","0","0","0","100","0","100","0.4","10","2.5","2","60","1.6","0.4","20.5","6.7","16","8.21","365","14","1","0","0","299","299","100","52055","2581","4835","8108","22058","363","10701","false","435463","45","83","235","12926","13844","7919"
"29","0.1","1","false","false","false","true","false","false","false","1","1","1","0.25","1","0","0","0","100","0","100","0.4","10","2.5","2","60","1.6","0.4","20.5","6.7","16","8.21","365","14","1","0","0","299","299","101","51456","2584","4830","8184","22575","371","10662","false","435055","46","84","241","13133","14065","8044"
"29","0.1","1","false","false","false","true","false","false","false","1","1","1","0.25","1","0","0","0","100","0","100","0.4","10","2.5","2","60","1.6","0.4","20.5","6.7","16","8.21","365","14","1","0","0","299","299","102","50825","2613","4839","8230","23108","385","10717","false","435236","47","89","249","13358","14313","8170"
"29","0.1","1","false","false","false","true","false","false","false","1","1","1","0.25","1","0","0","0","100","0","100","0.4","10","2.5","2","60","1.6","0.4","20.5","6.7","16","8.21","365","14","1","0","0","299","299","103","50228","2611","4849","8278","23642","392","10743","false","434654","47","91","254","13575","14567","8301"
"29","0.1","1","false","false","false","true","false","false","false","1","1","1","0.25","1","0","0","0","100","0","100","0.4","10","2.5","2","60","1.6","0.4","20.5","6.7","16","8.21","365","14","1","0","0","299","299","104","49584","2617","4894","8348","24155","402","10760","false","434363","50","93","259","13802","14803","8455"
"29","0.1","1","false","false","false","true","false","false","false","1","1","1","0.25","1","0","0","0","100","0","100","0.4","10","2.5","2","60","1.6","0.4","20.5","6.7","16","8.21","365","14","1","0","0","299","299","105","48963","2644","4916","8397","24672","408","10770","false","434042","50","94","264","14017","15044","8588"
"29","0.1","1","false","false","false","true","false","false","false","1","1","1","0.25","1","0","0","0","100","0","100","0.4","10","2.5","2","60","1.6","0.4","20.5","6.7","16","8.21","365","14","1","0","0","299","299","106","48371","2608","4938","8465","25199","419","10783","false","433892","51","99","269","14258","15257","8738"
"29","0.1","1","false","false","false","true","false","false","false","1","1","1","0.25","1","0","0","0","100","0","100","0.4","10","2.5","2","60","1.6","0.4","20.5","6.7","16","8.21","365","14","1","0","0","299","299","107","47784","2574","4983","8490","25739","430","10838","false","433812","52","100","278","14481","15508","8916"
"29","0.1","1","false","false","false","true","false","false","false","1","1","1","0.25","1","0","0","0","100","0","100","0.4","10","2.5","2","60","1.6","0.4","20.5","6.7","16","8.21","365","14","1","0","0","299","299","108","47170","2637","5010","8476","26269","438","10821","false","433192","52","102","284","14689","15738","9063"
"29","0.1","1","false","false","false","true","false","false","false","1","1","1","0.25","1","0","0","0","100","0","100","0.4","10","2.5","2","60","1.6","0.4","20.5","6.7","16","8.21","365","14","1","0","0","299","299","109","46577","2596","5037","8491","26846","453","10862","false","433035","55","103","295","14905","16001","9222"
"29","0.1","1","false","false","false","true","false","false","false","1","1","1","0.25","1","0","0","0","100","0","100","0.4","10","2.5","2","60","1.6","0.4","20.5","6.7","16","8.21","365","14","1","0","0","299","299","110","46000","2608","5042","8491","27398","461","10907","false","432861","55","106","300","15112","16210","9360"
"29","0.1","1","false","false","false","true","false","false","false","1","1","1","0.25","1","0","0","0","100","0","100","0.4","10","2.5","2","60","1.6","0.4","20.5","6.7","16","8.21","365","14","1","0","0","299","299","111","45391","2571","5030","8586","27946","476","10963","false","432409","57","110","309","15327","16455","9505"
"29","0.1","1","false","false","false","true","false","false","false","1","1","1","0.25","1","0","0","0","100","0","100","0.4","10","2.5","2","60","1.6","0.4","20.5","6.7","16","8.21","365","14","1","0","0","299","299","112","44805","2542","5075","8616","28480","482","11028","false","431947","57","110","315","15536","16726","9643"
"29","0.1","1","false","false","false","true","false","false","false","1","1","1","0.25","1","0","0","0","100","0","100","0.4","10","2.5","2","60","1.6","0.4","20.5","6.7","16","8.21","365","14","1","0","0","299","299","113","44201","2528","5106","8618","29058","489","11137","false","431318","58","111","320","15758","16975","9791"
"29","0.1","1","false","false","false","true","false","false","false","1","1","1","0.25","1","0","0","0","100","0","100","0.4","10","2.5","2","60","1.6","0.4","20.5","6.7","16","8.21","365","14","1","0","0","299","299","114","43616","2542","5133","8612","29598","499","11150","false","430385","59","115","325","15996","17183","9935"
"29","0.1","1","false","false","false","true","false","false","false","1","1","1","0.25","1","0","0","0","100","0","100","0.4","10","2.5","2","60","1.6","0.4","20.5","6.7","16","8.21","365","14","1","0","0","299","299","115","43029","2537","5137","8620","30163","514","11157","false","430063","61","117","336","16204","17448","10071"
"29","0.1","1","false","false","false","true","false","false","false","1","1","1","0.25","1","0","0","0","100","0","100","0.4","10","2.5","2","60","1.6","0.4","20.5","6.7","16","8.21","365","14","1","0","0","299","299","116","42494","2477","5175","8619","30716","519","11126","false","429835","61","118","340","16443","17691","10203"
"29","0.1","1","false","false","false","true","false","false","false","1","1","1","0.25","1","0","0","0","100","0","100","0.4","10","2.5","2","60","1.6","0.4","20.5","6.7","16","8.21","365","14","1","0","0","299","299","117","41951","2428","5176","8642","31278","525","11023","false","430022","61","121","343","16656","17942","10318"
"29","0.1","1","false","false","false","true","false","false","false","1","1","1","0.25","1","0","0","0","100","0","100","0.4","10","2.5","2","60","1.6","0.4","20.5","6.7","16","8.21","365","14","1","0","0","299","299","118","41392","2419","5177","8625","31852","535","10941","false","430951","63","123","349","16887","18185","10442"
"29","0.1","1","false","false","false","true","false","false","false","1","1","1","0.25","1","0","0","0","100","0","100","0.4","10","2.5","2","60","1.6","0.4","20.5","6.7","16","8.21","365","14","1","0","0","299","299","119","40810","2408","5164","8645","32428","545","10869","false","431471","66","127","352","17098","18416","10577"
"29","0.1","1","false","false","false","true","false","false","false","1","1","1","0.25","1","0","0","0","100","0","100","0.4","10","2.5","2","60","1.6","0.4","20.5","6.7","16","8.21","365","14","1","0","0","299","299","120","40271","2374","5155","8630","33013","557","10686","false","431731","66","130","361","17314","18634","10714"
"29","0.1","1","false","false","false","true","false","false","false","1","1","1","0.25","1","0","0","0","100","0","100","0.4","10","2.5","2","60","1.6","0.4","20.5","6.7","16","8.21","365","14","1","0","0","299","299","121","39705","2403","5181","8560","33589","562","10605","false","432889","67","131","364","17529","18844","10870"
"29","0.1","1","false","false","false","true","false","false","false","1","1","1","0.25","1","0","0","0","100","0","100","0.4","10","2.5","2","60","1.6","0.4","20.5","6.7","16","8.21","365","14","1","0","0","299","299","122","39110","2399","5187","8536","34192","576","10530","false","433396","70","136","370","17755","19066","11027"
"29","0.1","1","false","false","false","true","false","false","false","1","1","1","0.25","1","0","0","0","100","0","100","0.4","10","2.5","2","60","1.6","0.4","20.5","6.7","16","8.21","365","14","1","0","0","299","299","123","38520","2439","5169","8514","34769","589","10514","false","433674","72","139","378","17961","19271","11143"
"29","0.1","1","false","false","false","true","false","false","false","1","1","1","0.25","1","0","0","0","100","0","100","0.4","10","2.5","2","60","1.6","0.4","20.5","6.7","16","8.21","365","14","1","0","0","299","299","124","37919","2503","5140","8504","35341","593","10414","false","433420","72","139","382","18160","19475","11253"
"29","0.1","1","false","false","false","true","false","false","false","1","1","1","0.25","1","0","0","0","100","0","100","0.4","10","2.5","2","60","1.6","0.4","20.5","6.7","16","8.21","365","14","1","0","0","299","299","125","37327","2535","5151","8475","35908","604","10290","false","434271","72","144","388","18378","19684","11386"
"29","0.1","1","false","false","false","true","false","false","false","1","1","1","0.25","1","0","0","0","100","0","100","0.4","10","2.5","2","60","1.6","0.4","20.5","6.7","16","8.21","365","14","1","0","0","299","299","126","36741","2531","5147","8458","36511","612","10253","false","434955","72","146","394","18579","19894","11548"
"29","0.1","1","false","false","false","true","false","false","false","1","1","1","0.25","1","0","0","0","100","0","100","0.4","10","2.5","2","60","1.6","0.4","20.5","6.7","16","8.21","365","14","1","0","0","299","299","127","36138","2515","5122","8511","37096","618","10206","false","435392","74","148","396","18802","20139","11686"
"29","0.1","1","false","false","false","true","false","false","false","1","1","1","0.25","1","0","0","0","100","0","100","0.4","10","2.5","2","60","1.6","0.4","20.5","6.7","16","8.21","365","14","1","0","0","299","299","128","35542","2514","5143","8501","37674","626","10204","false","435740","75","150","401","19015","20390","11814"
"29","0.1","1","false","false","false","true","false","false","false","1","1","1","0.25","1","0","0","0","100","0","100","0.4","10","2.5","2","60","1.6","0.4","20.5","6.7","16","8.21","365","14","1","0","0","299","299","129","34923","2555","5136","8493","38258","635","10207","false","435673","76","151","408","19205","20631","11951"
"29","0.1","1","false","false","false","true","false","false","false","1","1","1","0.25","1","0","0","0","100","0","100","0.4","10","2.5","2","60","1.6","0.4","20.5","6.7","16","8.21","365","14","1","0","0","299","299","130","34304","2591","5168","8433","38859","645","10257","false","435611","77","156","412","19410","20861","12110"
"29","0.1","1","false","false","false","true","false","false","false","1","1","1","0.25","1","0","0","0","100","0","100","0.4","10","2.5","2","60","1.6","0.4","20.5","6.7","16","8.21","365","14","1","0","0","299","299","131","33729","2538","5160","8482","39433","658","10270","false","435270","79","157","422","19615","21142","12241"
"29","0.1","1","false","false","false","true","false","false","false","1","1","1","0.25","1","0","0","0","100","0","100","0.4","10","2.5","2","60","1.6","0.4","20.5","6.7","16","8.21","365","14","1","0","0","299","299","132","33179","2469","5180","8503","40003","666","10359","false","435023","80","157","429","19846","21376","12403"
"29","0.1","1","false","false","false","true","false","false","false","1","1","1","0.25","1","0","0","0","100","0","100","0.4","10","2.5","2","60","1.6","0.4","20.5","6.7","16","8.21","365","14","1","0","0","299","299","133","32629","2443","5182","8516","40557","673","10314","false","434445","80","158","435","20040","21596","12539"
"29","0.1","1","false","false","false","true","false","false","false","1","1","1","0.25","1","0","0","0","100","0","100","0.4","10","2.5","2","60","1.6","0.4","20.5","6.7","16","8.21","365","14","1","0","0","299","299","134","32077","2401","5198","8501","41145","678","10335","false","434887","81","159","438","20261","21835","12671"
"29","0.1","1","false","false","false","true","false","false","false","1","1","1","0.25","1","0","0","0","100","0","100","0.4","10","2.5","2","60","1.6","0.4","20.5","6.7","16","8.21","365","14","1","0","0","299","299","135","31516","2390","5236","8434","41734","690","10432","false","434842","83","160","447","20467","22091","12823"
"29","0.1","1","false","false","false","true","false","false","false","1","1","1","0.25","1","0","0","0","100","0","100","0.4","10","2.5","2","60","1.6","0.4","20.5","6.7","16","8.21","365","14","1","0","0","299","299","136","31015","2363","5205","8377","42340","700","10352","false","434226","83","163","454","20697","22290","12953"
"29","0.1","1","false","false","false","true","false","false","false","1","1","1","0.25","1","0","0","0","100","0","100","0.4","10","2.5","2","60","1.6","0.4","20.5","6.7","16","8.21","365","14","1","0","0","299","299","137","30503","2326","5173","8353","42931","714","10229","false","434747","85","168","461","20896","22524","13084"
"29","0.1","1","false","false","false","true","false","false","false","1","1","1","0.25","1","0","0","0","100","0","100","0.4","10","2.5","2","60","1.6","0.4","20.5","6.7","16","8.21","365","14","1","0","0","299","299","138","29988","2297","5193","8287","43519","716","10208","false","435683","86","169","461","21100","22757","13223"
"29","0.1","1","false","false","false","true","false","false","false","1","1","1","0.25","1","0","0","0","100","0","100","0.4","10","2.5","2","60","1.6","0.4","20.5","6.7","16","8.21","365","14","1","0","0","299","299","139","29454","2312","5166","8218","44129","721","10131","false","435896","86","171","464","21294","22967","13329"
"29","0.1","1","false","false","false","true","false","false","false","1","1","1","0.25","1","0","0","0","100","0","100","0.4","10","2.5","2","60","1.6","0.4","20.5","6.7","16","8.21","365","14","1","0","0","299","299","140","28977","2223","5138","8248","44687","727","9920","false","436414","87","174","466","21513","23168","13467"
"29","0.1","1","false","false","false","true","false","false","false","1","1","1","0.25","1","0","0","0","100","0","100","0.4","10","2.5","2","60","1.6","0.4","20.5","6.7","16","8.21","365","14","1","0","0","299","299","141","28450","2196","5161","8215","45241","737","9842","false","438026","90","176","471","21727","23396","13605"
"29","0.1","1","false","false","false","true","false","false","false","1","1","1","0.25","1","0","0","0","100","0","100","0.4","10","2.5","2","60","1.6","0.4","20.5","6.7","16","8.21","365","14","1","0","0","299","299","142","27940","2215","5089","8181","45828","747","9795","false","438461","91","179","477","21900","23587","13718"
"29","0.1","1","false","false","false","true","false","false","false","1","1","1","0.25","1","0","0","0","100","0","100","0.4","10","2.5","2","60","1.6","0.4","20.5","6.7","16","8.21","365","14","1","0","0","299","299","143","27437","2201","5087","8116","46401","758","9606","false","438757","92","184","482","22091","23787","13837"
"29","0.1","1","false","false","false","true","false","false","false","1","1","1","0.25","1","0","0","0","100","0","100","0.4","10","2.5","2","60","1.6","0.4","20.5","6.7","16","8.21","365","14","1","0","0","299","299","144","26918","2185","5063","8101","46965","768","9495","false","440112","94","187","487","22286","24014","13951"
"29","0.1","1","false","false","false","true","false","false","false","1","1","1","0.25","1","0","0","0","100","0","100","0.4","10","2.5","2","60","1.6","0.4","20.5","6.7","16","8.21","365","14","1","0","0","299","299","145","26437","2143","5047","8043","47554","776","9434","false","441024","95","190","491","22504","24233","14054"
"29","0.1","1","false","false","false","true","false","false","false","1","1","1","0.25","1","0","0","0","100","0","100","0.4","10","2.5","2","60","1.6","0.4","20.5","6.7","16","8.21","365","14","1","0","0","299","299","146","25977","2088","4988","7991","48172","784","9247","false","441538","97","194","493","22693","24440","14157"
"29","0.1","1","false","false","false","true","false","false","false","1","1","1","0.25","1","0","0","0","100","0","100","0.4","10","2.5","2","60","1.6","0.4","20.5","6.7","16","8.21","365","14","1","0","0","299","299","147","25442","2124","4973","7886","48784","791","9262","false","443043","98","194","499","22899","24627","14297"
"29","0.1","1","false","false","false","true","false","false","false","1","1","1","0.25","1","0","0","0","100","0","100","0.4","10","2.5","2","60","1.6","0.4","20.5","6.7","16","8.21","365","14","1","0","0","299","299","148","24976","2128","4951","7818","49329","798","9075","false","442804","100","195","503","23103","24811","14411"
"29","0.1","1","false","false","false","true","false","false","false","1","1","1","0.25","1","0","0","0","100","0","100","0.4","10","2.5","2","60","1.6","0.4","20.5","6.7","16","8.21","365","14","1","0","0","299","299","149","24495","2103","4907","7777","49906","812","8915","false","444458","101","199","512","23286","25002","14518"
"29","0.1","1","false","false","false","true","false","false","false","1","1","1","0.25","1","0","0","0","100","0","100","0.4","10","2.5","2","60","1.6","0.4","20.5","6.7","16","8.21","365","14","1","0","0","299","299","150","24019","2078","4882","7741","50461","819","8812","false","445666","102","200","517","23484","25212","14620"
"29","0.1","1","false","false","false","true","false","false","false","1","1","1","0.25","1","0","0","0","100","0","100","0.4","10","2.5","2","60","1.6","0.4","20.5","6.7","16","8.21","365","14","1","0","0","299","299","151","23559","2044","4888","7692","50996","821","8720","false","446572","102","200","519","23671","25423","14724"
"29","0.1","1","false","false","false","true","false","false","false","1","1","1","0.25","1","0","0","0","100","0","100","0.4","10","2.5","2","60","1.6","0.4","20.5","6.7","16","8.21","365","14","1","0","0","299","299","152","23098","1987","4855","7681","51546","833","8629","false","447313","102","202","529","23845","25630","14820"
"29","0.1","1","false","false","false","true","false","false","false","1","1","1","0.25","1","0","0","0","100","0","100","0.4","10","2.5","2","60","1.6","0.4","20.5","6.7","16","8.21","365","14","1","0","0","299","299","153","22638","1978","4811","7628","52107","838","8577","false","447990","102","204","532","24015","25800","14938"
"29","0.1","1","false","false","false","true","false","false","false","1","1","1","0.25","1","0","0","0","100","0","100","0.4","10","2.5","2","60","1.6","0.4","20.5","6.7","16","8.21","365","14","1","0","0","299","299","154","22219","1933","4793","7568","52634","853","8499","false","448400","105","208","540","24203","25993","15042"
"29","0.1","1","false","false","false","true","false","false","false","1","1","1","0.25","1","0","0","0","100","0","100","0.4","10","2.5","2","60","1.6","0.4","20.5","6.7","16","8.21","365","14","1","0","0","299","299","155","21763","1926","4772","7444","53236","859","8388","false","448949","105","211","543","24399","26199","15146"
"29","0.1","1","false","false","false","true","false","false","false","1","1","1","0.25","1","0","0","0","100","0","100","0.4","10","2.5","2","60","1.6","0.4","20.5","6.7","16","8.21","365","14","1","0","0","299","299","156","21358","1861","4723","7387","53807","864","8198","false","450021","105","213","546","24568","26391","15259"
"29","0.1","1","false","false","false","true","false","false","false","1","1","1","0.25","1","0","0","0","100","0","100","0.4","10","2.5","2","60","1.6","0.4","20.5","6.7","16","8.21","365","14","1","0","0","299","299","157","20929","1849","4652","7317","54378","875","8050","false","451608","106","216","553","24722","26567","15372"
"29","0.1","1","false","false","false","true","false","false","false","1","1","1","0.25","1","0","0","0","100","0","100","0.4","10","2.5","2","60","1.6","0.4","20.5","6.7","16","8.21","365","14","1","0","0","299","299","158","20511","1799","4614","7230","54954","892","7955","false","452799","109","223","560","24914","26751","15467"
"29","0.1","1","false","false","false","true","false","false","false","1","1","1","0.25","1","0","0","0","100","0","100","0.4","10","2.5","2","60","1.6","0.4","20.5","6.7","16","8.21","365","14","1","0","0","299","299","159","20085","1786","4585","7131","55511","902","7788","false","453501","111","225","566","25071","26947","15575"
"29","0.1","1","false","false","false","true","false","false","false","1","1","1","0.25","1","0","0","0","100","0","100","0.4","10","2.5","2","60","1.6","0.4","20.5","6.7","16","8.21","365","14","1","0","0","299","299","160","19660","1798","4529","7051","56048","914","7713","false","454734","112","229","573","25227","27098","15685"
"29","0.1","1","false","false","false","true","false","false","false","1","1","1","0.25","1","0","0","0","100","0","100","0.4","10","2.5","2","60","1.6","0.4","20.5","6.7","16","8.21","365","14","1","0","0","299","299","161","19234","1784","4483","6965","56612","922","7627","false","455303","112","232","578","25418","27277","15786"
"29","0.1","1","false","false","false","true","false","false","false","1","1","1","0.25","1","0","0","0","100","0","100","0.4","10","2.5","2","60","1.6","0.4","20.5","6.7","16","8.21","365","14","1","0","0","299","299","162","18855","1756","4418","6906","57136","929","7506","false","456181","114","234","581","25573","27457","15878"
"29","0.1","1","false","false","false","true","false","false","false","1","1","1","0.25","1","0","0","0","100","0","100","0.4","10","2.5","2","60","1.6","0.4","20.5","6.7","16","8.21","365","14","1","0","0","299","299","163","18484","1674","4360","6883","57663","936","7424","false","457280","116","235","585","25729","27636","15974"
"29","0.1","1","false","false","false","true","false","false","false","1","1","1","0.25","1","0","0","0","100","0","100","0.4","10","2.5","2","60","1.6","0.4","20.5","6.7","16","8.21","365","14","1","0","0","299","299","164","18096","1673","4331","6801","58157","942","7317","false","458075","116","237","589","25868","27796","16057"
"29","0.1","1","false","false","false","true","false","false","false","1","1","1","0.25","1","0","0","0","100","0","100","0.4","10","2.5","2","60","1.6","0.4","20.5","6.7","16","8.21","365","14","1","0","0","299","299","165","17700","1684","4269","6698","58697","952","7201","false","458944","118","239","595","26036","27941","16138"
"29","0.1","1","false","false","false","true","false","false","false","1","1","1","0.25","1","0","0","0","100","0","100","0.4","10","2.5","2","60","1.6","0.4","20.5","6.7","16","8.21","365","14","1","0","0","299","299","166","17358","1606","4217","6635","59223","961","7075","false","459892","121","241","599","26179","28099","16235"
"29","0.1","1","false","false","false","true","false","false","false","1","1","1","0.25","1","0","0","0","100","0","100","0.4","10","2.5","2","60","1.6","0.4","20.5","6.7","16","8.21","365","14","1","0","0","299","299","167","16993","1598","4155","6517","59770","967","6933","false","461007","121","244","602","26338","28227","16321"
"29","0.1","1","false","false","false","true","false","false","false","1","1","1","0.25","1","0","0","0","100","0","100","0.4","10","2.5","2","60","1.6","0.4","20.5","6.7","16","8.21","365","14","1","0","0","299","299","168","16622","1578","4137","6419","60269","975","6861","false","462266","123","246","606","26507","28389","16422"
"29","0.1","1","false","false","false","true","false","false","false","1","1","1","0.25","1","0","0","0","100","0","100","0.4","10","2.5","2","60","1.6","0.4","20.5","6.7","16","8.21","365","14","1","0","0","299","299","169","16312","1541","4095","6320","60747","985","6724","false","462899","125","247","613","26646","28530","16505"
"29","0.1","1","false","false","false","true","false","false","false","1","1","1","0.25","1","0","0","0","100","0","100","0.4","10","2.5","2","60","1.6","0.4","20.5","6.7","16","8.21","365","14","1","0","0","299","299","170","15953","1541","4032","6218","61265","991","6646","false","464036","126","247","618","26784","28674","16586"
"29","0.1","1","false","false","false","true","false","false","false","1","1","1","0.25","1","0","0","0","100","0","100","0.4","10","2.5","2","60","1.6","0.4","20.5","6.7","16","8.21","365","14","1","0","0","299","299","171","15611","1513","3977","6153","61744","1002","6537","false","464638","127","248","627","26941","28821","16668"
"29","0.1","1","false","false","false","true","false","false","false","1","1","1","0.25","1","0","0","0","100","0","100","0.4","10","2.5","2","60","1.6","0.4","20.5","6.7","16","8.21","365","14","1","0","0","299","299","172","15250","1529","3928","6063","62215","1015","6446","false","465522","129","252","634","27061","28969","16745"
"29","0.1","1","false","false","false","true","false","false","false","1","1","1","0.25","1","0","0","0","100","0","100","0.4","10","2.5","2","60","1.6","0.4","20.5","6.7","16","8.21","365","14","1","0","0","299","299","173","14925","1479","3879","6002","62689","1026","6279","false","466191","132","253","641","27209","29109","16836"
"29","0.1","1","false","false","false","true","false","false","false","1","1","1","0.25","1","0","0","0","100","0","100","0.4","10","2.5","2","60","1.6","0.4","20.5","6.7","16","8.21","365","14","1","0","0","299","299","174","14593","1469","3835","5893","63175","1035","6137","false","467674","133","254","648","27338","29242","16919"
"29","0.1","1","false","false","false","true","false","false","false","1","1","1","0.25","1","0","0","0","100","0","100","0.4","10","2.5","2","60","1.6","0.4","20.5","6.7","16","8.21","365","14","1","0","0","299","299","175","14275","1434","3751","5800","63692","1048","6126","false","468951","134","255","659","27465","29388","17003"
"29","0.1","1","false","false","false","true","false","false","false","1","1","1","0.25","1","0","0","0","100","0","100","0.4","10","2.5","2","60","1.6","0.4","20.5","6.7","16","8.21","365","14","1","0","0","299","299","176","13943","1421","3684","5732","64167","1053","6022","false","469047","135","255","663","27598","29524","17088"
"29","0.1","1","false","false","false","true","false","false","false","1","1","1","0.25","1","0","0","0","100","0","100","0.4","10","2.5","2","60","1.6","0.4","20.5","6.7","16","8.21","365","14","1","0","0","299","299","177","13682","1347","3603","5654","64657","1057","5815","false","469826","136","256","665","27744","29648","17165"
"29","0.1","1","false","false","false","true","false","false","false","1","1","1","0.25","1","0","0","0","100","0","100","0.4","10","2.5","2","60","1.6","0.4","20.5","6.7","16","8.21","365","14","1","0","0","299","299","178","13381","1320","3575","5568","65094","1062","5733","false","471556","137","258","667","27871","29804","17231"
"29","0.1","1","false","false","false","true","false","false","false","1","1","1","0.25","1","0","0","0","100","0","100","0.4","10","2.5","2","60","1.6","0.4","20.5","6.7","16","8.21","365","14","1","0","0","299","299","179","13092","1278","3529","5494","65541","1066","5630","false","472215","139","258","669","27991","29945","17315"
"29","0.1","1","false","false","false","true","false","false","false","1","1","1","0.25","1","0","0","0","100","0","100","0.4","10","2.5","2","60","1.6","0.4","20.5","6.7","16","8.21","365","14","1","0","0","299","299","180","12797","1258","3475","5420","65975","1075","5491","false","473196","140","260","675","28104","30057","17391"
"29","0.1","1","false","false","false","true","false","false","false","1","1","1","0.25","1","0","0","0","100","0","100","0.4","10","2.5","2","60","1.6","0.4","20.5","6.7","16","8.21","365","14","1","0","0","299","299","181","12508","1260","3438","5297","66414","1083","5489","false","474374","140","261","682","28214","30177","17462"
"29","0.1","1","false","false","false","true","false","false","false","1","1","1","0.25","1","0","0","0","100","0","100","0.4","10","2.5","2","60","1.6","0.4","20.5","6.7","16","8.21","365","14","1","0","0","299","299","182","12224","1216","3428","5213","66827","1092","5397","false","474388","141","263","688","28346","30308","17535"
"29","0.1","1","false","false","false","true","false","false","false","1","1","1","0.25","1","0","0","0","100","0","100","0.4","10","2.5","2","60","1.6","0.4","20.5","6.7","16","8.21","365","14","1","0","0","299","299","183","11959","1197","3392","5126","67229","1097","5279","false","475241","142","263","692","28460","30431","17604"
"29","0.1","1","false","false","false","true","false","false","false","1","1","1","0.25","1","0","0","0","100","0","100","0.4","10","2.5","2","60","1.6","0.4","20.5","6.7","16","8.21","365","14","1","0","0","299","299","184","11718","1154","3328","5067","67635","1098","5119","false","476236","142","263","693","28565","30538","17660"
"29","0.1","1","false","false","false","true","false","false","false","1","1","1","0.25","1","0","0","0","100","0","100","0.4","10","2.5","2","60","1.6","0.4","20.5","6.7","16","8.21","365","14","1","0","0","299","299","185","11441","1139","3273","4973","68070","1104","4976","false","477541","142","265","697","28684","30672","17723"
"29","0.1","1","false","false","false","true","false","false","false","1","1","1","0.25","1","0","0","0","100","0","100","0.4","10","2.5","2","60","1.6","0.4","20.5","6.7","16","8.21","365","14","1","0","0","299","299","186","11173","1144","3226","4864","68482","1111","4822","false","478757","142","265","704","28794","30772","17796"
"29","0.1","1","false","false","false","true","false","false","false","1","1","1","0.25","1","0","0","0","100","0","100","0.4","10","2.5","2","60","1.6","0.4","20.5","6.7","16","8.21","365","14","1","0","0","299","299","187","10929","1108","3171","4831","68844","1117","4667","false","480029","143","267","707","28896","30871","17853"
"29","0.1","1","false","false","false","true","false","false","false","1","1","1","0.25","1","0","0","0","100","0","100","0.4","10","2.5","2","60","1.6","0.4","20.5","6.7","16","8.21","365","14","1","0","0","299","299","188","10668","1091","3125","4734","69260","1122","4611","false","481261","145","267","710","29000","30984","17943"
"29","0.1","1","false","false","false","true","false","false","false","1","1","1","0.25","1","0","0","0","100","0","100","0.4","10","2.5","2","60","1.6","0.4","20.5","6.7","16","8.21","365","14","1","0","0","299","299","189","10430","1091","3068","4636","69646","1129","4463","false","481783","145","269","715","29093","31085","17999"
"29","0.1","1","false","false","false","true","false","false","false","1","1","1","0.25","1","0","0","0","100","0","100","0.4","10","2.5","2","60","1.6","0.4","20.5","6.7","16","8.21","365","14","1","0","0","299","299","190","10171","1068","3020","4574","70033","1134","4439","false","482985","145","271","718","29189","31214","18060"
"29","0.1","1","false","false","false","true","false","false","false","1","1","1","0.25","1","0","0","0","100","0","100","0.4","10","2.5","2","60","1.6","0.4","20.5","6.7","16","8.21","365","14","1","0","0","299","299","191","9925","1055","2939","4475","70465","1141","4334","false","483225","145","273","723","29281","31329","18107"
"29","0.1","1","false","false","false","true","false","false","false","1","1","1","0.25","1","0","0","0","100","0","100","0.4","10","2.5","2","60","1.6","0.4","20.5","6.7","16","8.21","365","14","1","0","0","299","299","192","9699","1028","2907","4413","70802","1151","4248","false","484005","148","275","728","29376","31448","18162"
"29","0.1","1","false","false","false","true","false","false","false","1","1","1","0.25","1","0","0","0","100","0","100","0.4","10","2.5","2","60","1.6","0.4","20.5","6.7","16","8.21","365","14","1","0","0","299","299","193","9483","987","2835","4357","71177","1161","4225","false","484741","149","281","731","29473","31551","18218"
"29","0.1","1","false","false","false","true","false","false","false","1","1","1","0.25","1","0","0","0","100","0","100","0.4","10","2.5","2","60","1.6","0.4","20.5","6.7","16","8.21","365","14","1","0","0","299","299","194","9266","986","2777","4268","71535","1168","4147","false","485012","150","284","734","29536","31662","18281"
"29","0.1","1","false","false","false","true","false","false","false","1","1","1","0.25","1","0","0","0","100","0","100","0.4","10","2.5","2","60","1.6","0.4","20.5","6.7","16","8.21","365","14","1","0","0","299","299","195","9064","942","2710","4222","71886","1176","4042","false","485720","150","287","739","29621","31763","18331"
"29","0.1","1","false","false","false","true","false","false","false","1","1","1","0.25","1","0","0","0","100","0","100","0.4","10","2.5","2","60","1.6","0.4","20.5","6.7","16","8.21","365","14","1","0","0","299","299","196","8873","901","2632","4143","72264","1187","3919","false","486697","153","290","744","29701","31857","18384"
"29","0.1","1","false","false","false","true","false","false","false","1","1","1","0.25","1","0","0","0","100","0","100","0.4","10","2.5","2","60","1.6","0.4","20.5","6.7","16","8.21","365","14","1","0","0","299","299","197","8681","878","2588","4056","72608","1189","3847","false","487555","153","291","745","29799","31939","18450"
"29","0.1","1","false","false","false","true","false","false","false","1","1","1","0.25","1","0","0","0","100","0","100","0.4","10","2.5","2","60","1.6","0.4","20.5","6.7","16","8.21","365","14","1","0","0","299","299","198","8490","858","2542","3986","72928","1196","3825","false","488278","153","293","750","29883","32017","18491"
"29","0.1","1","false","false","false","true","false","false","false","1","1","1","0.25","1","0","0","0","100","0","100","0.4","10","2.5","2","60","1.6","0.4","20.5","6.7","16","8.21","365","14","1","0","0","299","299","199","8317","846","2478","3888","73270","1201","3745","false","488560","154","293","754","29968","32107","18529"
"29","0.1","1","false","false","false","true","false","false","false","1","1","1","0.25","1","0","0","0","100","0","100","0.4","10","2.5","2","60","1.6","0.4","20.5","6.7","16","8.21","365","14","1","0","0","299","299","200","8157","804","2426","3802","73605","1206","3689","false","489273","154","295","757","30039","32191","18577"
"29","0.1","1","false","false","false","true","false","false","false","1","1","1","0.25","1","0","0","0","100","0","100","0.4","10","2.5","2","60","1.6","0.4","20.5","6.7","16","8.21","365","14","1","0","0","299","299","201","7965","809","2361","3707","73950","1208","3661","false","489776","154","295","759","30094","32276","18615"
"29","0.1","1","false","false","false","true","false","false","false","1","1","1","0.25","1","0","0","0","100","0","100","0.4","10","2.5","2","60","1.6","0.4","20.5","6.7","16","8.21","365","14","1","0","0","299","299","202","7778","801","2327","3634","74250","1210","3584","false","490102","154","296","760","30167","32352","18664"
"29","0.1","1","false","false","false","true","false","false","false","1","1","1","0.25","1","0","0","0","100","0","100","0.4","10","2.5","2","60","1.6","0.4","20.5","6.7","16","8.21","365","14","1","0","0","299","299","203","7625","774","2284","3563","74539","1215","3479","false","490654","156","296","763","30243","32437","18698"
"29","0.1","1","false","false","false","true","false","false","false","1","1","1","0.25","1","0","0","0","100","0","100","0.4","10","2.5","2","60","1.6","0.4","20.5","6.7","16","8.21","365","14","1","0","0","299","299","204","7467","748","2246","3475","74844","1220","3350","false","491595","156","296","768","30318","32510","18734"
"29","0.1","1","false","false","false","true","false","false","false","1","1","1","0.25","1","0","0","0","100","0","100","0.4","10","2.5","2","60","1.6","0.4","20.5","6.7","16","8.21","365","14","1","0","0","299","299","205","7297","733","2193","3398","75153","1226","3284","false","492634","156","298","772","30385","32592","18776"
"29","0.1","1","false","false","false","true","false","false","false","1","1","1","0.25","1","0","0","0","100","0","100","0.4","10","2.5","2","60","1.6","0.4","20.5","6.7","16","8.21","365","14","1","0","0","299","299","206","7136","722","2163","3317","75432","1230","3167","false","493016","156","298","776","30451","32663","18822"
"29","0.1","1","false","false","false","true","false","false","false","1","1","1","0.25","1","0","0","0","100","0","100","0.4","10","2.5","2","60","1.6","0.4","20.5","6.7","16","8.21","365","14","1","0","0","299","299","207","6974","702","2086","3273","75726","1239","3073","false","493949","156","300","783","30512","32734","18858"
"29","0.1","1","false","false","false","true","false","false","false","1","1","1","0.25","1","0","0","0","100","0","100","0.4","10","2.5","2","60","1.6","0.4","20.5","6.7","16","8.21","365","14","1","0","0","299","299","208","6804","695","2044","3181","76031","1245","2988","false","494739","157","303","785","30585","32807","18893"
"29","0.1","1","false","false","false","true","false","false","false","1","1","1","0.25","1","0","0","0","100","0","100","0.4","10","2.5","2","60","1.6","0.4","20.5","6.7","16","8.21","365","14","1","0","0","299","299","209","6625","704","1981","3089","76353","1248","2950","false","495486","157","303","788","30654","32871","18932"
"29","0.1","1","false","false","false","true","false","false","false","1","1","1","0.25","1","0","0","0","100","0","100","0.4","10","2.5","2","60","1.6","0.4","20.5","6.7","16","8.21","365","14","1","0","0","299","299","210","6473","694","1942","2992","76646","1253","2896","false","495967","158","305","790","30717","32949","18970"
"29","0.1","1","false","false","false","true","false","false","false","1","1","1","0.25","1","0","0","0","100","0","100","0.4","10","2.5","2","60","1.6","0.4","20.5","6.7","16","8.21","365","14","1","0","0","299","299","211","6336","669","1898","2944","76893","1260","2807","false","496414","158","307","795","30773","33018","19006"
"29","0.1","1","false","false","false","true","false","false","false","1","1","1","0.25","1","0","0","0","100","0","100","0.4","10","2.5","2","60","1.6","0.4","20.5","6.7","16","8.21","365","14","1","0","0","299","299","212","6194","677","1875","2831","77161","1262","2742","false","497075","159","307","796","30831","33072","19050"
"29","0.1","1","false","false","false","true","false","false","false","1","1","1","0.25","1","0","0","0","100","0","100","0.4","10","2.5","2","60","1.6","0.4","20.5","6.7","16","8.21","365","14","1","0","0","299","299","213","6067","636","1835","2780","77415","1267","2706","false","497669","159","309","799","30883","33135","19086"
"29","0.1","1","false","false","false","true","false","false","false","1","1","1","0.25","1","0","0","0","100","0","100","0.4","10","2.5","2","60","1.6","0.4","20.5","6.7","16","8.21","365","14","1","0","0","299","299","214","5916","627","1784","2748","77657","1268","2606","false","498012","159","309","800","30948","33199","19124"
"29","0.1","1","false","false","false","true","false","false","false","1","1","1","0.25","1","0","0","0","100","0","100","0.4","10","2.5","2","60","1.6","0.4","20.5","6.7","16","8.21","365","14","1","0","0","299","299","215","5772","623","1736","2690","77904","1275","2552","false","498742","160","310","805","31002","33266","19165"
"29","0.1","1","false","false","false","true","false","false","false","1","1","1","0.25","1","0","0","0","100","0","100","0.4","10","2.5","2","60","1.6","0.4","20.5","6.7","16","8.21","365","14","1","0","0","299","299","216","5639","631","1709","2620","78123","1278","2546","false","499271","160","310","808","31050","33324","19190"
"29","0.1","1","false","false","false","true","false","false","false","1","1","1","0.25","1","0","0","0","100","0","100","0.4","10","2.5","2","60","1.6","0.4","20.5","6.7","16","8.21","365","14","1","0","0","299","299","217","5490","652","1671","2566","78338","1283","2495","false","499382","161","310","812","31101","33378","19226"
"29","0.1","1","false","false","false","true","false","false","false","1","1","1","0.25","1","0","0","0","100","0","100","0.4","10","2.5","2","60","1.6","0.4","20.5","6.7","16","8.21","365","14","1","0","0","299","299","218","5372","633","1601","2520","78586","1288","2404","false","499821","162","312","814","31141","33428","19253"
"29","0.1","1","false","false","false","true","false","false","false","1","1","1","0.25","1","0","0","0","100","0","100","0.4","10","2.5","2","60","1.6","0.4","20.5","6.7","16","8.21","365","14","1","0","0","299","299","219","5245","613","1555","2495","78800","1292","2331","false","500499","162","314","816","31186","33479","19287"
"29","0.1","1","false","false","false","true","false","false","false","1","1","1","0.25","1","0","0","0","100","0","100","0.4","10","2.5","2","60","1.6","0.4","20.5","6.7","16","8.21","365","14","1","0","0","299","299","220","5100","603","1550","2444","79009","1294","2322","false","501148","162","314","818","31249","33543","19327"
"29","0.1","1","false","false","false","true","false","false","false","1","1","1","0.25","1","0","0","0","100","0","100","0.4","10","2.5","2","60","1.6","0.4","20.5","6.7","16","8.21","365","14","1","0","0","299","299","221","4991","584","1514","2418","79195","1298","2277","false","501244","162","316","820","31291","33591","19358"
"29","0.1","1","false","false","false","true","false","false","false","1","1","1","0.25","1","0","0","0","100","0","100","0.4","10","2.5","2","60","1.6","0.4","20.5","6.7","16","8.21","365","14","1","0","0","299","299","222","4882","553","1494","2359","79409","1303","2246","false","501679","163","316","824","31339","33654","19386"
"29","0.1","1","false","false","false","true","false","false","false","1","1","1","0.25","1","0","0","0","100","0","100","0.4","10","2.5","2","60","1.6","0.4","20.5","6.7","16","8.21","365","14","1","0","0","299","299","223","4763","549","1492","2282","79605","1309","2229","false","501972","165","317","827","31392","33707","19428"
"29","0.1","1","false","false","false","true","false","false","false","1","1","1","0.25","1","0","0","0","100","0","100","0.4","10","2.5","2","60","1.6","0.4","20.5","6.7","16","8.21","365","14","1","0","0","299","299","224","4639","528","1489","2253","79782","1309","2258","false","502115","165","317","827","31449","33763","19464"
"29","0.1","1","false","false","false","true","false","false","false","1","1","1","0.25","1","0","0","0","100","0","100","0.4","10","2.5","2","60","1.6","0.4","20.5","6.7","16","8.21","365","14","1","0","0","299","299","225","4548","475","1443","2240","79981","1313","2197","false","501972","165","317","831","31490","33836","19495"
"29","0.1","1","false","false","false","true","false","false","false","1","1","1","0.25","1","0","0","0","100","0","100","0.4","10","2.5","2","60","1.6","0.4","20.5","6.7","16","8.21","365","14","1","0","0","299","299","226","4435","475","1417","2197","80161","1315","2141","false","502370","165","318","832","31536","33883","19519"
"29","0.1","1","false","false","false","true","false","false","false","1","1","1","0.25","1","0","0","0","100","0","100","0.4","10","2.5","2","60","1.6","0.4","20.5","6.7","16","8.21","365","14","1","0","0","299","299","227","4334","466","1373","2153","80355","1319","2114","false","502852","165","318","836","31572","33931","19552"
"29","0.1","1","false","false","false","true","false","false","false","1","1","1","0.25","1","0","0","0","100","0","100","0.4","10","2.5","2","60","1.6","0.4","20.5","6.7","16","8.21","365","14","1","0","0","299","299","228","4232","463","1353","2087","80545","1320","2102","false","503137","165","319","836","31616","33985","19580"
"29","0.1","1","false","false","false","true","false","false","false","1","1","1","0.25","1","0","0","0","100","0","100","0.4","10","2.5","2","60","1.6","0.4","20.5","6.7","16","8.21","365","14","1","0","0","299","299","229","4130","445","1336","2059","80709","1321","2044","false","503292","165","319","837","31662","34026","19609"
"29","0.1","1","false","false","false","true","false","false","false","1","1","1","0.25","1","0","0","0","100","0","100","0.4","10","2.5","2","60","1.6","0.4","20.5","6.7","16","8.21","365","14","1","0","0","299","299","230","4037","418","1294","2026","80901","1324","1936","false","503754","165","321","838","31711","34069","19630"
"29","0.1","1","false","false","false","true","false","false","false","1","1","1","0.25","1","0","0","0","100","0","100","0.4","10","2.5","2","60","1.6","0.4","20.5","6.7","16","8.21","365","14","1","0","0","299","299","231","3937","431","1266","1976","81064","1326","1927","false","504570","165","321","840","31752","34105","19654"
"29","0.1","1","false","false","false","true","false","false","false","1","1","1","0.25","1","0","0","0","100","0","100","0.4","10","2.5","2","60","1.6","0.4","20.5","6.7","16","8.21","365","14","1","0","0","299","299","232","3848","409","1232","1943","81236","1332","1896","false","504667","165","323","844","31787","34150","19680"
"29","0.1","1","false","false","false","true","false","false","false","1","1","1","0.25","1","0","0","0","100","0","100","0.4","10","2.5","2","60","1.6","0.4","20.5","6.7","16","8.21","365","14","1","0","0","299","299","233","3765","380","1225","1911","81383","1336","1854","false","504983","166","325","845","31823","34201","19706"
"29","0.1","1","false","false","false","true","false","false","false","1","1","1","0.25","1","0","0","0","100","0","100","0.4","10","2.5","2","60","1.6","0.4","20.5","6.7","16","8.21","365","14","1","0","0","299","299","234","3687","370","1215","1865","81523","1340","1803","false","505378","166","326","848","31857","34246","19730"
"29","0.1","1","false","false","false","true","false","false","false","1","1","1","0.25","1","0","0","0","100","0","100","0.4","10","2.5","2","60","1.6","0.4","20.5","6.7","16","8.21","365","14","1","0","0","299","299","235","3598","378","1192","1799","81690","1343","1742","false","505766","166","328","849","31883","34280","19759"
"29","0.1","1","false","false","false","true","false","false","false","1","1","1","0.25","1","0","0","0","100","0","100","0.4","10","2.5","2","60","1.6","0.4","20.5","6.7","16","8.21","365","14","1","0","0","299","299","236","3520","354","1161","1773","81844","1348","1676","false","506255","167","330","851","31906","34322","19783"
"29","0.1","1","false","false","false","true","false","false","false","1","1","1","0.25","1","0","0","0","100","0","100","0.4","10","2.5","2","60","1.6","0.4","20.5","6.7","16","8.21","365","14","1","0","0","299","299","237","3429","360","1140","1741","81981","1349","1628","false","506712","167","330","852","31944","34360","19800"
"29","0.1","1","false","false","false","true","false","false","false","1","1","1","0.25","1","0","0","0","100","0","100","0.4","10","2.5","2","60","1.6","0.4","20.5","6.7","16","8.21","365","14","1","0","0","299","299","238","3333","371","1110","1702","82131","1353","1578","false","507099","167","330","856","31970","34403","19818"
"29","0.1","1","false","false","false","true","false","false","false","1","1","1","0.25","1","0","0","0","100","0","100","0.4","10","2.5","2","60","1.6","0.4","20.5","6.7","16","8.21","365","14","1","0","0","299","299","239","3254","379","1079","1669","82265","1354","1523","false","507479","168","330","856","32004","34420","19841"
"29","0.1","1","false","false","false","true","false","false","false","1","1","1","0.25","1","0","0","0","100","0","100","0.4","10","2.5","2","60","1.6","0.4","20.5","6.7","16","8.21","365","14","1","0","0","299","299","240","3158","391","1049","1614","82432","1356","1490","false","507929","168","330","858","32031","34456","19864"
"29","0.1","1","false","false","false","true","false","false","false","1","1","1","0.25","1","0","0","0","100","0","100","0.4","10","2.5","2","60","1.6","0.4","20.5","6.7","16","8.21","365","14","1","0","0","299","299","241","3079","377","1035","1584","82565","1360","1441","false","508237","170","330","860","32066","34498","19880"
"29","0.1","1","false","false","false","true","false","false","false","1","1","1","0.25","1","0","0","0","100","0","100","0.4","10","2.5","2","60","1.6","0.4","20.5","6.7","16","8.21","365","14","1","0","0","299","299","242","3009","351","1005","1562","82711","1362","1396","false","508679","170","330","862","32098","34533","19902"
"29","0.1","1","false","false","false","true","false","false","false","1","1","1","0.25","1","0","0","0","100","0","100","0.4","10","2.5","2","60","1.6","0.4","20.5","6.7","16","8.21","365","14","1","0","0","299","299","243","2935","345","982","1542","82834","1362","1403","false","509058","170","330","862","32124","34570","19929"
"29","0.1","1","false","false","false","true","false","false","false","1","1","1","0.25","1","0","0","0","100","0","100","0.4","10","2.5","2","60","1.6","0.4","20.5","6.7","16","8.21","365","14","1","0","0","299","299","244","2856","322","952","1523","82980","1367","1372","false","509131","170","331","866","32152","34607","19962"
"29","0.1","1","false","false","false","true","false","false","false","1","1","1","0.25","1","0","0","0","100","0","100","0.4","10","2.5","2","60","1.6","0.4","20.5","6.7","16","8.21","365","14","1","0","0","299","299","245","2777","323","930","1487","83115","1368","1326","false","509346","170","331","867","32177","34634","19981"
"29","0.1","1","false","false","false","true","false","false","false","1","1","1","0.25","1","0","0","0","100","0","100","0.4","10","2.5","2","60","1.6","0.4","20.5","6.7","16","8.21","365","14","1","0","0","299","299","246","2696","329","899","1448","83256","1372","1350","false","509705","170","331","871","32205","34670","19994"
"29","0.1","1","false","false","false","true","false","false","false","1","1","1","0.25","1","0","0","0","100","0","100","0.4","10","2.5","2","60","1.6","0.4","20.5","6.7","16","8.21","365","14","1","0","0","299","299","247","2622","318","874","1419","83393","1374","1333","false","509511","170","332","872","32234","34710","20019"
"29","0.1","1","false","false","false","true","false","false","false","1","1","1","0.25","1","0","0","0","100","0","100","0.4","10","2.5","2","60","1.6","0.4","20.5","6.7","16","8.21","365","14","1","0","0","299","299","248","2567","294","853","1390","83521","1375","1311","false","509689","170","332","873","32261","34742","20042"
"29","0.1","1","false","false","false","true","false","false","false","1","1","1","0.25","1","0","0","0","100","0","100","0.4","10","2.5","2","60","1.6","0.4","20.5","6.7","16","8.21","365","14","1","0","0","299","299","249","2507","288","830","1353","83642","1380","1285","false","509932","170","333","877","32281","34773","20057"
"29","0.1","1","false","false","false","true","false","false","false","1","1","1","0.25","1","0","0","0","100","0","100","0.4","10","2.5","2","60","1.6","0.4","20.5","6.7","16","8.21","365","14","1","0","0","299","299","250","2439","278","807","1334","83761","1381","1277","false","510083","170","333","878","32308","34803","20073"
"29","0.1","1","false","false","false","true","false","false","false","1","1","1","0.25","1","0","0","0","100","0","100","0.4","10","2.5","2","60","1.6","0.4","20.5","6.7","16","8.21","365","14","1","0","0","299","299","251","2382","267","797","1279","83892","1383","1258","false","510191","170","334","879","32331","34841","20091"
"29","0.1","1","false","false","false","true","false","false","false","1","1","1","0.25","1","0","0","0","100","0","100","0.4","10","2.5","2","60","1.6","0.4","20.5","6.7","16","8.21","365","14","1","0","0","299","299","252","2325","259","780","1238","84015","1383","1266","false","510365","170","334","879","32359","34870","20106"
"29","0.1","1","false","false","false","true","false","false","false","1","1","1","0.25","1","0","0","0","100","0","100","0.4","10","2.5","2","60","1.6","0.4","20.5","6.7","16","8.21","365","14","1","0","0","299","299","253","2269","249","770","1208","84120","1384","1242","false","510318","170","334","880","32393","34893","20118"
"29","0.1","1","false","false","false","true","false","false","false","1","1","1","0.25","1","0","0","0","100","0","100","0.4","10","2.5","2","60","1.6","0.4","20.5","6.7","16","8.21","365","14","1","0","0","299","299","254","2217","246","761","1177","84214","1385","1203","false","510549","170","334","881","32410","34925","20133"
"29","0.1","1","false","false","false","true","false","false","false","1","1","1","0.25","1","0","0","0","100","0","100","0.4","10","2.5","2","60","1.6","0.4","20.5","6.7","16","8.21","365","14","1","0","0","299","299","255","2165","232","754","1147","84315","1387","1202","false","510913","170","334","883","32438","34951","20148"
"29","0.1","1","false","false","false","true","false","false","false","1","1","1","0.25","1","0","0","0","100","0","100","0.4","10","2.5","2","60","1.6","0.4","20.5","6.7","16","8.21","365","14","1","0","0","299","299","256","2118","228","740","1124","84403","1387","1152","false","510915","170","334","883","32459","34964","20162"
"29","0.1","1","false","false","false","true","false","false","false","1","1","1","0.25","1","0","0","0","100","0","100","0.4","10","2.5","2","60","1.6","0.4","20.5","6.7","16","8.21","365","14","1","0","0","299","299","257","2061","224","726","1109","84490","1390","1089","false","511327","171","335","884","32484","34988","20174"
"29","0.1","1","false","false","false","true","false","false","false","1","1","1","0.25","1","0","0","0","100","0","100","0.4","10","2.5","2","60","1.6","0.4","20.5","6.7","16","8.21","365","14","1","0","0","299","299","258","2004","235","714","1068","84585","1394","1062","false","511816","171","335","888","32508","35013","20187"
"29","0.1","1","false","false","false","true","false","false","false","1","1","1","0.25","1","0","0","0","100","0","100","0.4","10","2.5","2","60","1.6","0.4","20.5","6.7","16","8.21","365","14","1","0","0","299","299","259","1949","236","699","1058","84663","1395","1017","false","512019","171","335","889","32528","35031","20199"
"29","0.1","1","false","false","false","true","false","false","false","1","1","1","0.25","1","0","0","0","100","0","100","0.4","10","2.5","2","60","1.6","0.4","20.5","6.7","16","8.21","365","14","1","0","0","299","299","260","1903","226","684","1037","84755","1395","971","false","512336","171","335","889","32549","35049","20211"
"29","0.1","1","false","false","false","true","false","false","false","1","1","1","0.25","1","0","0","0","100","0","100","0.4","10","2.5","2","60","1.6","0.4","20.5","6.7","16","8.21","365","14","1","0","0","299","299","261","1864","208","653","1020","84859","1396","916","false","512770","171","335","890","32570","35068","20224"
"29","0.1","1","false","false","false","true","false","false","false","1","1","1","0.25","1","0","0","0","100","0","100","0.4","10","2.5","2","60","1.6","0.4","20.5","6.7","16","8.21","365","14","1","0","0","299","299","262","1820","201","641","1000","84942","1396","890","false","513202","171","335","890","32583","35088","20246"
"29","0.1","1","false","false","false","true","false","false","false","1","1","1","0.25","1","0","0","0","100","0","100","0.4","10","2.5","2","60","1.6","0.4","20.5","6.7","16","8.21","365","14","1","0","0","299","299","263","1761","216","625","978","85024","1396","872","false","513426","171","335","890","32593","35110","20257"
"29","0.1","1","false","false","false","true","false","false","false","1","1","1","0.25","1","0","0","0","100","0","100","0.4","10","2.5","2","60","1.6","0.4","20.5","6.7","16","8.21","365","14","1","0","0","299","299","264","1711","225","617","941","85108","1398","853","false","513557","171","335","892","32618","35132","20268"
"29","0.1","1","false","false","false","true","false","false","false","1","1","1","0.25","1","0","0","0","100","0","100","0.4","10","2.5","2","60","1.6","0.4","20.5","6.7","16","8.21","365","14","1","0","0","299","299","265","1663","205","584","955","85194","1399","810","false","513738","171","335","893","32637","35151","20281"
"29","0.1","1","false","false","false","true","false","false","false","1","1","1","0.25","1","0","0","0","100","0","100","0.4","10","2.5","2","60","1.6","0.4","20.5","6.7","16","8.21","365","14","1","0","0","299","299","266","1613","206","577","922","85282","1400","784","false","514139","171","336","893","32655","35178","20291"
"29","0.1","1","false","false","false","true","false","false","false","1","1","1","0.25","1","0","0","0","100","0","100","0.4","10","2.5","2","60","1.6","0.4","20.5","6.7","16","8.21","365","14","1","0","0","299","299","267","1568","208","568","900","85356","1400","766","false","514379","171","336","893","32676","35199","20298"
"29","0.1","1","false","false","false","true","false","false","false","1","1","1","0.25","1","0","0","0","100","0","100","0.4","10","2.5","2","60","1.6","0.4","20.5","6.7","16","8.21","365","14","1","0","0","299","299","268","1525","196","545","898","85434","1402","746","false","514564","171","336","895","32694","35215","20310"
"29","0.1","1","false","false","false","true","false","false","false","1","1","1","0.25","1","0","0","0","100","0","100","0.4","10","2.5","2","60","1.6","0.4","20.5","6.7","16","8.21","365","14","1","0","0","299","299","269","1495","178","530","889","85505","1403","720","false","514728","171","337","895","32707","35239","20322"
"29","0.1","1","false","false","false","true","false","false","false","1","1","1","0.25","1","0","0","0","100","0","100","0.4","10","2.5","2","60","1.6","0.4","20.5","6.7","16","8.21","365","14","1","0","0","299","299","270","1445","190","524","862","85576","1403","713","false","514915","171","337","895","32722","35259","20332"
"29","0.1","1","false","false","false","true","false","false","false","1","1","1","0.25","1","0","0","0","100","0","100","0.4","10","2.5","2","60","1.6","0.4","20.5","6.7","16","8.21","365","14","1","0","0","299","299","271","1410","187","519","834","85645","1405","693","false","515009","171","337","897","32738","35274","20342"
"29","0.1","1","false","false","false","true","false","false","false","1","1","1","0.25","1","0","0","0","100","0","100","0.4","10","2.5","2","60","1.6","0.4","20.5","6.7","16","8.21","365","14","1","0","0","299","299","272","1377","172","510","830","85705","1406","678","false","515169","171","337","898","32757","35285","20362"
"29","0.1","1","false","false","false","true","false","false","false","1","1","1","0.25","1","0","0","0","100","0","100","0.4","10","2.5","2","60","1.6","0.4","20.5","6.7","16","8.21","365","14","1","0","0","299","299","273","1349","167","496","795","85783","1410","665","false","515294","171","338","901","32773","35296","20370"
"29","0.1","1","false","false","false","true","false","false","false","1","1","1","0.25","1","0","0","0","100","0","100","0.4","10","2.5","2","60","1.6","0.4","20.5","6.7","16","8.21","365","14","1","0","0","299","299","274","1317","147","479","789","85858","1410","643","false","515385","171","338","901","32792","35316","20378"
"29","0.1","1","false","false","false","true","false","false","false","1","1","1","0.25","1","0","0","0","100","0","100","0.4","10","2.5","2","60","1.6","0.4","20.5","6.7","16","8.21","365","14","1","0","0","299","299","275","1283","146","471","763","85926","1411","628","false","515559","171","338","902","32808","35331","20387"
"29","0.1","1","false","false","false","true","false","false","false","1","1","1","0.25","1","0","0","0","100","0","100","0.4","10","2.5","2","60","1.6","0.4","20.5","6.7","16","8.21","365","14","1","0","0","299","299","276","1245","155","451","740","85996","1413","605","false","515663","172","338","903","32821","35341","20395"
"29","0.1","1","false","false","false","true","false","false","false","1","1","1","0.25","1","0","0","0","100","0","100","0.4","10","2.5","2","60","1.6","0.4","20.5","6.7","16","8.21","365","14","1","0","0","299","299","277","1212","148","439","729","86058","1414","576","false","515891","172","338","904","32840","35360","20405"
"29","0.1","1","false","false","false","true","false","false","false","1","1","1","0.25","1","0","0","0","100","0","100","0.4","10","2.5","2","60","1.6","0.4","20.5","6.7","16","8.21","365","14","1","0","0","299","299","278","1182","136","430","713","86123","1416","586","false","516154","172","339","905","32858","35377","20411"
"29","0.1","1","false","false","false","true","false","false","false","1","1","1","0.25","1","0","0","0","100","0","100","0.4","10","2.5","2","60","1.6","0.4","20.5","6.7","16","8.21","365","14","1","0","0","299","299","279","1151","134","416","688","86192","1419","577","false","516077","173","340","906","32873","35389","20414"
"29","0.1","1","false","false","false","true","false","false","false","1","1","1","0.25","1","0","0","0","100","0","100","0.4","10","2.5","2","60","1.6","0.4","20.5","6.7","16","8.21","365","14","1","0","0","299","299","280","1121","131","403","668","86257","1420","574","false","516117","174","340","906","32880","35403","20419"
"29","0.1","1","false","false","false","true","false","false","false","1","1","1","0.25","1","0","0","0","100","0","100","0.4","10","2.5","2","60","1.6","0.4","20.5","6.7","16","8.21","365","14","1","0","0","299","299","281","1097","130","397","644","86311","1421","534","false","516158","174","340","907","32896","35414","20425"
"29","0.1","1","false","false","false","true","false","false","false","1","1","1","0.25","1","0","0","0","100","0","100","0.4","10","2.5","2","60","1.6","0.4","20.5","6.7","16","8.21","365","14","1","0","0","299","299","282","1073","120","382","623","86380","1422","524","false","516491","174","340","908","32906","35427","20434"
"29","0.1","1","false","false","false","true","false","false","false","1","1","1","0.25","1","0","0","0","100","0","100","0.4","10","2.5","2","60","1.6","0.4","20.5","6.7","16","8.21","365","14","1","0","0","299","299","283","1038","120","374","617","86429","1422","519","false","516591","174","340","908","32916","35443","20445"
"29","0.1","1","false","false","false","true","false","false","false","1","1","1","0.25","1","0","0","0","100","0","100","0.4","10","2.5","2","60","1.6","0.4","20.5","6.7","16","8.21","365","14","1","0","0","299","299","284","1013","124","369","592","86480","1422","499","false","516683","174","340","908","32926","35449","20457"
"29","0.1","1","false","false","false","true","false","false","false","1","1","1","0.25","1","0","0","0","100","0","100","0.4","10","2.5","2","60","1.6","0.4","20.5","6.7","16","8.21","365","14","1","0","0","299","299","285","989","121","363","564","86541","1422","485","false","516862","174","340","908","32937","35458","20466"
"29","0.1","1","false","false","false","true","false","false","false","1","1","1","0.25","1","0","0","0","100","0","100","0.4","10","2.5","2","60","1.6","0.4","20.5","6.7","16","8.21","365","14","1","0","0","299","299","286","969","116","355","549","86588","1423","467","false","516992","174","340","909","32944","35470","20473"
"29","0.1","1","false","false","false","true","false","false","false","1","1","1","0.25","1","0","0","0","100","0","100","0.4","10","2.5","2","60","1.6","0.4","20.5","6.7","16","8.21","365","14","1","0","0","299","299","287","940","108","340","547","86641","1424","460","false","517132","175","340","909","32957","35480","20484"
"29","0.1","1","false","false","false","true","false","false","false","1","1","1","0.25","1","0","0","0","100","0","100","0.4","10","2.5","2","60","1.6","0.4","20.5","6.7","16","8.21","365","14","1","0","0","299","299","288","906","120","336","523","86689","1426","481","false","517197","176","341","909","32963","35494","20491"
"29","0.1","1","false","false","false","true","false","false","false","1","1","1","0.25","1","0","0","0","100","0","100","0.4","10","2.5","2","60","1.6","0.4","20.5","6.7","16","8.21","365","14","1","0","0","299","299","289","892","103","325","525","86729","1426","458","false","517073","176","341","909","32976","35504","20494"
"29","0.1","1","false","false","false","true","false","false","false","1","1","1","0.25","1","0","0","0","100","0","100","0.4","10","2.5","2","60","1.6","0.4","20.5","6.7","16","8.21","365","14","1","0","0","299","299","290","865","102","318","502","86787","1426","453","false","517297","176","341","909","32984","35517","20502"
"29","0.1","1","false","false","false","true","false","false","false","1","1","1","0.25","1","0","0","0","100","0","100","0.4","10","2.5","2","60","1.6","0.4","20.5","6.7","16","8.21","365","14","1","0","0","299","299","291","836","116","301","486","86834","1427","457","false","517328","176","341","910","32988","35523","20505"
"29","0.1","1","false","false","false","true","false","false","false","1","1","1","0.25","1","0","0","0","100","0","100","0.4","10","2.5","2","60","1.6","0.4","20.5","6.7","16","8.21","365","14","1","0","0","299","299","292","813","115","295","462","86887","1428","456","false","517269","176","342","910","32999","35532","20511"
"29","0.1","1","false","false","false","true","false","false","false","1","1","1","0.25","1","0","0","0","100","0","100","0.4","10","2.5","2","60","1.6","0.4","20.5","6.7","16","8.21","365","14","1","0","0","299","299","293","793","107","287","450","86933","1430","451","false","517303","176","342","912","33006","35548","20514"
"29","0.1","1","false","false","false","true","false","false","false","1","1","1","0.25","1","0","0","0","100","0","100","0.4","10","2.5","2","60","1.6","0.4","20.5","6.7","16","8.21","365","14","1","0","0","299","299","294","771","101","280","438","86979","1431","433","false","517345","176","342","913","33014","35560","20522"
"29","0.1","1","false","false","false","true","false","false","false","1","1","1","0.25","1","0","0","0","100","0","100","0.4","10","2.5","2","60","1.6","0.4","20.5","6.7","16","8.21","365","14","1","0","0","299","299","295","749","101","273","426","87019","1432","419","false","517493","176","342","914","33021","35574","20527"
"29","0.1","1","false","false","false","true","false","false","false","1","1","1","0.25","1","0","0","0","100","0","100","0.4","10","2.5","2","60","1.6","0.4","20.5","6.7","16","8.21","365","14","1","0","0","299","299","296","728","104","269","416","87049","1434","410","false","517655","177","342","915","33027","35579","20531"
"29","0.1","1","false","false","false","true","false","false","false","1","1","1","0.25","1","0","0","0","100","0","100","0.4","10","2.5","2","60","1.6","0.4","20.5","6.7","16","8.21","365","14","1","0","0","299","299","297","716","89","259","408","87093","1435","407","false","517710","177","342","916","33038","35590","20537"
"29","0.1","1","false","false","false","true","false","false","false","1","1","1","0.25","1","0","0","0","100","0","100","0.4","10","2.5","2","60","1.6","0.4","20.5","6.7","16","8.21","365","14","1","0","0","299","299","298","705","72","257","408","87122","1436","400","false","517765","177","342","917","33047","35603","20544"
"29","0.1","1","false","false","false","true","false","false","false","1","1","1","0.25","1","0","0","0","100","0","100","0.4","10","2.5","2","60","1.6","0.4","20.5","6.7","16","8.21","365","14","1","0","0","299","299","299","695","64","248","395","87161","1437","380","false","517802","177","342","918","33053","35609","20550"
"29","0.1","1","false","false","false","true","false","false","false","1","1","1","0.25","1","0","0","0","100","0","100","0.4","10","2.5","2","60","1.6","0.4","20.5","6.7","16","8.21","365","14","1","0","0","299","299","300","686","50","242","387","87197","1438","373","false","517954","177","342","919","33060","35621","20557"
"29","0.1","1","false","false","false","true","false","false","false","1","1","1","0.25","1","0","0","0","100","0","100","0.4","10","2.5","2","60","1.6","0.4","20.5","6.7","16","8.21","365","14","1","0","0","299","299","301","672","52","239","370","87229","1438","355","false","518003","177","342","919","33064","35625","20562"
"29","0.1","1","false","false","false","true","false","false","false","1","1","1","0.25","1","0","0","0","100","0","100","0.4","10","2.5","2","60","1.6","0.4","20.5","6.7","16","8.21","365","14","1","0","0","299","299","302","655","56","234","350","87267","1438","325","false","518116","177","342","919","33072","35630","20566"
"29","0.1","1","false","false","false","true","false","false","false","1","1","1","0.25","1","0","0","0","100","0","100","0.4","10","2.5","2","60","1.6","0.4","20.5","6.7","16","8.21","365","14","1","0","0","299","299","303","639","56","234","338","87294","1439","303","false","518373","177","342","920","33082","35639","20567"
"29","0.1","1","false","false","false","true","false","false","false","1","1","1","0.25","1","0","0","0","100","0","100","0.4","10","2.5","2","60","1.6","0.4","20.5","6.7","16","8.21","365","14","1","0","0","299","299","304","627","53","229","334","87316","1441","272","false","518517","177","342","922","33086","35648","20568"
"29","0.1","1","false","false","false","true","false","false","false","1","1","1","0.25","1","0","0","0","100","0","100","0.4","10","2.5","2","60","1.6","0.4","20.5","6.7","16","8.21","365","14","1","0","0","299","299","305","605","59","222","322","87351","1441","238","false","518747","177","342","922","33089","35653","20578"
"29","0.1","1","false","false","false","true","false","false","false","1","1","1","0.25","1","0","0","0","100","0","100","0.4","10","2.5","2","60","1.6","0.4","20.5","6.7","16","8.21","365","14","1","0","0","299","299","306","589","64","210","316","87380","1441","206","false","519020","177","342","922","33095","35657","20579"
"29","0.1","1","false","false","false","true","false","false","false","1","1","1","0.25","1","0","0","0","100","0","100","0.4","10","2.5","2","60","1.6","0.4","20.5","6.7","16","8.21","365","14","1","0","0","299","299","307","567","72","205","305","87410","1441","181","false","519285","177","342","922","33098","35667","20585"
"29","0.1","1","false","false","false","true","false","false","false","1","1","1","0.25","1","0","0","0","100","0","100","0.4","10","2.5","2","60","1.6","0.4","20.5","6.7","16","8.21","365","14","1","0","0","299","299","308","552","73","198","304","87432","1441","158","false","519510","177","342","922","33102","35671","20586"
"29","0.1","1","false","false","false","true","false","false","false","1","1","1","0.25","1","0","0","0","100","0","100","0.4","10","2.5","2","60","1.6","0.4","20.5","6.7","16","8.21","365","14","1","0","0","299","299","309","532","72","196","302","87457","1441","135","false","519721","177","342","922","33105","35679","20595"
"29","0.1","1","false","false","false","true","false","false","false","1","1","1","0.25","1","0","0","0","100","0","100","0.4","10","2.5","2","60","1.6","0.4","20.5","6.7","16","8.21","365","14","1","0","0","299","299","310","515","68","190","294","87492","1441","121","false","519931","177","342","922","33109","35688","20601"
"29","0.1","1","false","false","false","true","false","false","false","1","1","1","0.25","1","0","0","0","100","0","100","0.4","10","2.5","2","60","1.6","0.4","20.5","6.7","16","8.21","365","14","1","0","0","299","299","311","499","62","190","294","87514","1441","96","false","520066","177","342","922","33113","35693","20606"
"29","0.1","1","false","false","false","true","false","false","false","1","1","1","0.25","1","0","0","0","100","0","100","0.4","10","2.5","2","60","1.6","0.4","20.5","6.7","16","8.21","365","14","1","0","0","299","299","312","486","64","185","288","87536","1441","85","false","520293","177","342","922","33120","35697","20609"
"29","0.1","1","false","false","false","true","false","false","false","1","1","1","0.25","1","0","0","0","100","0","100","0.4","10","2.5","2","60","1.6","0.4","20.5","6.7","16","8.21","365","14","1","0","0","299","299","313","479","55","185","269","87571","1441","65","false","520394","177","342","922","33126","35705","20616"
"29","0.1","1","false","false","false","true","false","false","false","1","1","1","0.25","1","0","0","0","100","0","100","0.4","10","2.5","2","60","1.6","0.4","20.5","6.7","16","8.21","365","14","1","0","0","299","299","314","462","54","180","268","87595","1441","46","false","520578","177","342","922","33134","35713","20618"
"29","0.1","1","false","false","false","true","false","false","false","1","1","1","0.25","1","0","0","0","100","0","100","0.4","10","2.5","2","60","1.6","0.4","20.5","6.7","16","8.21","365","14","1","0","0","299","299","315","442","64","177","265","87611","1441","27","false","520776","177","342","922","33137","35717","20622"
"29","0.1","1","false","false","false","true","false","false","false","1","1","1","0.25","1","0","0","0","100","0","100","0.4","10","2.5","2","60","1.6","0.4","20.5","6.7","16","8.21","365","14","1","0","0","299","299","316","421","73","171","256","87638","1441","14","false","520985","177","342","922","33140","35726","20625"
"29","0.1","1","false","false","false","true","false","false","false","1","1","1","0.25","1","0","0","0","100","0","100","0.4","10","2.5","2","60","1.6","0.4","20.5","6.7","16","8.21","365","14","1","0","0","299","299","317","407","73","163","247","87669","1441","7","false","521134","177","342","922","33144","35733","20627"
"29","0.1","1","false","false","false","true","false","false","false","1","1","1","0.25","1","0","0","0","100","0","100","0.4","10","2.5","2","60","1.6","0.4","20.5","6.7","16","8.21","365","14","1","0","0","299","299","318","396","60","159","253","87691","1441","0","false","521211","177","342","922","33149","35742","20635"
"29","0.1","1","false","false","false","true","false","false","false","1","1","1","0.25","1","0","0","0","100","0","100","0.4","10","2.5","2","60","1.6","0.4","20.5","6.7","16","8.21","365","14","1","0","0","299","299","319","386","51","155","250","87717","1441","0","false","521293","177","342","922","33154","35746","20640"
"29","0.1","1","false","false","false","true","false","false","false","1","1","1","0.25","1","0","0","0","100","0","100","0.4","10","2.5","2","60","1.6","0.4","20.5","6.7","16","8.21","365","14","1","0","0","299","299","320","374","51","155","248","87731","1441","0","false","521293","177","342","922","33158","35753","20644"
"29","0.1","1","false","false","false","true","false","false","false","1","1","1","0.25","1","0","0","0","100","0","100","0.4","10","2.5","2","60","1.6","0.4","20.5","6.7","16","8.21","365","14","1","0","0","299","299","321","362","51","149","246","87751","1441","0","false","521293","177","342","922","33163","35763","20644"
"29","0.1","1","false","false","false","true","false","false","false","1","1","1","0.25","1","0","0","0","100","0","100","0.4","10","2.5","2","60","1.6","0.4","20.5","6.7","16","8.21","365","14","1","0","0","299","299","322","350","51","148","237","87773","1441","0","false","521293","177","342","922","33167","35769","20649"
"29","0.1","1","false","false","false","true","false","false","false","1","1","1","0.25","1","0","0","0","100","0","100","0.4","10","2.5","2","60","1.6","0.4","20.5","6.7","16","8.21","365","14","1","0","0","299","299","323","341","51","145","231","87791","1441","0","false","521293","177","342","922","33171","35775","20652"
"29","0.1","1","false","false","false","true","false","false","false","1","1","1","0.25","1","0","0","0","100","0","100","0.4","10","2.5","2","60","1.6","0.4","20.5","6.7","16","8.21","365","14","1","0","0","299","299","324","330","56","134","226","87811","1443","0","false","521293","178","342","923","33175","35779","20652"
"29","0.1","1","false","false","false","true","false","false","false","1","1","1","0.25","1","0","0","0","100","0","100","0.4","10","2.5","2","60","1.6","0.4","20.5","6.7","16","8.21","365","14","1","0","0","299","299","325","323","52","130","218","87833","1444","0","false","521271","178","342","924","33180","35783","20655"
"29","0.1","1","false","false","false","true","false","false","false","1","1","1","0.25","1","0","0","0","100","0","100","0.4","10","2.5","2","60","1.6","0.4","20.5","6.7","16","8.21","365","14","1","0","0","299","299","326","317","44","126","221","87848","1444","0","false","521259","178","342","924","33188","35785","20657"
"29","0.1","1","false","false","false","true","false","false","false","1","1","1","0.25","1","0","0","0","100","0","100","0.4","10","2.5","2","60","1.6","0.4","20.5","6.7","16","8.21","365","14","1","0","0","299","299","327","309","38","121","223","87865","1444","0","false","521259","178","342","924","33191","35792","20657"
"29","0.1","1","false","false","false","true","false","false","false","1","1","1","0.25","1","0","0","0","100","0","100","0.4","10","2.5","2","60","1.6","0.4","20.5","6.7","16","8.21","365","14","1","0","0","299","299","328","303","30","119","218","87885","1445","0","false","521259","179","342","924","33193","35800","20660"
"29","0.1","1","false","false","false","true","false","false","false","1","1","1","0.25","1","0","0","0","100","0","100","0.4","10","2.5","2","60","1.6","0.4","20.5","6.7","16","8.21","365","14","1","0","0","299","299","329","291","37","115","212","87900","1445","0","false","521247","179","342","924","33196","35804","20660"
"29","0.1","1","false","false","false","true","false","false","false","1","1","1","0.25","1","0","0","0","100","0","100","0.4","10","2.5","2","60","1.6","0.4","20.5","6.7","16","8.21","365","14","1","0","0","299","299","330","279","46","110","205","87915","1445","0","false","521247","179","342","924","33198","35807","20660"
"29","0.1","1","false","false","false","true","false","false","false","1","1","1","0.25","1","0","0","0","100","0","100","0.4","10","2.5","2","60","1.6","0.4","20.5","6.7","16","8.21","365","14","1","0","0","299","299","331","273","45","108","195","87934","1445","0","false","521247","179","342","924","33202","35810","20663"
"29","0.1","1","false","false","false","true","false","false","false","1","1","1","0.25","1","0","0","0","100","0","100","0.4","10","2.5","2","60","1.6","0.4","20.5","6.7","16","8.21","365","14","1","0","0","299","299","332","266","43","105","187","87954","1445","0","false","521247","179","342","924","33204","35811","20667"
"29","0.1","1","false","false","false","true","false","false","false","1","1","1","0.25","1","0","0","0","100","0","100","0.4","10","2.5","2","60","1.6","0.4","20.5","6.7","16","8.21","365","14","1","0","0","299","299","333","264","30","102","191","87967","1446","0","false","521247","179","342","925","33208","35817","20669"
"29","0.1","1","false","false","false","true","false","false","false","1","1","1","0.25","1","0","0","0","100","0","100","0.4","10","2.5","2","60","1.6","0.4","20.5","6.7","16","8.21","365","14","1","0","0","299","299","334","255","31","101","186","87981","1446","0","false","521235","179","342","925","33212","35818","20671"
"29","0.1","1","false","false","false","true","false","false","false","1","1","1","0.25","1","0","0","0","100","0","100","0.4","10","2.5","2","60","1.6","0.4","20.5","6.7","16","8.21","365","14","1","0","0","299","299","335","250","31","92","175","88006","1446","0","false","521235","179","342","925","33212","35822","20672"
"29","0.1","1","false","false","false","true","false","false","false","1","1","1","0.25","1","0","0","0","100","0","100","0.4","10","2.5","2","60","1.6","0.4","20.5","6.7","16","8.21","365","14","1","0","0","299","299","336","242","35","90","169","88018","1446","0","false","521235","179","342","925","33215","35823","20674"
"29","0.1","1","false","false","false","true","false","false","false","1","1","1","0.25","1","0","0","0","100","0","100","0.4","10","2.5","2","60","1.6","0.4","20.5","6.7","16","8.21","365","14","1","0","0","299","299","337","233","32","87","164","88038","1446","0","false","521235","179","342","925","33219","35827","20675"
"29","0.1","1","false","false","false","true","false","false","false","1","1","1","0.25","1","0","0","0","100","0","100","0.4","10","2.5","2","60","1.6","0.4","20.5","6.7","16","8.21","365","14","1","0","0","299","299","338","224","38","86","154","88050","1448","0","false","521235","179","343","926","33221","35829","20677"
"29","0.1","1","false","false","false","true","false","false","false","1","1","1","0.25","1","0","0","0","100","0","100","0.4","10","2.5","2","60","1.6","0.4","20.5","6.7","16","8.21","365","14","1","0","0","299","299","339","221","31","92","151","88057","1448","0","false","521211","179","343","926","33227","35833","20679"
"29","0.1","1","false","false","false","true","false","false","false","1","1","1","0.25","1","0","0","0","100","0","100","0.4","10","2.5","2","60","1.6","0.4","20.5","6.7","16","8.21","365","14","1","0","0","299","299","340","216","25","86","152","88073","1448","0","false","521211","179","343","926","33230","35838","20681"
"29","0.1","1","false","false","false","true","false","false","false","1","1","1","0.25","1","0","0","0","100","0","100","0.4","10","2.5","2","60","1.6","0.4","20.5","6.7","16","8.21","365","14","1","0","0","299","299","341","206","27","85","145","88089","1448","0","false","521211","179","343","926","33232","35842","20683"
"29","0.1","1","false","false","false","true","false","false","false","1","1","1","0.25","1","0","0","0","100","0","100","0.4","10","2.5","2","60","1.6","0.4","20.5","6.7","16","8.21","365","14","1","0","0","299","299","342","201","30","82","130","88109","1448","0","false","521211","179","343","926","33234","35842","20684"
"29","0.1","1","false","false","false","true","false","false","false","1","1","1","0.25","1","0","0","0","100","0","100","0.4","10","2.5","2","60","1.6","0.4","20.5","6.7","16","8.21","365","14","1","0","0","299","299","343","193","28","86","123","88122","1448","0","false","521211","179","343","926","33241","35843","20689"
"29","0.1","1","false","false","false","true","false","false","false","1","1","1","0.25","1","0","0","0","100","0","100","0.4","10","2.5","2","60","1.6","0.4","20.5","6.7","16","8.21","365","14","1","0","0","299","299","344","187","31","84","121","88129","1448","0","false","521211","179","343","926","33243","35844","20692"
"29","0.1","1","false","false","false","true","false","false","false","1","1","1","0.25","1","0","0","0","100","0","100","0.4","10","2.5","2","60","1.6","0.4","20.5","6.7","16","8.21","365","14","1","0","0","299","299","345","184","25","80","125","88138","1448","0","false","521211","179","343","926","33247","35846","20693"
"29","0.1","1","false","false","false","true","false","false","false","1","1","1","0.25","1","0","0","0","100","0","100","0.4","10","2.5","2","60","1.6","0.4","20.5","6.7","16","8.21","365","14","1","0","0","299","299","346","176","31","76","120","88149","1448","0","false","521211","179","343","926","33248","35847","20694"
"29","0.1","1","false","false","false","true","false","false","false","1","1","1","0.25","1","0","0","0","100","0","100","0.4","10","2.5","2","60","1.6","0.4","20.5","6.7","16","8.21","365","14","1","0","0","299","299","347","170","28","75","120","88158","1449","0","false","521211","179","344","926","33251","35850","20694"
"29","0.1","1","false","false","false","true","false","false","false","1","1","1","0.25","1","0","0","0","100","0","100","0.4","10","2.5","2","60","1.6","0.4","20.5","6.7","16","8.21","365","14","1","0","0","299","299","348","168","21","73","120","88168","1450","0","false","521199","179","345","926","33254","35851","20694"
"29","0.1","1","false","false","false","true","false","false","false","1","1","1","0.25","1","0","0","0","100","0","100","0.4","10","2.5","2","60","1.6","0.4","20.5","6.7","16","8.21","365","14","1","0","0","299","299","349","159","24","72","118","88177","1450","0","false","521187","179","345","926","33257","35853","20697"
"29","0.1","1","false","false","false","true","false","false","false","1","1","1","0.25","1","0","0","0","100","0","100","0.4","10","2.5","2","60","1.6","0.4","20.5","6.7","16","8.21","365","14","1","0","0","299","299","350","151","27","73","110","88189","1450","0","false","521187","179","345","926","33258","35857","20699"
"29","0.1","1","false","false","false","true","false","false","false","1","1","1","0.25","1","0","0","0","100","0","100","0.4","10","2.5","2","60","1.6","0.4","20.5","6.7","16","8.21","365","14","1","0","0","299","299","351","146","27","73","108","88196","1450","0","false","521187","179","345","926","33259","35859","20703"
"29","0.1","1","false","false","false","true","false","false","false","1","1","1","0.25","1","0","0","0","100","0","100","0.4","10","2.5","2","60","1.6","0.4","20.5","6.7","16","8.21","365","14","1","0","0","299","299","352","145","25","75","103","88202","1450","0","false","521187","179","345","926","33261","35862","20704"
"29","0.1","1","false","false","false","true","false","false","false","1","1","1","0.25","1","0","0","0","100","0","100","0.4","10","2.5","2","60","1.6","0.4","20.5","6.7","16","8.21","365","14","1","0","0","299","299","353","140","23","71","103","88213","1450","0","false","521187","179","345","926","33262","35864","20705"
"29","0.1","1","false","false","false","true","false","false","false","1","1","1","0.25","1","0","0","0","100","0","100","0.4","10","2.5","2","60","1.6","0.4","20.5","6.7","16","8.21","365","14","1","0","0","299","299","354","137","23","71","97","88222","1450","0","false","521187","179","345","926","33264","35866","20705"
"29","0.1","1","false","false","false","true","false","false","false","1","1","1","0.25","1","0","0","0","100","0","100","0.4","10","2.5","2","60","1.6","0.4","20.5","6.7","16","8.21","365","14","1","0","0","299","299","355","133","13","71","101","88232","1450","0","false","521187","179","345","926","33269","35871","20707"
"29","0.1","1","false","false","false","true","false","false","false","1","1","1","0.25","1","0","0","0","100","0","100","0.4","10","2.5","2","60","1.6","0.4","20.5","6.7","16","8.21","365","14","1","0","0","299","299","356","130","14","68","98","88240","1450","0","false","521187","179","345","926","33270","35871","20707"
"29","0.1","1","false","false","false","true","false","false","false","1","1","1","0.25","1","0","0","0","100","0","100","0.4","10","2.5","2","60","1.6","0.4","20.5","6.7","16","8.21","365","14","1","0","0","299","299","357","127","15","66","95","88247","1450","0","false","521187","179","345","926","33271","35873","20709"
"29","0.1","1","false","false","false","true","false","false","false","1","1","1","0.25","1","0","0","0","100","0","100","0.4","10","2.5","2","60","1.6","0.4","20.5","6.7","16","8.21","365","14","1","0","0","299","299","358","122","14","64","93","88257","1450","0","false","521187","179","345","926","33275","35875","20711"
"29","0.1","1","false","false","false","true","false","false","false","1","1","1","0.25","1","0","0","0","100","0","100","0.4","10","2.5","2","60","1.6","0.4","20.5","6.7","16","8.21","365","14","1","0","0","299","299","359","118","13","60","95","88264","1450","0","false","521187","179","345","926","33275","35876","20712"
"29","0.1","1","false","false","false","true","false","false","false","1","1","1","0.25","1","0","0","0","100","0","100","0.4","10","2.5","2","60","1.6","0.4","20.5","6.7","16","8.21","365","14","1","0","0","299","299","360","115","14","57","88","88275","1451","0","false","521187","179","345","927","33276","35878","20712"
"29","0.1","1","false","false","false","true","false","false","false","1","1","1","0.25","1","0","0","0","100","0","100","0.4","10","2.5","2","60","1.6","0.4","20.5","6.7","16","8.21","365","14","1","0","0","299","299","361","110","17","57","83","88282","1451","0","false","521179","179","345","927","33277","35880","20712"
"29","0.1","1","false","false","false","true","false","false","false","1","1","1","0.25","1","0","0","0","100","0","100","0.4","10","2.5","2","60","1.6","0.4","20.5","6.7","16","8.21","365","14","1","0","0","299","299","362","103","20","53","82","88290","1452","0","false","521179","179","345","928","33279","35882","20713"
"29","0.1","1","false","false","false","true","false","false","false","1","1","1","0.25","1","0","0","0","100","0","100","0.4","10","2.5","2","60","1.6","0.4","20.5","6.7","16","8.21","365","14","1","0","0","299","299","363","99","19","48","77","88304","1453","0","false","521167","179","346","928","33283","35884","20713"
"29","0.1","1","false","false","false","true","false","false","false","1","1","1","0.25","1","0","0","0","100","0","100","0.4","10","2.5","2","60","1.6","0.4","20.5","6.7","16","8.21","365","14","1","0","0","299","299","364","94","19","46","75","88313","1453","0","false","521155","179","346","928","33284","35885","20716"
"29","0.1","1","false","false","false","true","false","false","false","1","1","1","0.25","1","0","0","0","100","0","100","0.4","10","2.5","2","60","1.6","0.4","20.5","6.7","16","8.21","365","14","1","0","0","299","299","365","91","19","46","71","88320","1453","0","false","521155","179","346","928","33287","35885","20716"
"30","0.1","1","false","false","false","true","false","false","false","1","1","1","0.25","1","0","0","0","100","0","100","0.5","10","2.5","2","60","1.6","0.4","20.5","6.7","16","8.21","365","14","1","0","0","299","299","0","89910","90","0","0","0","0","0","false","0","0","0","0","0","0","0"
"30","0.1","1","false","false","false","true","false","false","false","1","1","1","0.25","1","0","0","0","100","0","100","0.5","10","2.5","2","60","1.6","0.4","20.5","6.7","16","8.21","365","14","1","0","0","299","299","1","89910","79","0","11","0","0","0","false","538519","0","0","0","2","2","2"
"30","0.1","1","false","false","false","true","false","false","false","1","1","1","0.25","1","0","0","0","100","0","100","0.5","10","2.5","2","60","1.6","0.4","20.5","6.7","16","8.21","365","14","1","0","0","299","299","2","89895","83","0","22","0","0","0","false","538519","0","0","0","3","4","3"
"30","0.1","1","false","false","false","true","false","false","false","1","1","1","0.25","1","0","0","0","100","0","100","0.5","10","2.5","2","60","1.6","0.4","20.5","6.7","16","8.21","365","14","1","0","0","299","299","3","89870","86","2","42","0","0","0","false","538519","0","0","0","7","11","8"
"30","0.1","1","false","false","false","true","false","false","false","1","1","1","0.25","1","0","0","0","100","0","100","0.5","10","2.5","2","60","1.6","0.4","20.5","6.7","16","8.21","365","14","1","0","0","299","299","4","89816","122","5","57","0","0","0","false","538519","0","0","0","9","17","10"
"30","0.1","1","false","false","false","true","false","false","false","1","1","1","0.25","1","0","0","0","100","0","100","0.5","10","2.5","2","60","1.6","0.4","20.5","6.7","16","8.21","365","14","1","0","0","299","299","5","89752","163","11","74","0","0","0","false","538519","0","0","0","18","24","13"
"30","0.1","1","false","false","false","true","false","false","false","1","1","1","0.25","1","0","0","0","100","0","100","0.5","10","2.5","2","60","1.6","0.4","20.5","6.7","16","8.21","365","14","1","0","0","299","299","6","89656","233","23","88","0","0","0","false","538519","0","0","0","29","30","19"
"30","0.1","1","false","false","false","true","false","false","false","1","1","1","0.25","1","0","0","0","100","0","100","0.5","10","2.5","2","60","1.6","0.4","20.5","6.7","16","8.21","365","14","1","0","0","299","299","7","89573","277","31","119","0","0","0","false","538519","0","0","0","47","42","22"
"30","0.1","1","false","false","false","true","false","false","false","1","1","1","0.25","1","0","0","0","100","0","100","0.5","10","2.5","2","60","1.6","0.4","20.5","6.7","16","8.21","365","14","1","0","0","299","299","8","89469","329","41","161","0","0","0","false","538519","0","0","0","64","60","28"
"30","0.1","1","false","false","false","true","false","false","false","1","1","1","0.25","1","0","0","0","100","0","100","0.5","10","2.5","2","60","1.6","0.4","20.5","6.7","16","8.21","365","14","1","0","0","299","299","9","89340","387","51","222","0","0","0","false","538519","0","0","0","82","83","39"
"30","0.1","1","false","false","false","true","false","false","false","1","1","1","0.25","1","0","0","0","100","0","100","0.5","10","2.5","2","60","1.6","0.4","20.5","6.7","16","8.21","365","14","1","0","0","299","299","10","89162","484","70","284","0","0","0","false","538519","0","0","0","110","109","51"
"30","0.1","1","false","false","false","true","false","false","false","1","1","1","0.25","1","0","0","0","100","0","100","0.5","10","2.5","2","60","1.6","0.4","20.5","6.7","16","8.21","365","14","1","0","0","299","299","11","89002","549","88","361","0","0","0","false","538519","0","0","0","137","132","68"
"30","0.1","1","false","false","false","true","false","false","false","1","1","1","0.25","1","0","0","0","100","0","100","0.5","10","2.5","2","60","1.6","0.4","20.5","6.7","16","8.21","365","14","1","0","0","299","299","12","88806","647","116","431","0","0","0","false","538519","0","0","0","171","171","87"
"30","0.1","1","false","false","false","true","false","false","false","1","1","1","0.25","1","0","0","0","100","0","100","0.5","10","2.5","2","60","1.6","0.4","20.5","6.7","16","8.21","365","14","1","0","0","299","299","13","88566","739","160","535","0","0","0","false","538519","0","0","0","221","232","106"
"30","0.1","1","false","false","false","true","false","false","false","1","1","1","0.25","1","0","0","0","100","0","100","0.5","10","2.5","2","60","1.6","0.4","20.5","6.7","16","8.21","365","14","1","0","0","299","299","14","88295","862","199","644","0","0","0","false","538519","0","0","0","267","281","137"
"30","0.1","1","false","false","false","true","false","false","false","1","1","1","0.25","1","0","0","0","100","0","100","0.5","10","2.5","2","60","1.6","0.4","20.5","6.7","16","8.21","365","14","1","0","0","299","299","15","88012","962","242","784","0","0","249","false","538519","0","0","0","317","354","174"
"30","0.1","1","false","false","false","true","false","false","false","1","1","1","0.25","1","0","0","0","100","0","100","0.5","10","2.5","2","60","1.6","0.4","20.5","6.7","16","8.21","365","14","1","0","0","299","299","16","87777","980","297","944","1","1","646","false","535727","0","1","0","380","433","220"
"30","0.1","1","false","false","false","true","false","false","false","1","1","1","0.25","1","0","0","0","100","0","100","0.5","10","2.5","2","60","1.6","0.4","20.5","6.7","16","8.21","365","14","1","0","0","299","299","17","87546","991","350","1110","2","1","1008","false","531918","0","1","0","449","527","255"
"30","0.1","1","false","false","false","true","false","false","false","1","1","1","0.25","1","0","0","0","100","0","100","0.5","10","2.5","2","60","1.6","0.4","20.5","6.7","16","8.21","365","14","1","0","0","299","299","18","87299","1014","420","1261","4","2","1517","false","528599","0","1","1","524","612","301"
"30","0.1","1","false","false","false","true","false","false","false","1","1","1","0.25","1","0","0","0","100","0","100","0.5","10","2.5","2","60","1.6","0.4","20.5","6.7","16","8.21","365","14","1","0","0","299","299","19","87074","1004","507","1406","7","2","2114","false","524060","0","1","1","618","696","358"
"30","0.1","1","false","false","false","true","false","false","false","1","1","1","0.25","1","0","0","0","100","0","100","0.5","10","2.5","2","60","1.6","0.4","20.5","6.7","16","8.21","365","14","1","0","0","299","299","20","86852","982","592","1562","10","2","2640","false","518897","0","1","1","696","789","416"
"30","0.1","1","false","false","false","true","false","false","false","1","1","1","0.25","1","0","0","0","100","0","100","0.5","10","2.5","2","60","1.6","0.4","20.5","6.7","16","8.21","365","14","1","0","0","299","299","21","86650","932","665","1730","21","2","3060","false","514563","0","1","1","778","869","473"
"30","0.1","1","false","false","false","true","false","false","false","1","1","1","0.25","1","0","0","0","100","0","100","0.5","10","2.5","2","60","1.6","0.4","20.5","6.7","16","8.21","365","14","1","0","0","299","299","22","86453","915","761","1834","34","3","3631","false","511224","0","2","1","857","962","520"
"30","0.1","1","false","false","false","true","false","false","false","1","1","1","0.25","1","0","0","0","100","0","100","0.5","10","2.5","2","60","1.6","0.4","20.5","6.7","16","8.21","365","14","1","0","0","299","299","23","86279","878","857","1941","42","3","4097","false","506726","0","2","1","940","1050","564"
"30","0.1","1","false","false","false","true","false","false","false","1","1","1","0.25","1","0","0","0","100","0","100","0.5","10","2.5","2","60","1.6","0.4","20.5","6.7","16","8.21","365","14","1","0","0","299","299","24","86091","840","951","2051","63","4","4622","false","503180","0","2","2","1024","1140","627"
"30","0.1","1","false","false","false","true","false","false","false","1","1","1","0.25","1","0","0","0","100","0","100","0.5","10","2.5","2","60","1.6","0.4","20.5","6.7","16","8.21","365","14","1","0","0","299","299","25","85927","817","1045","2124","83","4","5051","false","499225","0","2","2","1101","1234","668"
"30","0.1","1","false","false","false","true","false","false","false","1","1","1","0.25","1","0","0","0","100","0","100","0.5","10","2.5","2","60","1.6","0.4","20.5","6.7","16","8.21","365","14","1","0","0","299","299","26","85767","763","1115","2245","103","7","5368","false","495919","0","3","4","1170","1318","718"
"30","0.1","1","false","false","false","true","false","false","false","1","1","1","0.25","1","0","0","0","100","0","100","0.5","10","2.5","2","60","1.6","0.4","20.5","6.7","16","8.21","365","14","1","0","0","299","299","27","85627","729","1194","2315","128","7","5656","false","493346","0","3","4","1234","1403","757"
"30","0.1","1","false","false","false","true","false","false","false","1","1","1","0.25","1","0","0","0","100","0","100","0.5","10","2.5","2","60","1.6","0.4","20.5","6.7","16","8.21","365","14","1","0","0","299","299","28","85481","674","1273","2378","187","7","5916","false","490949","0","3","4","1333","1492","799"
"30","0.1","1","false","false","false","true","false","false","false","1","1","1","0.25","1","0","0","0","100","0","100","0.5","10","2.5","2","60","1.6","0.4","20.5","6.7","16","8.21","365","14","1","0","0","299","299","29","85320","676","1326","2426","239","13","5960","false","488546","1","5","7","1409","1559","836"
"30","0.1","1","false","false","false","true","false","false","false","1","1","1","0.25","1","0","0","0","100","0","100","0.5","10","2.5","2","60","1.6","0.4","20.5","6.7","16","8.21","365","14","1","0","0","299","299","30","85151","698","1373","2459","306","13","5933","false","487445","1","5","7","1469","1613","876"
"30","0.1","1","false","false","false","true","false","false","false","1","1","1","0.25","1","0","0","0","100","0","100","0.5","10","2.5","2","60","1.6","0.4","20.5","6.7","16","8.21","365","14","1","0","0","299","299","31","84928","757","1436","2485","380","14","5974","false","486732","1","6","7","1538","1681","921"
"30","0.1","1","false","false","false","true","false","false","false","1","1","1","0.25","1","0","0","0","100","0","100","0.5","10","2.5","2","60","1.6","0.4","20.5","6.7","16","8.21","365","14","1","0","0","299","299","32","84679","851","1475","2517","460","18","5885","false","485957","2","7","9","1592","1758","956"
"30","0.1","1","false","false","false","true","false","false","false","1","1","1","0.25","1","0","0","0","100","0","100","0.5","10","2.5","2","60","1.6","0.4","20.5","6.7","16","8.21","365","14","1","0","0","299","299","33","84341","1017","1489","2568","565","20","5824","false","486079","2","7","11","1651","1822","992"
"30","0.1","1","false","false","false","true","false","false","false","1","1","1","0.25","1","0","0","0","100","0","100","0.5","10","2.5","2","60","1.6","0.4","20.5","6.7","16","8.21","365","14","1","0","0","299","299","34","83970","1176","1492","2649","690","23","5796","false","486158","3","7","13","1702","1910","1035"
"30","0.1","1","false","false","false","true","false","false","false","1","1","1","0.25","1","0","0","0","100","0","100","0.5","10","2.5","2","60","1.6","0.4","20.5","6.7","16","8.21","365","14","1","0","0","299","299","35","83569","1339","1517","2740","811","24","5847","false","485905","3","7","14","1779","1997","1084"
"30","0.1","1","false","false","false","true","false","false","false","1","1","1","0.25","1","0","0","0","100","0","100","0.5","10","2.5","2","60","1.6","0.4","20.5","6.7","16","8.21","365","14","1","0","0","299","299","36","83194","1434","1530","2848","968","26","5843","false","485148","3","7","16","1875","2093","1142"
"30","0.1","1","false","false","false","true","false","false","false","1","1","1","0.25","1","0","0","0","100","0","100","0.5","10","2.5","2","60","1.6","0.4","20.5","6.7","16","8.21","365","14","1","0","0","299","299","37","82790","1544","1542","2961","1130","33","5957","false","484891","5","7","21","1978","2187","1211"
"30","0.1","1","false","false","false","true","false","false","false","1","1","1","0.25","1","0","0","0","100","0","100","0.5","10","2.5","2","60","1.6","0.4","20.5","6.7","16","8.21","365","14","1","0","0","299","299","38","82394","1598","1582","3122","1270","34","6068","false","483488","5","7","22","2080","2302","1290"
"30","0.1","1","false","false","false","true","false","false","false","1","1","1","0.25","1","0","0","0","100","0","100","0.5","10","2.5","2","60","1.6","0.4","20.5","6.7","16","8.21","365","14","1","0","0","299","299","39","82010","1603","1641","3275","1436","35","6211","false","482348","5","7","23","2197","2445","1377"
"30","0.1","1","false","false","false","true","false","false","false","1","1","1","0.25","1","0","0","0","100","0","100","0.5","10","2.5","2","60","1.6","0.4","20.5","6.7","16","8.21","365","14","1","0","0","299","299","40","81604","1664","1674","3406","1611","41","6294","false","481041","6","8","27","2318","2598","1430"
"30","0.1","1","false","false","false","true","false","false","false","1","1","1","0.25","1","0","0","0","100","0","100","0.5","10","2.5","2","60","1.6","0.4","20.5","6.7","16","8.21","365","14","1","0","0","299","299","41","81191","1691","1723","3559","1793","43","6395","false","480119","7","8","28","2456","2737","1516"
"30","0.1","1","false","false","false","true","false","false","false","1","1","1","0.25","1","0","0","0","100","0","100","0.5","10","2.5","2","60","1.6","0.4","20.5","6.7","16","8.21","365","14","1","0","0","299","299","42","80781","1726","1781","3690","1976","46","6403","false","478998","7","9","30","2601","2876","1605"
"30","0.1","1","false","false","false","true","false","false","false","1","1","1","0.25","1","0","0","0","100","0","100","0.5","10","2.5","2","60","1.6","0.4","20.5","6.7","16","8.21","365","14","1","0","0","299","299","43","80357","1748","1851","3840","2156","48","6377","false","478426","8","9","31","2739","3037","1688"
"30","0.1","1","false","false","false","true","false","false","false","1","1","1","0.25","1","0","0","0","100","0","100","0.5","10","2.5","2","60","1.6","0.4","20.5","6.7","16","8.21","365","14","1","0","0","299","299","44","79899","1763","1901","4040","2348","49","6518","false","478465","8","9","32","2889","3196","1776"
"30","0.1","1","false","false","false","true","false","false","false","1","1","1","0.25","1","0","0","0","100","0","100","0.5","10","2.5","2","60","1.6","0.4","20.5","6.7","16","8.21","365","14","1","0","0","299","299","45","79455","1828","1966","4180","2520","51","6582","false","477142","8","9","34","3021","3315","1870"
"30","0.1","1","false","false","false","true","false","false","false","1","1","1","0.25","1","0","0","0","100","0","100","0.5","10","2.5","2","60","1.6","0.4","20.5","6.7","16","8.21","365","14","1","0","0","299","299","46","78998","1874","2068","4289","2717","54","6881","false","476454","8","10","36","3176","3471","1968"
"30","0.1","1","false","false","false","true","false","false","false","1","1","1","0.25","1","0","0","0","100","0","100","0.5","10","2.5","2","60","1.6","0.4","20.5","6.7","16","8.21","365","14","1","0","0","299","299","47","78542","1900","2153","4451","2894","60","6985","false","473860","9","10","41","3336","3643","2072"
"30","0.1","1","false","false","false","true","false","false","false","1","1","1","0.25","1","0","0","0","100","0","100","0.5","10","2.5","2","60","1.6","0.4","20.5","6.7","16","8.21","365","14","1","0","0","299","299","48","78103","1907","2255","4611","3060","64","7192","false","472871","9","11","44","3489","3823","2163"
"30","0.1","1","false","false","false","true","false","false","false","1","1","1","0.25","1","0","0","0","100","0","100","0.5","10","2.5","2","60","1.6","0.4","20.5","6.7","16","8.21","365","14","1","0","0","299","299","49","77672","1880","2343","4817","3223","65","7306","false","471100","9","11","45","3650","3998","2261"
"30","0.1","1","false","false","false","true","false","false","false","1","1","1","0.25","1","0","0","0","100","0","100","0.5","10","2.5","2","60","1.6","0.4","20.5","6.7","16","8.21","365","14","1","0","0","299","299","50","77220","1899","2438","4946","3427","70","7495","false","470079","9","13","48","3808","4189","2361"
"30","0.1","1","false","false","false","true","false","false","false","1","1","1","0.25","1","0","0","0","100","0","100","0.5","10","2.5","2","60","1.6","0.4","20.5","6.7","16","8.21","365","14","1","0","0","299","299","51","76798","1865","2533","5072","3659","73","7669","false","468538","10","13","50","3972","4367","2458"
"30","0.1","1","false","false","false","true","false","false","false","1","1","1","0.25","1","0","0","0","100","0","100","0.5","10","2.5","2","60","1.6","0.4","20.5","6.7","16","8.21","365","14","1","0","0","299","299","52","76357","1885","2629","5171","3882","76","7951","false","466986","10","15","51","4122","4523","2568"
"30","0.1","1","false","false","false","true","false","false","false","1","1","1","0.25","1","0","0","0","100","0","100","0.5","10","2.5","2","60","1.6","0.4","20.5","6.7","16","8.21","365","14","1","0","0","299","299","53","75958","1850","2725","5302","4085","80","7973","false","464648","11","16","53","4290","4667","2674"
"30","0.1","1","false","false","false","true","false","false","false","1","1","1","0.25","1","0","0","0","100","0","100","0.5","10","2.5","2","60","1.6","0.4","20.5","6.7","16","8.21","365","14","1","0","0","299","299","54","75530","1820","2835","5409","4322","84","8191","false","464301","13","16","55","4446","4854","2786"
"30","0.1","1","false","false","false","true","false","false","false","1","1","1","0.25","1","0","0","0","100","0","100","0.5","10","2.5","2","60","1.6","0.4","20.5","6.7","16","8.21","365","14","1","0","0","299","299","55","75128","1792","2941","5487","4566","86","8350","false","462519","13","18","55","4604","5050","2877"
"30","0.1","1","false","false","false","true","false","false","false","1","1","1","0.25","1","0","0","0","100","0","100","0.5","10","2.5","2","60","1.6","0.4","20.5","6.7","16","8.21","365","14","1","0","0","299","299","56","74686","1821","3048","5575","4778","92","8548","false","461125","13","18","61","4757","5213","2992"
"30","0.1","1","false","false","false","true","false","false","false","1","1","1","0.25","1","0","0","0","100","0","100","0.5","10","2.5","2","60","1.6","0.4","20.5","6.7","16","8.21","365","14","1","0","0","299","299","57","74259","1850","3128","5626","5039","98","8703","false","459471","14","21","63","4887","5383","3099"
"30","0.1","1","false","false","false","true","false","false","false","1","1","1","0.25","1","0","0","0","100","0","100","0.5","10","2.5","2","60","1.6","0.4","20.5","6.7","16","8.21","365","14","1","0","0","299","299","58","73792","1896","3223","5665","5326","98","8852","false","457968","14","21","63","5033","5574","3188"
"30","0.1","1","false","false","false","true","false","false","false","1","1","1","0.25","1","0","0","0","100","0","100","0.5","10","2.5","2","60","1.6","0.4","20.5","6.7","16","8.21","365","14","1","0","0","299","299","59","73362","1876","3307","5755","5597","103","8843","false","456742","14","22","67","5197","5756","3284"
"30","0.1","1","false","false","false","true","false","false","false","1","1","1","0.25","1","0","0","0","100","0","100","0.5","10","2.5","2","60","1.6","0.4","20.5","6.7","16","8.21","365","14","1","0","0","299","299","60","72942","1864","3387","5846","5852","109","8852","false","456568","15","22","72","5356","5929","3385"
"30","0.1","1","false","false","false","true","false","false","false","1","1","1","0.25","1","0","0","0","100","0","100","0.5","10","2.5","2","60","1.6","0.4","20.5","6.7","16","8.21","365","14","1","0","0","299","299","61","72478","1879","3456","5906","6164","117","8904","false","456309","15","25","77","5504","6123","3479"
"30","0.1","1","false","false","false","true","false","false","false","1","1","1","0.25","1","0","0","0","100","0","100","0.5","10","2.5","2","60","1.6","0.4","20.5","6.7","16","8.21","365","14","1","0","0","299","299","62","71982","1951","3516","5943","6485","123","8974","false","455567","15","26","82","5667","6305","3569"
"30","0.1","1","false","false","false","true","false","false","false","1","1","1","0.25","1","0","0","0","100","0","100","0.5","10","2.5","2","60","1.6","0.4","20.5","6.7","16","8.21","365","14","1","0","0","299","299","63","71484","2001","3535","5992","6856","132","8992","false","454917","15","28","89","5822","6482","3664"
"30","0.1","1","false","false","false","true","false","false","false","1","1","1","0.25","1","0","0","0","100","0","100","0.5","10","2.5","2","60","1.6","0.4","20.5","6.7","16","8.21","365","14","1","0","0","299","299","64","70962","2085","3605","5999","7213","136","9165","false","454397","15","31","90","5981","6655","3802"
"30","0.1","1","false","false","false","true","false","false","false","1","1","1","0.25","1","0","0","0","100","0","100","0.5","10","2.5","2","60","1.6","0.4","20.5","6.7","16","8.21","365","14","1","0","0","299","299","65","70506","2069","3626","6113","7545","141","9149","false","452758","15","31","95","6113","6843","3916"
"30","0.1","1","false","false","false","true","false","false","false","1","1","1","0.25","1","0","0","0","100","0","100","0.5","10","2.5","2","60","1.6","0.4","20.5","6.7","16","8.21","365","14","1","0","0","299","299","66","70053","2021","3690","6202","7888","146","9197","false","452605","16","33","97","6295","7039","4035"
"30","0.1","1","false","false","false","true","false","false","false","1","1","1","0.25","1","0","0","0","100","0","100","0.5","10","2.5","2","60","1.6","0.4","20.5","6.7","16","8.21","365","14","1","0","0","299","299","67","69527","2089","3709","6221","8298","156","9146","false","452088","16","34","106","6465","7228","4145"
"30","0.1","1","false","false","false","true","false","false","false","1","1","1","0.25","1","0","0","0","100","0","100","0.5","10","2.5","2","60","1.6","0.4","20.5","6.7","16","8.21","365","14","1","0","0","299","299","68","68942","2180","3781","6266","8667","164","9182","false","452131","19","35","110","6657","7429","4270"
"30","0.1","1","false","false","false","true","false","false","false","1","1","1","0.25","1","0","0","0","100","0","100","0.5","10","2.5","2","60","1.6","0.4","20.5","6.7","16","8.21","365","14","1","0","0","299","299","69","68410","2208","3779","6360","9070","173","9247","false","451527","20","37","116","6811","7630","4374"
"30","0.1","1","false","false","false","true","false","false","false","1","1","1","0.25","1","0","0","0","100","0","100","0.5","10","2.5","2","60","1.6","0.4","20.5","6.7","16","8.21","365","14","1","0","0","299","299","70","67854","2291","3789","6426","9461","179","9305","false","450693","21","39","119","6969","7819","4478"
"30","0.1","1","false","false","false","true","false","false","false","1","1","1","0.25","1","0","0","0","100","0","100","0.5","10","2.5","2","60","1.6","0.4","20.5","6.7","16","8.21","365","14","1","0","0","299","299","71","67309","2350","3802","6498","9854","187","9345","false","449958","23","41","123","7147","8026","4588"
"30","0.1","1","false","false","false","true","false","false","false","1","1","1","0.25","1","0","0","0","100","0","100","0.5","10","2.5","2","60","1.6","0.4","20.5","6.7","16","8.21","365","14","1","0","0","299","299","72","66682","2406","3834","6628","10259","191","9495","false","449404","23","42","126","7366","8249","4707"
"30","0.1","1","false","false","false","true","false","false","false","1","1","1","0.25","1","0","0","0","100","0","100","0.5","10","2.5","2","60","1.6","0.4","20.5","6.7","16","8.21","365","14","1","0","0","299","299","73","66108","2428","3893","6732","10645","194","9553","false","448084","23","43","128","7560","8451","4833"
"30","0.1","1","false","false","false","true","false","false","false","1","1","1","0.25","1","0","0","0","100","0","100","0.5","10","2.5","2","60","1.6","0.4","20.5","6.7","16","8.21","365","14","1","0","0","299","299","74","65523","2485","3922","6787","11080","203","9669","false","447367","23","45","135","7749","8670","4947"
"30","0.1","1","false","false","false","true","false","false","false","1","1","1","0.25","1","0","0","0","100","0","100","0.5","10","2.5","2","60","1.6","0.4","20.5","6.7","16","8.21","365","14","1","0","0","299","299","75","64960","2468","3927","6907","11526","212","9790","false","446202","23","47","142","7936","8884","5078"
"30","0.1","1","false","false","false","true","false","false","false","1","1","1","0.25","1","0","0","0","100","0","100","0.5","10","2.5","2","60","1.6","0.4","20.5","6.7","16","8.21","365","14","1","0","0","299","299","76","64412","2449","3983","7025","11912","219","9898","false","445003","24","49","146","8148","9102","5202"
"30","0.1","1","false","false","false","true","false","false","false","1","1","1","0.25","1","0","0","0","100","0","100","0.5","10","2.5","2","60","1.6","0.4","20.5","6.7","16","8.21","365","14","1","0","0","299","299","77","63865","2416","4036","7119","12336","228","10077","false","443978","25","50","153","8333","9345","5335"
"30","0.1","1","false","false","false","true","false","false","false","1","1","1","0.25","1","0","0","0","100","0","100","0.5","10","2.5","2","60","1.6","0.4","20.5","6.7","16","8.21","365","14","1","0","0","299","299","78","63281","2404","4073","7251","12756","235","10087","false","442467","26","51","158","8562","9566","5469"
"30","0.1","1","false","false","false","true","false","false","false","1","1","1","0.25","1","0","0","0","100","0","100","0.5","10","2.5","2","60","1.6","0.4","20.5","6.7","16","8.21","365","14","1","0","0","299","299","79","62725","2384","4137","7359","13150","245","10232","false","442331","26","52","167","8798","9785","5586"
"30","0.1","1","false","false","false","true","false","false","false","1","1","1","0.25","1","0","0","0","100","0","100","0.5","10","2.5","2","60","1.6","0.4","20.5","6.7","16","8.21","365","14","1","0","0","299","299","80","62208","2319","4216","7429","13576","252","10325","false","441042","28","54","170","9020","10013","5741"
"30","0.1","1","false","false","false","true","false","false","false","1","1","1","0.25","1","0","0","0","100","0","100","0.5","10","2.5","2","60","1.6","0.4","20.5","6.7","16","8.21","365","14","1","0","0","299","299","81","61637","2377","4284","7437","14001","264","10399","false","440267","30","58","176","9217","10223","5863"
"30","0.1","1","false","false","false","true","false","false","false","1","1","1","0.25","1","0","0","0","100","0","100","0.5","10","2.5","2","60","1.6","0.4","20.5","6.7","16","8.21","365","14","1","0","0","299","299","82","61130","2298","4339","7528","14432","273","10450","false","439422","32","60","181","9447","10462","5982"
"30","0.1","1","false","false","false","true","false","false","false","1","1","1","0.25","1","0","0","0","100","0","100","0.5","10","2.5","2","60","1.6","0.4","20.5","6.7","16","8.21","365","14","1","0","0","299","299","83","60536","2365","4407","7538","14868","286","10489","false","438778","32","66","188","9643","10692","6117"
"30","0.1","1","false","false","false","true","false","false","false","1","1","1","0.25","1","0","0","0","100","0","100","0.5","10","2.5","2","60","1.6","0.4","20.5","6.7","16","8.21","365","14","1","0","0","299","299","84","59946","2426","4450","7602","15283","293","10539","false","438201","33","67","193","9858","10902","6236"
"30","0.1","1","false","false","false","true","false","false","false","1","1","1","0.25","1","0","0","0","100","0","100","0.5","10","2.5","2","60","1.6","0.4","20.5","6.7","16","8.21","365","14","1","0","0","299","299","85","59399","2386","4487","7699","15727","302","10550","false","437674","33","70","199","10070","11115","6373"
"30","0.1","1","false","false","false","true","false","false","false","1","1","1","0.25","1","0","0","0","100","0","100","0.5","10","2.5","2","60","1.6","0.4","20.5","6.7","16","8.21","365","14","1","0","0","299","299","86","58865","2317","4523","7812","16172","311","10544","false","437403","36","73","202","10279","11328","6510"
"30","0.1","1","false","false","false","true","false","false","false","1","1","1","0.25","1","0","0","0","100","0","100","0.5","10","2.5","2","60","1.6","0.4","20.5","6.7","16","8.21","365","14","1","0","0","299","299","87","58312","2316","4571","7834","16647","320","10641","false","437454","37","77","206","10488","11577","6631"
"30","0.1","1","false","false","false","true","false","false","false","1","1","1","0.25","1","0","0","0","100","0","100","0.5","10","2.5","2","60","1.6","0.4","20.5","6.7","16","8.21","365","14","1","0","0","299","299","88","57751","2376","4609","7866","17076","322","10552","false","436604","37","78","207","10661","11804","6751"
"30","0.1","1","false","false","false","true","false","false","false","1","1","1","0.25","1","0","0","0","100","0","100","0.5","10","2.5","2","60","1.6","0.4","20.5","6.7","16","8.21","365","14","1","0","0","299","299","89","57175","2396","4674","7878","17547","330","10574","false","437268","37","82","211","10911","12016","6870"
"30","0.1","1","false","false","false","true","false","false","false","1","1","1","0.25","1","0","0","0","100","0","100","0.5","10","2.5","2","60","1.6","0.4","20.5","6.7","16","8.21","365","14","1","0","0","299","299","90","56578","2434","4719","7927","18006","336","10493","false","436922","37","82","217","11147","12226","6990"
"30","0.1","1","false","false","false","true","false","false","false","1","1","1","0.25","1","0","0","0","100","0","100","0.5","10","2.5","2","60","1.6","0.4","20.5","6.7","16","8.21","365","14","1","0","0","299","299","91","56010","2459","4730","7950","18508","343","10435","false","437430","37","84","222","11329","12434","7126"
"30","0.1","1","false","false","false","true","false","false","false","1","1","1","0.25","1","0","0","0","100","0","100","0.5","10","2.5","2","60","1.6","0.4","20.5","6.7","16","8.21","365","14","1","0","0","299","299","92","55423","2477","4711","8011","19027","351","10478","false","437628","38","86","227","11540","12642","7248"
"30","0.1","1","false","false","false","true","false","false","false","1","1","1","0.25","1","0","0","0","100","0","100","0.5","10","2.5","2","60","1.6","0.4","20.5","6.7","16","8.21","365","14","1","0","0","299","299","93","54808","2526","4738","8025","19547","356","10496","false","437027","39","87","230","11742","12858","7390"
"30","0.1","1","false","false","false","true","false","false","false","1","1","1","0.25","1","0","0","0","100","0","100","0.5","10","2.5","2","60","1.6","0.4","20.5","6.7","16","8.21","365","14","1","0","0","299","299","94","54207","2537","4757","8065","20066","368","10583","false","436977","43","88","237","11967","13078","7530"
"30","0.1","1","false","false","false","true","false","false","false","1","1","1","0.25","1","0","0","0","100","0","100","0.5","10","2.5","2","60","1.6","0.4","20.5","6.7","16","8.21","365","14","1","0","0","299","299","95","53600","2520","4744","8164","20600","372","10551","false","435971","43","89","240","12195","13304","7649"
"30","0.1","1","false","false","false","true","false","false","false","1","1","1","0.25","1","0","0","0","100","0","100","0.5","10","2.5","2","60","1.6","0.4","20.5","6.7","16","8.21","365","14","1","0","0","299","299","96","52989","2529","4770","8220","21111","381","10541","false","436285","43","92","246","12419","13553","7792"
"30","0.1","1","false","false","false","true","false","false","false","1","1","1","0.25","1","0","0","0","100","0","100","0.5","10","2.5","2","60","1.6","0.4","20.5","6.7","16","8.21","365","14","1","0","0","299","299","97","52354","2602","4788","8194","21669","393","10572","false","436456","46","94","253","12648","13770","7907"
"30","0.1","1","false","false","false","true","false","false","false","1","1","1","0.25","1","0","0","0","100","0","100","0.5","10","2.5","2","60","1.6","0.4","20.5","6.7","16","8.21","365","14","1","0","0","299","299","98","51754","2595","4816","8259","22174","402","10622","false","435984","47","97","258","12868","14007","8063"
"30","0.1","1","false","false","false","true","false","false","false","1","1","1","0.25","1","0","0","0","100","0","100","0.5","10","2.5","2","60","1.6","0.4","20.5","6.7","16","8.21","365","14","1","0","0","299","299","99","51209","2519","4860","8292","22712","408","10607","false","435437","49","98","261","13095","14248","8209"
"30","0.1","1","false","false","false","true","false","false","false","1","1","1","0.25","1","0","0","0","100","0","100","0.5","10","2.5","2","60","1.6","0.4","20.5","6.7","16","8.21","365","14","1","0","0","299","299","100","50616","2488","4878","8321","23284","413","10690","false","435350","50","99","264","13317","14496","8343"
"30","0.1","1","false","false","false","true","false","false","false","1","1","1","0.25","1","0","0","0","100","0","100","0.5","10","2.5","2","60","1.6","0.4","20.5","6.7","16","8.21","365","14","1","0","0","299","299","101","49998","2530","4932","8310","23807","423","10723","false","434481","53","104","266","13539","14740","8478"
"30","0.1","1","false","false","false","true","false","false","false","1","1","1","0.25","1","0","0","0","100","0","100","0.5","10","2.5","2","60","1.6","0.4","20.5","6.7","16","8.21","365","14","1","0","0","299","299","102","49399","2565","4926","8327","24354","429","10761","false","434202","53","106","270","13752","14953","8596"
"30","0.1","1","false","false","false","true","false","false","false","1","1","1","0.25","1","0","0","0","100","0","100","0.5","10","2.5","2","60","1.6","0.4","20.5","6.7","16","8.21","365","14","1","0","0","299","299","103","48800","2561","4962","8342","24896","439","10917","false","434108","56","108","275","13969","15218","8738"
"30","0.1","1","false","false","false","true","false","false","false","1","1","1","0.25","1","0","0","0","100","0","100","0.5","10","2.5","2","60","1.6","0.4","20.5","6.7","16","8.21","365","14","1","0","0","299","299","104","48222","2542","4917","8408","25459","452","10950","false","432610","60","109","283","14193","15428","8886"
"30","0.1","1","false","false","false","true","false","false","false","1","1","1","0.25","1","0","0","0","100","0","100","0.5","10","2.5","2","60","1.6","0.4","20.5","6.7","16","8.21","365","14","1","0","0","299","299","105","47685","2501","4908","8445","25996","465","10796","false","432243","63","112","290","14411","15641","9017"
"30","0.1","1","false","false","false","true","false","false","false","1","1","1","0.25","1","0","0","0","100","0","100","0.5","10","2.5","2","60","1.6","0.4","20.5","6.7","16","8.21","365","14","1","0","0","299","299","106","47118","2499","4960","8428","26518","477","10740","false","433334","64","118","295","14622","15877","9149"
"30","0.1","1","false","false","false","true","false","false","false","1","1","1","0.25","1","0","0","0","100","0","100","0.5","10","2.5","2","60","1.6","0.4","20.5","6.7","16","8.21","365","14","1","0","0","299","299","107","46525","2522","5017","8415","27037","484","10776","false","433715","66","122","296","14838","16116","9288"
"30","0.1","1","false","false","false","true","false","false","false","1","1","1","0.25","1","0","0","0","100","0","100","0.5","10","2.5","2","60","1.6","0.4","20.5","6.7","16","8.21","365","14","1","0","0","299","299","108","45975","2450","5033","8455","27593","494","10813","false","433308","69","123","302","15063","16362","9438"
"30","0.1","1","false","false","false","true","false","false","false","1","1","1","0.25","1","0","0","0","100","0","100","0.5","10","2.5","2","60","1.6","0.4","20.5","6.7","16","8.21","365","14","1","0","0","299","299","109","45384","2456","5060","8436","28159","505","10781","false","432831","71","128","306","15293","16590","9594"
"30","0.1","1","false","false","false","true","false","false","false","1","1","1","0.25","1","0","0","0","100","0","100","0.5","10","2.5","2","60","1.6","0.4","20.5","6.7","16","8.21","365","14","1","0","0","299","299","110","44804","2462","5065","8424","28728","517","10753","false","432812","75","129","313","15513","16822","9724"
"30","0.1","1","false","false","false","true","false","false","false","1","1","1","0.25","1","0","0","0","100","0","100","0.5","10","2.5","2","60","1.6","0.4","20.5","6.7","16","8.21","365","14","1","0","0","299","299","111","44218","2464","5064","8420","29306","528","10690","false","432746","77","131","320","15697","17055","9876"
"30","0.1","1","false","false","false","true","false","false","false","1","1","1","0.25","1","0","0","0","100","0","100","0.5","10","2.5","2","60","1.6","0.4","20.5","6.7","16","8.21","365","14","1","0","0","299","299","112","43581","2511","5042","8447","29882","537","10744","false","433109","78","134","325","15918","17298","10007"
"30","0.1","1","false","false","false","true","false","false","false","1","1","1","0.25","1","0","0","0","100","0","100","0.5","10","2.5","2","60","1.6","0.4","20.5","6.7","16","8.21","365","14","1","0","0","299","299","113","43022","2486","5066","8414","30466","546","10735","false","432624","78","137","331","16160","17536","10143"
"30","0.1","1","false","false","false","true","false","false","false","1","1","1","0.25","1","0","0","0","100","0","100","0.5","10","2.5","2","60","1.6","0.4","20.5","6.7","16","8.21","365","14","1","0","0","299","299","114","42494","2471","5060","8394","31025","556","10641","false","432547","79","139","338","16367","17757","10267"
"30","0.1","1","false","false","false","true","false","false","false","1","1","1","0.25","1","0","0","0","100","0","100","0.5","10","2.5","2","60","1.6","0.4","20.5","6.7","16","8.21","365","14","1","0","0","299","299","115","41975","2399","5034","8446","31576","570","10556","false","433392","82","144","344","16597","17977","10394"
"30","0.1","1","false","false","false","true","false","false","false","1","1","1","0.25","1","0","0","0","100","0","100","0.5","10","2.5","2","60","1.6","0.4","20.5","6.7","16","8.21","365","14","1","0","0","299","299","116","41410","2347","5057","8469","32140","577","10642","false","433895","83","145","349","16825","18222","10549"
"30","0.1","1","false","false","false","true","false","false","false","1","1","1","0.25","1","0","0","0","100","0","100","0.5","10","2.5","2","60","1.6","0.4","20.5","6.7","16","8.21","365","14","1","0","0","299","299","117","40820","2359","5073","8497","32665","586","10624","false","433241","83","148","355","17024","18427","10687"
"30","0.1","1","false","false","false","true","false","false","false","1","1","1","0.25","1","0","0","0","100","0","100","0.5","10","2.5","2","60","1.6","0.4","20.5","6.7","16","8.21","365","14","1","0","0","299","299","118","40243","2373","5050","8484","33250","600","10614","false","433321","85","149","366","17237","18672","10808"
"30","0.1","1","false","false","false","true","false","false","false","1","1","1","0.25","1","0","0","0","100","0","100","0.5","10","2.5","2","60","1.6","0.4","20.5","6.7","16","8.21","365","14","1","0","0","299","299","119","39670","2398","5046","8455","33821","610","10674","false","433529","87","150","373","17452","18888","10914"
"30","0.1","1","false","false","false","true","false","false","false","1","1","1","0.25","1","0","0","0","100","0","100","0.5","10","2.5","2","60","1.6","0.4","20.5","6.7","16","8.21","365","14","1","0","0","299","299","120","39131","2390","5065","8428","34366","620","10583","false","433023","88","151","381","17657","19097","11061"
"30","0.1","1","false","false","false","true","false","false","false","1","1","1","0.25","1","0","0","0","100","0","100","0.5","10","2.5","2","60","1.6","0.4","20.5","6.7","16","8.21","365","14","1","0","0","299","299","121","38592","2377","5034","8440","34926","631","10477","false","433730","89","154","388","17867","19299","11199"
"30","0.1","1","false","false","false","true","false","false","false","1","1","1","0.25","1","0","0","0","100","0","100","0.5","10","2.5","2","60","1.6","0.4","20.5","6.7","16","8.21","365","14","1","0","0","299","299","122","38053","2342","5018","8452","35500","635","10300","false","434399","89","154","392","18105","19511","11327"
"30","0.1","1","false","false","false","true","false","false","false","1","1","1","0.25","1","0","0","0","100","0","100","0.5","10","2.5","2","60","1.6","0.4","20.5","6.7","16","8.21","365","14","1","0","0","299","299","123","37497","2334","5015","8424","36085","645","10215","false","435753","91","156","398","18301","19736","11451"
"30","0.1","1","false","false","false","true","false","false","false","1","1","1","0.25","1","0","0","0","100","0","100","0.5","10","2.5","2","60","1.6","0.4","20.5","6.7","16","8.21","365","14","1","0","0","299","299","124","36915","2370","5028","8361","36671","655","10133","false","436363","92","160","403","18513","19979","11580"
"30","0.1","1","false","false","false","true","false","false","false","1","1","1","0.25","1","0","0","0","100","0","100","0.5","10","2.5","2","60","1.6","0.4","20.5","6.7","16","8.21","365","14","1","0","0","299","299","125","36365","2359","5017","8356","37241","662","10031","false","436982","92","164","406","18715","20202","11707"
"30","0.1","1","false","false","false","true","false","false","false","1","1","1","0.25","1","0","0","0","100","0","100","0.5","10","2.5","2","60","1.6","0.4","20.5","6.7","16","8.21","365","14","1","0","0","299","299","126","35806","2380","5003","8304","37838","669","9974","false","437690","94","164","411","18901","20445","11835"
"30","0.1","1","false","false","false","true","false","false","false","1","1","1","0.25","1","0","0","0","100","0","100","0.5","10","2.5","2","60","1.6","0.4","20.5","6.7","16","8.21","365","14","1","0","0","299","299","127","35265","2319","4979","8321","38440","676","9875","false","438102","94","165","417","19123","20648","11983"
"30","0.1","1","false","false","false","true","false","false","false","1","1","1","0.25","1","0","0","0","100","0","100","0.5","10","2.5","2","60","1.6","0.4","20.5","6.7","16","8.21","365","14","1","0","0","299","299","128","34724","2296","4944","8329","39020","687","9796","false","438819","95","170","422","19326","20854","12102"
"30","0.1","1","false","false","false","true","false","false","false","1","1","1","0.25","1","0","0","0","100","0","100","0.5","10","2.5","2","60","1.6","0.4","20.5","6.7","16","8.21","365","14","1","0","0","299","299","129","34157","2330","4924","8303","39589","697","9684","false","439416","97","173","427","19525","21068","12238"
"30","0.1","1","false","false","false","true","false","false","false","1","1","1","0.25","1","0","0","0","100","0","100","0.5","10","2.5","2","60","1.6","0.4","20.5","6.7","16","8.21","365","14","1","0","0","299","299","130","33585","2324","4944","8327","40112","708","9656","false","440252","99","175","434","19736","21296","12400"
"30","0.1","1","false","false","false","true","false","false","false","1","1","1","0.25","1","0","0","0","100","0","100","0.5","10","2.5","2","60","1.6","0.4","20.5","6.7","16","8.21","365","14","1","0","0","299","299","131","33053","2291","4955","8304","40679","718","9610","false","440519","100","178","440","19936","21540","12533"
"30","0.1","1","false","false","false","true","false","false","false","1","1","1","0.25","1","0","0","0","100","0","100","0.5","10","2.5","2","60","1.6","0.4","20.5","6.7","16","8.21","365","14","1","0","0","299","299","132","32501","2321","4925","8256","41267","730","9534","false","440946","102","181","447","20140","21734","12656"
"30","0.1","1","false","false","false","true","false","false","false","1","1","1","0.25","1","0","0","0","100","0","100","0.5","10","2.5","2","60","1.6","0.4","20.5","6.7","16","8.21","365","14","1","0","0","299","299","133","31988","2326","4882","8167","41896","741","9542","false","441279","103","182","456","20339","21940","12769"
"30","0.1","1","false","false","false","true","false","false","false","1","1","1","0.25","1","0","0","0","100","0","100","0.5","10","2.5","2","60","1.6","0.4","20.5","6.7","16","8.21","365","14","1","0","0","299","299","134","31480","2267","4890","8195","42418","750","9520","false","441003","104","186","460","20538","22178","12887"
"30","0.1","1","false","false","false","true","false","false","false","1","1","1","0.25","1","0","0","0","100","0","100","0.5","10","2.5","2","60","1.6","0.4","20.5","6.7","16","8.21","365","14","1","0","0","299","299","135","30924","2267","4868","8206","42976","759","9570","false","441244","105","190","464","20738","22395","13013"
"30","0.1","1","false","false","false","true","false","false","false","1","1","1","0.25","1","0","0","0","100","0","100","0.5","10","2.5","2","60","1.6","0.4","20.5","6.7","16","8.21","365","14","1","0","0","299","299","136","30419","2219","4843","8206","43545","768","9493","false","441001","106","192","470","20941","22605","13127"
"30","0.1","1","false","false","false","true","false","false","false","1","1","1","0.25","1","0","0","0","100","0","100","0.5","10","2.5","2","60","1.6","0.4","20.5","6.7","16","8.21","365","14","1","0","0","299","299","137","29889","2207","4815","8191","44118","780","9474","false","441466","108","193","479","21119","22835","13248"
"30","0.1","1","false","false","false","true","false","false","false","1","1","1","0.25","1","0","0","0","100","0","100","0.5","10","2.5","2","60","1.6","0.4","20.5","6.7","16","8.21","365","14","1","0","0","299","299","138","29412","2155","4868","8109","44670","786","9444","false","441554","108","195","483","21330","23062","13384"
"30","0.1","1","false","false","false","true","false","false","false","1","1","1","0.25","1","0","0","0","100","0","100","0.5","10","2.5","2","60","1.6","0.4","20.5","6.7","16","8.21","365","14","1","0","0","299","299","139","28932","2125","4865","8032","45256","790","9421","false","441855","108","197","485","21544","23245","13511"
"30","0.1","1","false","false","false","true","false","false","false","1","1","1","0.25","1","0","0","0","100","0","100","0.5","10","2.5","2","60","1.6","0.4","20.5","6.7","16","8.21","365","14","1","0","0","299","299","140","28478","2065","4836","7999","45824","798","9344","false","442151","108","199","491","21745","23453","13630"
"30","0.1","1","false","false","false","true","false","false","false","1","1","1","0.25","1","0","0","0","100","0","100","0.5","10","2.5","2","60","1.6","0.4","20.5","6.7","16","8.21","365","14","1","0","0","299","299","141","28044","2005","4844","7895","46405","807","9249","false","442808","108","202","497","21934","23688","13755"
"30","0.1","1","false","false","false","true","false","false","false","1","1","1","0.25","1","0","0","0","100","0","100","0.5","10","2.5","2","60","1.6","0.4","20.5","6.7","16","8.21","365","14","1","0","0","299","299","142","27575","1999","4850","7753","47007","816","9191","false","443502","109","204","503","22119","23890","13864"
"30","0.1","1","false","false","false","true","false","false","false","1","1","1","0.25","1","0","0","0","100","0","100","0.5","10","2.5","2","60","1.6","0.4","20.5","6.7","16","8.21","365","14","1","0","0","299","299","143","27109","1985","4843","7744","47497","822","8990","false","443930","109","205","508","22291","24071","13982"
"30","0.1","1","false","false","false","true","false","false","false","1","1","1","0.25","1","0","0","0","100","0","100","0.5","10","2.5","2","60","1.6","0.4","20.5","6.7","16","8.21","365","14","1","0","0","299","299","144","26638","1970","4815","7706","48042","829","8785","false","445542","111","207","511","22465","24266","14081"
"30","0.1","1","false","false","false","true","false","false","false","1","1","1","0.25","1","0","0","0","100","0","100","0.5","10","2.5","2","60","1.6","0.4","20.5","6.7","16","8.21","365","14","1","0","0","299","299","145","26141","2021","4761","7611","48624","842","8852","false","447118","113","212","517","22642","24442","14189"
"30","0.1","1","false","false","false","true","false","false","false","1","1","1","0.25","1","0","0","0","100","0","100","0.5","10","2.5","2","60","1.6","0.4","20.5","6.7","16","8.21","365","14","1","0","0","299","299","146","25718","1982","4700","7520","49223","857","8748","false","446589","114","214","529","22825","24618","14299"
"30","0.1","1","false","false","false","true","false","false","false","1","1","1","0.25","1","0","0","0","100","0","100","0.5","10","2.5","2","60","1.6","0.4","20.5","6.7","16","8.21","365","14","1","0","0","299","299","147","25297","1935","4646","7484","49773","865","8523","false","447463","115","216","534","23010","24796","14396"
"30","0.1","1","false","false","false","true","false","false","false","1","1","1","0.25","1","0","0","0","100","0","100","0.5","10","2.5","2","60","1.6","0.4","20.5","6.7","16","8.21","365","14","1","0","0","299","299","148","24838","1916","4649","7417","50304","876","8431","false","449154","116","218","542","23199","24989","14509"
"30","0.1","1","false","false","false","true","false","false","false","1","1","1","0.25","1","0","0","0","100","0","100","0.5","10","2.5","2","60","1.6","0.4","20.5","6.7","16","8.21","365","14","1","0","0","299","299","149","24396","1929","4613","7334","50842","886","8256","false","449766","118","218","550","23373","25151","14612"
"30","0.1","1","false","false","false","true","false","false","false","1","1","1","0.25","1","0","0","0","100","0","100","0.5","10","2.5","2","60","1.6","0.4","20.5","6.7","16","8.21","365","14","1","0","0","299","299","150","23964","1907","4584","7267","51384","894","8090","false","451068","120","219","555","23550","25326","14703"
"30","0.1","1","false","false","false","true","false","false","false","1","1","1","0.25","1","0","0","0","100","0","100","0.5","10","2.5","2","60","1.6","0.4","20.5","6.7","16","8.21","365","14","1","0","0","299","299","151","23495","1926","4535","7203","51938","903","8082","false","452327","123","220","560","23713","25522","14794"
"30","0.1","1","false","false","false","true","false","false","false","1","1","1","0.25","1","0","0","0","100","0","100","0.5","10","2.5","2","60","1.6","0.4","20.5","6.7","16","8.21","365","14","1","0","0","299","299","152","23052","1920","4526","7125","52469","908","7955","false","452211","123","222","563","23885","25711","14897"
"30","0.1","1","false","false","false","true","false","false","false","1","1","1","0.25","1","0","0","0","100","0","100","0.5","10","2.5","2","60","1.6","0.4","20.5","6.7","16","8.21","365","14","1","0","0","299","299","153","22651","1856","4458","7115","53001","919","7730","false","453466","123","227","569","24036","25909","15014"
"30","0.1","1","false","false","false","true","false","false","false","1","1","1","0.25","1","0","0","0","100","0","100","0.5","10","2.5","2","60","1.6","0.4","20.5","6.7","16","8.21","365","14","1","0","0","299","299","154","22240","1830","4426","7034","53536","934","7618","false","455234","123","234","577","24186","26113","15110"
"30","0.1","1","false","false","false","true","false","false","false","1","1","1","0.25","1","0","0","0","100","0","100","0.5","10","2.5","2","60","1.6","0.4","20.5","6.7","16","8.21","365","14","1","0","0","299","299","155","21835","1808","4361","6984","54068","944","7625","false","456015","124","238","582","24331","26269","15216"
"30","0.1","1","false","false","false","true","false","false","false","1","1","1","0.25","1","0","0","0","100","0","100","0.5","10","2.5","2","60","1.6","0.4","20.5","6.7","16","8.21","365","14","1","0","0","299","299","156","21439","1733","4312","6923","54640","953","7544","false","456073","126","240","587","24517","26458","15323"
"30","0.1","1","false","false","false","true","false","false","false","1","1","1","0.25","1","0","0","0","100","0","100","0.5","10","2.5","2","60","1.6","0.4","20.5","6.7","16","8.21","365","14","1","0","0","299","299","157","21050","1722","4283","6828","55156","961","7476","false","456679","127","241","593","24662","26629","15408"
"30","0.1","1","false","false","false","true","false","false","false","1","1","1","0.25","1","0","0","0","100","0","100","0.5","10","2.5","2","60","1.6","0.4","20.5","6.7","16","8.21","365","14","1","0","0","299","299","158","20670","1696","4261","6746","55660","967","7279","false","457336","127","241","599","24825","26794","15508"
"30","0.1","1","false","false","false","true","false","false","false","1","1","1","0.25","1","0","0","0","100","0","100","0.5","10","2.5","2","60","1.6","0.4","20.5","6.7","16","8.21","365","14","1","0","0","299","299","159","20256","1691","4181","6694","56193","985","7203","false","458907","131","246","608","24974","26962","15604"
"30","0.1","1","false","false","false","true","false","false","false","1","1","1","0.25","1","0","0","0","100","0","100","0.5","10","2.5","2","60","1.6","0.4","20.5","6.7","16","8.21","365","14","1","0","0","299","299","160","19853","1713","4121","6595","56719","999","7128","false","459397","133","249","617","25117","27134","15688"
"30","0.1","1","false","false","false","true","false","false","false","1","1","1","0.25","1","0","0","0","100","0","100","0.5","10","2.5","2","60","1.6","0.4","20.5","6.7","16","8.21","365","14","1","0","0","299","299","161","19466","1703","4083","6535","57209","1004","7185","false","459929","134","250","620","25272","27313","15789"
"30","0.1","1","false","false","false","true","false","false","false","1","1","1","0.25","1","0","0","0","100","0","100","0.5","10","2.5","2","60","1.6","0.4","20.5","6.7","16","8.21","365","14","1","0","0","299","299","162","19072","1711","4012","6466","57725","1014","7043","false","459529","134","253","627","25421","27475","15869"
"30","0.1","1","false","false","false","true","false","false","false","1","1","1","0.25","1","0","0","0","100","0","100","0.5","10","2.5","2","60","1.6","0.4","20.5","6.7","16","8.21","365","14","1","0","0","299","299","163","18698","1673","3992","6418","58198","1021","6975","false","460706","135","255","631","25575","27633","15959"
"30","0.1","1","false","false","false","true","false","false","false","1","1","1","0.25","1","0","0","0","100","0","100","0.5","10","2.5","2","60","1.6","0.4","20.5","6.7","16","8.21","365","14","1","0","0","299","299","164","18360","1603","3934","6377","58700","1026","6823","false","461356","135","255","636","25713","27782","16057"
"30","0.1","1","false","false","false","true","false","false","false","1","1","1","0.25","1","0","0","0","100","0","100","0.5","10","2.5","2","60","1.6","0.4","20.5","6.7","16","8.21","365","14","1","0","0","299","299","165","17966","1620","3893","6322","59162","1037","6733","false","462702","136","257","644","25856","27925","16153"
"30","0.1","1","false","false","false","true","false","false","false","1","1","1","0.25","1","0","0","0","100","0","100","0.5","10","2.5","2","60","1.6","0.4","20.5","6.7","16","8.21","365","14","1","0","0","299","299","166","17630","1565","3877","6269","59617","1042","6753","false","463551","138","259","645","26009","28093","16233"
"30","0.1","1","false","false","false","true","false","false","false","1","1","1","0.25","1","0","0","0","100","0","100","0.5","10","2.5","2","60","1.6","0.4","20.5","6.7","16","8.21","365","14","1","0","0","299","299","167","17264","1582","3858","6175","60069","1052","6729","false","463597","139","263","650","26148","28251","16315"
"30","0.1","1","false","false","false","true","false","false","false","1","1","1","0.25","1","0","0","0","100","0","100","0.5","10","2.5","2","60","1.6","0.4","20.5","6.7","16","8.21","365","14","1","0","0","299","299","168","16977","1515","3821","6107","60517","1063","6616","false","463985","142","265","656","26285","28385","16392"
"30","0.1","1","false","false","false","true","false","false","false","1","1","1","0.25","1","0","0","0","100","0","100","0.5","10","2.5","2","60","1.6","0.4","20.5","6.7","16","8.21","365","14","1","0","0","299","299","169","16629","1516","3781","6002","61005","1067","6513","false","464890","142","266","659","26416","28526","16497"
"30","0.1","1","false","false","false","true","false","false","false","1","1","1","0.25","1","0","0","0","100","0","100","0.5","10","2.5","2","60","1.6","0.4","20.5","6.7","16","8.21","365","14","1","0","0","299","299","170","16293","1461","3718","5974","61482","1072","6385","false","465779","142","266","664","26547","28676","16573"
"30","0.1","1","false","false","false","true","false","false","false","1","1","1","0.25","1","0","0","0","100","0","100","0.5","10","2.5","2","60","1.6","0.4","20.5","6.7","16","8.21","365","14","1","0","0","299","299","171","15962","1418","3668","5914","61964","1074","6331","false","466755","142","267","665","26693","28814","16661"
"30","0.1","1","false","false","false","true","false","false","false","1","1","1","0.25","1","0","0","0","100","0","100","0.5","10","2.5","2","60","1.6","0.4","20.5","6.7","16","8.21","365","14","1","0","0","299","299","172","15671","1376","3595","5821","62450","1087","6275","false","467231","142","274","671","26829","28951","16734"
"30","0.1","1","false","false","false","true","false","false","false","1","1","1","0.25","1","0","0","0","100","0","100","0.5","10","2.5","2","60","1.6","0.4","20.5","6.7","16","8.21","365","14","1","0","0","299","299","173","15388","1326","3576","5725","62895","1090","6135","false","467690","143","275","672","26966","29086","16815"
"30","0.1","1","false","false","false","true","false","false","false","1","1","1","0.25","1","0","0","0","100","0","100","0.5","10","2.5","2","60","1.6","0.4","20.5","6.7","16","8.21","365","14","1","0","0","299","299","174","15104","1314","3538","5608","63335","1101","5981","false","468720","146","279","676","27087","29221","16879"
"30","0.1","1","false","false","false","true","false","false","false","1","1","1","0.25","1","0","0","0","100","0","100","0.5","10","2.5","2","60","1.6","0.4","20.5","6.7","16","8.21","365","14","1","0","0","299","299","175","14809","1268","3511","5546","63756","1110","5846","false","470048","148","279","683","27208","29371","16940"
"30","0.1","1","false","false","false","true","false","false","false","1","1","1","0.25","1","0","0","0","100","0","100","0.5","10","2.5","2","60","1.6","0.4","20.5","6.7","16","8.21","365","14","1","0","0","299","299","176","14490","1291","3424","5444","64235","1116","5771","false","471058","149","281","686","27306","29489","17001"
"30","0.1","1","false","false","false","true","false","false","false","1","1","1","0.25","1","0","0","0","100","0","100","0.5","10","2.5","2","60","1.6","0.4","20.5","6.7","16","8.21","365","14","1","0","0","299","299","177","14193","1282","3398","5347","64655","1125","5656","false","471686","150","282","693","27421","29621","17072"
"30","0.1","1","false","false","false","true","false","false","false","1","1","1","0.25","1","0","0","0","100","0","100","0.5","10","2.5","2","60","1.6","0.4","20.5","6.7","16","8.21","365","14","1","0","0","299","299","178","13912","1268","3374","5219","65096","1131","5601","false","472598","153","283","695","27547","29743","17152"
"30","0.1","1","false","false","false","true","false","false","false","1","1","1","0.25","1","0","0","0","100","0","100","0.5","10","2.5","2","60","1.6","0.4","20.5","6.7","16","8.21","365","14","1","0","0","299","299","179","13630","1237","3326","5168","65495","1144","5453","false","473143","156","285","703","27667","29865","17229"
"30","0.1","1","false","false","false","true","false","false","false","1","1","1","0.25","1","0","0","0","100","0","100","0.5","10","2.5","2","60","1.6","0.4","20.5","6.7","16","8.21","365","14","1","0","0","299","299","180","13336","1234","3292","5102","65886","1150","5367","false","474330","156","286","708","27769","30008","17300"
"30","0.1","1","false","false","false","true","false","false","false","1","1","1","0.25","1","0","0","0","100","0","100","0.5","10","2.5","2","60","1.6","0.4","20.5","6.7","16","8.21","365","14","1","0","0","299","299","181","13067","1239","3226","4992","66320","1156","5237","false","475026","156","286","714","27866","30111","17366"
"30","0.1","1","false","false","false","true","false","false","false","1","1","1","0.25","1","0","0","0","100","0","100","0.5","10","2.5","2","60","1.6","0.4","20.5","6.7","16","8.21","365","14","1","0","0","299","299","182","12807","1194","3185","4919","66733","1162","5123","false","476154","157","286","719","27975","30233","17435"
"30","0.1","1","false","false","false","true","false","false","false","1","1","1","0.25","1","0","0","0","100","0","100","0.5","10","2.5","2","60","1.6","0.4","20.5","6.7","16","8.21","365","14","1","0","0","299","299","183","12576","1159","3118","4817","67162","1168","5013","false","477236","158","289","721","28089","30340","17491"
"30","0.1","1","false","false","false","true","false","false","false","1","1","1","0.25","1","0","0","0","100","0","100","0.5","10","2.5","2","60","1.6","0.4","20.5","6.7","16","8.21","365","14","1","0","0","299","299","184","12340","1091","3101","4747","67542","1179","4994","false","478090","161","291","727","28220","30461","17562"
"30","0.1","1","false","false","false","true","false","false","false","1","1","1","0.25","1","0","0","0","100","0","100","0.5","10","2.5","2","60","1.6","0.4","20.5","6.7","16","8.21","365","14","1","0","0","299","299","185","12101","1058","3054","4687","67915","1185","4870","false","478107","162","293","730","28332","30568","17625"
"30","0.1","1","false","false","false","true","false","false","false","1","1","1","0.25","1","0","0","0","100","0","100","0.5","10","2.5","2","60","1.6","0.4","20.5","6.7","16","8.21","365","14","1","0","0","299","299","186","11865","1024","3014","4653","68256","1188","4800","false","479002","162","294","732","28411","30662","17696"
"30","0.1","1","false","false","false","true","false","false","false","1","1","1","0.25","1","0","0","0","100","0","100","0.5","10","2.5","2","60","1.6","0.4","20.5","6.7","16","8.21","365","14","1","0","0","299","299","187","11608","1025","2964","4600","68609","1194","4748","false","479603","162","297","735","28497","30778","17754"
"30","0.1","1","false","false","false","true","false","false","false","1","1","1","0.25","1","0","0","0","100","0","100","0.5","10","2.5","2","60","1.6","0.4","20.5","6.7","16","8.21","365","14","1","0","0","299","299","188","11362","1031","2908","4507","68991","1201","4720","false","479906","162","297","742","28613","30876","17811"
"30","0.1","1","false","false","false","true","false","false","false","1","1","1","0.25","1","0","0","0","100","0","100","0.5","10","2.5","2","60","1.6","0.4","20.5","6.7","16","8.21","365","14","1","0","0","299","299","189","11141","1018","2860","4395","69378","1208","4553","false","480194","164","298","746","28696","30970","17868"
"30","0.1","1","false","false","false","true","false","false","false","1","1","1","0.25","1","0","0","0","100","0","100","0.5","10","2.5","2","60","1.6","0.4","20.5","6.7","16","8.21","365","14","1","0","0","299","299","190","10929","978","2788","4304","69784","1217","4451","false","481467","164","300","753","28785","31072","17931"
"30","0.1","1","false","false","false","true","false","false","false","1","1","1","0.25","1","0","0","0","100","0","100","0.5","10","2.5","2","60","1.6","0.4","20.5","6.7","16","8.21","365","14","1","0","0","299","299","191","10710","956","2753","4231","70128","1222","4332","false","482345","165","301","756","28877","31165","18001"
"30","0.1","1","false","false","false","true","false","false","false","1","1","1","0.25","1","0","0","0","100","0","100","0.5","10","2.5","2","60","1.6","0.4","20.5","6.7","16","8.21","365","14","1","0","0","299","299","192","10463","959","2682","4195","70475","1226","4246","false","483280","165","302","759","28954","31269","18060"
"30","0.1","1","false","false","false","true","false","false","false","1","1","1","0.25","1","0","0","0","100","0","100","0.5","10","2.5","2","60","1.6","0.4","20.5","6.7","16","8.21","365","14","1","0","0","299","299","193","10246","971","2639","4115","70802","1227","4145","false","484148","165","302","760","29034","31354","18115"
"30","0.1","1","false","false","false","true","false","false","false","1","1","1","0.25","1","0","0","0","100","0","100","0.5","10","2.5","2","60","1.6","0.4","20.5","6.7","16","8.21","365","14","1","0","0","299","299","194","10015","996","2595","4016","71145","1233","4074","false","485113","166","302","765","29127","31433","18173"
"30","0.1","1","false","false","false","true","false","false","false","1","1","1","0.25","1","0","0","0","100","0","100","0.5","10","2.5","2","60","1.6","0.4","20.5","6.7","16","8.21","365","14","1","0","0","299","299","195","9820","957","2551","3951","71484","1237","3984","false","485689","168","302","767","29205","31527","18222"
"30","0.1","1","false","false","false","true","false","false","false","1","1","1","0.25","1","0","0","0","100","0","100","0.5","10","2.5","2","60","1.6","0.4","20.5","6.7","16","8.21","365","14","1","0","0","299","299","196","9635","910","2486","3903","71824","1242","3927","false","486463","170","302","770","29304","31601","18274"
"30","0.1","1","false","false","false","true","false","false","false","1","1","1","0.25","1","0","0","0","100","0","100","0.5","10","2.5","2","60","1.6","0.4","20.5","6.7","16","8.21","365","14","1","0","0","299","299","197","9446","860","2433","3846","72168","1247","3793","false","486965","171","302","774","29391","31681","18336"
"30","0.1","1","false","false","false","true","false","false","false","1","1","1","0.25","1","0","0","0","100","0","100","0.5","10","2.5","2","60","1.6","0.4","20.5","6.7","16","8.21","365","14","1","0","0","299","299","198","9233","879","2400","3743","72495","1250","3707","false","488182","171","303","776","29472","31772","18381"
"30","0.1","1","false","false","false","true","false","false","false","1","1","1","0.25","1","0","0","0","100","0","100","0.5","10","2.5","2","60","1.6","0.4","20.5","6.7","16","8.21","365","14","1","0","0","299","299","199","9044","858","2372","3656","72813","1257","3705","false","489069","172","305","780","29556","31852","18440"
"30","0.1","1","false","false","false","true","false","false","false","1","1","1","0.25","1","0","0","0","100","0","100","0.5","10","2.5","2","60","1.6","0.4","20.5","6.7","16","8.21","365","14","1","0","0","299","299","200","8851","840","2321","3597","73132","1259","3634","false","489123","172","305","782","29639","31933","18485"
"30","0.1","1","false","false","false","true","false","false","false","1","1","1","0.25","1","0","0","0","100","0","100","0.5","10","2.5","2","60","1.6","0.4","20.5","6.7","16","8.21","365","14","1","0","0","299","299","201","8667","849","2260","3518","73442","1264","3497","false","489680","173","305","786","29698","32011","18524"
"30","0.1","1","false","false","false","true","false","false","false","1","1","1","0.25","1","0","0","0","100","0","100","0.5","10","2.5","2","60","1.6","0.4","20.5","6.7","16","8.21","365","14","1","0","0","299","299","202","8475","833","2249","3464","73709","1270","3449","false","490724","173","305","792","29778","32100","18572"
"30","0.1","1","false","false","false","true","false","false","false","1","1","1","0.25","1","0","0","0","100","0","100","0.5","10","2.5","2","60","1.6","0.4","20.5","6.7","16","8.21","365","14","1","0","0","299","299","203","8302","815","2202","3421","73987","1273","3382","false","491233","173","306","794","29852","32185","18622"
"30","0.1","1","false","false","false","true","false","false","false","1","1","1","0.25","1","0","0","0","100","0","100","0.5","10","2.5","2","60","1.6","0.4","20.5","6.7","16","8.21","365","14","1","0","0","299","299","204","8137","788","2151","3352","74295","1277","3338","false","491778","173","307","797","29931","32247","18662"
"30","0.1","1","false","false","false","true","false","false","false","1","1","1","0.25","1","0","0","0","100","0","100","0.5","10","2.5","2","60","1.6","0.4","20.5","6.7","16","8.21","365","14","1","0","0","299","299","205","7969","746","2100","3332","74571","1282","3194","false","492139","175","307","800","30008","32311","18696"
"30","0.1","1","false","false","false","true","false","false","false","1","1","1","0.25","1","0","0","0","100","0","100","0.5","10","2.5","2","60","1.6","0.4","20.5","6.7","16","8.21","365","14","1","0","0","299","299","206","7805","742","2064","3233","74864","1292","3216","false","493240","175","309","808","30081","32386","18739"
"30","0.1","1","false","false","false","true","false","false","false","1","1","1","0.25","1","0","0","0","100","0","100","0.5","10","2.5","2","60","1.6","0.4","20.5","6.7","16","8.21","365","14","1","0","0","299","299","207","7657","724","2060","3126","75140","1293","3173","false","493028","175","310","808","30148","32476","18779"
"30","0.1","1","false","false","false","true","false","false","false","1","1","1","0.25","1","0","0","0","100","0","100","0.5","10","2.5","2","60","1.6","0.4","20.5","6.7","16","8.21","365","14","1","0","0","299","299","208","7508","703","2035","3049","75407","1298","3098","false","493494","176","312","810","30207","32554","18819"
"30","0.1","1","false","false","false","true","false","false","false","1","1","1","0.25","1","0","0","0","100","0","100","0.5","10","2.5","2","60","1.6","0.4","20.5","6.7","16","8.21","365","14","1","0","0","299","299","209","7357","669","1997","3007","75671","1299","3080","false","494105","176","312","811","30273","32624","18854"
"30","0.1","1","false","false","false","true","false","false","false","1","1","1","0.25","1","0","0","0","100","0","100","0.5","10","2.5","2","60","1.6","0.4","20.5","6.7","16","8.21","365","14","1","0","0","299","299","210","7203","674","1963","2931","75923","1306","3006","false","494459","177","315","814","30339","32686","18881"
"30","0.1","1","false","false","false","true","false","false","false","1","1","1","0.25","1","0","0","0","100","0","100","0.5","10","2.5","2","60","1.6","0.4","20.5","6.7","16","8.21","365","14","1","0","0","299","299","211","7042","699","1929","2847","76166","1317","2989","false","495013","178","317","822","30395","32757","18919"
"30","0.1","1","false","false","false","true","false","false","false","1","1","1","0.25","1","0","0","0","100","0","100","0.5","10","2.5","2","60","1.6","0.4","20.5","6.7","16","8.21","365","14","1","0","0","299","299","212","6907","668","1910","2794","76400","1321","2848","false","495062","178","318","825","30457","32825","18967"
"30","0.1","1","false","false","false","true","false","false","false","1","1","1","0.25","1","0","0","0","100","0","100","0.5","10","2.5","2","60","1.6","0.4","20.5","6.7","16","8.21","365","14","1","0","0","299","299","213","6767","654","1871","2725","76657","1326","2787","false","496266","178","320","828","30515","32896","18999"
"30","0.1","1","false","false","false","true","false","false","false","1","1","1","0.25","1","0","0","0","100","0","100","0.5","10","2.5","2","60","1.6","0.4","20.5","6.7","16","8.21","365","14","1","0","0","299","299","214","6643","612","1823","2707","76881","1334","2732","false","496793","178","320","836","30570","32954","19043"
"30","0.1","1","false","false","false","true","false","false","false","1","1","1","0.25","1","0","0","0","100","0","100","0.5","10","2.5","2","60","1.6","0.4","20.5","6.7","16","8.21","365","14","1","0","0","299","299","215","6510","595","1803","2662","77092","1338","2641","false","497197","178","320","840","30633","33021","19076"
"30","0.1","1","false","false","false","true","false","false","false","1","1","1","0.25","1","0","0","0","100","0","100","0.5","10","2.5","2","60","1.6","0.4","20.5","6.7","16","8.21","365","14","1","0","0","299","299","216","6388","567","1740","2620","77343","1342","2550","false","497958","179","320","843","30679","33079","19115"
"30","0.1","1","false","false","false","true","false","false","false","1","1","1","0.25","1","0","0","0","100","0","100","0.5","10","2.5","2","60","1.6","0.4","20.5","6.7","16","8.21","365","14","1","0","0","299","299","217","6257","541","1712","2574","77570","1346","2509","false","498667","179","321","846","30738","33150","19146"
"30","0.1","1","false","false","false","true","false","false","false","1","1","1","0.25","1","0","0","0","100","0","100","0.5","10","2.5","2","60","1.6","0.4","20.5","6.7","16","8.21","365","14","1","0","0","299","299","218","6115","551","1677","2520","77786","1351","2501","false","499005","179","323","849","30791","33194","19173"
"30","0.1","1","false","false","false","true","false","false","false","1","1","1","0.25","1","0","0","0","100","0","100","0.5","10","2.5","2","60","1.6","0.4","20.5","6.7","16","8.21","365","14","1","0","0","299","299","219","5987","560","1635","2458","78005","1355","2397","false","499035","181","324","850","30836","33230","19204"
"30","0.1","1","false","false","false","true","false","false","false","1","1","1","0.25","1","0","0","0","100","0","100","0.5","10","2.5","2","60","1.6","0.4","20.5","6.7","16","8.21","365","14","1","0","0","299","299","220","5858","567","1590","2405","78220","1360","2336","false","499793","181","324","855","30895","33266","19241"
"30","0.1","1","false","false","false","true","false","false","false","1","1","1","0.25","1","0","0","0","100","0","100","0.5","10","2.5","2","60","1.6","0.4","20.5","6.7","16","8.21","365","14","1","0","0","299","299","221","5733","564","1566","2340","78433","1364","2285","false","500292","181","324","859","30951","33335","19270"
"30","0.1","1","false","false","false","true","false","false","false","1","1","1","0.25","1","0","0","0","100","0","100","0.5","10","2.5","2","60","1.6","0.4","20.5","6.7","16","8.21","365","14","1","0","0","299","299","222","5606","565","1546","2281","78637","1365","2246","false","500760","181","324","860","31003","33376","19305"
"30","0.1","1","false","false","false","true","false","false","false","1","1","1","0.25","1","0","0","0","100","0","100","0.5","10","2.5","2","60","1.6","0.4","20.5","6.7","16","8.21","365","14","1","0","0","299","299","223","5467","564","1516","2258","78827","1368","2169","false","501156","181","324","863","31057","33428","19344"
"30","0.1","1","false","false","false","true","false","false","false","1","1","1","0.25","1","0","0","0","100","0","100","0.5","10","2.5","2","60","1.6","0.4","20.5","6.7","16","8.21","365","14","1","0","0","299","299","224","5348","558","1498","2216","79006","1374","2147","false","501802","182","327","865","31109","33481","19375"
"30","0.1","1","false","false","false","true","false","false","false","1","1","1","0.25","1","0","0","0","100","0","100","0.5","10","2.5","2","60","1.6","0.4","20.5","6.7","16","8.21","365","14","1","0","0","299","299","225","5224","567","1449","2197","79186","1377","2074","false","501946","182","327","868","31146","33530","19395"
"30","0.1","1","false","false","false","true","false","false","false","1","1","1","0.25","1","0","0","0","100","0","100","0.5","10","2.5","2","60","1.6","0.4","20.5","6.7","16","8.21","365","14","1","0","0","299","299","226","5108","561","1405","2163","79380","1383","2044","false","502542","182","328","873","31185","33583","19417"
"30","0.1","1","false","false","false","true","false","false","false","1","1","1","0.25","1","0","0","0","100","0","100","0.5","10","2.5","2","60","1.6","0.4","20.5","6.7","16","8.21","365","14","1","0","0","299","299","227","4999","524","1353","2173","79563","1388","2044","false","502821","182","329","877","31233","33637","19444"
"30","0.1","1","false","false","false","true","false","false","false","1","1","1","0.25","1","0","0","0","100","0","100","0.5","10","2.5","2","60","1.6","0.4","20.5","6.7","16","8.21","365","14","1","0","0","299","299","228","4892","527","1323","2124","79737","1397","2005","false","502871","183","331","883","31277","33684","19468"
"30","0.1","1","false","false","false","true","false","false","false","1","1","1","0.25","1","0","0","0","100","0","100","0.5","10","2.5","2","60","1.6","0.4","20.5","6.7","16","8.21","365","14","1","0","0","299","299","229","4790","510","1308","2067","79925","1400","2034","false","503152","184","331","885","31321","33738","19502"
"30","0.1","1","false","false","false","true","false","false","false","1","1","1","0.25","1","0","0","0","100","0","100","0.5","10","2.5","2","60","1.6","0.4","20.5","6.7","16","8.21","365","14","1","0","0","299","299","230","4684","490","1290","2039","80095","1402","2037","false","502928","184","332","886","31372","33792","19531"
"30","0.1","1","false","false","false","true","false","false","false","1","1","1","0.25","1","0","0","0","100","0","100","0.5","10","2.5","2","60","1.6","0.4","20.5","6.7","16","8.21","365","14","1","0","0","299","299","231","4591","454","1256","2016","80277","1406","2005","false","502947","185","333","888","31422","33840","19554"
"30","0.1","1","false","false","false","true","false","false","false","1","1","1","0.25","1","0","0","0","100","0","100","0.5","10","2.5","2","60","1.6","0.4","20.5","6.7","16","8.21","365","14","1","0","0","299","299","232","4496","436","1242","1991","80428","1407","1978","false","503222","185","334","888","31464","33889","19574"
"30","0.1","1","false","false","false","true","false","false","false","1","1","1","0.25","1","0","0","0","100","0","100","0.5","10","2.5","2","60","1.6","0.4","20.5","6.7","16","8.21","365","14","1","0","0","299","299","233","4389","438","1210","1953","80597","1413","1959","false","503377","186","335","892","31500","33922","19600"
"30","0.1","1","false","false","false","true","false","false","false","1","1","1","0.25","1","0","0","0","100","0","100","0.5","10","2.5","2","60","1.6","0.4","20.5","6.7","16","8.21","365","14","1","0","0","299","299","234","4288","428","1176","1934","80759","1415","1929","false","503468","186","335","894","31541","33967","19622"
"30","0.1","1","false","false","false","true","false","false","false","1","1","1","0.25","1","0","0","0","100","0","100","0.5","10","2.5","2","60","1.6","0.4","20.5","6.7","16","8.21","365","14","1","0","0","299","299","235","4177","436","1184","1888","80898","1417","1931","false","503769","186","335","896","31587","34013","19651"
"30","0.1","1","false","false","false","true","false","false","false","1","1","1","0.25","1","0","0","0","100","0","100","0.5","10","2.5","2","60","1.6","0.4","20.5","6.7","16","8.21","365","14","1","0","0","299","299","236","4093","415","1164","1846","81063","1419","1883","false","503848","186","335","898","31624","34057","19681"
"30","0.1","1","false","false","false","true","false","false","false","1","1","1","0.25","1","0","0","0","100","0","100","0.5","10","2.5","2","60","1.6","0.4","20.5","6.7","16","8.21","365","14","1","0","0","299","299","237","3982","428","1139","1811","81219","1421","1872","false","504232","186","336","899","31669","34096","19701"
"30","0.1","1","false","false","false","true","false","false","false","1","1","1","0.25","1","0","0","0","100","0","100","0.5","10","2.5","2","60","1.6","0.4","20.5","6.7","16","8.21","365","14","1","0","0","299","299","238","3904","394","1126","1776","81376","1424","1876","false","504345","188","336","900","31705","34147","19729"
"30","0.1","1","false","false","false","true","false","false","false","1","1","1","0.25","1","0","0","0","100","0","100","0.5","10","2.5","2","60","1.6","0.4","20.5","6.7","16","8.21","365","14","1","0","0","299","299","239","3805","400","1108","1735","81523","1429","1891","false","504316","188","337","904","31740","34186","19752"
"30","0.1","1","false","false","false","true","false","false","false","1","1","1","0.25","1","0","0","0","100","0","100","0.5","10","2.5","2","60","1.6","0.4","20.5","6.7","16","8.21","365","14","1","0","0","299","299","240","3728","377","1103","1703","81657","1432","1870","false","504179","188","337","907","31787","34223","19774"
"30","0.1","1","false","false","false","true","false","false","false","1","1","1","0.25","1","0","0","0","100","0","100","0.5","10","2.5","2","60","1.6","0.4","20.5","6.7","16","8.21","365","14","1","0","0","299","299","241","3641","371","1082","1679","81791","1436","1858","false","504345","189","337","910","31820","34261","19793"
"30","0.1","1","false","false","false","true","false","false","false","1","1","1","0.25","1","0","0","0","100","0","100","0.5","10","2.5","2","60","1.6","0.4","20.5","6.7","16","8.21","365","14","1","0","0","299","299","242","3569","362","1068","1650","81914","1437","1835","false","504419","189","337","911","31845","34294","19817"
"30","0.1","1","false","false","false","true","false","false","false","1","1","1","0.25","1","0","0","0","100","0","100","0.5","10","2.5","2","60","1.6","0.4","20.5","6.7","16","8.21","365","14","1","0","0","299","299","243","3483","352","1058","1613","82055","1439","1814","false","504633","189","337","913","31896","34328","19834"
"30","0.1","1","false","false","false","true","false","false","false","1","1","1","0.25","1","0","0","0","100","0","100","0.5","10","2.5","2","60","1.6","0.4","20.5","6.7","16","8.21","365","14","1","0","0","299","299","244","3422","330","1040","1590","82177","1441","1788","false","504883","190","337","914","31927","34356","19849"
"30","0.1","1","false","false","false","true","false","false","false","1","1","1","0.25","1","0","0","0","100","0","100","0.5","10","2.5","2","60","1.6","0.4","20.5","6.7","16","8.21","365","14","1","0","0","299","299","245","3328","338","1029","1563","82300","1442","1757","false","505149","191","337","914","31959","34399","19873"
"30","0.1","1","false","false","false","true","false","false","false","1","1","1","0.25","1","0","0","0","100","0","100","0.5","10","2.5","2","60","1.6","0.4","20.5","6.7","16","8.21","365","14","1","0","0","299","299","246","3242","358","1009","1507","82441","1443","1725","false","505333","191","337","915","31992","34423","19890"
"30","0.1","1","false","false","false","true","false","false","false","1","1","1","0.25","1","0","0","0","100","0","100","0.5","10","2.5","2","60","1.6","0.4","20.5","6.7","16","8.21","365","14","1","0","0","299","299","247","3163","334","984","1512","82563","1444","1710","false","505629","191","337","916","32029","34463","19912"
"30","0.1","1","false","false","false","true","false","false","false","1","1","1","0.25","1","0","0","0","100","0","100","0.5","10","2.5","2","60","1.6","0.4","20.5","6.7","16","8.21","365","14","1","0","0","299","299","248","3091","329","967","1484","82683","1446","1660","false","505765","191","337","918","32066","34491","19932"
"30","0.1","1","false","false","false","true","false","false","false","1","1","1","0.25","1","0","0","0","100","0","100","0.5","10","2.5","2","60","1.6","0.4","20.5","6.7","16","8.21","365","14","1","0","0","299","299","249","3018","324","961","1432","82818","1447","1595","false","506170","191","337","919","32100","34520","19953"
"30","0.1","1","false","false","false","true","false","false","false","1","1","1","0.25","1","0","0","0","100","0","100","0.5","10","2.5","2","60","1.6","0.4","20.5","6.7","16","8.21","365","14","1","0","0","299","299","250","2938","338","930","1400","82946","1448","1537","false","506691","191","338","919","32137","34541","19965"
"30","0.1","1","false","false","false","true","false","false","false","1","1","1","0.25","1","0","0","0","100","0","100","0.5","10","2.5","2","60","1.6","0.4","20.5","6.7","16","8.21","365","14","1","0","0","299","299","251","2856","341","905","1381","83069","1448","1482","false","507176","191","338","919","32160","34572","19985"
"30","0.1","1","false","false","false","true","false","false","false","1","1","1","0.25","1","0","0","0","100","0","100","0.5","10","2.5","2","60","1.6","0.4","20.5","6.7","16","8.21","365","14","1","0","0","299","299","252","2768","342","875","1377","83186","1452","1425","false","507586","192","338","922","32190","34603","20005"
"30","0.1","1","false","false","false","true","false","false","false","1","1","1","0.25","1","0","0","0","100","0","100","0.5","10","2.5","2","60","1.6","0.4","20.5","6.7","16","8.21","365","14","1","0","0","299","299","253","2682","359","864","1340","83300","1455","1371","false","508007","192","339","924","32216","34632","20024"
"30","0.1","1","false","false","false","true","false","false","false","1","1","1","0.25","1","0","0","0","100","0","100","0.5","10","2.5","2","60","1.6","0.4","20.5","6.7","16","8.21","365","14","1","0","0","299","299","254","2611","347","848","1330","83408","1456","1316","false","508402","192","339","925","32242","34663","20036"
"30","0.1","1","false","false","false","true","false","false","false","1","1","1","0.25","1","0","0","0","100","0","100","0.5","10","2.5","2","60","1.6","0.4","20.5","6.7","16","8.21","365","14","1","0","0","299","299","255","2516","356","823","1314","83532","1459","1311","false","508835","193","340","926","32267","34693","20060"
"30","0.1","1","false","false","false","true","false","false","false","1","1","1","0.25","1","0","0","0","100","0","100","0.5","10","2.5","2","60","1.6","0.4","20.5","6.7","16","8.21","365","14","1","0","0","299","299","256","2441","347","819","1297","83634","1462","1302","false","508904","193","341","928","32299","34718","20090"
"30","0.1","1","false","false","false","true","false","false","false","1","1","1","0.25","1","0","0","0","100","0","100","0.5","10","2.5","2","60","1.6","0.4","20.5","6.7","16","8.21","365","14","1","0","0","299","299","257","2364","328","786","1306","83754","1462","1270","false","508986","193","341","928","32327","34748","20112"
"30","0.1","1","false","false","false","true","false","false","false","1","1","1","0.25","1","0","0","0","100","0","100","0.5","10","2.5","2","60","1.6","0.4","20.5","6.7","16","8.21","365","14","1","0","0","299","299","258","2294","322","779","1281","83859","1465","1290","false","509220","193","341","931","32355","34777","20132"
"30","0.1","1","false","false","false","true","false","false","false","1","1","1","0.25","1","0","0","0","100","0","100","0.5","10","2.5","2","60","1.6","0.4","20.5","6.7","16","8.21","365","14","1","0","0","299","299","259","2222","314","772","1258","83966","1468","1236","false","509096","195","341","932","32382","34811","20155"
"30","0.1","1","false","false","false","true","false","false","false","1","1","1","0.25","1","0","0","0","100","0","100","0.5","10","2.5","2","60","1.6","0.4","20.5","6.7","16","8.21","365","14","1","0","0","299","299","260","2157","304","773","1229","84068","1469","1210","false","509510","195","341","933","32420","34845","20173"
"30","0.1","1","false","false","false","true","false","false","false","1","1","1","0.25","1","0","0","0","100","0","100","0.5","10","2.5","2","60","1.6","0.4","20.5","6.7","16","8.21","365","14","1","0","0","299","299","261","2092","293","772","1211","84162","1470","1152","false","509777","195","341","934","32455","34871","20195"
"30","0.1","1","false","false","false","true","false","false","false","1","1","1","0.25","1","0","0","0","100","0","100","0.5","10","2.5","2","60","1.6","0.4","20.5","6.7","16","8.21","365","14","1","0","0","299","299","262","2018","294","763","1186","84264","1475","1172","false","510302","195","341","939","32486","34910","20214"
"30","0.1","1","false","false","false","true","false","false","false","1","1","1","0.25","1","0","0","0","100","0","100","0.5","10","2.5","2","60","1.6","0.4","20.5","6.7","16","8.21","365","14","1","0","0","299","299","263","1957","296","741","1173","84358","1475","1123","false","510155","195","341","939","32511","34930","20230"
"30","0.1","1","false","false","false","true","false","false","false","1","1","1","0.25","1","0","0","0","100","0","100","0.5","10","2.5","2","60","1.6","0.4","20.5","6.7","16","8.21","365","14","1","0","0","299","299","264","1892","285","715","1182","84449","1477","1119","false","510563","195","341","941","32534","34964","20251"
"30","0.1","1","false","false","false","true","false","false","false","1","1","1","0.25","1","0","0","0","100","0","100","0.5","10","2.5","2","60","1.6","0.4","20.5","6.7","16","8.21","365","14","1","0","0","299","299","265","1848","256","709","1179","84530","1478","1087","false","510626","195","341","942","32560","34992","20271"
"30","0.1","1","false","false","false","true","false","false","false","1","1","1","0.25","1","0","0","0","100","0","100","0.5","10","2.5","2","60","1.6","0.4","20.5","6.7","16","8.21","365","14","1","0","0","299","299","266","1796","247","707","1162","84609","1479","1070","false","510878","195","341","943","32582","35012","20285"
"30","0.1","1","false","false","false","true","false","false","false","1","1","1","0.25","1","0","0","0","100","0","100","0.5","10","2.5","2","60","1.6","0.4","20.5","6.7","16","8.21","365","14","1","0","0","299","299","267","1749","245","698","1124","84705","1479","1055","false","511051","195","341","943","32603","35029","20298"
"30","0.1","1","false","false","false","true","false","false","false","1","1","1","0.25","1","0","0","0","100","0","100","0.5","10","2.5","2","60","1.6","0.4","20.5","6.7","16","8.21","365","14","1","0","0","299","299","268","1713","226","698","1087","84795","1481","1030","false","511190","195","341","945","32623","35057","20311"
"30","0.1","1","false","false","false","true","false","false","false","1","1","1","0.25","1","0","0","0","100","0","100","0.5","10","2.5","2","60","1.6","0.4","20.5","6.7","16","8.21","365","14","1","0","0","299","299","269","1656","229","686","1068","84880","1481","1003","false","511344","195","341","945","32635","35085","20327"
"30","0.1","1","false","false","false","true","false","false","false","1","1","1","0.25","1","0","0","0","100","0","100","0.5","10","2.5","2","60","1.6","0.4","20.5","6.7","16","8.21","365","14","1","0","0","299","299","270","1610","209","685","1057","84955","1484","972","false","511622","195","342","947","32652","35117","20339"
"30","0.1","1","false","false","false","true","false","false","false","1","1","1","0.25","1","0","0","0","100","0","100","0.5","10","2.5","2","60","1.6","0.4","20.5","6.7","16","8.21","365","14","1","0","0","299","299","271","1560","216","672","1028","85039","1485","956","false","511901","195","342","948","32662","35135","20350"
"30","0.1","1","false","false","false","true","false","false","false","1","1","1","0.25","1","0","0","0","100","0","100","0.5","10","2.5","2","60","1.6","0.4","20.5","6.7","16","8.21","365","14","1","0","0","299","299","272","1503","229","658","988","85134","1488","946","false","512079","195","342","951","32686","35152","20364"
"30","0.1","1","false","false","false","true","false","false","false","1","1","1","0.25","1","0","0","0","100","0","100","0.5","10","2.5","2","60","1.6","0.4","20.5","6.7","16","8.21","365","14","1","0","0","299","299","273","1450","234","648","959","85219","1490","935","false","512170","195","343","952","32699","35176","20376"
"30","0.1","1","false","false","false","true","false","false","false","1","1","1","0.25","1","0","0","0","100","0","100","0.5","10","2.5","2","60","1.6","0.4","20.5","6.7","16","8.21","365","14","1","0","0","299","299","274","1412","220","638","940","85300","1490","919","false","512323","195","343","952","32726","35196","20384"
"30","0.1","1","false","false","false","true","false","false","false","1","1","1","0.25","1","0","0","0","100","0","100","0.5","10","2.5","2","60","1.6","0.4","20.5","6.7","16","8.21","365","14","1","0","0","299","299","275","1370","210","636","917","85375","1492","894","false","512508","196","344","952","32744","35214","20395"
"30","0.1","1","false","false","false","true","false","false","false","1","1","1","0.25","1","0","0","0","100","0","100","0.5","10","2.5","2","60","1.6","0.4","20.5","6.7","16","8.21","365","14","1","0","0","299","299","276","1328","199","625","904","85452","1492","867","false","512730","196","344","952","32765","35240","20405"
"30","0.1","1","false","false","false","true","false","false","false","1","1","1","0.25","1","0","0","0","100","0","100","0.5","10","2.5","2","60","1.6","0.4","20.5","6.7","16","8.21","365","14","1","0","0","299","299","277","1291","189","610","892","85525","1493","880","false","512937","196","344","953","32782","35263","20421"
"30","0.1","1","false","false","false","true","false","false","false","1","1","1","0.25","1","0","0","0","100","0","100","0.5","10","2.5","2","60","1.6","0.4","20.5","6.7","16","8.21","365","14","1","0","0","299","299","278","1252","180","601","875","85597","1495","861","false","512859","196","345","954","32804","35284","20433"
"30","0.1","1","false","false","false","true","false","false","false","1","1","1","0.25","1","0","0","0","100","0","100","0.5","10","2.5","2","60","1.6","0.4","20.5","6.7","16","8.21","365","14","1","0","0","299","299","279","1205","184","590","857","85669","1495","845","false","513009","196","345","954","32824","35303","20442"
"30","0.1","1","false","false","false","true","false","false","false","1","1","1","0.25","1","0","0","0","100","0","100","0.5","10","2.5","2","60","1.6","0.4","20.5","6.7","16","8.21","365","14","1","0","0","299","299","280","1170","175","554","837","85768","1496","820","false","513152","196","346","954","32835","35322","20449"
"30","0.1","1","false","false","false","true","false","false","false","1","1","1","0.25","1","0","0","0","100","0","100","0.5","10","2.5","2","60","1.6","0.4","20.5","6.7","16","8.21","365","14","1","0","0","299","299","281","1127","180","537","816","85840","1500","785","false","513334","197","346","957","32852","35337","20456"
"30","0.1","1","false","false","false","true","false","false","false","1","1","1","0.25","1","0","0","0","100","0","100","0.5","10","2.5","2","60","1.6","0.4","20.5","6.7","16","8.21","365","14","1","0","0","299","299","282","1092","175","533","793","85906","1501","770","false","513546","197","346","958","32863","35354","20467"
"30","0.1","1","false","false","false","true","false","false","false","1","1","1","0.25","1","0","0","0","100","0","100","0.5","10","2.5","2","60","1.6","0.4","20.5","6.7","16","8.21","365","14","1","0","0","299","299","283","1050","174","523","781","85971","1501","743","false","513649","197","346","958","32879","35375","20472"
"30","0.1","1","false","false","false","true","false","false","false","1","1","1","0.25","1","0","0","0","100","0","100","0.5","10","2.5","2","60","1.6","0.4","20.5","6.7","16","8.21","365","14","1","0","0","299","299","284","1018","171","506","765","86037","1503","695","false","513859","197","346","960","32890","35389","20477"
"30","0.1","1","false","false","false","true","false","false","false","1","1","1","0.25","1","0","0","0","100","0","100","0.5","10","2.5","2","60","1.6","0.4","20.5","6.7","16","8.21","365","14","1","0","0","299","299","285","987","168","479","721","86141","1504","661","false","514197","198","346","960","32907","35402","20486"
"30","0.1","1","false","false","false","true","false","false","false","1","1","1","0.25","1","0","0","0","100","0","100","0.5","10","2.5","2","60","1.6","0.4","20.5","6.7","16","8.21","365","14","1","0","0","299","299","286","954","162","478","709","86192","1505","641","false","514494","198","347","960","32926","35421","20489"
"30","0.1","1","false","false","false","true","false","false","false","1","1","1","0.25","1","0","0","0","100","0","100","0.5","10","2.5","2","60","1.6","0.4","20.5","6.7","16","8.21","365","14","1","0","0","299","299","287","927","153","464","676","86275","1505","606","false","514647","198","347","960","32939","35439","20501"
"30","0.1","1","false","false","false","true","false","false","false","1","1","1","0.25","1","0","0","0","100","0","100","0.5","10","2.5","2","60","1.6","0.4","20.5","6.7","16","8.21","365","14","1","0","0","299","299","288","893","145","461","669","86326","1506","603","false","514967","198","347","961","32952","35460","20509"
"30","0.1","1","false","false","false","true","false","false","false","1","1","1","0.25","1","0","0","0","100","0","100","0.5","10","2.5","2","60","1.6","0.4","20.5","6.7","16","8.21","365","14","1","0","0","299","299","289","858","142","448","658","86388","1506","574","false","515034","198","347","961","32968","35476","20515"
"30","0.1","1","false","false","false","true","false","false","false","1","1","1","0.25","1","0","0","0","100","0","100","0.5","10","2.5","2","60","1.6","0.4","20.5","6.7","16","8.21","365","14","1","0","0","299","299","290","827","143","434","642","86448","1506","550","false","515267","198","347","961","32979","35485","20526"
"30","0.1","1","false","false","false","true","false","false","false","1","1","1","0.25","1","0","0","0","100","0","100","0.5","10","2.5","2","60","1.6","0.4","20.5","6.7","16","8.21","365","14","1","0","0","299","299","291","799","135","430","629","86498","1509","546","false","515539","198","348","963","32991","35496","20538"
"30","0.1","1","false","false","false","true","false","false","false","1","1","1","0.25","1","0","0","0","100","0","100","0.5","10","2.5","2","60","1.6","0.4","20.5","6.7","16","8.21","365","14","1","0","0","299","299","292","767","131","414","621","86557","1510","529","false","515581","198","349","963","33009","35509","20541"
"30","0.1","1","false","false","false","true","false","false","false","1","1","1","0.25","1","0","0","0","100","0","100","0.5","10","2.5","2","60","1.6","0.4","20.5","6.7","16","8.21","365","14","1","0","0","299","299","293","734","132","401","606","86615","1512","497","false","515766","198","351","963","33027","35523","20547"
"30","0.1","1","false","false","false","true","false","false","false","1","1","1","0.25","1","0","0","0","100","0","100","0.5","10","2.5","2","60","1.6","0.4","20.5","6.7","16","8.21","365","14","1","0","0","299","299","294","708","131","386","591","86672","1512","491","false","516048","198","351","963","33042","35534","20555"
"30","0.1","1","false","false","false","true","false","false","false","1","1","1","0.25","1","0","0","0","100","0","100","0.5","10","2.5","2","60","1.6","0.4","20.5","6.7","16","8.21","365","14","1","0","0","299","299","295","672","130","371","587","86726","1514","488","false","516093","198","353","963","33050","35547","20567"
"30","0.1","1","false","false","false","true","false","false","false","1","1","1","0.25","1","0","0","0","100","0","100","0.5","10","2.5","2","60","1.6","0.4","20.5","6.7","16","8.21","365","14","1","0","0","299","299","296","641","124","356","587","86777","1515","476","false","516143","198","353","964","33062","35562","20573"
"30","0.1","1","false","false","false","true","false","false","false","1","1","1","0.25","1","0","0","0","100","0","100","0.5","10","2.5","2","60","1.6","0.4","20.5","6.7","16","8.21","365","14","1","0","0","299","299","297","623","111","346","587","86818","1515","450","false","516218","198","353","964","33069","35577","20580"
"30","0.1","1","false","false","false","true","false","false","false","1","1","1","0.25","1","0","0","0","100","0","100","0.5","10","2.5","2","60","1.6","0.4","20.5","6.7","16","8.21","365","14","1","0","0","299","299","298","597","110","347","563","86867","1516","445","false","516452","198","354","964","33088","35588","20586"
"30","0.1","1","false","false","false","true","false","false","false","1","1","1","0.25","1","0","0","0","100","0","100","0.5","10","2.5","2","60","1.6","0.4","20.5","6.7","16","8.21","365","14","1","0","0","299","299","299","581","105","331","545","86921","1517","426","false","516488","198","354","965","33096","35600","20590"
"30","0.1","1","false","false","false","true","false","false","false","1","1","1","0.25","1","0","0","0","100","0","100","0.5","10","2.5","2","60","1.6","0.4","20.5","6.7","16","8.21","365","14","1","0","0","299","299","300","558","92","322","552","86959","1517","424","false","516674","198","354","965","33109","35613","20598"
"30","0.1","1","false","false","false","true","false","false","false","1","1","1","0.25","1","0","0","0","100","0","100","0.5","10","2.5","2","60","1.6","0.4","20.5","6.7","16","8.21","365","14","1","0","0","299","299","301","541","94","305","524","87017","1519","407","false","516675","198","355","966","33116","35616","20603"
"30","0.1","1","false","false","false","true","false","false","false","1","1","1","0.25","1","0","0","0","100","0","100","0.5","10","2.5","2","60","1.6","0.4","20.5","6.7","16","8.21","365","14","1","0","0","299","299","302","523","87","298","512","87060","1520","387","false","516784","199","355","966","33121","35631","20611"
"30","0.1","1","false","false","false","true","false","false","false","1","1","1","0.25","1","0","0","0","100","0","100","0.5","10","2.5","2","60","1.6","0.4","20.5","6.7","16","8.21","365","14","1","0","0","299","299","303","507","85","291","489","87107","1521","385","false","516929","200","355","966","33131","35638","20617"
"30","0.1","1","false","false","false","true","false","false","false","1","1","1","0.25","1","0","0","0","100","0","100","0.5","10","2.5","2","60","1.6","0.4","20.5","6.7","16","8.21","365","14","1","0","0","299","299","304","487","85","280","469","87157","1522","362","false","516984","200","355","967","33138","35649","20619"
"30","0.1","1","false","false","false","true","false","false","false","1","1","1","0.25","1","0","0","0","100","0","100","0.5","10","2.5","2","60","1.6","0.4","20.5","6.7","16","8.21","365","14","1","0","0","299","299","305","472","87","279","447","87193","1522","340","false","517127","200","355","967","33147","35655","20621"
"30","0.1","1","false","false","false","true","false","false","false","1","1","1","0.25","1","0","0","0","100","0","100","0.5","10","2.5","2","60","1.6","0.4","20.5","6.7","16","8.21","365","14","1","0","0","299","299","306","455","80","269","438","87236","1522","333","false","517356","200","355","967","33155","35660","20625"
"30","0.1","1","false","false","false","true","false","false","false","1","1","1","0.25","1","0","0","0","100","0","100","0.5","10","2.5","2","60","1.6","0.4","20.5","6.7","16","8.21","365","14","1","0","0","299","299","307","430","84","260","432","87272","1522","318","false","517421","200","355","967","33157","35670","20631"
"30","0.1","1","false","false","false","true","false","false","false","1","1","1","0.25","1","0","0","0","100","0","100","0.5","10","2.5","2","60","1.6","0.4","20.5","6.7","16","8.21","365","14","1","0","0","299","299","308","406","89","248","419","87316","1522","315","false","517556","200","355","967","33164","35679","20635"
"30","0.1","1","false","false","false","true","false","false","false","1","1","1","0.25","1","0","0","0","100","0","100","0.5","10","2.5","2","60","1.6","0.4","20.5","6.7","16","8.21","365","14","1","0","0","299","299","309","396","83","243","402","87353","1523","309","false","517594","200","356","967","33169","35685","20640"
"30","0.1","1","false","false","false","true","false","false","false","1","1","1","0.25","1","0","0","0","100","0","100","0.5","10","2.5","2","60","1.6","0.4","20.5","6.7","16","8.21","365","14","1","0","0","299","299","310","380","73","237","401","87386","1523","314","false","517640","200","356","967","33174","35698","20647"
"30","0.1","1","false","false","false","true","false","false","false","1","1","1","0.25","1","0","0","0","100","0","100","0.5","10","2.5","2","60","1.6","0.4","20.5","6.7","16","8.21","365","14","1","0","0","299","299","311","363","70","234","387","87422","1524","318","false","517610","200","356","968","33179","35710","20650"
"30","0.1","1","false","false","false","true","false","false","false","1","1","1","0.25","1","0","0","0","100","0","100","0.5","10","2.5","2","60","1.6","0.4","20.5","6.7","16","8.21","365","14","1","0","0","299","299","312","351","65","224","379","87457","1524","280","false","517580","200","356","968","33186","35716","20655"
"30","0.1","1","false","false","false","true","false","false","false","1","1","1","0.25","1","0","0","0","100","0","100","0.5","10","2.5","2","60","1.6","0.4","20.5","6.7","16","8.21","365","14","1","0","0","299","299","313","335","67","225","352","87495","1526","287","false","517862","201","356","969","33196","35721","20660"
"30","0.1","1","false","false","false","true","false","false","false","1","1","1","0.25","1","0","0","0","100","0","100","0.5","10","2.5","2","60","1.6","0.4","20.5","6.7","16","8.21","365","14","1","0","0","299","299","314","323","64","216","339","87532","1526","264","false","517835","201","356","969","33200","35730","20665"
"30","0.1","1","false","false","false","true","false","false","false","1","1","1","0.25","1","0","0","0","100","0","100","0.5","10","2.5","2","60","1.6","0.4","20.5","6.7","16","8.21","365","14","1","0","0","299","299","315","311","58","211","333","87561","1526","236","false","518021","201","356","969","33209","35735","20666"
"30","0.1","1","false","false","false","true","false","false","false","1","1","1","0.25","1","0","0","0","100","0","100","0.5","10","2.5","2","60","1.6","0.4","20.5","6.7","16","8.21","365","14","1","0","0","299","299","316","297","62","209","316","87589","1527","216","false","518256","202","356","969","33216","35740","20669"
"30","0.1","1","false","false","false","true","false","false","false","1","1","1","0.25","1","0","0","0","100","0","100","0.5","10","2.5","2","60","1.6","0.4","20.5","6.7","16","8.21","365","14","1","0","0","299","299","317","285","64","206","296","87621","1528","197","false","518403","202","356","970","33220","35747","20670"
"30","0.1","1","false","false","false","true","false","false","false","1","1","1","0.25","1","0","0","0","100","0","100","0.5","10","2.5","2","60","1.6","0.4","20.5","6.7","16","8.21","365","14","1","0","0","299","299","318","276","57","196","290","87648","1533","179","false","518557","202","358","973","33225","35751","20675"
"30","0.1","1","false","false","false","true","false","false","false","1","1","1","0.25","1","0","0","0","100","0","100","0.5","10","2.5","2","60","1.6","0.4","20.5","6.7","16","8.21","365","14","1","0","0","299","299","319","262","61","186","276","87682","1533","161","false","518671","202","358","973","33227","35755","20676"
"30","0.1","1","false","false","false","true","false","false","false","1","1","1","0.25","1","0","0","0","100","0","100","0.5","10","2.5","2","60","1.6","0.4","20.5","6.7","16","8.21","365","14","1","0","0","299","299","320","257","51","178","268","87712","1534","143","false","518827","202","359","973","33237","35758","20678"
"30","0.1","1","false","false","false","true","false","false","false","1","1","1","0.25","1","0","0","0","100","0","100","0.5","10","2.5","2","60","1.6","0.4","20.5","6.7","16","8.21","365","14","1","0","0","299","299","321","243","53","176","257","87737","1534","121","false","518968","202","359","973","33240","35766","20681"
"30","0.1","1","false","false","false","true","false","false","false","1","1","1","0.25","1","0","0","0","100","0","100","0.5","10","2.5","2","60","1.6","0.4","20.5","6.7","16","8.21","365","14","1","0","0","299","299","322","231","54","175","243","87763","1534","103","false","519173","202","359","973","33244","35772","20683"
"30","0.1","1","false","false","false","true","false","false","false","1","1","1","0.25","1","0","0","0","100","0","100","0.5","10","2.5","2","60","1.6","0.4","20.5","6.7","16","8.21","365","14","1","0","0","299","299","323","215","57","172","245","87776","1535","72","false","519330","202","359","974","33248","35776","20684"
"30","0.1","1","false","false","false","true","false","false","false","1","1","1","0.25","1","0","0","0","100","0","100","0.5","10","2.5","2","60","1.6","0.4","20.5","6.7","16","8.21","365","14","1","0","0","299","299","324","198","63","167","237","87799","1536","47","false","519597","202","359","975","33254","35781","20685"
"30","0.1","1","false","false","false","true","false","false","false","1","1","1","0.25","1","0","0","0","100","0","100","0.5","10","2.5","2","60","1.6","0.4","20.5","6.7","16","8.21","365","14","1","0","0","299","299","325","187","58","165","230","87823","1537","32","false","519846","202","359","976","33259","35791","20689"
"30","0.1","1","false","false","false","true","false","false","false","1","1","1","0.25","1","0","0","0","100","0","100","0.5","10","2.5","2","60","1.6","0.4","20.5","6.7","16","8.21","365","14","1","0","0","299","299","326","168","61","161","223","87850","1537","14","false","519990","202","359","976","33265","35799","20695"
"30","0.1","1","false","false","false","true","false","false","false","1","1","1","0.25","1","0","0","0","100","0","100","0.5","10","2.5","2","60","1.6","0.4","20.5","6.7","16","8.21","365","14","1","0","0","299","299","327","151","69","158","210","87875","1537","0","false","520182","202","359","976","33270","35801","20698"
"30","0.1","1","false","false","false","true","false","false","false","1","1","1","0.25","1","0","0","0","100","0","100","0.5","10","2.5","2","60","1.6","0.4","20.5","6.7","16","8.21","365","14","1","0","0","299","299","328","147","54","145","213","87903","1538","0","false","520321","202","360","976","33274","35804","20704"
"30","0.1","1","false","false","false","true","false","false","false","1","1","1","0.25","1","0","0","0","100","0","100","0.5","10","2.5","2","60","1.6","0.4","20.5","6.7","16","8.21","365","14","1","0","0","299","299","329","139","45","146","216","87916","1538","0","false","520309","202","360","976","33276","35812","20708"
"30","0.1","1","false","false","false","true","false","false","false","1","1","1","0.25","1","0","0","0","100","0","100","0.5","10","2.5","2","60","1.6","0.4","20.5","6.7","16","8.21","365","14","1","0","0","299","299","330","130","45","144","208","87934","1539","0","false","520309","202","360","977","33286","35814","20710"
"30","0.1","1","false","false","false","true","false","false","false","1","1","1","0.25","1","0","0","0","100","0","100","0.5","10","2.5","2","60","1.6","0.4","20.5","6.7","16","8.21","365","14","1","0","0","299","299","331","125","41","140","200","87955","1539","0","false","520297","202","360","977","33293","35818","20712"
"30","0.1","1","false","false","false","true","false","false","false","1","1","1","0.25","1","0","0","0","100","0","100","0.5","10","2.5","2","60","1.6","0.4","20.5","6.7","16","8.21","365","14","1","0","0","299","299","332","115","40","135","196","87975","1539","0","false","520297","202","360","977","33297","35827","20715"
"30","0.1","1","false","false","false","true","false","false","false","1","1","1","0.25","1","0","0","0","100","0","100","0.5","10","2.5","2","60","1.6","0.4","20.5","6.7","16","8.21","365","14","1","0","0","299","299","333","105","40","131","189","87996","1539","0","false","520297","202","360","977","33300","35833","20716"
"30","0.1","1","false","false","false","true","false","false","false","1","1","1","0.25","1","0","0","0","100","0","100","0.5","10","2.5","2","60","1.6","0.4","20.5","6.7","16","8.21","365","14","1","0","0","299","299","334","102","34","126","186","88013","1539","0","false","520297","202","360","977","33302","35837","20716"
"30","0.1","1","false","false","false","true","false","false","false","1","1","1","0.25","1","0","0","0","100","0","100","0.5","10","2.5","2","60","1.6","0.4","20.5","6.7","16","8.21","365","14","1","0","0","299","299","335","98","22","120","189","88032","1539","0","false","520297","202","360","977","33304","35841","20717"
"30","0.1","1","false","false","false","true","false","false","false","1","1","1","0.25","1","0","0","0","100","0","100","0.5","10","2.5","2","60","1.6","0.4","20.5","6.7","16","8.21","365","14","1","0","0","299","299","336","94","18","116","185","88048","1539","0","false","520297","202","360","977","33307","35847","20719"
"30","0.1","1","false","false","false","true","false","false","false","1","1","1","0.25","1","0","0","0","100","0","100","0.5","10","2.5","2","60","1.6","0.4","20.5","6.7","16","8.21","365","14","1","0","0","299","299","337","89","18","112","181","88061","1539","0","false","520297","202","360","977","33312","35848","20719"
"30","0.1","1","false","false","false","true","false","false","false","1","1","1","0.25","1","0","0","0","100","0","100","0.5","10","2.5","2","60","1.6","0.4","20.5","6.7","16","8.21","365","14","1","0","0","299","299","338","85","19","113","165","88079","1539","0","false","520297","202","360","977","33316","35854","20719"
"30","0.1","1","false","false","false","true","false","false","false","1","1","1","0.25","1","0","0","0","100","0","100","0.5","10","2.5","2","60","1.6","0.4","20.5","6.7","16","8.21","365","14","1","0","0","299","299","339","78","22","111","152","88097","1540","0","false","520297","202","361","977","33318","35857","20720"
"30","0.1","1","false","false","false","true","false","false","false","1","1","1","0.25","1","0","0","0","100","0","100","0.5","10","2.5","2","60","1.6","0.4","20.5","6.7","16","8.21","365","14","1","0","0","299","299","340","71","26","107","144","88112","1540","0","false","520285","202","361","977","33319","35858","20721"
"30","0.1","1","false","false","false","true","false","false","false","1","1","1","0.25","1","0","0","0","100","0","100","0.5","10","2.5","2","60","1.6","0.4","20.5","6.7","16","8.21","365","14","1","0","0","299","299","341","66","25","102","135","88132","1540","0","false","520285","202","361","977","33325","35859","20723"
"30","0.1","1","false","false","false","true","false","false","false","1","1","1","0.25","1","0","0","0","100","0","100","0.5","10","2.5","2","60","1.6","0.4","20.5","6.7","16","8.21","365","14","1","0","0","299","299","342","58","26","98","134","88144","1540","0","false","520285","202","361","977","33327","35860","20726"
"30","0.1","1","false","false","false","true","false","false","false","1","1","1","0.25","1","0","0","0","100","0","100","0.5","10","2.5","2","60","1.6","0.4","20.5","6.7","16","8.21","365","14","1","0","0","299","299","343","56","24","96","125","88159","1540","0","false","520285","202","361","977","33328","35860","20726"
"30","0.1","1","false","false","false","true","false","false","false","1","1","1","0.25","1","0","0","0","100","0","100","0.5","10","2.5","2","60","1.6","0.4","20.5","6.7","16","8.21","365","14","1","0","0","299","299","344","50","24","91","122","88173","1540","0","false","520285","202","361","977","33330","35862","20726"
"30","0.1","1","false","false","false","true","false","false","false","1","1","1","0.25","1","0","0","0","100","0","100","0.5","10","2.5","2","60","1.6","0.4","20.5","6.7","16","8.21","365","14","1","0","0","299","299","345","48","23","92","112","88185","1540","0","false","520285","202","361","977","33333","35864","20728"
"30","0.1","1","false","false","false","true","false","false","false","1","1","1","0.25","1","0","0","0","100","0","100","0.5","10","2.5","2","60","1.6","0.4","20.5","6.7","16","8.21","365","14","1","0","0","299","299","346","43","20","89","113","88195","1540","0","false","520285","202","361","977","33334","35866","20732"
"30","0.1","1","false","false","false","true","false","false","false","1","1","1","0.25","1","0","0","0","100","0","100","0.5","10","2.5","2","60","1.6","0.4","20.5","6.7","16","8.21","365","14","1","0","0","299","299","347","39","15","80","118","88208","1540","0","false","520285","202","361","977","33334","35868","20733"
"30","0.1","1","false","false","false","true","false","false","false","1","1","1","0.25","1","0","0","0","100","0","100","0.5","10","2.5","2","60","1.6","0.4","20.5","6.7","16","8.21","365","14","1","0","0","299","299","348","36","13","78","118","88215","1540","0","false","520285","202","361","977","33335","35871","20734"
"30","0.1","1","false","false","false","true","false","false","false","1","1","1","0.25","1","0","0","0","100","0","100","0.5","10","2.5","2","60","1.6","0.4","20.5","6.7","16","8.21","365","14","1","0","0","299","299","349","35","11","75","110","88229","1540","0","false","520285","202","361","977","33335","35874","20737"
"30","0.1","1","false","false","false","true","false","false","false","1","1","1","0.25","1","0","0","0","100","0","100","0.5","10","2.5","2","60","1.6","0.4","20.5","6.7","16","8.21","365","14","1","0","0","299","299","350","34","9","72","102","88243","1540","0","false","520285","202","361","977","33338","35875","20739"
"30","0.1","1","false","false","false","true","false","false","false","1","1","1","0.25","1","0","0","0","100","0","100","0.5","10","2.5","2","60","1.6","0.4","20.5","6.7","16","8.21","365","14","1","0","0","299","299","351","30","11","69","93","88257","1540","0","false","520285","202","361","977","33340","35877","20740"
"30","0.1","1","false","false","false","true","false","false","false","1","1","1","0.25","1","0","0","0","100","0","100","0.5","10","2.5","2","60","1.6","0.4","20.5","6.7","16","8.21","365","14","1","0","0","299","299","352","30","9","69","83","88269","1540","0","false","520285","202","361","977","33340","35879","20740"
"30","0.1","1","false","false","false","true","false","false","false","1","1","1","0.25","1","0","0","0","100","0","100","0.5","10","2.5","2","60","1.6","0.4","20.5","6.7","16","8.21","365","14","1","0","0","299","299","353","30","5","67","79","88279","1540","0","false","520285","202","361","977","33341","35879","20741"
"30","0.1","1","false","false","false","true","false","false","false","1","1","1","0.25","1","0","0","0","100","0","100","0.5","10","2.5","2","60","1.6","0.4","20.5","6.7","16","8.21","365","14","1","0","0","299","299","354","26","7","62","77","88288","1540","0","false","520285","202","361","977","33342","35879","20742"
"30","0.1","1","false","false","false","true","false","false","false","1","1","1","0.25","1","0","0","0","100","0","100","0.5","10","2.5","2","60","1.6","0.4","20.5","6.7","16","8.21","365","14","1","0","0","299","299","355","26","7","54","74","88298","1541","0","false","520285","202","361","978","33343","35879","20742"
"30","0.1","1","false","false","false","true","false","false","false","1","1","1","0.25","1","0","0","0","100","0","100","0.5","10","2.5","2","60","1.6","0.4","20.5","6.7","16","8.21","365","14","1","0","0","299","299","356","26","7","52","65","88309","1541","0","false","520273","202","361","978","33343","35880","20743"
"30","0.1","1","false","false","false","true","false","false","false","1","1","1","0.25","1","0","0","0","100","0","100","0.5","10","2.5","2","60","1.6","0.4","20.5","6.7","16","8.21","365","14","1","0","0","299","299","357","25","5","50","64","88315","1541","0","false","520273","202","361","978","33343","35882","20743"
"30","0.1","1","false","false","false","true","false","false","false","1","1","1","0.25","1","0","0","0","100","0","100","0.5","10","2.5","2","60","1.6","0.4","20.5","6.7","16","8.21","365","14","1","0","0","299","299","358","25","4","48","60","88322","1541","0","false","520273","202","361","978","33343","35883","20743"
"30","0.1","1","false","false","false","true","false","false","false","1","1","1","0.25","1","0","0","0","100","0","100","0.5","10","2.5","2","60","1.6","0.4","20.5","6.7","16","8.21","365","14","1","0","0","299","299","359","25","3","45","54","88331","1542","0","false","520273","202","361","979","33343","35883","20744"
"30","0.1","1","false","false","false","true","false","false","false","1","1","1","0.25","1","0","0","0","100","0","100","0.5","10","2.5","2","60","1.6","0.4","20.5","6.7","16","8.21","365","14","1","0","0","299","299","360","25","3","42","49","88339","1542","0","false","520261","202","361","979","33343","35884","20744"
"30","0.1","1","false","false","false","true","false","false","false","1","1","1","0.25","1","0","0","0","100","0","100","0.5","10","2.5","2","60","1.6","0.4","20.5","6.7","16","8.21","365","14","1","0","0","299","299","361","25","1","40","43","88349","1542","0","false","520261","202","361","979","33345","35885","20744"
"30","0.1","1","false","false","false","true","false","false","false","1","1","1","0.25","1","0","0","0","100","0","100","0.5","10","2.5","2","60","1.6","0.4","20.5","6.7","16","8.21","365","14","1","0","0","299","299","362","25","1","37","40","88355","1542","0","false","520261","202","361","979","33345","35885","20744"
"30","0.1","1","false","false","false","true","false","false","false","1","1","1","0.25","1","0","0","0","100","0","100","0.5","10","2.5","2","60","1.6","0.4","20.5","6.7","16","8.21","365","14","1","0","0","299","299","363","25","1","34","35","88363","1542","0","false","520261","202","361","979","33345","35885","20744"
"30","0.1","1","false","false","false","true","false","false","false","1","1","1","0.25","1","0","0","0","100","0","100","0.5","10","2.5","2","60","1.6","0.4","20.5","6.7","16","8.21","365","14","1","0","0","299","299","364","25","0","32","33","88368","1542","0","false","520261","202","361","979","33346","35885","20744"
"30","0.1","1","false","false","false","true","false","false","false","1","1","1","0.25","1","0","0","0","100","0","100","0.5","10","2.5","2","60","1.6","0.4","20.5","6.7","16","8.21","365","14","1","0","0","299","299","365","25","0","31","31","88371","1542","0","false","520261","202","361","979","33346","35885","20744"
